363	-0.00163029	0.00097658	0.00123027	0.00190041	0.303292	149.077	37.0917	0.00373369	
363.008	-0.00182285	-0.0001592	0.00123027	0.00182978	0.330868	184.991	38.5233	0.00373369	
363.016	-0.00131544	-0.00114279	0.00123027	0.00174251	0.36676	220.983	40.4526	0.00373369	
363.024	-0.000366799	-0.00159801	0.00123027	0.00163957	0.411465	257.073	42.9926	0.00373369	
363.032	0.000604927	-0.00139614	0.00123027	0.00152156	0.465429	293.426	46.3271	0.00373369	
363.04	0.00120245	-0.000699418	0.00123027	0.00139106	0.527693	329.815	50.6729	0.00373369	
363.048	0.00124166	0.000140094	0.00123027	0.00124954	0.597031	6.43733	56.4122	0.00373369	
363.056	0.00079866	0.000755133	0.00123027	0.00109913	0.670933	43.3954	64.132	0.00373369	
363.064	0.000149574	0.000930338	0.00123027	0.000942285	0.745787	80.8665	74.8067	0.00373369	
363.072	-0.000380948	0.000682908	0.00123027	0.000781974	0.817094	119.154	90.1427	0.00373369	
363.08	-0.000579822	0.000223922	0.00123027	0.000621558	0.880184	158.884	113.407	0.00373369	
363.088	-0.000432901	-0.000171475	0.00123027	0.000465625	0.930883	201.609	151.386	0.00373369	
363.096	-0.000108693	-0.000306403	0.00123027	0.000325111	0.965686	250.468	216.816	0.00373369	
363.104	0.000155861	-0.000163235	0.00123027	0.000225695	0.983314	313.676	312.32	0.00373369	
363.112	0.000189928	0.000112187	0.00123027	0.000220586	0.984054	30.5695	319.554	0.00373369	
363.12	-2.08265e-05	0.000304223	0.00123027	0.000304935	0.96975	93.9163	231.162	0.00373369	
363.128	-0.000334589	0.000254102	0.00123027	0.00042014	0.943356	142.785	167.776	0.00373369	
363.136	-0.000537275	-4.95281e-05	0.00123027	0.000539553	0.90831	185.267	130.644	0.00373369	
363.144	-0.000463144	-0.000463268	0.00123027	0.000655072	0.867831	225.008	107.605	0.00373369	
363.152	-9.12703e-05	-0.000757097	0.00123027	0.000762578	0.82522	263.126	92.4354	0.00373369	
363.16	0.000435779	-0.00074297	0.00123027	0.000861341	0.782637	300.393	81.8367	0.00373369	
363.168	0.000876394	-0.00036927	0.00123027	0.000951013	0.741727	337.152	74.1202	0.00373369	
363.176	0.00100298	0.000242373	0.00123027	0.00103185	0.703476	13.5853	68.3137	0.00373369	
363.184	0.000712711	0.000843767	0.00123027	0.00110449	0.66832	49.813	63.8206	0.00373369	
363.192	8.32505e-05	0.00116687	0.00123027	0.00116984	0.636299	85.9192	60.2555	0.00373369	
363.2	-0.000653235	0.00104115	0.00123027	0.00122911	0.607104	122.105	57.35	0.00373369	
363.208	-0.00119094	0.000477637	0.00123027	0.00128315	0.580478	158.146	54.9347	0.00373369	
363.216	-0.00129263	-0.00032764	0.00123027	0.00133351	0.555749	194.223	52.8599	0.00373369	
363.224	-0.000881181	-0.0010639	0.00123027	0.00138144	0.532366	230.367	51.026	0.00373369	
363.232	-8.45375e-05	-0.00142568	0.00123027	0.00142819	0.509761	266.607	49.3558	0.00373369	
363.24	0.000802584	-0.00123776	0.00123027	0.0014752	0.487288	302.96	47.783	0.00373369	
363.248	0.00142637	-0.000535069	0.00123027	0.00152343	0.464554	339.438	46.2702	0.00373369	
363.256	0.00151194	0.000438675	0.00123027	0.00157429	0.440993	16.1796	44.7753	0.00373369	
363.264	0.000982236	0.00129847	0.00123027	0.00162813	0.416577	52.894	43.2946	0.00373369	
363.272	8.59605e-06	0.00168595	0.00123027	0.00168597	0.391017	89.7079	41.8094	0.00373369	
363.28	-0.00104197	0.00140356	0.00123027	0.00174805	0.364426	126.59	40.3245	0.00373369	
363.288	-0.00173997	0.000515029	0.00123027	0.00181459	0.336974	163.511	38.8457	0.00373369	
363.296	-0.00176688	-0.000658388	0.00123027	0.00188556	0.308977	200.437	37.3838	0.00373369	
363.304	-0.00105819	-0.00165003	0.00123027	0.0019602	0.281023	237.327	35.9602	0.00373369	
363.312	0.000152547	-0.00203259	0.00123027	0.0020383	0.253477	274.292	34.5823	0.00373369	
363.32	0.00138978	-0.00159811	0.00123027	0.00211789	0.227238	311.012	33.2828	0.00373369	
363.328	0.00214662	-0.000471923	0.00123027	0.00219789	0.202746	347.601	32.0714	0.00373369	
363.336	0.00207955	0.000927136	0.00123027	0.00227687	0.180404	24.0289	30.9589	0.00373369	
363.344	0.0011667	0.00204343	0.00123027	0.00235304	0.160565	60.2757	29.9567	0.00373369	
363.352	-0.000266668	0.00240973	0.00123027	0.00242444	0.143453	96.3148	29.0744	0.00373369	
363.36	-0.00167017	0.00184647	0.00123027	0.00248976	0.12902	132.13	28.3116	0.00373369	
363.368	-0.0024902	0.000536899	0.00123027	0.00254742	0.117217	167.833	27.6709	0.00373369	
363.376	-0.00238686	-0.00101988	0.00123027	0.00259562	0.108	203.137	27.157	0.00373369	
363.384	-0.00138971	-0.00223748	0.00123027	0.00263394	0.101083	238.155	26.7619	0.00373369	
363.392	0.000133194	-0.00265806	0.00123027	0.00266139	0.0963424	272.869	26.4859	0.00373369	
363.4	0.00162156	-0.00213202	0.00123027	0.00267861	0.0934599	307.256	26.3156	0.00373369	
363.408	0.00254405	-0.000861237	0.00123027	0.00268588	0.0922644	341.298	26.2444	0.00373369	
363.416	0.00259328	0.000693507	0.00123027	0.00268441	0.0925055	14.972	26.2588	0.00373369	
363.424	0.00177681	0.00200101	0.00123027	0.00267602	0.0938896	48.3962	26.3411	0.00373369	
363.432	0.000402353	0.00263268	0.00123027	0.00266325	0.096029	81.3107	26.4674	0.00373369	
363.44	-0.0010713	0.00242283	0.00123027	0.00264911	0.0984407	113.854	26.6086	0.00373369	
363.448	-0.00218679	0.00147247	0.00123027	0.00263633	0.100663	146.046	26.7377	0.00373369	
363.456	-0.00262646	9.43609e-05	0.00123027	0.00262816	0.102103	177.942	26.8208	0.00373369	
363.464	-0.00228387	-0.00129802	0.00123027	0.00262696	0.102316	209.611	26.833	0.00373369	
363.472	-0.00127149	-0.00230737	0.00123027	0.00263451	0.100982	241.143	26.7561	0.00373369	
363.48	0.00012799	-0.00264855	0.00123027	0.00265164	0.0980055	272.767	26.5833	0.00373369	
363.488	0.00151072	-0.00221059	0.00123027	0.0026775	0.0936444	304.349	26.3265	0.00373369	
363.496	0.00247787	-0.00109738	0.00123027	0.00270999	0.0883822	336.113	26.0109	0.00373369	
363.504	0.00271839	0.000389061	0.00123027	0.00274609	0.0828145	8.14495	25.6689	0.00373369	
363.512	0.00211468	0.00180679	0.00123027	0.00278144	0.0776388	40.5107	25.3427	0.00373369	
363.52	0.000810091	0.00269189	0.00123027	0.00281114	0.0734931	73.2515	25.075	0.00373369	
363.528	-0.000805045	0.00271338	0.00123027	0.00283029	0.0709171	106.525	24.9054	0.00373369	
363.536	-0.00217369	0.00181793	0.00123027	0.00283369	0.0704663	140.093	24.8754	0.00373369	
363.544	-0.00280176	0.000290049	0.00123027	0.00281674	0.0727324	174.09	25.0252	0.00373369	
363.552	-0.00243844	-0.00132523	0.00123027	0.00277529	0.0785195	208.523	25.3989	0.00373369	
363.56	-0.00121102	-0.00241976	0.00123027	0.00270589	0.0890342	243.413	26.0503	0.00373369	
363.568	0.000398173	-0.00257561	0.00123027	0.0026062	0.106054	278.788	27.0467	0.00373369	
363.576	0.00174108	-0.00175884	0.00123027	0.00247485	0.132215	314.709	28.4823	0.00373369	
363.584	0.00228509	-0.000344782	0.00123027	0.00231095	0.171321	351.42	30.5022	0.00373369	
363.592	0.00185514	0.00102036	0.00123027	0.00211724	0.227446	28.8116	33.293	0.00373369	
363.6	0.000731386	0.00175012	0.00123027	0.0018968	0.304666	67.3197	37.1622	0.00373369	
363.608	-0.000496862	0.00158014	0.00123027	0.00165641	0.403986	107.455	42.5553	0.00373369	
363.616	-0.00122101	0.000701601	0.00123027	0.00140823	0.519384	150.118	50.0553	0.00373369	
363.624	-0.00112489	-0.000340035	0.00123027	0.00117516	0.633684	196.819	59.9829	0.00373369	
363.632	-0.000350326	-0.000935647	0.00123027	0.000999082	0.719111	249.473	70.5541	0.00373369	
363.64	0.000580889	-0.000742067	0.00123027	0.000942388	0.74574	308.054	74.7986	0.00373369	
363.648	0.0010388	0.000113742	0.00123027	0.00104501	0.697153	6.24865	67.4535	0.00373369	
363.656	0.000663747	0.00109216	0.00123027	0.00127803	0.582994	58.7114	55.1544	0.00373369	
363.664	-0.000422937	0.00152905	0.00123027	0.00158647	0.435421	105.461	44.4316	0.00373369	
363.672	-0.00164462	0.00101094	0.00123027	0.00193049	0.291964	148.421	36.5138	0.00373369	
363.68	-0.00225766	-0.00036052	0.00123027	0.00228627	0.177865	189.073	30.8316	0.00373369	
363.688	-0.00175531	-0.00196963	0.00123027	0.00263829	0.100319	228.293	26.7178	0.00373369	
363.696	-0.000169357	-0.00297218	0.00123027	0.002977	0.0535196	266.739	23.6779	0.00373369	
363.704	0.00185998	-0.00271514	0.00123027	0.00329113	0.0279274	304.413	21.418	0.00373369	
363.712	0.0033932	-0.00112562	0.00123027	0.00357502	0.014668	341.648	19.7171	0.00373369	
363.72	0.00362404	0.00121679	0.00123027	0.00382286	0.00800445	18.5597	18.4389	0.00373369	
363.728	0.00229875	0.0033102	0.00123027	0.00403009	0.00467573	55.2222	17.4907	0.00373369	
363.736	-0.000123564	0.00419092	0.00123027	0.00419274	0.00300588	91.6888	16.8122	0.00373369	
363.744	-0.00265155	0.00339529	0.00123027	0.00430799	0.0021748	127.988	16.3625	0.00373369	
363.752	-0.00421068	0.00118509	0.00123027	0.00437427	0.00179828	164.281	16.1145	0.00373369	
363.76	-0.00411761	-0.00152326	0.00123027	0.00439034	0.00171655	200.301	16.0556	0.00373369	
363.768	-0.00242379	-0.00362001	0.00123027	0.00435652	0.00189275	236.196	16.1802	0.00373369	
363.776	0.000146267	-0.00427182	0.00123027	0.00427433	0.00239258	271.961	16.4913	0.00373369	
363.784	0.00252896	-0.00328503	0.00123027	0.00414573	0.00342149	307.591	17.0029	0.00373369	
363.792	0.00380173	-0.00115727	0.00123027	0.00397397	0.00542376	343.069	17.7378	0.00373369	
363.8	0.00357054	0.00118619	0.00123027	0.00376242	0.00931332	18.3774	18.7351	0.00373369	
363.808	0.0020854	0.00282997	0.00123027	0.00351534	0.0168689	53.6136	20.0519	0.00373369	
363.816	8.68197e-05	0.00323842	0.00123027	0.00323958	0.0312121	88.4643	21.7587	0.00373369	
363.824	-0.00160119	0.00246647	0.00123027	0.00294063	0.0574636	122.991	23.9708	0.00373369	
363.832	-0.00241768	0.00102162	0.00123027	0.00262467	0.102723	157.093	26.8565	0.00373369	
363.84	-0.00225963	-0.000423419	0.00123027	0.00229896	0.174479	190.613	30.6614	0.00373369	
363.848	-0.00143482	-0.00135229	0.00123027	0.00197164	0.276877	223.304	35.7515	0.00373369	
363.856	-0.000433804	-0.0015932	0.00123027	0.00165121	0.406292	254.769	42.6895	0.00373369	
363.864	0.000336273	-0.00130517	0.00123027	0.0013478	0.548761	284.448	52.2997	0.00373369	
363.872	0.000707532	-0.000813136	0.00123027	0.00107786	0.681272	311.027	65.3972	0.00373369	
363.88	0.000768171	-0.000389512	0.00123027	0.000861282	0.782663	333.112	81.8422	0.00373369	
363.888	0.00071467	-0.000128235	0.00123027	0.000726083	0.840164	349.828	97.0815	0.00373369	
363.896	0.000691106	4.69595e-05	0.00123027	0.0006927	0.853413	3.88717	101.76	0.00373369	
363.904	0.000697129	0.000266077	0.00123027	0.000746181	0.831992	20.8906	94.4668	0.00373369	
363.912	0.000614302	0.000579838	0.00123027	0.000844736	0.789995	43.3469	83.4453	0.00373369	
363.92	0.000319447	0.000898219	0.00123027	0.000953333	0.740646	70.4223	73.9398	0.00373369	
363.928	-0.000190192	0.0010335	0.00123027	0.00105085	0.694337	100.427	67.0782	0.00373369	
363.936	-0.000760766	0.000832244	0.00123027	0.00112756	0.657047	132.431	62.5148	0.00373369	
363.944	-0.00114321	0.000288565	0.00123027	0.00117906	0.631761	165.833	59.7842	0.00373369	
363.952	-0.00112903	-0.000417951	0.00123027	0.0012039	0.619527	200.314	58.5505	0.00373369	
363.96	-0.000677456	-0.000994183	0.00123027	0.00120306	0.619944	235.729	58.5918	0.00373369	
363.968	4.22922e-05	-0.0011783	0.00123027	0.00117906	0.631761	272.056	59.7842	0.00373369	
363.976	0.000722727	-0.000876214	0.00123027	0.00113582	0.653002	309.517	62.0603	0.00373369	
363.984	0.0010556	-0.000224537	0.00123027	0.00107921	0.680618	347.992	65.3154	0.00373369	
363.992	0.000898828	0.0004749	0.00123027	0.00101657	0.710784	27.8499	69.3401	0.00373369	
364	0.000337986	0.000895668	0.00123027	0.000957316	0.738786	69.3257	73.6321	0.00373369	
364.008	-0.000349404	0.00084336	0.00123027	0.000912874	0.759352	112.504	77.2169	0.00373369	
364.016	-0.000824585	0.00034867	0.00123027	0.000895272	0.767378	157.079	78.7351	0.00373369	
364.024	-0.000846452	-0.000345546	0.00123027	0.000914266	0.758714	202.207	77.0993	0.00373369	
364.032	-0.000382277	-0.000896249	0.00123027	0.000974371	0.730789	246.9	72.3433	0.00373369	
364.04	0.000365474	-0.00100895	0.00123027	0.0010731	0.683582	289.912	65.6874	0.00373369	
364.048	0.00105401	-0.000583218	0.00123027	0.00120461	0.61918	331.043	58.5163	0.00373369	
364.056	0.0013398	0.000245339	0.00123027	0.00136208	0.541789	10.3768	51.7512	0.00373369	
364.064	0.00102668	0.00114804	0.00123027	0.00154015	0.456759	48.1941	45.7679	0.00373369	
364.072	0.00015687	0.0017277	0.00123027	0.00173481	0.370019	84.8119	40.6322	0.00373369	
364.08	-0.000986666	0.00167441	0.00123027	0.00194349	0.287146	120.509	36.2695	0.00373369	
364.088	-0.00197263	0.000892714	0.00123027	0.00216523	0.212517	155.651	32.5551	0.00373369	
364.096	-0.00235975	-0.000422484	0.00123027	0.00239728	0.149796	190.151	29.4039	0.00373369	
364.104	-0.0018895	-0.00184328	0.00123027	0.00263968	0.100076	224.291	26.7037	0.00373369	
364.112	-0.000592137	-0.00282954	0.00123027	0.00289083	0.0632494	258.18	24.3837	0.00373369	
364.12	0.00117508	-0.00292238	0.00123027	0.00314978	0.0377259	291.905	22.3791	0.00373369	
364.128	0.00281552	-0.00193266	0.00123027	0.00341502	0.0212242	325.533	20.641	0.00373369	
364.136	0.00368377	-5.67903e-05	0.00123027	0.00368421	0.0112891	359.117	19.1328	0.00373369	
364.144	0.00332478	0.00214425	0.00123027	0.00395625	0.00568139	32.8192	17.8172	0.00373369	
364.152	0.00169122	0.00387274	0.00123027	0.00422591	0.00274102	66.4092	16.6803	0.00373369	
364.16	-0.000782527	0.00442251	0.00123027	0.00449121	0.0012768	100.034	15.6949	0.00373369	
364.168	-0.0032814	0.00343327	0.00123027	0.00474921	0.000580891	133.704	14.8423	0.00373369	
364.176	-0.00487666	0.00108779	0.00123027	0.00499651	0.000262012	167.425	14.1077	0.00373369	
364.184	-0.00487565	-0.00189103	0.00123027	0.00522953	0.000119249	201.199	13.4791	0.00373369	
364.192	-0.00312169	-0.0044621	0.00123027	0.00544566	5.56462e-05	235.023	12.9441	0.00373369	
364.2	-9.58392e-05	-0.00564136	0.00123027	0.00564218	2.70913e-05	269.027	12.4933	0.00373369	
364.208	0.00316279	-0.00488016	0.00123027	0.00581543	1.40617e-05	302.947	12.1211	0.00373369	
364.216	0.00548646	-0.00233904	0.00123027	0.00596426	7.87983e-06	336.91	11.8186	0.00373369	
364.224	0.00597646	0.00115216	0.00123027	0.00608651	4.84353e-06	10.9118	11.5812	0.00373369	
364.232	0.00437413	0.00436697	0.00123027	0.0061809	3.30398e-06	44.9531	11.4044	0.00373369	
364.24	0.0011891	0.00613276	0.00123027	0.00624698	2.51891e-06	79.0269	11.2837	0.00373369	
364.248	-0.00246933	0.00577881	0.00123027	0.00628428	2.15849e-06	113.137	11.2168	0.00373369	
364.256	-0.0053029	0.00338928	0.00123027	0.00629348	2.07751e-06	147.416	11.2004	0.00373369	
364.264	-0.00627214	-0.000175729	0.00123027	0.0062746	2.24696e-06	181.605	11.2341	0.00373369	
364.272	-0.00504948	-0.0036474	0.00123027	0.00622902	2.71242e-06	215.842	11.3163	0.00373369	
364.28	-0.00209243	-0.00579162	0.00123027	0.00615801	3.62703e-06	250.136	11.4468	0.00373369	
364.288	0.00151829	-0.00587021	0.00123027	0.00606338	5.31466e-06	284.501	11.6254	0.00373369	
364.296	0.00448463	-0.00390483	0.00123027	0.00594639	8.45371e-06	318.953	11.8541	0.00373369	
364.304	0.00577217	-0.000656683	0.00123027	0.0058094	1.43909e-05	353.51	12.1336	0.00373369	
364.312	0.00497674	0.00268296	0.00123027	0.00565387	2.5935e-05	28.3291	12.4674	0.00373369	
364.32	0.00247399	0.00489304	0.00123027	0.00548292	4.86428e-05	63.1782	12.8562	0.00373369	
364.328	-0.000757215	0.00524355	0.00123027	0.00529795	9.3998e-05	98.2172	13.305	0.00373369	
364.336	-0.0035113	0.00370151	0.00123027	0.005102	0.000184282	133.489	13.816	0.00373369	
364.344	-0.00480748	0.000931321	0.00123027	0.00489686	0.000362875	169.036	14.3948	0.00373369	
364.352	-0.00424985	-0.00197335	0.00123027	0.00468566	0.000708137	204.907	15.0436	0.00373369	
364.36	-0.00215683	-0.00391637	0.00123027	0.004471	0.00135552	241.158	15.7659	0.00373369	
364.368	0.000591016	-0.00421412	0.00123027	0.00425537	0.00252389	277.983	16.5648	0.00373369	
364.376	0.00286846	-0.00285201	0.00123027	0.004045	0.00449349	315.165	17.4263	0.00373369	
364.384	0.00381358	-0.00047548	0.00123027	0.00384311	0.00760433	352.893	18.3417	0.00373369	
364.392	0.00312555	0.00189389	0.00123027	0.00365456	0.0121303	31.2133	19.288	0.00373369	
364.4	0.00118326	0.00327784	0.00123027	0.00348487	0.0181001	70.151	20.2272	0.00373369	
364.408	-0.00112489	0.00314405	0.00123027	0.00333923	0.0251348	109.686	21.1095	0.00373369	
364.416	-0.00278424	0.00162307	0.00123027	0.00322278	0.0323517	149.76	21.8722	0.00373369	
364.424	-0.00308698	-0.00056717	0.00123027	0.00313865	0.0386084	190.411	22.4585	0.00373369	
364.432	-0.00193728	-0.00240599	0.00123027	0.00308898	0.0427623	231.159	22.8196	0.00373369	
364.44	0.000105514	-0.00307065	0.00123027	0.00307246	0.0442245	271.968	22.9423	0.00373369	
364.448	0.00208977	-0.00226952	0.00123027	0.0030851	0.0431017	312.639	22.8483	0.00373369	
364.456	0.00309784	-0.000379456	0.00123027	0.00312099	0.0400446	353.017	22.5856	0.00373369	
364.464	0.00266071	0.00172719	0.00123027	0.00317215	0.036004	32.9895	22.2213	0.00373369	
364.472	0.00097137	0.0030806	0.00123027	0.00323012	0.0318497	72.499	21.8225	0.00373369	
364.48	-0.00121402	0.0030538	0.00123027	0.00328627	0.0282238	111.68	21.4496	0.00373369	
364.488	-0.00289302	0.0016535	0.00123027	0.00333221	0.0255267	150.25	21.1539	0.00373369	
364.496	-0.00332444	-0.000490421	0.00123027	0.00336042	0.0239832	188.392	20.9764	0.00373369	
364.504	-0.00233138	-0.00242628	0.00123027	0.00336485	0.0237483	226.143	20.9487	0.00373369	
364.512	-0.000375703	-0.00331892	0.00123027	0.00334012	0.0250855	263.542	21.1038	0.00373369	
364.52	0.00167201	-0.00282464	0.00123027	0.00328241	0.028461	300.623	21.4749	0.00373369	
364.528	0.00294633	-0.00121749	0.00123027	0.00318797	0.034827	337.548	22.111	0.00373369	
364.536	0.00296457	0.000742153	0.00123027	0.00305605	0.0457182	14.0546	23.0654	0.00373369	
364.544	0.00184373	0.00221955	0.00123027	0.00288544	0.0639036	50.2843	24.4293	0.00373369	
364.552	0.000176578	0.00267094	0.00123027	0.00267677	0.0937653	86.2176	26.3337	0.00373369	
364.56	-0.00128186	0.00206623	0.00123027	0.00243156	0.141825	121.815	28.9893	0.00373369	
364.568	-0.00198083	0.000841582	0.00123027	0.00215219	0.216505	156.981	32.7523	0.00373369	
364.576	-0.0018055	-0.000368331	0.00123027	0.00184268	0.32573	191.53	38.2536	0.00373369	
364.584	-0.00106155	-0.00106959	0.00123027	0.00150696	0.472276	225.216	46.7758	0.00373369	
364.592	-0.00026211	-0.00112492	0.00123027	0.00115505	0.643568	256.884	61.027	0.00373369	
364.6	0.000195751	-0.000775553	0.00123027	0.000799875	0.809486	284.166	88.1253	0.00373369	
364.608	0.000227087	-0.000425631	0.00123027	0.000482421	0.925999	298.081	146.116	0.00373369	
364.616	6.36022e-05	-0.000370509	0.00123027	0.000375929	0.954388	279.741	187.507	0.00373369	
364.624	6.22352e-05	-0.000608532	0.00123027	0.000611706	0.883724	275.839	115.234	0.00373369	
364.632	0.000441463	-0.000851478	0.00123027	0.000959116	0.737944	297.405	73.494	0.00373369	
364.64	0.0011097	-0.000720516	0.00123027	0.00132309	0.560855	327.005	53.2762	0.00373369	
364.648	0.00167592	-1.87116e-05	0.00123027	0.00167602	0.395359	359.36	42.0574	0.00373369	
364.656	0.00168407	0.00109438	0.00123027	0.00200842	0.263807	33.0176	35.0968	0.00373369	
364.664	0.000889541	0.00213455	0.00123027	0.00231249	0.17092	67.3769	30.482	0.00373369	
364.672	-0.000543573	0.00252462	0.00123027	0.00258247	0.110457	102.151	27.2953	0.00373369	
364.68	-0.00206434	0.00191159	0.00123027	0.00281348	0.0731743	137.2	25.0541	0.00373369	
364.688	-0.00297515	0.000394829	0.00123027	0.00300123	0.0510187	172.441	23.4868	0.00373369	
364.696	-0.00277616	-0.00147422	0.00123027	0.00314331	0.0382371	207.97	22.4252	0.00373369	
364.704	-0.00144416	-0.00289627	0.00123027	0.00323635	0.0314288	243.498	21.7805	0.00373369	
364.712	0.000521702	-0.00323756	0.00123027	0.00327933	0.0286518	279.154	21.495	0.00373369	
364.72	0.00231154	-0.00231571	0.00123027	0.00327197	0.029112	314.948	21.5434	0.00373369	
364.728	0.00317409	-0.000508144	0.00123027	0.00321451	0.0329263	350.905	21.9285	0.00373369	
364.736	0.00276784	0.00141417	0.00123027	0.00310818	0.0411138	27.0637	22.6786	0.00373369	
364.744	0.00131884	0.0026444	0.00123027	0.00295503	0.055874	63.4932	23.854	0.00373369	
364.752	-0.000499617	0.00271184	0.00123027	0.00275748	0.0811173	100.439	25.5629	0.00373369	
364.76	-0.0018675	0.00169409	0.00123027	0.00252141	0.122435	137.787	27.9563	0.00373369	
364.768	-0.00224635	0.000159111	0.00123027	0.00225198	0.187249	175.948	31.3011	0.00373369	
364.776	-0.00159583	-0.00113372	0.00123027	0.00195755	0.28199	215.391	36.009	0.00373369	
364.784	-0.000372684	-0.00160842	0.00123027	0.00165103	0.40637	256.954	42.6941	0.00373369	
364.792	0.000720835	-0.0011474	0.00123027	0.00135503	0.545226	302.139	52.0203	0.00373369	
364.8	0.0011047	-0.000130111	0.00123027	0.00111233	0.664491	353.283	63.3706	0.00373369	
364.808	0.000615622	0.000783601	0.00123027	0.000996505	0.720334	51.8457	70.7365	0.00373369	
364.816	-0.000401386	0.000997355	0.00123027	0.00107509	0.682616	111.922	65.5657	0.00373369	
364.824	-0.00128614	0.000323677	0.00123027	0.00132624	0.55931	165.874	53.1496	0.00373369	
364.832	-0.00140961	-0.000913182	0.00123027	0.00167955	0.393816	212.936	41.9691	0.00373369	
364.84	-0.000521807	-0.00201773	0.00123027	0.00208411	0.238148	255.5	33.8223	0.00373369	
364.848	0.00107822	-0.00226896	0.00123027	0.00251212	0.124341	295.417	28.0597	0.00373369	
364.856	0.00264395	-0.00130398	0.00123027	0.00294802	0.0566429	333.748	23.9107	0.00373369	
364.864	0.00331862	0.000658364	0.00123027	0.0033833	0.0227914	11.2209	20.8345	0.00373369	
364.872	0.00255277	0.00282481	0.00123027	0.00380739	0.00832272	47.896	18.5138	0.00373369	
364.88	0.000431517	0.00419357	0.00123027	0.00421571	0.00282011	84.125	16.7206	0.00373369	
364.888	-0.00230481	0.00398464	0.00123027	0.00460321	0.000911999	120.046	15.3131	0.00373369	
364.896	-0.00452699	0.00203953	0.00123027	0.00496522	0.00029043	155.747	14.1966	0.00373369	
364.904	-0.00519454	-0.00103731	0.00123027	0.0052971	9.42786e-05	191.293	13.3072	0.00373369	
364.912	-0.00383468	-0.00407371	0.00123027	0.00559463	3.23213e-05	226.731	12.5995	0.00373369	
364.92	-0.000791282	-0.00580172	0.00123027	0.00585544	1.20518e-05	262.233	12.0383	0.00373369	
364.928	0.00280941	-0.00538419	0.00123027	0.00607307	5.11208e-06	297.555	11.6069	0.00373369	
364.936	0.00555744	-0.0028501	0.00123027	0.00624566	2.53267e-06	332.849	11.2861	0.00373369	
364.944	0.00630575	0.000901416	0.00123027	0.00636985	1.5094e-06	8.1354	11.0661	0.00373369	
364.952	0.00467932	0.00442922	0.00123027	0.00644314	1.10684e-06	43.4272	10.9402	0.00373369	
364.96	0.00126276	0.0063384	0.00123027	0.00646296	1.01712e-06	78.7328	10.9066	0.00373369	
364.968	-0.00262047	0.00586892	0.00123027	0.00642737	1.1836e-06	114.061	10.9671	0.00373369	
364.976	-0.00546139	0.00321018	0.00123027	0.00633498	1.74725e-06	149.553	11.127	0.00373369	
364.984	-0.00616261	-0.000532952	0.00123027	0.00618562	3.2409e-06	184.943	11.3957	0.00373369	
364.992	-0.00455572	-0.00387246	0.00123027	0.00597918	7.42947e-06	220.365	11.7891	0.00373369	
365	-0.00139955	-0.00554191	0.00123027	0.0057159	2.05447e-05	255.827	12.3321	0.00373369	
365.008	0.0019625	-0.0050289	0.00123027	0.00539826	6.59442e-05	291.318	13.0578	0.00373369	
365.016	0.00420899	-0.00275011	0.00123027	0.0050278	0.000236222	326.84	14.0199	0.00373369	
365.024	0.00460397	0.000190924	0.00123027	0.00460793	0.000898982	2.37466	15.2974	0.00373369	
365.032	0.0032609	0.00255219	0.00123027	0.00414091	0.0034669	38.049	17.0226	0.00373369	
365.04	0.00102896	0.00348596	0.00123027	0.00363465	0.0127262	73.5548	19.3937	0.00373369	
365.048	-0.00100579	0.00292514	0.00123027	0.00309322	0.0423933	108.975	22.7883	0.00373369	
365.056	-0.00204578	0.00147574	0.00123027	0.0025225	0.122212	144.195	27.9442	0.00373369	
365.064	-0.00192937	3.52348e-05	0.00123027	0.00192969	0.292258	178.954	36.5287	0.00373369	
365.072	-0.00111566	-0.000710828	0.00123027	0.00132287	0.560963	212.503	53.2851	0.00373369	
365.08	-0.000340767	-0.000628727	0.00123027	0.000715136	0.844555	241.543	98.5676	0.00373369	
365.088	-0.000149806	-0.000136732	0.00123027	0.000202824	0.986502	222.388	347.538	0.00373369	
365.096	-0.000572153	0.000108143	0.00123027	0.000582283	0.89404	169.297	121.057	0.00373369	
365.104	-0.00112138	-0.000322449	0.00123027	0.00116682	0.637784	196.042	60.4114	0.00373369	
365.112	-0.00113048	-0.00132483	0.00123027	0.0017416	0.367146	229.526	40.4739	0.00373369	
365.12	-0.000210175	-0.00228153	0.00123027	0.00229119	0.176547	264.737	30.7654	0.00373369	
365.128	0.00143319	-0.00241398	0.00123027	0.00280737	0.0740089	300.698	25.1086	0.00373369	
365.136	0.00302467	-0.00127859	0.00123027	0.00328381	0.0283749	337.085	21.4657	0.00373369	
365.144	0.00360775	0.000894292	0.00123027	0.00371693	0.010421	13.9219	18.9644	0.00373369	
365.152	0.00258711	0.00317964	0.00123027	0.00409917	0.00388403	50.8665	17.196	0.00373369	
365.16	0.000151596	0.00442637	0.00123027	0.00442896	0.00153385	88.0385	15.9155	0.00373369	
365.168	-0.00272666	0.00383305	0.00123027	0.00470393	0.000669111	125.426	14.9852	0.00373369	
365.176	-0.00470897	0.00143678	0.00123027	0.00492329	0.000333061	163.032	14.3175	0.00373369	
365.184	-0.00475343	-0.00181238	0.00123027	0.00508722	0.00019368	200.871	13.8561	0.00373369	
365.192	-0.00268043	-0.00445242	0.00123027	0.00519699	0.000133389	238.951	13.5635	0.00373369	
365.2	0.000680991	-0.00521085	0.00123027	0.00525516	0.000109118	277.446	13.4133	0.00373369	
365.208	0.00379265	-0.00365184	0.00123027	0.00526499	0.000105453	316.084	13.3883	0.00373369	
365.216	0.00521241	-0.000452304	0.00123027	0.00523199	0.000118237	355.041	13.4727	0.00373369	
365.224	0.00426186	0.00291223	0.00123027	0.00516184	0.000150442	34.3457	13.6558	0.00373369	
365.232	0.00139288	0.00486639	0.00123027	0.0050618	0.000210911	74.0276	13.9257	0.00373369	
365.24	-0.00201821	0.00450815	0.00123027	0.00493929	0.000316137	114.117	14.2711	0.00373369	
365.248	-0.00433979	0.00205759	0.00123027	0.00480286	0.000490422	154.633	14.6765	0.00373369	
365.256	-0.00448585	-0.00126458	0.00123027	0.00466068	0.000764898	195.743	15.1242	0.00373369	
365.264	-0.00245455	-0.00379791	0.00123027	0.00452205	0.00116477	237.126	15.5879	0.00373369	
365.272	0.000679911	-0.00434158	0.00123027	0.00439449	0.00169596	278.901	16.0404	0.00373369	
365.28	0.00332952	-0.002696	0.00123027	0.00428417	0.00232691	321.002	16.4534	0.00373369	
365.288	0.00418855	0.000244256	0.00123027	0.00419566	0.00298163	3.33744	16.8005	0.00373369	
365.296	0.00288055	0.0029611	0.00123027	0.00413107	0.00356142	45.79	17.0632	0.00373369	
365.304	0.000126017	0.00408758	0.00123027	0.00408952	0.00398677	88.2342	17.2366	0.00373369	
365.312	-0.00265377	0.00308378	0.00123027	0.00406843	0.00421991	130.714	17.3259	0.00373369	
365.32	-0.00403047	0.000508676	0.00123027	0.00406245	0.00428834	172.807	17.3514	0.00373369	
365.328	-0.00334612	-0.00230903	0.00123027	0.00406548	0.00425354	214.608	17.3385	0.00373369	
365.336	-0.000979429	-0.00395099	0.00123027	0.00407058	0.00419565	256.077	17.3168	0.00373369	
365.344	0.0018616	-0.00362075	0.00123027	0.00407129	0.00418766	297.21	17.3138	0.00373369	
365.352	0.0037662	-0.00152047	0.00123027	0.00406154	0.00429878	338.015	17.3553	0.00373369	
365.36	0.00382682	0.00128239	0.00123027	0.00403597	0.00460308	18.5263	17.4653	0.00373369	
365.368	0.00205975	0.00341853	0.00123027	0.0039911	0.00518469	58.93	17.6616	0.00373369	
365.376	-0.000611963	0.00387612	0.00123027	0.00392413	0.00617686	98.9718	17.963	0.00373369	
365.384	-0.0028868	0.0025227	0.00123027	0.00383375	0.0077869	138.851	18.3865	0.00373369	
365.392	-0.0037182	8.96197e-05	0.00123027	0.00371928	0.0103611	178.619	18.9524	0.00373369	
365.4	-0.00280939	-0.00222154	0.00123027	0.00358161	0.0144414	218.335	19.6809	0.00373369	
365.408	-0.000708236	-0.00334801	0.00123027	0.0034221	0.0208876	258.056	20.5983	0.00373369	
365.416	0.00151532	-0.00286769	0.00123027	0.00324343	0.0309559	297.852	21.7329	0.00373369	
365.424	0.00282481	-0.00114424	0.00123027	0.00304776	0.0464894	337.949	23.1282	0.00373369	
365.432	0.00269965	0.000883852	0.00123027	0.00284065	0.0695533	18.1282	24.8145	0.00373369	
365.44	0.00136608	0.00224245	0.00123027	0.00262579	0.102524	58.6507	26.845	0.00373369	
365.448	-0.000403291	0.00237417	0.00123027	0.00240818	0.147226	99.6406	29.2707	0.00373369	
365.456	-0.00171066	0.00137294	0.00123027	0.00219347	0.204047	141.25	32.1359	0.00373369	
365.464	-0.0019841	-0.0001267	0.00123027	0.00198814	0.270967	183.654	35.4549	0.00373369	
365.472	-0.0012263	-0.00131661	0.00123027	0.00179925	0.343206	227.034	39.1771	0.00373369	
365.48	4.88621e-05	-0.00163332	0.00123027	0.00163405	0.413927	271.714	43.1377	0.00373369	
365.488	0.00110535	-0.00101653	0.00123027	0.00150171	0.474748	317.397	46.9394	0.00373369	
365.496	0.00140475	0.00010029	0.00123027	0.00140832	0.519339	4.08361	50.052	0.00373369	
365.504	0.000848657	0.00106035	0.00123027	0.00135814	0.543708	51.3277	51.9011	0.00373369	
365.512	-0.00019923	0.00133579	0.00123027	0.00135057	0.547408	98.483	52.1924	0.00373369	
365.52	-0.00112987	0.000793216	0.00123027	0.00138051	0.53282	144.93	51.0605	0.00373369	
365.528	-0.00141616	-0.000260641	0.00123027	0.00143995	0.504113	190.428	48.9527	0.00373369	
365.536	-0.000882113	-0.00123732	0.00123027	0.00151957	0.46636	234.514	46.3877	0.00373369	
365.544	0.000208323	-0.00159826	0.00123027	0.00161178	0.423929	277.426	43.7337	0.00373369	
365.552	0.00129732	-0.00111492	0.00123027	0.00171058	0.380367	319.324	41.2078	0.00373369	
365.56	0.00181169	1.2574e-05	0.00123027	0.00181173	0.338133	0.397654	38.9072	0.00373369	
365.568	0.00144763	0.00125009	0.00123027	0.00191268	0.298637	40.812	36.8536	0.00373369	
365.576	0.000324583	0.00198538	0.00123027	0.00201174	0.262646	80.7151	35.0389	0.00373369	
365.584	-0.00106625	0.00181913	0.00123027	0.00210858	0.230211	120.376	33.4297	0.00373369	
365.592	-0.00206415	0.000768188	0.00123027	0.00220246	0.201401	159.587	32.0048	0.00373369	
365.6	-0.00217425	-0.000730649	0.00123027	0.00229374	0.175867	198.575	30.7312	0.00373369	
365.608	-0.00128399	-0.00200748	0.00123027	0.00238298	0.153217	237.397	29.5803	0.00373369	
365.616	0.000262659	-0.00245669	0.00123027	0.00247069	0.133116	276.103	28.5302	0.00373369	
365.624	0.0017996	-0.00181705	0.00123027	0.00255738	0.115264	314.724	27.5631	0.00373369	
365.632	0.00262528	-0.000309022	0.00123027	0.00264341	0.0994275	353.287	26.6661	0.00373369	
365.64	0.00231582	0.00144471	0.00123027	0.00272951	0.0853372	31.9578	25.8249	0.00373369	
365.648	0.000941691	0.00265261	0.00123027	0.00281481	0.0729938	70.4549	25.0423	0.00373369	
365.656	-0.000941004	0.00274285	0.00123027	0.00289978	0.0621759	108.936	24.3085	0.00373369	
365.664	-0.00251404	0.00160733	0.00123027	0.00298394	0.052793	147.408	23.6229	0.00373369	
365.672	-0.00305042	-0.000313613	0.00123027	0.0030665	0.0447626	185.87	22.9869	0.00373369	
365.68	-0.00225085	-0.00219881	0.00123027	0.0031466	0.0379767	224.33	22.4017	0.00373369	
365.688	-0.000404601	-0.00319766	0.00123027	0.00322316	0.0323261	262.789	21.8696	0.00373369	
365.696	0.00171675	-0.00281266	0.00123027	0.00329519	0.0276813	301.398	21.3915	0.00373369	
365.704	0.00315541	-0.0011566	0.00123027	0.00336071	0.0239678	339.87	20.9745	0.00373369	
365.712	0.00324427	0.00107651	0.00123027	0.00341821	0.0210717	18.3568	20.6217	0.00373369	
365.72	0.00189473	0.00290286	0.00123027	0.0034665	0.0188803	56.8671	20.3344	0.00373369	
365.728	-0.000330739	0.00348866	0.00123027	0.0035043	0.0173062	95.4157	20.1151	0.00373369	
365.736	-0.00245258	0.00253855	0.00123027	0.00352979	0.0163111	134.013	19.9698	0.00373369	
365.744	-0.00351339	0.000451391	0.00123027	0.00354227	0.0158422	172.679	19.8995	0.00373369	
365.752	-0.00301647	-0.00185419	0.00123027	0.00354078	0.0158974	211.579	19.9078	0.00373369	
365.76	-0.00118017	-0.00332168	0.00123027	0.00352511	0.0164899	250.44	19.9964	0.00373369	
365.768	0.00116312	-0.00329588	0.00123027	0.00349509	0.0176785	289.438	20.1681	0.00373369	
365.776	0.00294614	-0.00179836	0.00123027	0.00345164	0.0195322	328.6	20.4219	0.00373369	
365.784	0.00336317	0.000470146	0.00123027	0.00339587	0.0221585	7.95796	20.7573	0.00373369	
365.792	0.00224741	0.00245659	0.00123027	0.00332952	0.0256782	47.5461	21.171	0.00373369	
365.8	0.000147924	0.00325167	0.00123027	0.00325504	0.0301942	87.3953	21.6554	0.00373369	
365.808	-0.00194131	0.00251252	0.00123027	0.00317513	0.0357801	127.692	22.2005	0.00373369	
365.816	-0.00302852	0.000635411	0.00123027	0.00309446	0.042286	168.151	22.7792	0.00373369	
365.824	-0.00263994	-0.0014595	0.00123027	0.00301653	0.0494909	208.936	23.3677	0.00373369	
365.832	-0.00100563	-0.00276892	0.00123027	0.00294588	0.0568795	250.04	23.9281	0.00373369	
365.84	0.00105421	-0.0026873	0.00123027	0.00288669	0.0637516	291.42	24.4187	0.00373369	
365.848	0.00253343	-0.00129014	0.00123027	0.00284301	0.0692456	333.013	24.7939	0.00373369	
365.856	0.00272516	0.000715744	0.00123027	0.00281758	0.0726177	14.716	25.0176	0.00373369	
365.864	0.00154958	0.00234683	0.00123027	0.00281226	0.0733401	56.5637	25.065	0.00373369	
365.872	-0.000398472	0.00279886	0.00123027	0.00282708	0.0713434	98.1027	24.9336	0.00373369	
365.88	-0.0021706	0.00186289	0.00123027	0.00286039	0.0670151	139.363	24.6432	0.00373369	
365.888	-0.00290942	-1.19497e-05	0.00123027	0.00290945	0.0610331	180.235	24.2277	0.00373369	
365.896	-0.00225425	-0.00193476	0.00123027	0.00297068	0.0541885	220.639	23.7283	0.00373369	
365.904	-0.000500048	-0.00299792	0.00123027	0.00303934	0.0472829	260.53	23.1923	0.00373369	
365.912	0.00155014	-0.00269728	0.00123027	0.00311099	0.0408776	299.886	22.6582	0.00373369	
365.92	0.00296764	-0.00114768	0.00123027	0.00318183	0.0352797	338.857	22.1537	0.00373369	
365.928	0.00310249	0.000958294	0.00123027	0.00324711	0.0307124	17.1648	21.7083	0.00373369	
365.936	0.00189603	0.00270574	0.00123027	0.00330393	0.0271591	54.9793	21.335	0.00373369	
365.944	-0.00013621	0.00334671	0.00123027	0.00334948	0.0245716	92.3306	21.0448	0.00373369	
365.952	-0.00213961	0.00261894	0.00123027	0.00338183	0.0228661	129.248	20.8435	0.00373369	
365.96	-0.00329497	0.000836425	0.00123027	0.00339948	0.0219798	165.756	20.7353	0.00373369	
365.968	-0.00315618	-0.00126787	0.00123027	0.00340132	0.0218891	201.886	20.7241	0.00373369	
365.976	-0.00180512	-0.00286582	0.00123027	0.00338695	0.022606	237.794	20.812	0.00373369	
365.984	0.000189248	-0.00335103	0.00123027	0.00335637	0.0241998	273.232	21.0017	0.00373369	
365.992	0.00205383	-0.00259535	0.00123027	0.00330969	0.0268192	308.356	21.2978	0.00373369	
366	0.00310859	-0.0009393	0.00123027	0.0032474	0.0306935	343.187	21.7064	0.00373369	
366.008	0.00301921	0.000965769	0.00123027	0.00316992	0.0361731	17.7381	22.237	0.00373369	
366.016	0.00189375	0.00242623	0.00123027	0.00307781	0.043747	52.0269	22.9024	0.00373369	
366.024	0.000203906	0.0029645	0.00123027	0.00297151	0.0541008	86.0653	23.7217	0.00373369	
366.032	-0.00142483	0.00246927	0.00123027	0.00285086	0.0682309	119.986	24.7256	0.00373369	
366.04	-0.0024325	0.00121093	0.00123027	0.00271724	0.0872409	153.535	25.9415	0.00373369	
366.048	-0.00255206	-0.000305561	0.00123027	0.00257029	0.112771	186.828	27.4246	0.00373369	
366.056	-0.00185066	-0.0015441	0.00123027	0.00241022	0.146748	219.84	29.246	0.00373369	
366.064	-0.000671953	-0.00213417	0.00123027	0.00223745	0.191326	252.523	31.5043	0.00373369	
366.072	0.00052412	-0.00198417	0.00123027	0.00205223	0.248752	284.797	34.3477	0.00373369	
366.08	0.00134635	-0.00127711	0.00123027	0.00185571	0.320587	316.512	37.985	0.00373369	
366.088	0.00161007	-0.000355476	0.00123027	0.00164885	0.407338	347.55	42.7506	0.00373369	
366.096	0.00137205	0.000426586	0.00123027	0.00143683	0.505607	17.2711	49.0588	0.00373369	
366.104	0.000864654	0.000867853	0.00123027	0.00122507	0.609094	45.1058	57.539	0.00373369	
366.112	0.000352461	0.000963245	0.00123027	0.0010257	0.706419	69.9019	68.7228	0.00373369	
366.12	-2.18534e-07	0.000861523	0.00123027	0.000861523	0.782556	90.0145	81.8193	0.00373369	
366.128	-0.000193171	0.000746003	0.00123027	0.000770607	0.821871	104.517	91.4724	0.00373369	
366.136	-0.000353013	0.000707715	0.00123027	0.000790872	0.813325	116.51	89.1286	0.00373369	
366.144	-0.000619315	0.000684957	0.00123027	0.000923426	0.754506	132.119	76.3345	0.00373369	
366.152	-0.00101292	0.000505637	0.00123027	0.00113211	0.654819	153.472	62.2636	0.00373369	
366.16	-0.00138281	1.5146e-05	0.00123027	0.00138289	0.531661	179.372	50.9724	0.00373369	
366.168	-0.0014572	-0.000782208	0.00123027	0.00165387	0.405111	208.226	42.6207	0.00373369	
366.176	-0.00099613	-0.0016551	0.00123027	0.00193174	0.291497	238.958	36.49	0.00373369	
366.184	3.56011e-05	-0.0022075	0.00123027	0.00220779	0.199844	270.924	31.9275	0.00373369	
366.192	0.00137451	-0.00205805	0.00123027	0.00247484	0.132215	303.738	28.4823	0.00373369	
366.2	0.00251712	-0.00105346	0.00123027	0.00272868	0.0854649	337.29	25.8328	0.00373369	
366.208	0.00290627	0.000574028	0.00123027	0.00296242	0.0550733	11.1729	23.7945	0.00373369	
366.216	0.00222771	0.00226001	0.00123027	0.00317338	0.0359114	45.4123	22.2127	0.00373369	
366.224	0.000586474	0.00330606	0.00123027	0.00335768	0.0241295	79.9407	20.9935	0.00373369	
366.232	-0.00146853	0.00319092	0.00123027	0.00351262	0.0169754	114.713	20.0674	0.00373369	
366.24	-0.00313898	0.00183474	0.00123027	0.00363586	0.0126893	149.694	19.3873	0.00373369	
366.248	-0.00371196	-0.000315931	0.00123027	0.00372538	0.0102068	184.865	18.9214	0.00373369	
366.256	-0.00288147	-0.0024479	0.00123027	0.00378089	0.00889441	220.349	18.6436	0.00373369	
366.264	-0.000927662	-0.00368602	0.00123027	0.00380096	0.00845834	255.874	18.5451	0.00373369	
366.272	0.0013922	-0.00352085	0.00123027	0.0037861	0.00877914	291.575	18.6179	0.00373369	
366.28	0.00315128	-0.00201035	0.00123027	0.00373792	0.00989611	327.464	18.8579	0.00373369	
366.288	0.00365042	0.000226893	0.00123027	0.00365746	0.0120457	3.55667	19.2727	0.00373369	
366.296	0.00272182	0.00227463	0.00123027	0.00354715	0.0156623	39.8856	19.8721	0.00373369	
366.304	0.000796857	0.00331575	0.00123027	0.00341015	0.0214583	76.4867	20.6704	0.00373369	
366.312	-0.00129873	0.00297872	0.00123027	0.00324953	0.0305533	113.557	21.6921	0.00373369	
366.32	-0.00268298	0.0014941	0.00123027	0.00307095	0.0443608	150.887	22.9536	0.00373369	
366.328	-0.00284608	-0.000436066	0.00123027	0.00287929	0.0646557	188.711	24.4814	0.00373369	
366.336	-0.00182328	-0.00196516	0.00123027	0.00268071	0.0931138	227.145	26.295	0.00373369	
366.344	-0.000158965	-0.00247727	0.00123027	0.00248237	0.130596	266.328	28.396	0.00373369	
366.352	0.00136124	-0.00184503	0.00123027	0.00229284	0.176106	306.42	30.7432	0.00373369	
366.36	0.00207215	-0.00045719	0.00123027	0.00212199	0.225939	347.558	33.2185	0.00373369	
366.368	0.00171505	0.000989216	0.00123027	0.00197989	0.273913	29.9757	35.6026	0.00373369	
366.376	0.000541257	0.00179906	0.00123027	0.00187872	0.311616	73.2558	37.5199	0.00373369	
366.384	-0.000835537	0.00162413	0.00123027	0.00182645	0.332202	117.224	38.5935	0.00373369	
366.392	-0.00173115	0.000585059	0.00123027	0.00182734	0.331846	161.327	38.5747	0.00373369	
366.4	-0.00170464	-0.00079283	0.00123027	0.00187999	0.311123	204.943	37.4944	0.00373369	
366.408	-0.000753573	-0.00182804	0.00123027	0.00197727	0.274853	247.597	35.6498	0.00373369	
366.416	0.000688817	-0.00199378	0.00123027	0.00210941	0.229946	289.059	33.4166	0.00373369	
366.424	0.0019528	-0.00115142	0.00123027	0.00226698	0.183103	329.475	31.094	0.00373369	
366.432	0.00241153	0.00036692	0.00123027	0.00243928	0.140073	8.65134	28.8975	0.00373369	
366.44	0.00178956	0.00191332	0.00123027	0.00261979	0.103594	46.9142	26.9064	0.00373369	
366.448	0.000271777	0.00278893	0.00123027	0.00280214	0.0747302	84.4342	25.1555	0.00373369	
366.456	-0.0015516	0.00254623	0.00123027	0.00298174	0.0530231	121.357	23.6403	0.00373369	
366.464	-0.00292113	0.00119133	0.00123027	0.00315472	0.0373398	157.813	22.344	0.00373369	
366.472	-0.00322013	-0.000797104	0.00123027	0.00331732	0.026375	193.903	21.2488	0.00373369	
366.48	-0.00223594	-0.00265048	0.00123027	0.00346763	0.0188311	229.849	20.3278	0.00373369	
366.488	-0.000285982	-0.00359008	0.00123027	0.00360145	0.0137771	265.446	19.5724	0.00373369	
366.496	0.00190776	-0.00318992	0.00123027	0.00371687	0.0104226	300.882	18.9647	0.00373369	
366.504	0.00348754	-0.00153823	0.00123027	0.00381171	0.00823277	336.199	18.4928	0.00373369	
366.512	0.00380664	0.000769729	0.00123027	0.00388369	0.00685607	11.4315	18.1501	0.00373369	
366.52	0.00270038	0.002856	0.00123027	0.00393049	0.00607575	46.6043	17.9339	0.00373369	
366.528	0.000558753	0.00391104	0.00123027	0.00395075	0.00576369	81.8694	17.842	0.00373369	
366.536	-0.00178809	0.00351367	0.00123027	0.00394248	0.00588924	116.971	17.8794	0.00373369	
366.544	-0.00344923	0.00183033	0.00123027	0.00390478	0.00649393	152.047	18.052	0.00373369	
366.552	-0.0038075	-0.000474583	0.00123027	0.00383696	0.00772375	187.105	18.3711	0.00373369	
366.56	-0.00277276	-0.0025084	0.00123027	0.00373902	0.00986923	222.134	18.8523	0.00373369	
366.568	-0.000804308	-0.00352024	0.00123027	0.00361095	0.0134688	257.13	19.5209	0.00373369	
366.576	0.00129791	-0.00320076	0.00123027	0.0034539	0.0194318	292.073	20.4086	0.00373369	
366.584	0.00274353	-0.00177693	0.00123027	0.00326871	0.0293176	327.07	21.5649	0.00373369	
366.592	0.00305741	9.70702e-05	0.00123027	0.00305895	0.0454515	1.81848	23.0436	0.00373369	
366.6	0.00227561	0.00167763	0.00123027	0.00282716	0.071333	36.3984	24.9329	0.00373369	
366.608	0.000850495	0.00243249	0.00123027	0.00257689	0.111513	70.7283	27.3544	0.00373369	
366.616	-0.000586495	0.00223706	0.00123027	0.00231267	0.170874	104.691	30.4797	0.00373369	
366.624	-0.00151851	0.00136199	0.00123027	0.00203982	0.252958	138.11	34.5565	0.00373369	
366.632	-0.00174183	0.00028487	0.00123027	0.00176498	0.357338	170.712	39.9378	0.00373369	
366.64	-0.00138436	-0.000564414	0.00123027	0.001495	0.47791	202.181	47.15	0.00373369	
366.648	-0.000772241	-0.000973861	0.00123027	0.00124288	0.600312	231.587	56.7142	0.00373369	
366.656	-0.000211926	-0.00100041	0.00123027	0.00102262	0.707897	258.039	68.9304	0.00373369	
366.664	0.000155996	-0.000840682	0.00123027	0.000855033	0.785441	280.512	82.4404	0.00373369	
366.672	0.000373145	-0.000667023	0.00123027	0.000764302	0.824503	299.223	92.227	0.00373369	
366.68	0.000559724	-0.0005163	0.00123027	0.000761483	0.825676	317.311	92.5684	0.00373369	
366.688	0.000772547	-0.000299944	0.00123027	0.000828731	0.797016	338.781	85.0568	0.00373369	
366.696	0.00092993	8.24245e-05	0.00123027	0.000933576	0.749823	5.06519	75.5046	0.00373369	
366.704	0.000856173	0.000604667	0.00123027	0.00104817	0.695631	35.2314	67.25	0.00373369	
366.712	0.000427352	0.00107547	0.00123027	0.00115727	0.642478	68.329	60.91	0.00373369	
366.72	-0.000294853	0.00121762	0.00123027	0.00125281	0.595417	103.612	56.2647	0.00373369	
366.728	-0.00103024	0.000845112	0.00123027	0.00133252	0.556234	140.638	52.8992	0.00373369	
366.736	-0.00139756	2.08181e-05	0.00123027	0.00139771	0.524472	179.147	50.4319	0.00373369	
366.744	-0.00112923	-0.000913994	0.00123027	0.00145277	0.497974	218.987	48.5206	0.00373369	
366.752	-0.000256673	-0.00148284	0.00123027	0.00150489	0.473249	260.18	46.8401	0.00373369	
366.76	0.000833503	-0.00132179	0.00123027	0.00156264	0.446348	302.235	45.109	0.00373369	
366.768	0.00158008	-0.000422231	0.00123027	0.00163552	0.413271	345.039	43.099	0.00373369	
366.776	0.00152629	0.000819201	0.00123027	0.00173224	0.371111	28.2237	40.6926	0.00373369	
366.784	0.000593125	0.0017615	0.00123027	0.00185868	0.319422	71.3908	37.9244	0.00373369	
366.792	-0.000825708	0.00184025	0.00123027	0.00201701	0.260812	114.165	34.9474	0.00373369	
366.8	-0.0020198	0.000887087	0.00123027	0.00220602	0.20036	156.289	31.9531	0.00373369	
366.808	-0.00230618	-0.00073989	0.00123027	0.00242196	0.144023	197.788	29.1042	0.00373369	
366.816	-0.00139567	-0.00226129	0.00123027	0.00265732	0.0970344	238.317	26.5265	0.00373369	
366.824	0.000407918	-0.00287663	0.00123027	0.00290541	0.0615083	278.071	24.2614	0.00373369	
366.832	0.00231512	-0.00214987	0.00123027	0.00315939	0.0369782	317.12	22.3111	0.00373369	
366.84	0.00340182	-0.0002655	0.00123027	0.00341217	0.0213611	355.537	20.6582	0.00373369	
366.848	0.00305356	0.00201287	0.00123027	0.0036573	0.0120504	33.3924	19.2736	0.00373369	
366.856	0.0012827	0.00367166	0.00123027	0.00388927	0.00675842	70.743	18.124	0.00373369	
366.864	-0.00125302	0.00390808	0.00123027	0.00410404	0.00383317	107.777	17.1756	0.00373369	
366.872	-0.0034866	0.00251023	0.00123027	0.00429623	0.00224871	144.247	16.4072	0.00373369	
366.88	-0.00446395	-2.52544e-05	0.00123027	0.00446402	0.00138373	180.324	15.7905	0.00373369	
366.888	-0.00372487	-0.00270822	0.00123027	0.00460534	0.000906094	216.02	15.306	0.00373369	
366.896	-0.00150995	-0.00447244	0.00123027	0.00472045	0.000635563	251.345	14.9327	0.00373369	
366.904	0.00135041	-0.00461602	0.00123027	0.00480949	0.000480201	286.307	14.6563	0.00373369	
366.912	0.0037834	-0.00307374	0.00123027	0.00487463	0.000389866	320.909	14.4604	0.00373369	
366.92	0.00490188	-0.000404426	0.00123027	0.00491853	0.000338253	355.284	14.3314	0.00373369	
366.928	0.00431767	0.00241094	0.00123027	0.00494519	0.000310106	29.1786	14.2541	0.00373369	
366.936	0.0022714	0.00440828	0.00123027	0.00495905	0.000296362	62.7399	14.2143	0.00373369	
366.944	-0.000517846	0.00493799	0.00123027	0.00496507	0.000290571	95.9867	14.197	0.00373369	
366.952	-0.0031237	0.00386309	0.00123027	0.004968	0.000287793	128.959	14.1887	0.00373369	
366.96	-0.0047212	0.00156101	0.00123027	0.00497258	0.000283495	161.704	14.1756	0.00373369	
366.968	-0.00482803	-0.00122903	0.00123027	0.00498201	0.000274839	194.282	14.1488	0.00373369	
366.976	-0.00341623	-0.00364946	0.00123027	0.00499892	0.000259935	226.891	14.1009	0.00373369	
366.984	-0.000927539	-0.00493734	0.00123027	0.00502371	0.000239448	259.36	14.0313	0.00373369	
366.992	0.00188458	-0.00469068	0.00123027	0.00505511	0.000215678	291.889	13.9442	0.00373369	
