1104623700	137	140.534	1020.44
1104796500	135	140.885	1008.09
1104969300	176	180.372	1294.62
1105142100	189	193.954	1399.25
1105314900	124	147.433	1066.41
1105487700	205	217.771	1557.28
1105660500	173	199.832	1434.54
1105833301	207	201.481	1468.72
1106006101	142	154.523	1116.09
1106178901	222	244.032	1783.94
1106351701	246	260.072	1869.33
1106524501	265	263.274	1915.96
1106697301	222	228.603	1686.69
1106870102	261	256.156	1856.92
1107042902	242	250.413	1845.55
1107215702	196	232.524	1820.94
1107388502	211	240.222	1806.9
1107561302	129	133.099	960.7
1107734102	188	174.051	1250.75
1107906902	172	191.718	1398.01
1108079703	239	237.787	1760.35
1108252503	137	172.732	1258.84
1108425303	228	244.979	1792.31
1108598103	246	256.675	1872.3
1108770903	194	209.611	1504.31
1108943703	219	221.191	1602.01
1109116503	211	199.663	1433.84
1109289304	42	45.2294	327.883
1109462104	127	119.413	863.91
1109634904	166	171.22	1296.1
1109807704	179	185.462	1353.69
1109980504	201	221.025	1614.23
1110153304	68	87.5735	644.312
1110326105	217	204.619	1551.49
1110498905	217	222.01	1613.95
1110671705	258	245.161	1842.54
1110844505	169	197.504	1427.91
1111017305	182	193.66	1422.12
1111190105	185	190.36	1414.3
1111362905	198	234.913	1718.83
1111535706	252	240.702	1838.07
1111708506	211	232.482	1726.32
1111881306	22	28.3163	207.608
1112054106	0	0	0
1112226906	0	0	0
1112399706	0	0	0
1112572506	0	0	0
1112745307	0	0	0
1112918107	138	154.608	1139.03
1113090907	13	14.5626	105.441
1113263707	99	96.8281	754.716
1113436507	259	262.054	2006.83
1113609307	232	240.858	1816.2
1113782107	169	174.775	1315
1113954908	226	256.007	1944.58
1114127708	44	45.8839	350.223
1114300508	0	0	0
1114473308	0	0	0
1114646108	0	0	0
1114818908	0	0	0
1114991709	0	0.486663	0
1115164509	246	232.984	1713.71
1115337309	240	266.43	2125.65
1115510109	292	278.591	2171.02
1115682909	309	285.925	2148.82
1115855709	231	242.754	1810.23
1116028509	231	258.511	1972.68
1116201310	209	215.669	1664.06
1116374110	266	266.613	2018.05
1116546910	199	217.082	1695.15
1116719710	164	141.378	1101.13
1116892510	190	216.728	1604.46
1117065310	244	250.467	1912.79
1117238110	250	254.032	1873.72
1117410911	235	233.922	1796.58
1117583711	187	190.078	1430.52
1117756511	264	300.625	2274.06
1117929311	211	233.256	1830.08
1118102111	279	293.483	2201.51
1118274911	277	312.572	2401.16
1118447712	182	176.309	1324.94
1118620512	124	134.216	1039.72
1118793312	283	303.507	2397.67
1118966112	185	215.51	1707.45
1119138912	298	306.23	2393.94
1119311712	246	272.273	2146.52
1119484512	271	310.388	2428.1
1119657313	315	331.246	2580.09
1119830113	76	70.9904	535.271
1120002913	192	221.462	1691.57
1120175713	157	151.632	1170.64
1120348513	0	0	0
1120521313	62	68.099	561.815
1120694113	125	125.44	1020.89
1120866914	0	0	0
1121039714	0	0	0
1121212514	131	121.303	905.266
1121385314	219	234.578	1873.18
1121558114	335	317.435	2514.35
1121730914	323	313.903	2502.16
1121903715	272	267.482	2093.42
1122076515	298	298.045	2432.85
1122249315	96	119.989	953.163
1122422115	253	266.015	2080.21
1122594915	313	333.39	2476.82
1122767715	173	226.593	1694.66
1122940515	89	82.5455	619.552
1123113316	324	324.097	2460.92
1123286116	252	269.237	2146.28
1123458916	263	277.671	2309.53
1123631716	290	309.607	2438.18
1123804516	313	318.451	2393.52
1123977316	301	322.503	2457.17
1124150116	321	319.984	2457.53
1124322917	176	176.654	1364.54
1124495717	321	302.705	2330.26
1124668517	270	317.427	2400.74
1124841317	306	314.145	2460.12
1125014117	304	324.404	2442.48
1125186917	336	328.677	2461.36
1125359718	269	291.047	2260.29
1125532518	272	292.938	2406.17
1125705318	265	302.181	2387.71
1125878118	280	296.619	2340.25
1126050918	215	211.191	1621.03
1126223718	165	171.348	1304.84
1126396518	228	269.525	2182.72
1126569319	272	269.755	2234.8
1126742119	258	282.787	2244.38
1126914919	307	309.342	2439.25
1127087719	197	208.847	1575.91
1127260519	299	289.186	2174.87
1127433319	305	328.032	2437.5
1127606119	316	327.163	2540.44
1127778920	316	329.853	2510.11
1127951720	327	344.93	2599.76
1128124520	310	335.579	2579.39
1128297320	329	334.54	2523
1128470120	293	306.463	2394.37
1128642920	324	342.717	2613.19
1128815721	340	337.099	2588.24
1128988521	336	349.734	2558.47
1129161321	333	340.638	2541.57
1129334121	295	337.212	2551.53
1129506921	178	181.126	1371.43
1129679721	323	327.165	2447.93
1129852521	341	343.274	2505.86
1130025322	313	328.119	2475.8
1130198122	329	328.274	2476.8
1130370922	333	327.595	2478.76
1130543722	305	332.37	2570.28
1130716522	309	336.158	2570.31
1130889322	322	346.477	2559.59
1131062122	327	349.009	2599.2
1131234923	349	342.318	2602.07
1131407723	391	346.654	2583.12
1131580523	315	323.849	2383.83
1131753323	359	355.706	2581.85
1131926123	337	348.893	2527.83
1132098923	347	351.131	2566.62
1132271723	298	314.771	2293.12
1132444524	268	286.176	2082.26
1132617324	327	330.286	2372.64
1132790124	355	359.623	2636.26
1132962924	409	361.607	2626.04
1133135724	378	367.406	2633.85
1133308524	360	360.882	2676.54
1133481325	381	375.795	2774.21
1133654125	293	331.193	2391.7
1133826925	391	364.342	2720.35
1133999725	380	380.607	2781.56
1134172525	384	376.873	2800.57
1134345325	333	300.34	2154.84
1134518125	301	302.356	2177.86
1134690926	370	378.826	2720.19
1134863726	403	393.274	2843.44
1135036526	351	394.281	2873.5
1135209326	422	418.749	3018.55
1135382126	393	398.694	2931.38
1135554926	430	405	2918
1135727726	356	353.543	2554.73
1135900527	399	398.604	2880.83
1136073327	173	185.306	1339.21
1136246127	214	224.977	1648.88
1136418927	308	325.763	2323.88
1136591727	331	362.256	2572.12
1136764527	191	227.537	1621.84
1136937328	230	244.327	1776.13
1137110128	236	242.133	1771.64
1137282928	199	217.779	1550.94
1137455728	246	240.943	1804.84
1137628528	262	255.979	1833.93
1137801328	269	252.499	1857.95
1137974128	241	244.98	1771.87
1138146929	229	262.824	1910.92
1138319729	397	412.39	2958.49
1138492529	378	410.621	2930.07
1138665329	387	402.889	2885.36
1138838129	372	395.212	2828.11
1139010929	376	384.386	2771.71
1139183729	397	355.434	2573.77
1139356530	364	378.387	2744.69
1139529330	402	382.248	2843.45
1139702130	309	282.618	2089.08
1139874930	325	319.224	2322.76
1140047730	367	366.819	2644
1140220530	411	393.057	2818.19
1140393331	376	360.274	2608.2
1140566131	345	359.406	2587.28
1140738931	404	375.798	2830.04
1140911731	372	350.741	2550.09
1141084531	53	40.7741	293.762
1141257331	32	30.4493	220.135
1141430131	303	291.428	2155.34
1141602932	397	405.994	2946.08
1141775732	149	157.731	1148.53
1141948532	323	319.104	2348.53
1142121332	209	220.704	1612.26
1142294132	331	359.119	2615.15
1142466932	356	372.461	2753.28
1142639732	374	363.213	2728.46
1142812533	407	370.741	2723.15
1142985333	372	372.089	2731.29
1143158133	339	368.535	2726.43
1143330933	340	355.023	2722.95
1143503733	366	359.506	2734.53
1143676533	380	375.255	2790.45
1143849334	408	386.537	2872.96
1144022134	382	384.903	2841.59
1144194934	360	368.16	2762.15
1144367734	392	369.837	2774.15
1144540534	363	358.804	2733.83
1144713334	386	370.426	2738.86
1144886134	354	371.907	2753.67
1145058935	334	355.25	2761.35
1145231735	334	343.868	2719.9
1145404535	363	365.999	2663.14
1145577335	372	356.352	2686.45
1145750135	353	353.912	2638.69
1145922935	343	356.126	2669.56
1146095735	324	292.752	2222.29
1146268536	329	319.917	2416.5
1146441336	244	262.794	2095.44
1146614136	333	291.882	2281.53
1146786936	400	374.65	2874.96
1146959736	325	364.45	2877.54
1147132536	359	357.998	2822.68
1147305336	362	360.376	2808.61
1147478137	419	365.521	2843.73
1147650937	403	373.727	2828.59
1147823737	361	367.505	2780.1
1147996537	376	348.761	2778.73
1148169337	359	341.629	2738.36
1148342137	299	347.538	2735.9
1148514938	383	363.242	2753.7
1148687738	343	359.417	2740.93
1148860538	348	350.759	2709.67
1149033338	329	337.77	2618.06
1149206138	337	316.456	2426.72
1149378938	281	268.273	2079.91
1149551738	360	344.961	2610.06
1149724539	334	368.464	2716.43
1149897339	334	349.175	2775.73
1150070139	323	302.936	2339.85
1150242939	348	353.593	2696.98
1150415739	313	321.182	2528.93
1150588539	367	336.055	2559.44
1150761339	339	329.454	2463.1
1150934140	370	359.522	2828.46
1151106940	344	360.829	2814.16
1151279740	328	316.038	2481.79
1151452540	337	336.429	2646.46
1151625340	349	347.153	2698.75
1151798140	338	338.478	2626.57
1151970941	327	345.057	2690.65
1152143741	364	320.884	2474.04
1152316541	328	356.835	2679.99
1152489341	368	351.891	2656.06
1152662141	317	305.228	2254.1
1152834941	307	326.413	2599.71
1153007741	310	311.661	2448.39
1153180542	346	335.015	2547.02
1153353342	339	336.945	2546.74
1153526142	343	337.749	2552.48
1153698942	305	330.386	2541.16
1153871742	329	339.707	2540.75
1154044542	309	336.976	2657.21
1154217342	296	330.152	2708.59
1154390143	341	337.466	2709.42
1154562943	335	336.85	2628.66
1154735743	354	356.683	2738.89
1154908543	347	354.739	2702.34
1155081343	354	354.809	2708.1
1155254143	352	366.048	2759.96
1155426944	385	359.236	2693.63
1155599744	318	339.5	2640.76
1155772544	296	336.307	2715.67
1155945344	354	357.426	2797.29
1156118144	347	356.359	2820.03
1156290944	184	183.708	1400.96
1156463744	419	389.926	2920.63
1156636545	381	384.382	2985.28
1156809345	352	370.602	2911.02
1156982145	398	390.591	2945.72
1157154945	354	371.424	2923.61
1157327745	174	201.76	1648.5
1157500545	360	376.027	2925.42
1157673345	440	394.808	3027.72
1157846146	409	409.821	3042.66
1158018946	388	397.487	3064.05
1158191746	412	391.801	3028.59
1158364546	406	392.141	3044.54
1158537346	427	389.378	2978.48
1158710146	415	373.504	2831.81
1158882947	422	406.054	3021.19
1159055747	373	390.729	3019.84
1159228547	391	410.181	3018.89
1159401347	390	388.895	3020.24
1159574147	441	398.579	2979.09
1159746947	430	406.167	3033.74
1159919747	402	384.582	2872.85
1160092548	411	390.735	2991.68
1160265348	421	389.453	2928.29
1160438148	375	377.754	2809.3
1160610948	364	358.975	2657.56
1160783748	391	381.425	2842.82
1160956548	389	384.024	2912.52
1161129348	266	258.332	1943.24
1161302149	251	252.833	1908.01
1161474949	382	373.713	2762.89
1161647749	392	384.845	2783.77
1161820549	376	372.963	2833.36
1161993349	401	386.189	2856.97
1162166149	439	377.028	2814.56
1162338950	401	362.419	2746.14
1162511750	380	371.021	2786.64
1162684550	379	387.961	2828.49
1162857350	370	374.345	2845.19
1163030150	404	378.978	2883.34
1163202950	389	368.086	2710.64
1163375750	384	396.366	2837.12
1163548551	407	394.855	2828.5
1163721351	361	376.287	2820.13
1163894151	301	333.654	2535.21
1164066951	424	374.699	2735.62
1164239751	379	383.154	2764.83
1164412551	368	383.811	2792.99
1164585351	390	363.404	2704.48
1164758152	399	386.581	2843.86
1164930952	359	403.947	2883.29
1165103752	356	340.357	2517.49
1165276552	394	343.921	2496.53
1165449352	364	341.31	2468.23
1165622152	347	358.909	2620.21
1165794952	345	357.263	2613.04
1165967753	366	369.47	2681.04
1166140553	425	414.626	2995.84
1166313353	410	429.954	3076.94
1166486153	397	433.343	3089.91
1166658953	485	454.398	3265.37
1166831753	451	494.437	3511.93
1167004554	475	484.989	3528.12
1167177354	489	495.568	3522.27
1167350154	452	486.066	3463.72
1167522954	36	28.2909	200.229
1167695754	0	0	0
1167868554	0	0	0
1168041354	0	0	0
1168214155	0	0	0
1168386955	78	87.9026	633.094
1168559755	426	446.811	3240.73
1168732555	455	443.387	3236.93
1168905355	403	383.093	2780.79
1169078155	327	331.165	2378.33
1169250955	380	373.35	2707.35
1169423756	495	471.283	3383.27
1169596556	402	441.139	3163.03
1169769356	460	476.928	3449.32
1169942156	460	446.117	3260.56
1170114956	479	454.661	3343.28
1170287756	465	445.052	3244.12
1170460557	479	475.404	3412.3
1170633357	472	477.066	3435.04
1170806157	483	479.974	3505.96
1170978957	486	481.321	3561.47
1171151757	444	447.094	3335.08
1171324557	463	461.513	3322.54
1171497357	415	451.072	3218.9
1171670158	482	438.143	3278.57
1171842958	491	434.327	3228.82
1172015758	453	434.081	3270.81
1172188558	440	451.36	3306.94
1172361358	497	467.831	3345.49
1172534158	490	460.257	3320.12
1172706958	482	467.58	3410.32
1172879759	389	363.667	2742.07
1173052559	518	476.558	3511.96
1173225359	482	492.871	3592.21
1173398159	473	475.227	3482.34
1173570959	534	485.95	3581.15
1173743759	475	487.445	3556.35
1173916560	435	489.163	3607.11
1174089360	421	471.381	3520.43
1174262160	432	448.251	3297.88
1174434960	470	446.335	3251.78
1174607760	423	422.924	3158.12
1174780560	490	448.59	3314.65
1174953360	453	436.713	3263.79
1175126161	458	446.077	3364.35
1175298961	374	391.826	3002.29
1175471761	450	438.568	3279.9
1175644561	488	441.571	3321.6
1175817361	439	437.913	3315.76
1175990161	481	444.911	3361.98
1176162961	476	451.094	3373.28
1176335762	490	459.95	3475.27
1176508562	481	480.802	3517.78
1176681362	482	471.26	3476.39
1176854162	491	491.814	3576.94
1177026962	491	492.401	3707.38
1177199762	494	477.978	3670.18
1177372563	493	470.026	3579.92
1177545363	470	470.916	3666.15
1177718163	496	481.993	3738.62
1177890963	541	495.589	3724.68
1178063763	490	490.672	3730.59
1178236563	567	502.523	3754.41
1178409363	509	484.904	3727.85
1178582164	430	456.386	3663.73
1178754964	491	471.756	3744.43
1178927764	511	481.656	3813.09
1179100564	529	487.424	3809.16
1179273364	481	494.016	3817.83
1179446164	520	507.266	3970.37
1179618964	564	536.266	4105.36
1179791765	567	562.503	4426.41
1179964565	575	561.113	4478.29
1180137365	647	580.154	4514.39
1180310165	550	549.371	4465.76
1180482965	538	550.133	4420.7
1180655765	207	189.133	1472.65
1180828565	465	462.819	3657.97
1181001366	305	282.003	2206.39
1181174166	618	571.081	4478.32
1181346966	618	579.014	4450.57
1181519766	582	570.024	4369.45
1181692566	521	578.19	4407.7
1181865366	450	473.753	3813.16
1182038167	562	563.227	4449.22
1182210967	614	556.596	4323.32
1182383767	588	574.733	4420
1182556567	622	604.352	4637.73
1182729367	615	573.965	4607.51
1182902167	579	584.678	4639.2
1183074967	676	602.063	4753.7
1183247768	648	604.475	4777.16
1183420568	643	613.844	4788.78
1183593368	680	645.796	4784.34
1183766168	643	583.383	4487.14
1183938968	516	561.204	4735.73
1184111768	587	549.681	4600.26
1184284568	598	597.724	4660.41
1184457369	557	591.791	4679.77
1184630169	636	612.488	4702.05
1184802969	558	536.649	4026.98
1184975769	688	613.092	4714.23
1185148569	552	583.674	4533.25
1185321369	563	566.811	4410.44
1185494170	587	583.204	4631.56
1185666970	586	579.136	4694.31
1185839770	649	606.39	4714.49
1186012570	484	511.611	4211.98
1186185370	515	531.809	4400.48
1186358170	470	513.289	4070.91
1186530970	627	614.957	4656.68
1186703771	548	584.833	4733.88
1186876571	615	607.901	4694.61
1187049371	626	605.059	4506.71
1187222171	394	394.464	3144.67
1187394971	367	410.818	3407.4
1187567771	474	476.657	4021.68
1187740571	590	574.494	4588.28
1187913372	616	599.698	4702.37
1188086172	570	572.901	4645.37
1188258972	620	575.403	4582.68
1188431772	584	567.211	4597.56
1188604572	594	596.296	4643.76
1188777372	658	614.599	4604.72
1188950173	618	608.928	4599.25
1189122973	675	623.433	4708.24
1189295773	681	647.002	4744.67
1189468573	605	578.543	4425.97
1189641373	644	617.197	4705.3
1189814173	588	595.728	4724.66
1189986973	592	588.42	4589.52
1190159774	614	616.569	4717.95
1190332574	563	618.294	4787.45
1190505374	572	557.648	4393.82
1190678174	536	549.005	4350.6
1190850974	527	492.5	3782.93
1191023774	677	650.863	4936.54
1191196574	654	665.237	4875.95
1191369375	683	650.698	4852.28
1191542175	672	652.68	4833.55
1191714975	650	630.299	4839.91
1191887775	656	648.848	4814.26
1192060575	625	627.926	4829.43
1192233375	620	627.605	4784.8
1192406176	469	485.067	3766.78
1192578976	414	401.245	2983.27
1192751776	702	635.21	4728.03
1192924576	96	102.935	765.774
1193097376	0	0	0
1193270176	0	0	0
1193442976	0	0	0
1193615777	0	0	0
1193788577	0	0	0
1193961377	0	0	0
1194134177	0	0	0
1194306977	0	0	0
1194479777	0	0	0
1194652577	0	0	0
1194825378	0	0	0
1194998178	82	77.3379	591.356
1195170978	106	103.589	800.175
1195343778	0	0	0
1195516578	0	0	0
1195689378	488	466.947	3399.31
1195862178	225	242.858	1838.37
1196034979	130	133.23	948.637
1196207779	557	566.506	4106.34
1196380579	653	674.164	4849.36
1196553379	642	610.878	4520.46
1196726179	560	562.723	4134.54
1196898979	555	537.444	3998.56
1197071780	14	16.7418	125.146
1197244580	475	485.02	3495.14
1197417380	641	632.633	4638.97
1197590180	643	661.402	4790.27
1197762980	681	644.01	4786.82
1197935780	619	654.126	4744.81
1198108580	699	659.814	4733.58
1198281381	251	256.521	1845.66
1198454181	620	624.753	4577.48
1198626981	411	419.029	3099.32
1198799781	324	303.247	2212.48
1198972581	360	306.719	2210.7
1199145381	0	0.537231	0
1199318181	417	402.143	2912.82
1199490982	527	493.119	3600.03
1199663782	591	626.031	4445.78
1199836582	662	626.956	4468.22
1200009382	673	608.315	4433.74
1200182182	647	619.716	4456.08
1200354982	619	628.54	4508.8
1200527783	654	640.582	4620.29
1200700583	694	667.743	4852.27
1200873383	617	664.213	4808.09
1201046183	574	555.297	4116.7
1201218983	639	610.895	4491.52
1201391783	553	496.491	3695.43
1201564583	515	534.804	3975.35
1201737384	570	565.966	4171.39
1201910184	633	614.718	4484.25
1202082984	448	430.843	3142.7
1202255784	498	504.014	3664.32
1202428584	398	363.122	2694.68
1202601384	577	548.095	4065.83
1202774184	605	558.539	4115.38
1202946985	605	616.346	4414.25
1203119785	610	614.735	4453.57
1203292585	582	558.523	4045.98
1203465385	572	591.433	4327.14
1203638185	527	573.632	4206.17
1203810985	628	585.816	4358.24
1203983786	555	557.9	4132.13
1204156586	619	576.854	4220.66
1204329386	580	558.482	4065.2
1204502186	531	539.888	3993.12
1204674986	628	582.659	4297.66
1204847786	559	529.135	3960.5
1205020586	561	572.51	4268.49
1205193387	588	566.064	4265.43
1205366187	620	588.087	4403.53
1205538987	517	503.807	3702.27
1205711787	571	562.674	4168.03
1205884587	641	599.862	4408.1
1206057387	588	589.571	4361.72
1206230187	577	575.615	4340.59
1206402988	628	585.489	4309.14
1206575788	592	586.45	4367.11
1206748588	588	575.934	4376.09
1206921388	621	596.242	4433.84
1207094188	645	592.793	4488.27
1207266988	606	606.295	4550.85
1207439789	667	629.047	4576.27
1207612589	531	529.551	3937.36
1207785389	637	619.196	4516.04
1207958189	616	622.442	4640.39
1208130989	498	528.848	4126.82
1208303789	621	608.792	4638.83
1208476589	635	610.851	4637.74
1208649390	671	653.047	4892.47
1208822190	693	648.896	4838.94
1208994990	653	649.412	4859.59
1209167790	685	643.144	4791.04
1209340590	626	627.367	4730.15
1209513390	590	594.315	4690.9
1209686190	581	567.92	4471.18
1209858991	465	492.099	3848.59
1210031791	623	597.505	4580.14
1210204591	627	591.398	4610.69
1210377391	595	592.978	4614.16
1210550191	428	446.201	3497.35
1210722991	486	463.564	3561.01
1210895792	701	634.874	4863.1
1211068592	662	664.22	4862.04
1211241392	668	664.64	4855.06
1211414192	693	650.618	4806.18
1211586992	574	625.898	4824.37
1211759792	640	633.648	4808.41
1211932592	546	537.424	4215.14
1212105393	507	551.272	4556.49
1212278193	543	577.51	4637.02
1212450993	598	607.43	4726.62
1212623793	617	604.36	4613.5
1212796593	649	599.12	4664.78
1212969393	584	597.022	4718.51
1213142193	654	621.63	4778.59
1213314994	614	613.11	4810.88
1213487794	525	555.464	4293.58
1213660594	467	447.573	3460.86
1213833394	626	650.814	5050.26
1214006194	602	602.431	4826.92
1214178994	588	579.177	4642.23
1214351794	639	631.987	4993.14
1214524595	711	678.004	5292.53
1214697395	759	692.683	5348.93
1214870195	713	694.59	5329.09
1215042995	704	653.292	5143.16
1215215795	756	752.758	5568.98
1215388595	730	716.862	5536.97
1215561396	765	731.374	5594.02
1215734196	649	663.242	5174.99
1215906996	664	613.105	4734.58
1216079796	767	727.792	5529.55
1216252596	759	757.472	5640.16
1216425396	647	631.966	4981.53
1216598196	758	716.633	5634.9
1216770997	638	643.229	5022.77
1216943797	759	698.965	5509.39
1217116597	684	664.8	5214.04
1217289397	450	423.605	3338.8
1217462197	339	367.146	2826.74
1217634997	762	759.279	5790.7
1217807797	792	752.28	5725.36
1217980598	712	713.494	5374.86
1218153398	687	719.426	5636.28
1218326198	712	700.716	5290.37
1218498998	733	732.68	5646.85
1218671798	773	743.844	5810.53
1218844598	809	769.106	5774.23
1219017399	706	691.998	5423.5
1219190199	765	739.126	5797.44
1219362999	680	695.471	5523.82
1219535799	600	589.329	4524.38
1219708599	811	795.948	5900.4
1219881399	758	717.034	5512.04
1220054199	819	777.38	5915.89
1220227000	830	785.081	5757.82
1220399800	684	740.356	5681.88
1220572600	711	733.723	5890.59
1220745400	747	735.863	5767.41
1220918200	735	694.89	5339.55
1221091000	741	727.152	5690.84
1221263800	747	727.243	5763.01
1221436601	824	746.333	5769.52
1221609401	774	753.442	5710.88
1221782201	709	709.582	5616.67
1221955001	712	728.463	5697.62
1222127801	808	756.893	5705.64
1222300601	813	765.37	5790.05
1222473402	763	787.91	5847.83
1222646202	743	768.358	5885.32
1222819002	799	789.591	5941.3
1222991802	835	782.64	5902.1
1223164602	307	297.292	2341.47
1223337402	752	741.657	5718.75
1223510202	781	775.398	5863.14
1223683003	769	772.668	5639.69
1223855803	792	766.3	5814.84
1224028603	794	731.78	5634.82
1224201403	741	759.854	5815.12
1224374203	763	780.496	5779.3
1224547003	800	787.214	5811.15
1224719803	822	763.749	5755.12
1224892604	781	781.604	5795.61
1225065404	762	771.522	5773.11
1225238204	751	761.819	5753.27
1225411004	868	783.557	5857.41
1225583804	823	791.197	5839.96
1225756604	797	789.548	5812.58
1225929405	819	805.423	5884.05
1226102205	368	351.634	2547.73
1226275005	307	348.294	2577.3
1226447805	606	618.568	4562.69
1226620605	770	803.397	5773.8
1226793405	656	670.534	5082.62
1226966205	659	617.781	4586.37
1227139006	785	784.291	5726.96
1227311806	835	798.378	5743.48
1227484606	803	795.423	5776.23
1227657406	729	740.273	5375.34
1227830206	797	790.222	5685.13
1228003006	725	681.962	5100.5
1228175806	749	706.46	5350.65
1228348607	810	768.583	5676.82
1228521407	583	573.424	4267.27
1228694207	311	290.942	2104.95
1228867007	692	641.761	4756.77
1229039807	744	763.915	5619.53
1229212607	772	748.537	5483.23
1229385407	740	749.669	5344.01
1229558208	744	747.046	5444.38
1229731008	728	772.041	5557.9
1229903808	743	735.128	5408.41
1230076608	830	740.865	5390
1230249408	758	745.086	5415.22
1230422208	624	619.43	4470.56
1230595009	655	611.866	4452.38
1230767809	177	195.857	1433.5
1230940609	515	495.85	3672.61
1231113409	737	708.173	5089.41
1231286209	670	684.277	4964.34
1231459009	780	713.486	5271.6
1231631809	667	652.566	4756.13
1231804610	635	619.27	4502.44
1231977410	771	711.948	5158.76
1232150210	592	576.637	4141.91
1232323010	736	696.74	5160.53
1232495810	734	711.345	5182.62
1232668610	713	696.52	5034.73
1232841410	719	708.852	5138.65
1233014211	700	701.439	5161.06
1233187011	700	707.269	5140.23
1233359811	728	701.022	5077.76
1233532611	662	669.526	4846.86
1233705411	725	723.65	5256.03
1233878211	737	725.352	5267.54
1234051012	709	717.28	5255.19
1234223812	724	739.23	5321.65
1234396612	728	746.096	5436.09
1234569412	777	717.248	5179.08
1234742212	763	751.419	5367.77
1234915012	697	676.349	4835.34
1235087812	614	623.77	4520.6
1235260613	747	705.206	5260.28
1235433413	704	678.005	5018.93
1235606213	727	728.863	5307.73
1235779013	701	701.835	5131.32
1235951813	724	721.384	5231.56
1236124613	763	725.666	5348.66
1236297413	768	741.018	5424.46
1236470214	761	748.575	5559.77
1236643014	742	744.773	5538.8
1236815814	718	733.018	5339.15
1236988614	780	751.425	5473.74
1237161414	758	752.605	5562.06
1237334214	806	751.653	5633.64
1237507015	713	748.246	5484.1
1237679815	506	491.4	3569.08
1237852615	806	743.594	5508.18
1238025415	769	744.414	5441.46
1238198215	770	756.595	5475.03
1238371015	771	773.788	5598.65
1238543815	636	708.959	5379.68
1238716616	763	746.52	5448.49
1238889416	768	736.328	5456.86
1239062216	714	749.348	5602.36
1239235016	753	739.801	5602.46
1239407816	762	740.221	5506.47
1239580616	729	746.749	5526.44
1239753416	783	734.284	5519.94
1239926217	390	368.632	2703.27
1240099017	0	0	0
1240271817	0	0	0
1240444617	0	0	0
1240617417	0	0	0
1240790217	0	0	0
1240963018	0	0	0
1241135818	0	0	0
1241308618	0	0	0
1241481418	0	0	0
1241654218	0	0	0
1241827018	0	0	0
1241999818	0	0	0
1242172619	0	0	0
1242345419	0	0	0
1242518219	0	0	0
1242691019	0	0	0
1242863819	0	0	0
1243036619	0	0	0
1243209419	0	0	0
1243382220	0	0	0
1243555020	0	0	0
1243727820	0	0	0
1243900620	0	0	0
1244073420	0	0	0
1244246220	0	0	0
1244419021	222	241.653	1905.63
1244591821	612	571.066	4516.92
1244764621	541	562.313	4503.93
1244937421	521	560.475	4191.65
1245110221	571	581.918	4548.3
1245283021	591	601.257	4433.95
1245455821	563	583.802	4388
1245628622	556	547.314	4344.94
1245801422	442	444.842	3612.97
1245974222	536	540.835	4337.94
1246147022	538	559.741	4294.45
1246319822	537	548.237	4252.65
1246492622	546	573.859	4439.32
1246665422	530	565.558	4274.44
1246838223	577	597.764	4506.03
1247011023	524	568.163	4510.6
1247183823	538	570.407	4470.57
1247356623	602	577.251	4495.94
1247529423	541	552.899	4462.46
1247702223	601	558.122	4405.43
1247875023	523	554.188	4393.75
1248047824	502	541.966	4180.43
1248220624	498	551.16	4243.03
1248393424	585	521.792	4279.54
1248566224	457	494.346	3922.05
1248739024	359	379.923	3017.75
1248911824	595	564.844	4515.41
1249084625	602	601.618	4753.05
1249257425	601	621.205	4799.27
1249430225	576	637.875	4792.94
1249603025	585	609.173	4871.68
1249775825	606	613.722	4945.03
1249948625	668	660.584	5047.92
1250121425	539	609.563	4542.77
1250294226	316	368.874	2726.41
1250467026	416	505.605	3950.42
1250639826	492	558.096	4304.79
1250812626	587	612.271	4745.49
1250985426	648	622.91	4721.07
1251158226	326	319.556	2421.6
1251331026	664	651.561	4887.48
1251503827	635	688.765	5039.54
1251676627	618	681.206	5118.81
1251849427	554	540.207	4149.86
1252022227	671	667.109	5233.64
1252195027	654	699.724	5262.88
1252367827	605	664.72	5218.12
1252540628	642	689.54	5499.59
1252713428	642	699.789	5495.99
1252886228	789	752.422	5630
1253059028	704	698.142	5388.45
1253231828	748	751.411	5754.96
1253404628	767	752.245	5808.28
1253577428	708	756.432	5805.82
1253750229	703	749.607	5782.05
1253923029	758	780.034	5900.86
1254095829	270	284.74	2303.07
1254268629	701	720.868	5789.94
1254441429	734	767.285	5834.99
1254614229	739	786.275	5844.91
1254787029	711	777.274	5884.15
1254959830	734	767.917	5939.04
1255132630	809	824.769	6036.7
1255305430	499	526.148	3921.38
1255478230	748	800.531	6014.98
1255651030	794	784.002	5962.72
1255823830	756	797.097	5977.57
1255996631	786	793.348	5940.41
1256169431	772	805.959	5964.39
1256342231	803	813.881	6011.65
1256515031	737	804.636	5977.29
1256687831	776	795.04	5847.2
1256860631	783	836.365	5999.55
1257033431	764	826.459	5964.46
1257206232	766	805.06	5958.64
1257379032	767	816.387	6058.13
1257551832	724	806.717	6022.64
1257724632	814	805.871	6000.25
1257897432	688	731.458	5471.57
1258070232	821	795.607	5780.33
1258243032	754	657.659	4895.59
1258415833	776	777.269	5630.49
1258588633	757	740.062	5426.08
1258761433	721	747.382	5462.63
1258934233	750	769.549	5517.07
1259107033	762	773.732	5540.98
1259279833	764	758.648	5568.71
1259452634	792	768.087	5531.99
1259625434	792	749.544	5428.96
1259798234	455	480.958	3534.09
1259971034	709	736.588	5349.66
1260143834	677	690.463	5181.53
1260316634	704	683.437	5086.89
1260489434	627	619.996	4574.73
1260662235	751	711.119	5201.43
1260835035	703	715.791	5239.14
1261007835	720	736.188	5286.53
1261180635	729	716.645	5184.72
1261353435	774	689.309	5060.83
1261526235	628	630.993	4525.97
1261699035	666	698.195	5060.61
1261871836	682	715.12	5111.1
1262044636	596	598.136	4289.97
1262217436	665	668.993	4863.23
1262390236	706	688.212	4993.47
1262563036	729	689.712	4918.29
1262735836	694	721.768	5227.6
1262908636	742	731.135	5315.16
1263081437	710	721.121	5207.33
1263254237	731	736.44	5323
1263427037	736	714.307	5272.14
1263599837	740	733.489	5275.19
1263772637	698	716.685	5176.86
1263945437	662	654.897	4758.98
1264118238	601	637.446	4582.8
1264291038	689	692.559	4970.71
1264463838	643	655.164	4728.82
1264636638	621	671.761	4777.68
1264809438	646	614.163	4397.81
1264982238	698	689.224	4958.45
1265155038	712	673.945	4699.88
1265327839	701	684.134	4939.48
1265500639	623	616.267	4389.56
1265673439	637	659.467	4716.26
1265846239	731	695.229	5006.35
1266019039	665	655.989	4694.91
1266191839	613	610.543	4462.81
1266364639	716	670.924	4861.61
1266537440	687	690.92	4937.45
1266710240	622	660.168	4828.48
1266883040	674	669.641	4824.02
1267055840	641	639.624	4815.47
1267228640	616	617.128	4570.16
1267401440	668	648.7	4783.56
1267574241	654	651.062	4756.77
1267747041	660	649.62	4774.93
1267919841	669	662.06	4738.68
1268092641	625	645.797	4731.82
1268265441	662	635.081	4666.69
1268438241	599	572.013	4133.89
1268611041	502	498.879	3632.58
1268783842	564	526.611	3873.35
1268956642	615	639.274	4671.79
1269129442	622	642.926	4706.28
1269302242	688	657.227	4816.96
1269475042	688	657.031	4858.78
1269647842	604	560.259	4116.82
1269820642	426	417.755	3063.47
1269993443	454	444.878	3234.65
1270166243	470	451.074	3368
1270339043	417	416.596	3278.55
1270511843	450	423.018	3250.25
1270684643	416	422.458	3193.69
1270857443	522	497.077	3706.8
1271030244	552	559.388	4184.03
1271203044	535	516.038	4041.53
1271375844	562	514.453	3895.58
1271548644	606	527.167	3954.35
1271721444	536	506.222	3804.33
1271894244	503	528.348	4107.47
1272067044	509	478.122	3732.8
1272239845	547	549.515	4244.67
1272412645	567	534.28	4104.2
1272585445	520	521.792	4047.02
1272758245	643	559.703	4214.2
1272931045	576	538.757	4101.87
1273103845	545	524.03	3951.27
1273276645	557	549.887	4369.68
1273449446	558	572.92	4548.84
1273622246	613	596.843	4605.47
1273795046	620	618.232	4611.71
1273967846	495	496.995	3954.94
1274140646	537	561.663	4370.23
1274313446	646	590.318	4598.42
1274486247	554	541.982	4171.09
1274659047	573	571.534	4452.54
1274831847	448	416.904	3234.16
1275004647	498	521.175	4079.34
1275177447	538	517.906	4057.19
1275350247	540	560.327	4470.86
1275523047	622	589.861	4607.46
1275695848	630	585.77	4651.98
1275868648	580	593.66	4644.24
1276041448	559	526.307	4184.37
1276214248	472	450.034	3483.99
1276387048	492	474.773	3688.4
1276559848	635	310.323	2339.65
1276732648	590	604.401	4679.62
1276905449	583	587.115	4471.77
1277078249	581	598.47	4631.36
1277251049	627	637.539	4682.83
1277423849	548	580.462	4549.4
1277596649	596	582.655	4656.97
1277769449	618	566.992	4457.54
1277942250	599	564.978	4276.73
1278115050	655	613.717	4705.45
1278287850	654	639.561	4855.5
1278460650	637	616.012	4765.76
1278633450	635	620.968	4784.3
1278806250	633	617.078	4718.88
1278979050	528	523.201	4249.86
1279151851	473	495.062	4142.39
1279324651	395	440.832	3785.88
1279497451	518	556.232	4627.65
1279670251	555	575.905	4573.76
1279843051	617	597.233	4751.59
1280015851	558	587.238	4694.16
1280188651	571	597.098	4699.44
1280361452	619	619.285	4855.64
1280534252	642	664.623	5175.03
1280707052	552	604.856	4990.65
1280879852	480	518.913	4376.93
1281052652	484	479.331	3833.86
1281225452	484	503.518	4003.22
1281398252	609	605.377	4826.57
1281571053	688	688.01	5316.6
1281743853	526	586.113	4806.71
1281916653	637	664.854	5187.52
1282089453	699	705.093	5276.27
1282262253	676	680.247	5291.09
1282435053	688	707.031	5334.92
1282607854	696	696.237	5323.4
1282780654	745	723.511	5517.45
1282953454	777	751.626	5557.87
1283126254	685	706.946	5529.17
1283299054	656	690.596	5447.16
1283471854	628	661.781	5321.12
1283644654	685	700.054	5494.63
1283817455	729	718.197	5556.28
1283990255	740	743.538	5609.29
1284163055	789	739.677	5671.6
1284335855	703	719.257	5542.77
1284508655	696	717.717	5509.38
1284681455	729	721.364	5614.27
1284854255	746	728.464	5537.38
1285027056	725	735.739	5535.79
1285199856	769	723.44	5526.16
1285372656	687	712.71	5356.5
1285545456	630	685.93	5081.52
1285718256	741	690.649	5245.53
1285891056	693	715.29	5526.11
1286063857	724	718.728	5505.32
1286236657	787	736.445	5513.49
1286409457	733	737.407	5633.73
1286582257	721	762.324	5859.55
1286755057	798	782.212	5885.15
1286927857	797	792.505	5816.71
1287100657	732	788.738	5993.51
1287273458	789	797.406	6144.6
1287446258	788	803.693	6011.49
1287619058	867	846.66	6230.44
1287791858	899	862.456	6445.62
1287964658	898	855.659	6451.82
1288137458	849	886.676	6452.15
1288310258	764	826.417	6118.87
1288483059	747	706.929	5305.81
1288655859	820	852.429	6339.85
1288828659	819	882.981	6440.31
1289001459	857	886.468	6508.45
1289174259	800	846.011	6224.43
1289347059	717	745.36	5704.78
1289519860	830	862.814	6400.95
1289692660	838	846.2	6314.77
1289865460	812	831.559	6237.95
1290038260	859	860.468	6279.85
1290211060	726	774.727	5636.51
1290383860	851	835.071	6200.71
1290556660	880	860.169	6263.42
1290729461	583	671.79	4893.7
1290902261	842	854.724	6317.28
1291075061	822	845.839	6210.62
1291247861	832	859.06	6204.11
1291420661	826	849.828	6246.45
1291593461	836	828.455	6064.1
1291766261	875	851.89	6190.66
1291939062	805	857.64	6139.23
1292111862	820	827.945	6200.62
1292284662	835	843.504	6144.19
1292457462	795	847.376	6080.78
1292630262	831	841.469	6113.88
1292803062	859	841.178	6138.14
1292975863	885	877.445	6316.09
1293148663	943	894.651	6419.97
1293321463	914	893.21	6417.5
1293494263	932	873.54	6337.02
1293667063	761	788.087	5804.97
1293839863	797	795.442	5802.39
1294012663	786	788.669	5751.16
1294185464	770	780.657	5794.86
1294358264	822	816.603	5969
1294531064	783	840.347	6197.61
1294703864	813	843.055	6090.81
1294876664	818	779.925	5532.03
1295049464	834	869.167	6262.36
1295222264	762	819.447	5912.46
1295395065	896	858.394	6170.75
1295567865	864	854.119	6189.89
1295740665	889	873.905	6303.56
1295913465	882	857.613	6143.88
1296086265	870	859.443	6204.27
1296259065	749	694.861	5081.41
1296431865	872	883.52	6400.34
1296604666	874	886.827	6445.88
1296777466	950	881.908	6362.28
1296950266	832	865.303	6337.81
1297123066	885	849.302	6274.49
1297295866	791	776.13	5783.48
1297468666	870	839.591	6190.57
1297641467	781	794.655	5854.17
1297814267	807	825.426	5944.11
1297987067	840	813.64	6058.24
1298159867	799	782.446	5881.31
1298332667	794	790.415	5761.55
1298505467	746	711.618	5262.56
1298678267	737	706.334	5262.26
1298851068	872	818.992	6010.66
1299023868	758	782.238	5638.26
1299196668	760	771.98	5699.99
1299369468	782	789.562	5787.94
1299542268	734	774.086	5663.6
1299715068	841	819.119	5928.04
1299887868	657	681.735	5005.11
1300060669	707	700.713	5285.18
1300233469	573	595.327	4438.43
1300406269	757	748.859	5610.88
1300579069	767	737.455	5464.5
1300751869	677	698.196	5089.81
1300924669	701	731.16	5498.52
1301097470	805	810.451	6015.75
1301270270	810	784.261	5985.42
1301443070	832	800.959	5956.16
1301615870	768	811.868	6064.23
1301788670	863	802.834	6033.64
1301961470	777	789.273	5898.36
1302134270	766	767.326	5706.9
1302307071	819	386.423	2964.39
1302479871	776	387.842	2872.65
1302652671	789	807.952	5881.28
1302825471	630	612.781	4700.68
1302998271	817	773.439	5905.9
1303171071	801	767.508	5872.42
1303343871	801	787.665	5871.23
1303516672	690	734.346	5479.64
1303689472	631	590.209	4510.63
1303862272	672	665.064	5066.49
1304035072	675	674.976	5298.85
1304207872	711	735.846	5809.93
1304380672	718	745.057	5836.8
1304553473	807	754.87	5731.06
1304726273	702	699.114	5343.84
1304899073	511	496.052	3803.86
1305071873	802	702.87	5340.43
1305244673	730	716.274	5560.64
1305417473	714	670.872	5183.94
1305590273	700	690.7	5255.78
1305763074	753	760.834	5703.7
1305935874	752	750.874	5732.94
1306108674	705	726.35	5660.41
1306281474	717	726.739	5653.97
1306454274	745	723.242	5730.67
1306627074	747	750.677	5890.45
1306799874	729	737.722	5814.52
1306972675	775	769.952	5980.66
1307145475	718	753.908	6006.98
1307318275	773	770.854	5930.19
1307491075	756	776.661	5869.26
1307663875	720	726.186	5517.67
1307836675	788	765.961	5781.29
1308009476	764	754.063	5956.23
1308182276	798	768.813	5908.68
1308355076	645	685.116	5350.22
1308527876	480	517.554	3964.99
1308700676	578	574.435	4596.99
1308873476	680	322.754	2555.8
1309046276	632	348.033	2903.45
1309219077	779	736.098	5832.79
1309391877	738	769.567	5840.31
1309564677	613	643.511	5311.8
1309737477	523	489.637	3983.02
1309910277	713	728.232	5871.93
1310083077	739	738.607	5798.11
1310255877	808	791.303	5981.11
1310428678	680	665.197	5032.87
1310601478	772	809.491	6068.45
1310774278	752	778.511	5974.67
1310947078	658	716.274	5774.02
1311119878	694	703.616	5638.05
1311292678	824	759.435	5968.84
1311465478	798	773.851	5981.75
1311638279	777	767.63	5939.76
1311811079	798	799.649	6048.41
1311983879	721	703.759	5586.48
1312156679	604	608.265	5041.2
1312329479	734	744.273	5922.83
1312502279	778	768.689	5932.56
1312675080	793	771.899	5942.78
1312847880	694	759.763	5841.63
1313020680	776	796.065	5915.3
1313193480	785	796.865	6065.99
1313366280	758	789.41	6085.57
1313539080	793	795.477	6081.83
1313711880	658	720.505	5744.92
1313884681	634	659.206	5425.08
1314057481	762	749.148	5897.58
1314230281	728	775.392	6031.6
1314403081	794	809.761	6128.03
1314575881	786	802.104	6155.02
1314748681	734	771.909	6151.38
1314921481	828	824.092	6248.16
1315094282	716	774.902	5852.77
1315267082	671	733.448	5724.44
1315439882	814	807.654	6297.56
1315612682	831	844.427	6326.82
1315785482	783	828.253	6314.41
1315958282	808	822.407	6304.74
1316131083	794	849.444	6233.12
1316303883	825	772.401	6115.02
1316476683	717	744.86	5727.9
1316649483	808	792.88	6002.35
1316822283	808	778.98	5996.56
1316995083	759	743.376	5657.13
1317167883	765	790.344	5794.71
1317340684	771	800.023	5963.71
1317513484	581	575.991	4382.04
1317686284	717	735.998	5552.19
1317859084	842	847.492	6226.73
1318031884	691	767.378	5876.1
1318204684	810	838.422	6322.8
1318377484	795	863.18	6414.94
1318550285	690	674.387	5140.91
1318723085	854	876.624	6566.26
1318895885	811	827.142	6280.46
1319068685	895	845.537	6309.85
1319241485	801	845.004	6271.78
1319414285	846	0	0
1319587086	848	855.055	6507.36
1319759886	833	889.316	6566.96
1319932686	863	862.896	6508.9
1320105486	902	885.564	6520.74
1320278286	938	925.22	6770.94
1320451086	866	917.076	6768.91
1320623886	861	939.465	6777.38
1320796687	840	928.554	6753.48
1320969487	920	902.738	6736.49
1321142287	860	883.565	6549.56
1321315087	922	870.892	6514.45
1321487887	849	807.668	6005.49
1321660687	821	887.039	6477.77
1321833487	905	877.461	6493.52
1322006288	895	898.712	6470.52
1322179088	894	907.662	6599.02
1322351888	928	917.727	6637.44
1322524688	861	850.15	6230.77
1322697488	926	904.207	6696.57
1322870288	875	924.223	6654.04
1323043089	925	912.27	6661.48
1323215889	785	813.002	5946.62
1323388689	897	895.795	6500.89
1323561489	921	916.86	6616.06
1323734289	881	899.434	6660.25
1323907089	922	895.591	6568.6
1324079889	873	890.901	6497.33
1324252690	802	819.41	5849.92
1324425490	914	911.657	6511.94
1324598290	825	892.79	6579.72
1324771090	809	816.45	6171.35
1324943890	808	825.622	5975.44
1325116690	876	912.288	6570.59
1325289490	878	898.981	6478.28
1325462291	57	60.9445	428.715
1325635091	844	891.622	6404.89
1325807891	882	892.846	6478.71
1325980691	900	892.2	6351.34
1326153491	561	619.855	4371.14
1326326291	489	524.063	3825.68
1326499092	597	598.078	4294.76
1326671892	501	532.105	3863.86
1326844692	527	540.085	3940.77
1327017492	503	511.474	3679.83
1327190292	713	732.132	5327.8
1327363092	682	714.213	5223.6
1327535892	109	106.115	759.78
1327708693	769	826.757	5882.69
1327881493	860	837.968	5956.3
1328054293	590	601.039	4371.73
1328227093	711	783.668	5674.61
1328399893	826	844.941	6040.17
1328572693	633	682.666	4873.56
1328745493	744	752.022	5545.71
1328918294	884	865.66	6295.71
1329091094	316	312.921	2227.59
1329263894	345	360.533	2602.99
1329436694	768	855.546	6109.81
1329609494	790	789.335	5702.72
1329782294	789	794.367	5816.94
1329955094	837	855.872	6286.22
1330127895	841	863.94	6225.53
1330300695	854	857.889	6239.94
1330473495	776	814.321	5946.94
1330646295	858	829.222	6158.66
1330819095	806	861.47	6181.74
1330991895	832	846.524	6125.92
1331164696	863	846.335	6168.16
1331337496	632	654.341	4676.63
1331510296	810	859.948	6153.73
1331683096	854	833.814	6232.12
1331855896	836	847.015	6216.18
1332028696	886	871.456	6272.74
1332201496	854	849.062	6273.52
1332374297	872	842.122	6247.67
1332547097	848	851.183	6323.3
1332719897	843	829.139	6254.91
1332892697	798	809.768	6181.18
1333065497	849	868.455	6493.99
1333238297	831	811.685	5968.56
1333411097	57	75.3797	540.198
1333583898	863	846.596	6269.65
1333756698	905	869.35	6396.38
1333929498	747	763.022	5666.04
1334102298	399	417.212	3122.77
1334275098	838	818.262	6068.44
1334447898	836	843.546	6340.51
1334620699	871	844.42	6319.82
1334793499	829	841.147	6295.34
1334966299	800	817.985	6263.89
1335139099	791	819.861	6381.05
1335311899	879	853.66	6450.68
1335484699	799	829.39	6423.32
1335657499	728	789.009	6154.67
1335830300	799	810.345	6103.95
1336003100	862	857.595	6368.02
1336175900	824	840.099	6366.94
1336348700	893	849.223	6369.94
1336521500	813	833.247	6297.41
1336694300	819	827.31	6242.29
1336867100	775	815.023	6217.03
1337039901	775	824.035	6210.04
1337212701	825	830.23	6308.64
1337385501	822	832.346	6409.49
1337558301	831	812.468	6288.75
1337731101	868	826.426	6490.58
1337903901	919	850.176	6593.81
1338076702	871	856.628	6406.08
1338249502	888	879.834	6520.93
1338422302	863	842.454	6553.54
1338595102	829	869.233	6531.47
1338767902	833	836.748	6535.06
1338940702	822	813.464	6506.85
1339113502	736	801.316	6526.88
1339286303	814	817.518	6394.38
1339459103	860	863.062	6396.27
1339631903	815	815.587	6195.41
1339804703	760	803.392	6340.32
1339977503	630	668.531	5160.47
1340150303	813	847.881	6527.28
1340323103	379	405.068	3086.01
1340495904	792	836.463	6361.33
1340668704	855	811.594	6379.51
1340841504	839	867.562	6504.11
1341014304	764	778.256	5887.12
1341187104	710	719.682	5568.75
1341359904	753	758.219	5950.97
1341532705	757	808.325	6463.71
1341705505	747	795.45	6321.47
1341878305	826	808.74	6391.32
1342051105	763	828.159	6338.34
1342223905	789	805.008	6368.45
1342396705	697	680.284	5506.43
1342569505	832	787.5	6244.91
1342742306	849	830.257	6330.13
1342915106	816	817.639	6263.96
1343087906	718	724.609	5720.78
1343260706	772	746.681	5890.11
1343433506	620	632.62	4883.36
1343606306	753	770.81	6250.55
1343779106	833	792.039	6247.16
1343951907	789	792.77	6152.33
1344124707	736	781.366	6240.95
1344297507	779	798.355	6176.44
1344470307	320	345.068	2658.93
1344643107	0	0	0
1344815907	334	352.983	2764
1344988707	832	814.679	6255.35
1345161508	826	845.484	6474.01
1345334308	828	820.498	6376.81
1345507108	830	784.096	6039.14
1345679908	831	840.877	6390.74
1345852708	748	786.81	6399.79
1346025508	762	781.797	6328.4
1346198309	848	829.762	6390.44
1346371109	848	824.102	6322.14
1346543909	832	822.627	6292.2
1346716709	861	820.071	6262.2
1346889509	727	794.139	6153.29
1347062309	492	505.164	3795.1
1347235109	217	207.371	1579.24
1347407910	850	827.752	6303.72
1347580710	847	855.73	6306.45
1347753510	820	839.417	6219.39
1347926310	791	792.433	6046.98
1348099110	816	814.708	6159.28
1348271910	754	808.372	6162.7
1348444710	748	722.866	5474.05
1348617511	578	587.469	4634.26
1348790311	758	795.176	5999.47
1348963111	777	787.133	5935.25
1349135911	823	787.522	6017.01
1349308711	836	796.341	6018.1
1349481511	840	812.34	6033.19
1349654312	723	759.137	5884.5
1349827112	732	773.687	5955.55
1349999912	782	793.595	5966.91
1350172712	780	790.715	5839.95
1350345512	754	766.649	5754.81
1350518312	841	799.538	5912.53
1350691112	752	803.507	5923.16
1350863913	769	796.191	5928.3
1351036713	759	791.217	5917.87
1351209513	756	719.362	5321.85
1351382313	813	795.683	5888.29
1351555113	719	681.232	5021.25
1351727913	717	711.362	5270.18
1351900713	866	855.944	6330.15
1352073514	857	858.126	6283.01
1352246314	899	883.105	6344.14
1352419114	805	868.051	6252.56
1352591914	801	821.937	6310.93
1352764714	814	837.226	6290.14
1352937514	817	849.59	6198.83
1353110315	729	714.774	5301.75
1353283115	864	847.384	6244.82
1353455915	795	853.26	6123.62
1353628715	799	827.95	6180.22
1353801515	823	826.518	6163.97
1353974315	830	845.132	6175.39
1354147115	584	582.453	4211.32
1354319916	679	623.713	4613.59
1354492716	667	678.873	4859.12
1354665516	857	853.782	6151.07
1354838316	743	761.451	5568.22
1355011116	786	840.011	6096.38
1355183916	637	649.158	4638.69
1355356716	604	616.465	4457.59
1355529517	813	836.365	6012.34
1355702317	824	823.38	5893.6
1355875117	773	817.338	5868.07
1356047917	757	785.033	5844.38
1356220717	799	823.538	5853.58
1356393517	769	817.119	5797.88
1356566318	754	778.991	5779.77
1356739118	834	796.343	5782.36
1356911918	777	806.198	5759.62
1357084718	781	764.961	5716.57
1357257518	763	806.138	5792.51
1357430318	774	795.054	5732.01
1357603118	800	856.558	6088.17
1357775919	894	898.689	6457.59
1357948719	879	886.576	6264.78
1358121519	518	518.087	3770.39
1358294319	850	874.873	6256.25
1358467119	733	739.529	5423.14
1358639919	614	644.973	4823.12
1358812719	814	827.531	6038.24
1358985520	854	860.971	6190.21
1359158320	871	872.394	6385.27
1359331120	755	711.267	5201.29
1359503920	868	840.387	6177.44
1359676720	775	763.869	5454.99
1359849520	806	848.284	6241.74
1360022321	548	565.355	4048.6
1360195121	372	405.603	2921.45
1360367921	552	534.709	3874.26
1360540721	434	401.737	2892.81
1360713521	412	416.769	2982.79
1360886321	613	623.034	4498.93
1361059121	843	854.07	6171.78
1361231922	837	809.173	6114.97
1361404722	764	825.591	6099.37
1361577522	813	885.766	6389.94
1361750322	860	873.157	6476.57
1361923122	885	863.723	6365.35
1362095922	830	887.93	6369.79
1362268722	843	861.695	6460.45
1362441523	863	878.038	6475.29
1362614323	906	897.481	6505.01
1362787123	828	890.775	6490.93
1362959923	832	880.107	6448.86
1363132723	818	850.249	6385.96
1363305523	717	775	6035.84
1363478323	705	778.153	5935.08
1363651124	830	834.555	6232.93
1363823924	877	852.114	6330.75
1363996724	899	853.23	6391.5
1364169524	830	858.053	6358.9
1364342324	858	833.022	6259.46
1364515124	829	855.828	6289.43
1364687925	837	834.025	6237.39
1364860725	576	535.211	4104.69
1365033525	492	515.597	3882.78
1365206325	812	825.349	6087.78
1365379125	761	777.434	5873.41
1365551925	840	848.163	6261.37
1365724725	847	836.228	6349.02
1365897526	819	823.36	6281.95
1366070326	878	839.191	6272.19
1366243126	808	837.973	6200.73
1366415926	837	841.352	6230.41
1366588726	800	834.717	6229.75
1366761526	846	830.239	6205.06
1366934326	757	738.247	5499.35
1367107127	745	781.756	5971.66
1367279927	800	804.196	6082.68
1367452727	766	824.751	6134.01
1367625527	851	811.515	6158.74
1367798327	734	783.235	6038.13
1367971127	850	788.313	6024.8
1368143928	845	820.418	6064.69
1368316728	789	788.076	6050.51
1368489528	752	777.845	5982.32
1368662328	704	739.135	5896.28
1368835128	749	723.222	5660.19
1369007928	703	685.439	5351.3
1369180728	767	769.921	5964.18
1369353529	731	713.769	5483.9
1369526329	855	818.437	6224.31
1369699129	804	763.094	5706.58
1369871929	759	756.998	5704.49
1370044729	798	827.447	6159.49
1370217529	786	779.144	6025.47
1370390329	852	810.221	6160.13
1370563130	825	795.099	6115.06
1370735930	665	646.087	5038.05
1370908730	833	796.021	6159.53
1371081530	808	802.639	6229.23
1371254330	772	787.236	6113.41
1371427130	726	739.932	5724.9
1371599931	687	734.323	5790.55
1371772731	709	697.575	5462.13
1371945531	743	780.239	6069.55
1372118331	798	761.44	5998.49
1372291131	869	808.379	6134.3
1372463931	761	777.365	5974.12
1372636731	730	718.093	5680.47
1372809532	869	818.387	6062.58
1372982332	778	785.773	6081.12
1373155132	738	733.733	5844.16
1373327932	502	520.872	4106.97
1373500732	433	457.487	3501.77
1373673532	685	662.515	5136.66
1373846332	785	747.957	5784.84
1374019133	828	813.63	6166.8
1374191933	683	701.612	5554.29
1374364733	661	748.259	5976.89
1374537533	731	738.298	6008.45
1374710333	856	776.518	6122.35
1374883133	779	762.645	5919.87
1375055934	803	778.238	6067.18
1375228734	812	800.031	6109.8
1375401534	729	730.943	5772.87
1375574334	834	812.665	6252.08
1375747134	763	832.388	6276.69
1375919934	804	812.183	6246.71
1376092734	739	747.313	5980.65
1376265535	778	796.804	6060.8
1376438335	671	719.269	5836.63
1376611135	813	810.716	6318.32
1376783935	870	841.863	6528.99
1376956735	839	849.972	6391.61
1377129535	681	701.313	5420.32
1377302335	373	380.745	3061.11
1377475136	1	0	0
1377647936	702	713.597	5513.83
1377820736	715	711.546	5314.25
1377993536	824	780.67	5845.07
1378166336	722	761.59	5878.19
1378339136	713	690.834	5245.71
1378511936	816	809.754	6029.03
1378684737	682	633.841	4673.25
1378857537	766	700.476	5138.73
1379030337	729	766.14	5974.18
1379203137	659	717.425	5740.5
1379375937	678	706.474	5647.53
1379548737	568	542.369	4207.22
1379721538	818	804.365	6156.22
1379894338	716	751.737	6130.42
1380067138	743	785.67	6159.44
1380239938	834	813.398	6226.85
1380412738	818	781.673	6263.4
1380585538	665	701.187	5419.14
1380758338	754	732.104	5626.05
1380931139	831	802.669	6182.01
1381103939	786	809.536	6119.37
1381276739	817	802.487	5963.82
1381449539	798	838.839	6347.45
1381622339	201	194.728	1491.3
1381795139	164	158.437	1179.31
1381967939	298	333.341	2464.18
1382140740	820	873.251	6338.35
1382313540	873	865.279	6395.94
1382486340	807	861.919	6408.23
1382659140	799	823.104	6273.01
1382831940	854	852.767	6358.25
1383004740	918	873.629	6388.2
1383177541	474	527.103	3800.64
1383350341	855	850.448	6376.35
1383523141	800	839.29	6170.82
1383695941	778	822.888	5963.91
1383868741	839	856.941	6315.88
1384041541	831	846.401	6272.93
1384214341	869	861.95	6331.68
1384387142	913	880.128	6326.98
1384559942	830	852.602	6309.75
1384732742	847	863.062	6262.97
1384905542	867	840.116	6209.32
1385078342	786	818.424	5952.48
1385251142	849	863.604	6166.72
1385423942	820	796.978	6026.87
1385596743	772	817.475	6045.23
1385769543	652	685.501	5023.61
1385942343	824	832.358	6067.18
1386115143	845	841.981	6112.86
1386287943	917	871.397	6350.3
1386460743	799	834.279	5975.02
1386633544	863	856.627	6343.28
1386806344	797	853.236	6186
1386979144	769	770.208	5485.27
1387151944	656	710.326	5153.5
1387324744	786	772.562	5542.9
1387497544	632	657.708	4776.02
1387670344	822	823.214	5929.4
1387843145	673	719.659	5138
1388015945	738	757.51	5394.33
1388188745	674	659.553	4745.27
1388361545	849	865.42	6118.12
1388534345	869	853.554	6104.62
1388707145	823	831.41	6078.31
1388879945	409	415.473	3036.95
1389052746	830	846.899	6039.93
1389225546	782	845.457	6034.28
1389398346	819	822.235	6021.62
1389571146	850	833.982	6040.07
1389743946	794	844.674	6037.26
1389916746	836	868.359	6182.86
1390089547	805	814.553	5858.09
1390262347	857	881.807	6200.27
1390435147	744	781.81	5495.77
1390607947	755	769.555	5788.97
1390780747	751	804.991	5817.42
1390953547	806	792.339	5802.88
1391126347	840	853.269	6098.47
1391299148	830	845.402	6056.57
1391471948	758	838.776	6001.2
1391644748	647	669.739	4804.94
1391817548	815	846.718	6037.71
1391990348	722	759.227	5506.68
1392163148	771	812.876	5888.7
1392335948	670	670.334	5106.39
1392508749	317	332.427	2509.99
1392681549	548	546.487	4030.5
1392854349	597	625.344	4575.63
1393027149	699	712.299	5279.57
1393199949	775	790.62	5822.44
1393372749	698	708.033	5440.79
1393545550	734	689.646	5083.59
1393718350	718	690.864	5209.23
1393891150	808	789.972	5842.42
1394063950	751	785.834	5855.8
1394236750	814	795.549	5842.82
1394409550	698	768.194	5617.7
1394582350	738	764.423	5613.1
1394755151	807	794.373	5855
1394927951	770	806.793	5822.8
1395100751	734	761.752	5720.44
1395273551	879	827.031	6081.42
1395446351	823	819.78	6215.11
1395619151	883	846.302	6279.42
1395791951	865	833.526	6335.87
1395964752	798	822.278	6034.75
1396137552	789	821.66	5916.28
1396310352	843	820.821	6237.01
1396483152	791	811.023	6097.53
1396655952	841	859.151	6340.1
1396828752	705	733.528	5401.01
1397001552	686	728.57	5400.1
1397174353	853	856.636	6467.23
1397347153	854	841.946	6524.27
1397519953	499	489.605	3741.81
1397692753	550	539.294	4123.32
1397865553	827	818.823	6298.65
1398038353	840	822.469	6317.05
1398211154	565	590.553	4482.44
1398383954	796	806.717	6061.92
1398556754	943	849.039	6334.28
1398729554	794	832.422	6431.68
1398902354	792	859.769	6375.07
1399075154	832	853.358	6362.06
1399247954	887	851.057	6398.03
1399420755	856	821.033	6234.84
1399593555	821	845.913	6393.51
1399766355	842	814.6	6159.02
1399939155	840	819.099	6210.53
1400111955	853	834.349	6278.16
1400284755	758	724.419	5570.05
1400457555	811	816.456	6350.64
1400630356	808	819.533	6251.71
1400803156	766	789.422	6324.75
1400975956	792	780.891	6110.29
1401148756	796	783.251	6116.21
1401321556	839	839.751	6251.75
1401494356	890	846.797	6564.86
1401667157	868	866.166	6599.14
1401839957	869	910.327	6652.91
1402012757	845	867.048	6632.45
1402185557	874	871.884	6622.59
1402358357	898	865.882	6597.77
1402531157	841	870.567	6446.12
1402703957	805	808.297	6453.68
1402876758	883	834.049	6505.52
1403049558	807	811.96	6505.88
1403222358	888	816.206	6432.45
1403395158	910	835.349	6346.29
1403567958	824	801.087	6261.89
1403740758	821	817.833	6475.12
1403913558	784	803.099	6552.11
1404086359	825	823.335	6473.5
1404259159	819	837.065	6407.61
1404431959	815	831.056	6441.53
1404604759	793	809.81	6400.02
1404777559	826	804.091	6396.38
1404950359	786	800.415	6372.21
1405123160	808	808.674	6305.35
1405295960	878	827.58	6362.01
1405468760	758	798.998	6142.77
1405641560	844	786.573	6264.59
1405814360	788	733.797	5661.78
1405987160	780	757.091	5837.2
1406159960	760	737.297	5984.47
1406332761	719	786.266	6200.54
1406505561	762	789.516	6114.27
1406678361	744	801.399	6084.86
1406851161	814	829.54	6165.81
1407023961	771	839.271	6227.99
1407196761	831	808.94	6278.02
1407369561	770	793.417	6221.41
1407542362	825	799.466	6247.65
1407715162	791	811.805	6252.98
1407887962	778	778.01	6310.64
1408060762	830	818.769	6395.43
1408233562	832	825.14	6326.98
1408406362	889	838.174	6275.15
1408579163	889	847.979	6317.53
1408751963	811	792.296	5919.21
1408924763	841	825.64	6383.6
1409097563	793	812.257	6395.24
1409270363	867	844.162	6457.09
1409443163	882	861.589	6503.32
1409615963	895	875.835	6557.49
1409788764	825	841.506	6284.75
1409961564	854	846.013	6459.22
1410134364	909	872.471	6536.91
1410307164	870	840.512	6402.19
1410479964	817	861.593	6600.22
1410652764	871	833.162	6372.81
1410825564	893	850.771	6452.53
1410998365	768	831.299	6246.07
1411171165	860	862.218	6563.86
1411343965	942	892.675	6652.83
1411516765	833	852.887	6458.57
1411689565	853	870.413	6627.1
1411862365	908	898.513	6635.58
1412035165	872	865.614	6498.66
1412207966	849	867.813	6587.94
1412380766	787	870.945	6463.07
1412553566	809	768.099	5767.33
1412726366	957	913.705	6713.81
1412899166	873	883.017	6741.56
1413071966	441	438.666	3345.81
1413244767	450	427.019	3170.59
1413417567	902	920.591	6781.08
1413590367	940	923.263	6784.01
1413763167	870	882.8	6644.48
1413935967	900	926.164	6775.02
1414108767	902	924.076	6767.11
1414281567	905	940.421	6741.12
1414454368	890	938.486	6814.99
1414627168	956	936.565	6829.67
1414799968	846	881.744	6795.89
1414972768	850	866.343	6678.78
1415145568	910	910.701	6787.54
1415318368	931	888.666	6533.19
1415491168	878	889.297	6554.01
1415663969	934	920.635	6707.21
1415836769	825	842.026	6326.47
1416009569	950	931.047	6787.17
1416182369	978	932.974	6761.94
1416355169	826	872.945	6280.22
1416527969	787	774.164	5785.88
1416700770	845	906.236	6605.42
1416873570	809	836.984	6167.09
1417046370	904	884.67	6492.21
1417219170	917	900.057	6563.27
1417391970	680	707.446	5460.07
1417564770	834	895.369	6539.19
1417737570	903	912.506	6491.65
1417910371	852	902.42	6535.4
1418083171	897	902.412	6441.43
1418255971	828	822.903	6025.75
1418428771	756	782.566	5757.6
1418601571	757	772.804	5645.91
1418774371	725	749.563	5574.16
1418947171	806	869.728	6254.72
1419119972	861	865.006	6401.83
1419292772	704	720.978	5426.47
1419465572	805	760.048	5475.78
1419638372	846	815.933	5895.1
1419811172	815	847.809	6076.79
1419983972	748	797.073	5712.73
1420156773	804	859.459	6337.67
1420329573	888	866.202	6294.27
1420502373	905	871.444	6209.36
1420675173	878	888.249	6412.53
1420847973	895	891.702	6413.93
1421020773	709	699.992	5066.71
1421193573	706	794.023	5721.02
1421366374	807	848.424	6142.06
1421539174	0	0	0
1421711974	0	0	0
1421884774	0	0	0
1422057574	0	0	0
1422230374	0	0	0
1422403174	0	0	0
1422575975	0	0	0
1422748775	0	0	0
1422921575	0	0	0
1423094375	0	0	0
1423267175	0	0	0
1423439975	0	0	0
1423612776	0	0	0
1423785576	0	0	0
1423958376	371	378.02	2756.72
1424131176	791	781.119	5650.86
1424303976	843	833.949	6148.67
1424476776	780	789.97	5938.45
1424649576	793	821.8	6030.25
1424822377	729	741.62	5493.63
1424995177	760	724.777	5442.01
1425167977	800	797.526	5866.85
1425340777	698	684.829	5024.07
1425513577	9	14.9748	110.014
1425686377	0	0	0
1425859177	0	0	0
1426031978	226	215.489	1528.28
1426204778	700	692.585	4951.85
1426377578	787	788.835	5848.88
1426550378	741	783.3	5697.47
1426723178	654	692.741	4988.11
1426895978	468	465.599	3507.2
1427068778	206	223.033	1681.85
1427241579	625	649.135	4961.71
1427414379	697	689.872	5238.56
1427587179	757	763.813	5672.36
1427759979	776	768.997	5788.78
1427932779	756	783.749	5760.81
1428105579	792	787.155	5778.1
1428278380	773	769.494	5772.02
1428451180	774	786.938	5798.26
1428623980	771	766.825	5699.32
1428796780	830	774.996	5705.09
1428969580	711	739.078	5428.13
1429142380	742	754.124	5614.39
1429315180	730	722.471	5424.37
1429487981	808	777.435	5780.34
1429660781	803	793.908	6094.82
1429833581	845	822.225	6246.24
1430006381	888	833.902	6267.99
1430179181	830	838.578	6308.58
1430351981	775	813.03	6114
1430524781	875	869.043	6446.04
1430697582	849	822.29	6314.39
1430870382	776	816.875	6406.8
1431043182	859	845.809	6510.6
1431215982	851	849.161	6513.57
1431388782	867	839.909	6415.09
1431561582	838	853.738	6483.91
1431734383	893	837.529	6310.27
1431907183	856	804.525	6079.35
1432079983	859	816.958	6166.62
1432252783	809	848.619	6356.9
1432425583	817	819.183	6402.54
1432598383	837	803.646	6338.3
1432771183	850	815.241	6353.8
1432943984	857	842.931	6404.67
1433116784	831	823.754	6328.88
1433289584	802	788.82	5861.25
1433462384	930	856.309	6343.19
1433635184	848	857.988	6428.15
1433807984	929	839.831	6445.76
1433980784	853	808.933	6329.37
1434153585	555	556.588	4338.31
1434326385	136	141.981	1088.66
1434499185	767	806.781	6254.23
1434671985	629	609.381	4861.45
1434844785	906	840.69	6476.82
1435017585	798	798.683	6463.92
1435190386	864	803.738	6363.57
1435363186	782	789.182	6229.26
1435535986	843	816.463	6352.07
1435708786	828	827.664	6380.92
1435881586	787	814.147	6424.9
1436054386	853	814.471	6375.24
1436227186	825	818.139	6349.11
1436399987	743	759.393	5720.71
1436572787	797	827.582	6370.33
1436745587	788	811.246	6124.51
1436918387	779	798.3	6276.97
1437091187	781	818.314	6367.68
1437263987	809	806.481	6237.77
1437436787	771	786.674	6324
1437609588	821	791.265	6282.44
1437782388	818	806.165	6276.64
1437955188	773	756.746	5563.69
1438127988	860	813.985	6280.44
1438300788	814	817.134	6242.89
1438473588	726	794.212	5969.81
1438646389	778	793.722	6094.26
1438819189	813	830.485	6111.08
1438991989	702	669.039	5098.59
1439164789	334	313.59	2412.08
1439337589	162	176.792	1410.93
1439510389	579	590.335	4700.2
1439683189	672	729.07	5665.28
1439855990	691	715.35	5500.79
1440028790	784	779.179	5974.12
1440201590	791	805.359	6029.55
1440374390	727	779.993	5991.64
1440547190	767	801.871	5975.8
1440719990	819	787.216	5881.13
1440892790	627	621.397	4581.21
1441065591	540	564.672	4371.93
1441238391	722	752.569	5869.85
1441411191	697	689.899	5345.25
1441583991	433	413.512	3049.33
1441756791	242	253.56	1930.17
1441929591	744	768.472	5968.71
1442102392	781	775.972	5983.53
1442275192	779	802.258	5970.94
1442447992	783	783.645	5944.68
1442620792	791	778.704	5958.8
1442793592	673	661.38	4950.82
1442966392	439	451.102	3409.24
1443139192	696	680.324	5216.58
1443311993	839	806.579	6127.67
1443484793	788	825.05	6130.87
1443657593	793	784.741	5826.68
1443830393	565	526.092	4114.51
1444003193	366	340.674	2578.66
1444175993	564	555.356	4240.79
1444348793	687	710.588	5618.28
1444521594	537	573.825	4628.27
1444694394	610	656.94	4994.07
1444867194	761	758.589	5679.09
1445039994	752	820.325	6363.2
1445212794	815	857.245	6377.44
1445385594	784	774.71	5829.09
1445558394	791	837.974	6476.62
1445731195	782	761.171	5849.03
1445903995	769	815.01	6102.4
1446076795	883	840.388	6219.39
1446249595	698	707.338	5406.94
1446422395	663	655.304	4936.15
1446595195	637	618.144	4738.42
1446767996	843	822.115	6240.62
1446940796	819	784.898	5767.11
1447113596	773	792.333	5899.88
1447286396	876	834.567	6179.48
1447459196	874	862.058	6317.9
1447631996	859	854.52	6155.66
1447804796	752	812.805	5956.65
1447977597	832	839.134	6279.31
1448150397	848	857.76	6321.41
1448323197	790	790.815	5780.55
1448495997	759	734.645	5384.85
1448668797	686	734.699	5490.28
1448841597	729	711.018	5276.78
1449014397	650	649.339	4808.7
1449187198	760	807.472	5951.6
1449359998	767	750.589	5573.77
1449532798	731	745.725	5388.14
1449705598	782	828.744	6036.03
1449878398	674	750.686	5373.79
1450051198	802	821.608	5924.82
1450223999	609	607.702	4390.59
1450396799	835	839.448	6154.59
1450569599	816	827.005	6073.74
1450742399	814	795.573	5702.17
1450915199	798	814.963	5868.86
1451087999	753	779.47	5583.19
1451260799	777	808.947	5718.02
