1104623721	134	137.302	1020.44
1104796565	135	136.712	1008.09
1104969409	174	175.377	1294.62
1105142253	186	189.208	1399.25
1105315097	123	144.031	1066.41
1105487941	204	211.01	1557.28
1105660785	172	194.236	1435.15
1105833629	200	197.72	1465.62
1106006473	140	150.667	1119.22
1106179317	214	239.785	1784.01
1106352161	245	253.202	1869.55
1106525005	262	257.973	1915.84
1106697849	219	226.018	1686.65
1106870692	256	250.76	1856.89
1107043536	240	248.266	1845.52
1107216380	203	238.822	1820.84
1107389224	212	240.544	1807.21
1107562068	130	129.72	960.646
1107734912	183	169.326	1249.8
1107907756	169	188.028	1397.99
1108080600	234	235.312	1762.25
1108253444	136	169.435	1258.53
1108426288	227	240.813	1792.72
1108599132	244	251.961	1861.63
1108771976	190	203.546	1514.84
1108944820	221	215.933	1601.9
1109117663	204	194.078	1433.82
1109290507	43	44.1809	328.578
1109463351	122	116.605	852.253
1109636195	166	171.955	1296.1
1109809039	176	181.971	1366.76
1109981883	196	217.008	1614.07
1110154727	68	86.5877	644.315
1110327571	220	206.173	1552.25
1110500415	212	223.175	1614.59
1110673259	256	245.173	1842.17
1110846103	167	187.799	1411.16
1111018947	181	196.283	1438.7
1111191791	184	189.454	1414.45
1111364634	191	225.868	1702.1
1111537478	257	248.735	1855.12
1111710322	205	225.464	1706.05
1111883166	22	27.9316	207.608
1112056010	0	0	0
1112228854	0	0	0
1112401698	0	0	0
1112574542	0	0	0
1112747386	0	0	0
1112920230	137	153.204	1139.03
1113093074	13	14.2836	105.441
1113265918	108	104.908	779.605
1113438762	255	266.192	2006.78
1113611605	235	237.868	1802.43
1113784449	163	179.855	1330.11
1113957293	231	258.456	1946.27
1114130137	38	40.2058	318.961
1114302981	0	0	0
1114475825	0	0	0
1114648669	0	0	0
1114821513	0	0	0
1114994357	4	6.22243	32.1649
1115167201	241	230.895	1714.49
1115340045	254	278.025	2127.79
1115512889	298	286.137	2169.68
1115685733	320	287.454	2149.12
1115858576	229	242.861	1809.46
1116031420	231	260.131	1964.19
1116204264	218	223.017	1672.6
1116377108	269	269.971	2018.22
1116549952	202	223.947	1694.55
1116722796	169	145.456	1098.78
1116895640	189	216.028	1604.15
1117068484	248	254.516	1913.02
1117241328	247	252.256	1873.76
1117414172	241	238.002	1796.72
1117587016	185	191.711	1434.91
1117759860	267	303.776	2277.51
1117932704	223	241.053	1831.23
1118105547	282	294.92	2202.82
1118278391	284	318.491	2400.8
1118451235	171	170.625	1279
1118624079	133	144.167	1087.28
1118796923	296	315.556	2399.59
1118969767	196	224.066	1704.73
1119142611	319	315.947	2394.66
1119315455	257	282.231	2147.64
1119488299	288	319.887	2429.72
1119661143	330	338.329	2564.59
1119833987	77	73.6334	553.78
1120006831	190	225.213	1693.01
1120179675	152	148.071	1113.11
1120352518	0	0	0
1120525362	77	79.4223	619.99
1120698206	124	125.407	962.71
1120871050	0	0	0
1121043894	0	0	0
1121216738	134	126.343	942.2
1121389582	230	247.396	1899.55
1121562426	357	329.563	2512.57
1121735270	345	327.726	2501.99
1121908114	280	275.835	2093.19
1122080958	317	315.387	2433.43
1122253802	109	124.719	955.482
1122426646	261	274.489	2081.11
1122599489	319	332.525	2476.5
1122772333	160	219.957	1628.39
1122945177	98	89.8783	685.24
1123118021	320	327.877	2459.55
1123290865	265	279.696	2137.08
1123463709	281	298.288	2318.6
1123636553	315	320.342	2439.88
1123809397	314	319.572	2393.5
1123982241	296	326.152	2452.31
1124155085	322	327.023	2461.16
1124327929	187	180.408	1364.79
1124500773	321	308.724	2330.01
1124673617	271	320.39	2398.73
1124846460	317	329.675	2456.94
1125019304	307	327.259	2447.05
1125192148	335	330.477	2461.62
1125364992	274	298.904	2259.98
1125537836	297	311.532	2406.78
1125710680	285	313.952	2385.51
1125883524	296	307.487	2340.16
1126056368	220	215.302	1623.28
1126229212	156	159.829	1227.99
1126402056	250	296.446	2257.82
1126574900	309	288.49	2234.33
1126747744	271	294.171	2248.26
1126920588	318	311.07	2392.35
1127093431	207	217.536	1609.18
1127266275	302	292.204	2189.11
1127439119	295	327.005	2438.53
1127611963	323	334.709	2540.4
1127784807	323	333.979	2512.7
1127957651	315	346.388	2598.34
1128130495	324	342.27	2579.77
1128303339	331	336.008	2518.73
1128476183	297	315.856	2396.97
1128649027	323	346.971	2614.73
1128821871	354	341.982	2587.71
1128994715	332	344.287	2557.4
1129167559	332	339.86	2540.37
1129340402	298	339.63	2551.18
1129513246	175	181.826	1368.36
1129686090	319	327.19	2451.61
1129858934	325	337.574	2505.1
1130031778	320	329.944	2475.76
1130204622	329	326.259	2447.24
1130377466	327	334.604	2511.12
1130550310	315	339.451	2570.33
1130723154	319	340.676	2570.11
1130895998	320	342.934	2557.16
1131068842	317	347.88	2602.57
1131241686	348	345.692	2602.07
1131414530	383	344.882	2580.78
1131587373	312	320.383	2386.23
1131760217	366	348.519	2582.71
1131933061	322	341.175	2526.12
1132105905	351	345.642	2566.34
1132278749	291	309.133	2291.69
1132451593	267	276.664	2052.12
1132624437	330	326.81	2407.15
1132797281	347	355.053	2636.47
1132970125	401	354.248	2623.92
1133142969	374	358.216	2639.42
1133315813	360	358.593	2678.53
1133488657	368	372.443	2773.8
1133661501	297	323.717	2390.98
1133834344	395	364.308	2721.78
1134007188	369	375.645	2783.46
1134180032	392	374.283	2799.97
1134352876	312	284.554	2099
1134525720	301	301.653	2225.82
1134698564	377	368.994	2729.77
1134871408	389	384.047	2842.78
1135044252	347	388.217	2882.43
1135217096	412	407.529	3015.01
1135389940	392	392.836	2930.05
1135562784	420	394.316	2915.6
1135735628	349	344.961	2555.23
1135908472	390	389.131	2880.36
1136081315	161	164.695	1208.91
1136254159	228	237.696	1779.36
1136427003	306	316.21	2330.35
1136599847	315	342.7	2515.31
1136772691	187	220.42	1620.58
1136945535	226	239.558	1775.95
1137118379	237	238.328	1773.17
1137291223	201	210.653	1550.94
1137464067	237	240.638	1807.8
1137636911	267	248.776	1833.79
1137809755	259	249.237	1857.74
1137982599	238	239.277	1771.03
1138155443	225	263.401	1963.35
1138328286	400	400.695	2960.9
1138501130	380	396.74	2927.87
1138673974	379	390.674	2884.3
1138846818	366	382.753	2824.88
1139019662	377	374.719	2771.95
1139192506	383	355.081	2572.31
1139365350	359	370.634	2748.5
1139538194	405	378.907	2841.45
1139711038	289	271.318	2028.42
1139883882	316	320.606	2381.76
1140056726	370	357.293	2644.31
1140229570	407	381.604	2818.12
1140402414	373	351.308	2604.32
1140575257	338	350.982	2592.02
1140748101	407	377.095	2833.72
1140920945	368	338.926	2537.74
1141093789	36	29.3976	217.029
1141266633	28	29.6417	220.122
1141439477	313	305.363	2253.28
1141612321	389	397.306	2944.55
1141785165	154	153.73	1140.78
1141958009	295	291.708	2198.25
1142130853	233	241.364	1765.42
1142303697	317	352.012	2612.92
1142476541	355	369.407	2751.18
1142649385	372	363.512	2726.79
1142822228	410	366.027	2724.41
1142995072	354	367.103	2731.7
1143167916	324	364.752	2724.44
1143340760	354	361.066	2724.73
1143513604	364	362.724	2736.74
1143686448	380	374.76	2795.29
1143859292	395	383.766	2873.33
1144032136	383	380.412	2837.91
1144204980	358	368.168	2762.14
1144377824	381	369.696	2772.11
1144550668	372	362.221	2730.14
1144723512	389	368.432	2740.06
1144896356	339	369.768	2754.72
1145069199	347	363.084	2758.82
1145242043	351	356.214	2719.98
1145414887	356	360.851	2663.31
1145587731	374	357.577	2684.15
1145760575	351	352.807	2637.34
1145933419	349	355.894	2668.45
1146106263	322	295.743	2224.63
1146279107	323	320.581	2413.17
1146451951	241	251.947	1935.91
1146624795	372	323.033	2450.19
1146797639	399	381.549	2884.93
1146970483	343	375.802	2872
1147143327	383	370.021	2820.84
1147316170	375	369.638	2808.47
1147489014	427	375.102	2845.16
1147661858	406	377.048	2825.25
1147834702	363	369.973	2780.68
1148007546	392	363.154	2778.32
1148180390	368	357.765	2734.69
1148353234	325	359.426	2737.3
1148526078	385	367.609	2754.63
1148698922	340	363.691	2739.85
1148871766	349	358.367	2706.28
1149044610	339	339.842	2569.33
1149217454	346	327.524	2470.29
1149390298	287	274.923	2081.5
1149563141	366	349.385	2612.92
1149735985	336	367.036	2725.34
1149908829	329	363.408	2774.76
1150081673	335	309.629	2333.73
1150254517	358	358.605	2703.09
1150427361	293	309.088	2344.77
1150600205	407	365.175	2751.76
1150773049	323	328.794	2458.07
1150945893	382	372.078	2829.14
1151118737	358	371.326	2809.59
1151291581	335	325.806	2476.34
1151464425	353	347.551	2645.52
1151637269	359	356.802	2700.65
1151810112	345	346.583	2625.12
1151982956	343	354.303	2690.65
1152155800	365	329.037	2477.48
1152328644	332	357.858	2676.56
1152501488	370	355.5	2655.07
1152674332	312	303.352	2252.06
1152847176	332	339.491	2599.57
1153020020	321	321.659	2443.18
1153192864	343	338.508	2547.08
1153365708	337	339.544	2545.6
1153538552	349	348.024	2552.87
1153711396	309	337.306	2540.1
1153884240	323	342.141	2544.66
1154057083	323	349.948	2665.63
1154229927	319	350.714	2708.37
1154402771	382	354.135	2709
1154575615	350	347.282	2631.49
1154748459	370	362.957	2737.5
1154921303	343	360.458	2702.82
1155094147	347	360.836	2707.6
1155266991	357	370.167	2763.64
1155439835	376	359.485	2685.3
1155612679	329	348.207	2639.63
1155785523	341	355.554	2726.96
1155958367	354	368.597	2798.05
1156131211	365	369.609	2821.3
1156304054	190	186.621	1405.72
1156476898	420	391.719	2927.72
1156649742	393	393.124	2981.07
1156822586	370	383.486	2913.03
1156995430	402	394.276	2950.22
1157168274	335	365.107	2800.99
1157341118	210	228.984	1758.53
1157513962	390	390.719	2940.5
1157686806	429	395.667	2999.7
1157859650	412	415.31	3073.43
1158032494	398	404.72	3061.87
1158205338	414	401.438	3032.16
1158378182	426	401.536	3043.05
1158551025	438	395.002	2974.57
1158723869	411	376.387	2832.36
1158896713	410	404.488	3020.22
1159069557	379	399.291	3019.72
1159242401	385	405.537	3017.97
1159415245	412	398.248	3024.96
1159588089	426	397.96	2974.29
1159760933	441	405.601	3034.96
1159933777	398	384.446	2872.09
1160106621	413	396.355	2984.31
1160279465	419	390.672	2925.9
1160452309	377	375.268	2807.47
1160625153	362	357.136	2659.27
1160797996	379	380.955	2841.99
1160970840	382	387.827	2913.31
1161143684	268	258.327	1941.2
1161316528	260	254.081	1909.08
1161489372	364	370.402	2761.16
1161662216	389	376.467	2783.78
1161835060	388	376.523	2833.69
1162007904	398	383.472	2855.3
1162180748	423	376.213	2811.87
1162353592	415	365.783	2747.54
1162526436	365	372.278	2787.7
1162699280	379	382.117	2830.22
1162872124	363	378	2847.63
1163044967	415	383.178	2885.84
1163217811	377	363.603	2705.96
1163390655	389	384.71	2835.86
1163563499	391	384.428	2830.38
1163736343	360	375.258	2813.21
1163909187	306	334.787	2522.27
1164082031	413	370.263	2748.46
1164254875	388	374.463	2767.6
1164427719	356	373.604	2769.91
1164600563	388	364.301	2727.31
1164773407	398	383.928	2855.65
1164946251	357	387.2	2847.44
1165119095	351	337.133	2514.85
1165291938	391	337.457	2501.56
1165464782	350	334.398	2475.14
1165637626	355	352.499	2619.24
1165810470	339	350.844	2607.81
1165983314	375	365.451	2709.36
1166156158	418	407.863	3013.76
1166329002	397	417.83	3076.49
1166501846	411	421.303	3096.69
1166674690	463	446.298	3290.88
1166847534	468	479.769	3522.28
1167020378	471	476.607	3525.08
1167193222	476	479.417	3521.17
1167366066	416	440.24	3207.96
1167538909	21	18.1735	133.812
1167711753	0	0	0
1167884597	0	0	0
1168057441	0	0	0
1168230285	0	0	0
1168403129	117	130.744	934.675
1168575973	419	437.338	3244.09
1168748817	453	434.628	3231.75
1168921661	395	366.307	2716.29
1169094505	336	332.178	2450.65
1169267349	384	368.086	2724.73
1169440193	480	458.936	3384.18
1169613037	395	428.011	3159.44
1169785880	449	455.756	3373.78
1169958724	468	447.843	3329.66
1170131568	477	448.441	3342.02
1170304412	447	436.541	3244.39
1170477256	483	463.159	3420.06
1170650100	469	464.791	3434.79
1170822944	471	473.157	3518.85
1170995788	478	474.323	3547.22
1171168632	441	443.505	3325.45
1171341476	459	450.24	3323.79
1171514320	421	438.162	3220.94
1171687164	484	436.759	3270.77
1171860008	475	432.259	3231.53
1172032851	444	436.167	3271.05
1172205695	450	445.767	3313.8
1172378539	484	453.509	3343.8
1172551383	494	448.775	3321.38
1172724227	478	462.365	3426.68
1172897071	393	365.745	2748.57
1173069915	504	472.164	3512.55
1173242759	480	482.027	3581.89
1173415603	468	469.594	3491.31
1173588447	528	480.877	3580.26
1173761291	460	479.528	3560.97
1173934135	419	482.434	3602.35
1174106979	430	466.478	3499.61
1174279822	440	441.049	3287.06
1174452666	455	438.065	3255.42
1174625510	429	422.361	3159.84
1174798354	485	444.67	3311.68
1174971198	453	435.505	3263.6
1175144042	452	450.076	3374.57
1175316886	361	395.14	2990.84
1175489730	467	439.205	3284.42
1175662574	475	441.661	3320.62
1175835418	458	441.413	3321.23
1176008262	474	446.726	3361.93
1176181106	469	452.502	3380.48
1176353950	488	464.232	3485.77
1176526793	481	473.775	3512.65
1176699637	471	467.153	3473.53
1176872481	506	486.351	3601.69
1177045325	475	489.338	3682.7
1177218169	508	490.692	3695.42
1177391013	497	475.024	3576.83
1177563857	467	483.891	3673.24
1177736701	522	493.769	3739.99
1177909545	530	497.796	3722.73
1178082389	490	496.057	3730.46
1178255233	558	502.09	3749.77
1178428077	514	494.419	3738.31
1178600920	456	475.813	3656.11
1178773764	522	492.791	3754.27
1178946608	530	499.352	3812.7
1179119452	544	502.528	3810.14
1179292296	496	505.316	3819.49
1179465140	558	530.299	4031.97
1179637984	552	545.681	4105.24
1179810828	601	580.099	4419.36
1179983672	639	589.146	4501.71
1180156516	656	595.495	4510.8
1180329360	581	578.414	4458.1
1180502204	605	578.671	4419.23
1180675048	173	167.342	1266.75
1180847891	470	459.612	3473.43
1181020735	363	339.749	2607.33
1181193579	646	589.842	4474.31
1181366423	614	591.049	4445.15
1181539267	583	582.158	4372.51
1181712111	508	574.451	4305.78
1181884955	523	509.805	3914.24
1182057799	594	585.631	4446.23
1182230643	621	573.765	4323.65
1182403487	602	603.281	4445.99
1182576331	637	614.477	4633.14
1182749175	648	602.619	4609.16
1182922019	619	609.068	4646.31
1183094862	698	624.423	4762.31
1183267706	677	627.601	4781.33
1183440550	679	634.749	4794.28
1183613394	670	628.591	4681.97
1183786238	632	607.38	4577.41
1183959082	618	607.424	4732.55
1184131926	637	595.928	4598.12
1184304770	613	616.57	4658.8
1184477614	587	615.715	4679.77
1184650458	635	610.905	4639.09
1184823302	567	553.339	4100.37
1184996146	684	624.169	4701.88
1185168990	564	600.657	4533.75
1185341833	573	579.144	4397.11
1185514677	619	607.01	4648.98
1185687521	638	611.99	4694.16
1185860365	661	622.836	4717.94
1186033209	501	525.454	4076.34
1186206053	612	578.258	4459.29
1186378897	518	546.661	4145.82
1186551741	618	621.278	4659.42
1186724585	594	617.289	4735.42
1186897429	640	621.953	4675.13
1187070273	627	605.399	4509.93
1187243117	331	335.657	2589.04
1187415961	472	495.796	3827.1
1187588804	549	536.473	4157.69
1187761648	648	606.188	4606.45
1187934492	614	617.304	4692.28
1188107336	618	604.686	4640.27
1188280180	642	600.124	4581.4
1188453024	630	599.11	4605.04
1188625868	654	613.107	4644.15
1188798712	636	617.428	4601.65
1188971556	616	612.085	4606.31
1189144400	684	629.603	4717.26
1189317244	659	639.12	4741.64
1189490088	613	585.736	4418.56
1189662932	642	626.302	4712.19
1189835775	614	617.539	4725.12
1190008619	624	602.587	4564.47
1190181463	637	630.827	4747.7
1190354307	585	633.177	4789.59
1190527151	599	574.438	4385.52
1190699995	527	528.832	4035.06
1190872839	596	547.291	4129.01
1191045683	652	657.055	4936.2
1191218527	679	653.774	4861.42
1191391371	658	650.235	4856.01
1191564215	664	647.56	4829.6
1191737059	654	640.978	4837.58
1191909903	652	646.306	4819.52
1192082746	615	638.308	4827.03
1192255590	622	636.428	4781.9
1192428434	410	416.478	3148.95
1192601278	502	476.489	3571.26
1192774122	683	635.461	4748.75
1192946966	11	22.1419	157.062
1193119810	0	0	0
1193292654	0	0	0
1193465498	0	0	0
1193638342	0	0	0
1193811186	0	0	0
1193984030	0	0	0
1194156874	0	0	0
1194329717	0	0	0
1194502561	0	0	0
1194675405	0	0	0
1194848249	0	0	0
1195021093	172	160.62	1244.84
1195193937	15	22.6936	146.696
1195366781	0	0	0
1195539625	0	0	0
1195712469	550	541.293	4055.05
1195885313	153	161.107	1182.62
1196058157	231	212.964	1602.77
1196231001	540	553.457	4101.78
1196403845	630	655.573	4845.43
1196576688	621	579.126	4315.18
1196749532	593	591.915	4325.65
1196922376	458	455.807	3457.4
1197095220	3	3.13916	27.343
1197268064	544	556.695	4068.06
1197440908	658	637.021	4714.52
1197613752	640	645.235	4791.42
1197786596	658	639.867	4776.76
1197959440	633	639.757	4751.22
1198132284	665	639.94	4721.6
1198305128	257	242.533	1797.11
1198477972	614	603.948	4548.31
1198650816	369	383.517	2838.12
1198823659	322	298.584	2212.13
1198996503	302	255.745	1908.22
1199169347	0	0	0
1199342191	486	458.951	3409.37
1199515035	517	507.28	3727.73
1199687879	602	602.61	4437.66
1199860723	658	609.602	4480.55
1200033567	661	594.335	4431.92
1200206411	618	605.307	4452.75
1200379255	629	612.841	4527.43
1200552099	648	630.654	4656.94
1200724943	674	651.97	4843.01
1200897787	623	647.477	4796.66
1201070630	551	544.314	4072.8
1201243474	622	608.176	4534.33
1201416318	514	455.889	3415.04
1201589162	530	546.852	4099.77
1201762006	570	578.657	4303.86
1201934850	564	518.082	3876.86
1202107694	517	507.629	3750.38
1202280538	462	449.432	3351.06
1202453382	448	401.821	2989.19
1202626226	556	543.081	4068.15
1202799070	595	553.467	4116.93
1202971914	596	598.34	4417.47
1203144758	590	602.117	4458.18
1203317601	576	542.475	4030.99
1203490445	552	572.435	4263.68
1203663289	538	572.473	4266.04
1203836133	622	582.105	4360.69
1204008977	530	552.132	4123.65
1204181821	584	530.573	3944.67
1204354665	595	584.311	4336.03
1204527509	534	534.711	3998.05
1204700353	635	574.209	4287.67
1204873197	537	529.248	3962.06
1205046041	564	570.068	4273.56
1205218885	581	569.014	4274.46
1205391729	619	588.118	4416.95
1205564572	503	491.671	3655.94
1205737416	575	563.562	4219.71
1205910260	646	591.045	4393.4
1206083104	558	583.108	4359.06
1206255948	586	577.361	4340.22
1206428792	614	578.499	4304.77
1206601636	585	585.027	4382.2
1206774480	587	581.467	4378.36
1206947324	642	593.503	4437.74
1207120168	630	596.747	4493.39
1207293012	605	607.976	4562.41
1207465856	663	617.844	4576.11
1207638700	514	525.474	3925.59
1207811543	646	614.472	4545.61
1207984387	592	620.418	4634.11
1208157231	516	540.86	4112.82
1208330075	661	620.707	4665.37
1208502919	628	619.515	4660.84
1208675763	674	653.893	4890.87
1208848607	665	646.767	4839.92
1209021451	696	649.52	4855.74
1209194295	642	641.217	4780.11
1209367139	623	628.875	4718.87
1209539983	631	613.265	4670.33
1209712827	572	567.624	4299.62
1209885671	524	525.963	4022.03
1210058514	608	608.773	4588.19
1210231358	653	607.693	4612.22
1210404202	614	609.099	4620.62
1210577046	354	368.854	2772.86
1210749890	587	566.074	4306.07
1210922734	743	647.673	4870.15
1211095578	635	671.052	4864.97
1211268422	660	651.845	4837.26
1211441266	668	647.23	4806.95
1211614110	590	638.009	4838.67
1211786954	640	632.906	4742.62
1211959798	556	548.042	4182.81
1212132642	581	598.685	4617.16
1212305485	585	609.503	4657.2
1212478329	642	625.277	4723.09
1212651173	633	611.835	4610.55
1212824017	659	614.777	4652.91
1212996861	606	622.4	4744.28
1213169705	657	636.682	4800.88
1213342549	627	639.186	4837.72
1213515393	437	453.21	3478.89
1213688237	571	568.948	4257.49
1213861081	626	664.656	5025.38
1214033925	650	624.018	4780.62
1214206769	635	616.646	4712.33
1214379613	694	663.383	5040.13
1214552456	740	700.043	5310.86
1214725300	761	707.514	5341.27
1214898144	688	673.465	5090.2
1215070988	777	716.308	5435.57
1215243832	742	749.11	5564.2
1215416676	754	730.906	5529.89
1215589520	772	741.237	5592.45
1215762364	637	639.614	4869.49
1215935208	736	670.303	5034
1216108052	737	739.112	5533.33
1216280896	757	756.858	5657.71
1216453740	677	654.686	4979.7
1216626584	797	742.741	5632.93
1216799427	672	665.795	5050.1
1216972271	770	724.602	5502.85
1217145115	600	558.528	4260.27
1217317959	592	565.284	4280.66
1217490803	363	374.875	2818.61
1217663647	758	772.707	5818.93
1217836491	806	761.924	5715.7
1218009335	683	720.617	5380.31
1218182179	750	739.313	5628.73
1218355023	700	704.508	5267.53
1218527867	758	751.661	5674.36
1218700711	820	770.91	5832.14
1218873555	790	772.249	5768.91
1219046398	725	713.807	5415.15
1219219242	800	764.819	5818.07
1219392086	702	723.161	5519.81
1219564930	618	603.095	4529.09
1219737774	814	791.987	5891.52
1219910618	754	729.116	5512.56
1220083462	848	790.029	5919.52
1220256306	813	776.786	5751.98
1220429150	679	750.909	5684.97
1220601994	771	767.921	5882.16
1220774838	791	759.161	5754.76
1220947682	735	705.829	5326.82
1221120526	748	747.086	5695.55
1221293369	827	756.877	5766.21
1221466213	815	760.953	5766.23
1221639057	762	759.444	5709.14
1221811901	708	731.682	5607.32
1221984745	786	748.293	5683.36
1222157589	796	764.896	5739.17
1222330433	806	771.26	5793.89
1222503277	747	785.038	5860.53
1222676121	773	780.865	5899.37
1222848965	802	791.998	5929.49
1223021809	813	786.109	5901.74
1223194653	298	297.192	2257.48
1223367497	778	764.328	5802.9
1223540340	777	782.081	5854.63
1223713184	781	759.638	5635.11
1223886028	759	772.17	5811.06
1224058872	820	744.812	5641.07
1224231716	731	769.187	5805.28
1224404560	767	777.27	5789.51
1224577404	784	778.025	5808.6
1224750248	835	767.819	5756.53
1224923092	731	775.295	5787.38
1225095936	784	769.769	5754.42
1225268780	755	767.116	5779.09
1225441624	874	801.002	5863.28
1225614468	799	781.32	5826.48
1225787311	797	783.143	5826.64
1225960155	808	794.224	5888.51
1226132999	226	194.335	1503.09
1226305843	356	408.46	3023.27
1226478687	672	695.427	5150.7
1226651531	758	781.432	5776.98
1226824375	672	675.045	5077.91
1226997219	640	611.705	4577.4
1227170063	786	771.884	5728.18
1227342907	819	779.339	5751.82
1227515751	800	779.172	5777.34
1227688595	727	724.168	5364.24
1227861439	779	766.599	5674.51
1228034282	688	645.65	4857.51
1228207126	778	742.565	5592.73
1228379970	789	761.422	5675.5
1228552814	450	426.95	3241.45
1228725658	459	427.149	3131.69
1228898502	664	635.426	4754.1
1229071346	759	753.806	5614.7
1229244190	715	732.661	5446.76
1229417034	755	727.019	5358.8
1229589878	725	733.596	5453.71
1229762722	732	754.927	5564.17
1229935566	741	722.04	5391.25
1230108410	805	727.187	5391.79
1230281253	766	726.769	5389.9
1230454097	578	578.134	4288.38
1230626941	671	624.915	4632.54
1230799785	108	116.828	896.64
1230972629	594	562.24	4184.84
1231145473	717	690.04	5096.69
1231318317	679	669.932	4974.68
1231491161	778	710.417	5298.21
1231664005	592	601.087	4478.65
1231836849	668	641.021	4737.34
1232009693	779	696.017	5165.79
1232182537	561	558.471	4134.07
1232355381	754	691.332	5168.78
1232528224	712	696.516	5176.95
1232701068	711	680.004	5031.3
1232873912	701	692.747	5147.15
1233046756	693	690.199	5146.12
1233219600	698	697.006	5163.56
1233392444	707	687.173	5104.85
1233565288	660	654.693	4835.38
1233738132	730	709.43	5254.87
1233910976	712	708.84	5266.41
1234083820	696	704.719	5241.61
1234256664	694	723.062	5340.52
1234429508	750	738.059	5477.77
1234602352	752	697.53	5163.52
1234775195	761	727.463	5364.05
1234948039	692	654.149	4813.77
1235120883	604	607.648	4513.07
1235293727	745	702.285	5256.47
1235466571	691	671.301	5015.01
1235639415	711	716.873	5325.82
1235812259	687	687.25	5100.88
1235985103	710	710.739	5264.52
1236157947	768	716.622	5350.12
1236330791	768	734.021	5457.29
1236503635	751	741.511	5558.26
1236676479	729	743.067	5551.59
1236849323	731	718.108	5330.83
1237022166	754	734.849	5469.51
1237195010	770	747.293	5574.71
1237367854	789	754.167	5655.7
1237540698	552	591.286	4371.53
1237713542	659	620.472	4637.88
1237886386	789	739.221	5515.87
1238059230	736	720.361	5351.89
1238232074	784	756.312	5587.57
1238404918	726	753.047	5589.84
1238577762	678	712.433	5355.88
1238750606	757	735.084	5442.49
1238923450	732	731.747	5463.96
1239096294	715	749.202	5629.77
1239269137	749	740.607	5581.41
1239441981	773	738.333	5509.86
1239614825	736	737.508	5524.07
1239787669	777	749.182	5507.61
1239960513	227	209.485	1620.93
1240133357	0	0	0
1240306201	0	0	0
1240479045	0	0	0
1240651889	0	0	0
1240824733	0	0	0
1240997577	0	0	0
1241170421	0	0	0
1241343265	0	0	0
1241516108	0	0	0
1241688952	0	0	0
1241861796	0	0	0
1242034640	0	0	0
1242207484	0	0	0
1242380328	0	0	0
1242553172	0	0	0
1242726016	0	0	0
1242898860	0	0	0
1243071704	0	0	0
1243244548	0	0	0
1243417392	0	0	0
1243590236	0	0	0
1243763079	0	0	0
1243935923	0	0	0
1244108767	0	0	0
1244281611	0	0	0
1244454455	393	382.204	2890.62
1244627299	588	583.453	4460.78
1244800143	613	595.562	4542.91
1244972987	509	559.652	4173.9
1245145831	590	600.873	4544.6
1245318675	602	591.436	4383.83
1245491519	545	587.46	4419.39
1245664363	591	567.688	4327.91
1245837207	467	469.098	3603.25
1246010050	580	563.307	4305.27
1246182894	538	582.014	4365.31
1246355738	542	560.176	4230.95
1246528582	570	587.22	4439.59
1246701426	549	572.579	4280.02
1246874270	551	602.459	4519.5
1247047114	547	587.783	4501.03
1247219958	594	588.396	4465.56
1247392802	624	595.821	4498.05
1247565646	589	577.931	4439.27
1247738490	604	580.146	4407.93
1247911334	540	573.163	4369.59
1248084178	506	554.031	4164.75
1248257021	525	561.561	4254.18
1248429865	601	550.4	4223.34
1248602709	497	511.241	3899.61
1248775553	408	409.723	3128.75
1248948397	630	599.454	4571.1
1249121241	623	627.399	4781.71
1249294085	618	639.7	4791.75
1249466929	584	637.731	4807.28
1249639773	652	639.227	4890
1249812617	622	647.857	4961.63
1249985461	709	670.827	5023.96
1250158305	404	492.772	3666.52
1250331149	388	440.855	3288.47
1250503992	450	541.256	4101.34
1250676836	516	584.444	4416.09
1250849680	616	626.135	4717.46
1251022524	644	636.811	4781.41
1251195368	350	324.617	2433.93
1251368212	639	657.447	4927.07
1251541056	633	684.586	5062.34
1251713900	601	642.66	4815.46
1251886744	595	590.134	4471.86
1252059588	687	695.371	5266.58
1252232432	632	697.45	5214.91
1252405276	663	692.503	5272.23
1252578120	651	721.097	5530.49
1252750963	724	726.132	5506.48
1252923807	747	753.125	5628.63
1253096651	734	707.522	5366.21
1253269495	752	771.684	5827.49
1253442339	814	769.429	5800.6
1253615183	699	768.005	5817.87
1253788027	730	770.446	5797.93
1253960871	747	780.96	5872.42
1254133715	300	311.61	2294.48
1254306559	749	761.294	5807.53
1254479403	728	777.417	5829.18
1254652247	728	786.926	5855.2
1254825091	735	775.819	5862.54
1254997934	756	795.771	5999.52
1255170778	805	816.738	6043.75
1255343622	484	523.804	3910.31
1255516466	753	801.147	6012.61
1255689310	778	793.092	5956.07
1255862154	770	797.398	5972.71
1256034998	768	793.337	5934.81
1256207842	784	807.417	5976.5
1256380686	786	805.741	6005.62
1256553530	733	800.408	5979.66
1256726374	777	787.364	5850.08
1256899218	757	812.486	5990.37
1257072062	763	807.01	5958.59
1257244905	744	802.291	5982.92
1257417749	770	814.106	6055.4
1257590593	729	803.56	6014.94
1257763437	787	802.043	5989.88
1257936281	700	729.025	5432.61
1258109125	781	718.298	5331.74
1258281969	778	714.63	5325.73
1258454813	734	757.718	5596.05
1258627657	759	729.065	5414.06
1258800501	721	741	5483.6
1258973345	745	747.644	5499.98
1259146189	748	751.461	5555.76
1259319033	773	751.217	5572.53
1259491876	756	743.274	5486.81
1259664720	783	733.312	5416.2
1259837564	436	474.317	3538.12
1260010408	700	719.214	5325.18
1260183252	684	683.651	5133.54
1260356096	647	629.149	4695.75
1260528940	666	666.279	4980.32
1260701784	738	702.672	5208.08
1260874628	691	709.878	5269.2
1261047472	733	713.429	5263.04
1261220316	737	699.484	5193.12
1261393160	680	607.553	4521.57
1261566004	691	685.325	5054.18
1261738847	645	683.725	5057.89
1261911691	706	693.87	5105.75
1262084535	568	576.743	4262.39
1262257379	675	659.721	4887.54
1262430223	699	668.988	4955.46
1262603067	727	674.141	4955.23
1262775911	665	711.149	5281.89
1262948755	744	720.524	5331.49
1263121599	714	703.557	5197.63
1263294443	712	717.021	5319.72
1263467287	747	704.263	5254.49
1263640131	707	714.994	5274.67
1263812975	663	664.421	4916.85
1263985818	603	611.333	4527.9
1264158662	681	677.059	5016.31
1264331506	666	661.829	4899.78
1264504350	624	644.433	4773.13
1264677194	568	592.602	4334.34
1264850038	670	654.977	4859.94
1265022882	734	670.638	4931.26
1265195726	682	645.348	4718.79
1265368570	668	648.295	4777.23
1265541414	613	604.035	4448.05
1265714258	689	657.108	4836.55
1265887102	709	672.633	4972.24
1266059946	635	622.351	4599.81
1266232789	633	610.326	4534.54
1266405633	701	662.427	4889.6
1266578477	661	671.598	4961.35
1266751321	629	645.908	4788.06
1266924165	663	654.447	4857.71
1267097009	596	610.825	4588.06
1267269853	637	634.457	4754.21
1267442697	667	641.502	4773.35
1267615541	640	639.424	4757.84
1267788385	646	641.319	4775.93
1267961229	681	642.753	4738.76
1268134073	593	631.639	4713.56
1268306917	664	596.694	4437.03
1268479760	571	571.961	4146.05
1268652604	497	480.867	3585.36
1268825448	555	560.065	4150.3
1268998292	637	628.415	4676.63
1269171136	632	637.369	4721.27
1269343980	664	649.394	4829.3
1269516824	681	628.676	4737.62
1269689668	555	519.086	3846.51
1269862512	406	411.018	3056.47
1270035356	463	441.714	3274.01
1270208200	459	447.502	3367.29
1270381044	421	425.129	3251.11
1270553888	445	430.1	3240.94
1270726731	425	422.598	3181.63
1270899575	539	527.593	3934
1271072419	555	553.824	4156.2
1271245263	559	536.341	4085.32
1271418107	563	513.131	3835.67
1271590951	592	513.091	3843.4
1271763795	566	529.014	3964.74
1271936639	471	511.201	3909.25
1272109483	559	525.144	3947.95
1272282327	574	562.244	4244.76
1272455171	549	536.269	4063.46
1272628015	547	542.591	4105.7
1272800859	628	558.509	4188.4
1272973702	582	539.859	4046.29
1273146546	542	532.858	4020.16
1273319390	596	580.767	4448.45
1273492234	575	596.287	4553.67
1273665078	647	614.519	4631.41
1273837922	579	590.631	4414.71
1274010766	506	513.58	3927.81
1274183610	613	604.246	4564.83
1274356454	638	610.127	4635.81
1274529298	559	545.712	4104.16
1274702142	616	579.893	4395.71
1274874986	433	432.635	3286.63
1275047830	493	515.208	3900.38
1275220673	565	550.331	4209.05
1275393517	611	597.815	4554.09
1275566361	657	605.765	4604.37
1275739205	655	611.799	4664.77
1275912049	615	609.363	4641.67
1276084893	534	510.941	3898.82
1276257737	448	410.805	3101.58
1276430581	601	580.855	4370.81
1276603425	625	312.128	2347.89
1276776269	603	618.541	4651.84
1276949113	602	595.418	4476.12
1277121957	590	612.204	4617.85
1277294801	614	630.731	4671.83
1277467644	571	602.372	4584.3
1277640488	655	606.547	4648.68
1277813332	622	589.809	4465.55
1277986176	606	570.608	4270.79
1278159020	678	630.079	4743.25
1278331864	670	647.404	4861.19
1278504708	641	630.262	4746.49
1278677552	662	631.29	4787.48
1278850396	566	589.634	4435.34
1279023240	597	570.438	4382.38
1279196084	490	513.854	4008.19
1279368928	504	513.94	4032.65
1279541772	584	599.858	4599.33
1279714615	583	607.904	4629.3
1279887459	677	628.647	4777.36
1280060303	546	597.189	4574.41
1280233147	599	623.773	4733.09
1280405991	710	666.179	5037.1
1280578835	642	683.216	5192.75
1280751679	564	610.667	4736.46
1280924523	495	499.81	3880.61
1281097367	592	550.181	4200.61
1281270211	511	534.243	4085.57
1281443055	683	674.05	5139.25
1281615899	671	660.3	5008.05
1281788743	621	659.377	5087.05
1281961586	698	695.665	5221.39
1282134430	678	700.61	5276.33
1282307274	701	702.567	5304.72
1282480118	671	708.026	5299.62
1282652962	732	714.3	5392.52
1282825806	740	753.703	5535.14
1282998650	749	742.718	5552.37
1283171494	704	726.781	5491.12
1283344338	683	707.826	5429.89
1283517182	672	695.704	5325.96
1283690026	745	731.866	5557.38
1283862870	731	734.4	5553.98
1284035714	756	751.296	5636.25
1284208557	786	752.009	5660.57
1284381401	730	731.214	5535.24
1284554245	717	731.22	5514.37
1284727089	720	738.556	5602.76
1284899933	762	731.126	5478.71
1285072777	716	740.47	5549.5
1285245621	774	736.712	5551.36
1285418465	681	720.193	5369.57
1285591309	633	663.982	4956.31
1285764153	730	713.647	5355.88
1285936997	704	729.855	5542.89
1286109841	754	732.484	5495.37
1286282685	764	737.756	5519.53
1286455528	722	755.985	5707.65
1286628372	740	775.038	5870.2
1286801216	833	786.042	5878.19
1286974060	744	785.4	5845.47
1287146904	757	802.183	6050.62
1287319748	832	814.005	6147.8
1287492592	779	806.761	6016.79
1287665436	912	842.568	6292.47
1287838280	855	863.558	6454.03
1288011124	861	861.74	6459.99
1288183968	838	869.991	6437.18
1288356812	711	741.379	5522.36
1288529656	788	781.767	5865.05
1288702499	805	856.726	6368.05
1288875343	844	866.735	6466.13
1289048187	843	880.733	6499.93
1289221031	706	747.312	5605.98
1289393875	794	838.632	6310.53
1289566719	838	855.184	6380.65
1289739563	812	834.986	6268.5
1289912407	817	837.346	6272.3
1290085251	848	847.33	6265.03
1290258095	716	758.642	5624.85
1290430939	880	830.567	6209.5
1290603783	833	848.517	6283.94
1290776627	595	660.056	4900.36
1290949470	841	843.701	6292.97
1291122314	819	835.322	6194.53
1291295158	778	836.998	6182.03
1291468002	855	841.2	6264.08
1291640846	839	819.507	6070.02
1291813690	830	836.592	6189.28
1291986534	831	834.962	6143.88
1292159378	792	823.708	6185.03
1292332222	838	833.247	6151.48
1292505066	805	822.261	6059.99
1292677910	830	824.251	6116.15
1292850754	847	832.515	6183.53
1293023598	911	862.227	6356.53
1293196441	919	866.573	6412.85
1293369285	884	867.99	6400.37
1293542129	891	846.908	6295.43
1293714973	784	765.268	5694.55
1293887817	750	780.83	5800.84
1294060661	789	772.274	5704.67
1294233505	791	792.419	5953.66
1294406349	829	806.155	5981.31
1294579193	777	828.846	6191.04
1294752037	709	746.636	5495.36
1294924881	901	833.691	6144.37
1295097725	820	850.355	6261.63
1295270569	760	796.606	5900.09
1295443412	889	833.464	6153.68
1295616256	808	839.871	6222.28
1295789100	927	855.078	6321.92
1295961944	848	830.541	6138.62
1296134788	728	696.568	5154.53
1296307632	890	815.138	6053.75
1296480476	871	878.683	6533.15
1296653320	849	868.916	6412.33
1296826164	930	857.708	6346.24
1296999008	822	850.453	6331.06
1297171852	873	850.67	6240.77
1297344696	764	772.813	5779.8
1297517540	873	831.828	6189.83
1297690383	752	783.568	5835.72
1297863227	806	798.27	5912.09
1298036071	818	799.86	6021.38
1298208915	800	786.766	5900.11
1298381759	800	779.645	5775.32
1298554603	664	616.866	4648.71
1298727447	795	788.072	5873.11
1298900291	856	811.16	6033.93
1299073135	693	708.048	5241.6
1299245979	828	818.466	6113.99
1299418823	728	769.54	5727.97
1299591667	750	766.82	5695.49
1299764511	767	732.661	5436.35
1299937354	685	720.224	5376.57
1300110198	657	661.454	4952.88
1300283042	643	638.871	4767.12
1300455886	758	759.959	5708.15
1300628730	680	654.037	4880.32
1300801574	744	768.214	5697.65
1300974418	724	734.042	5503.67
1301147262	785	805.431	6024.45
1301320106	798	785.234	5914.67
1301492950	822	808.355	6031.2
1301665794	777	804.689	6047.47
1301838638	839	805.662	6025.27
1302011482	775	782.955	5868.43
1302184325	759	763.514	5727.07
1302357169	825	160.857	1246.91
1302530013	742	618.685	4574.65
1302702857	729	702.935	5217.01
1302875701	743	711.598	5371.39
1303048545	815	783.089	5900.36
1303221389	802	779.819	5864.14
1303394233	771	791.569	5864.35
1303567077	645	670.628	5054.58
1303739921	713	656.497	4952.2
1303912765	657	674.866	5073.59
1304085609	676	689.606	5269.44
1304258453	735	758.957	5803.62
1304431296	789	772.105	5845.71
1304604140	779	740.738	5576.49
1304776984	662	648.148	4881.89
1304949828	583	549.349	4128.31
1305122672	808	744.672	5620.59
1305295516	760	722.572	5473.66
1305468360	702	655.986	4965.07
1305641204	731	740.459	5570.96
1305814048	741	761.528	5675.47
1305986892	746	758.35	5714.8
1306159736	755	745.173	5653.93
1306332580	735	743.75	5658.34
1306505424	784	760.776	5791.3
1306678267	774	777.659	5908.4
1306851111	765	766.21	5830.57
1307023955	798	790.448	5994.92
1307196799	773	784.042	5971.07
1307369643	761	783.437	5892.59
1307542487	757	787.003	5891.12
1307715331	739	721.461	5411.07
1307888175	774	780.582	5900.65
1308061019	839	787.789	5963.34
1308233863	752	786.279	5925.9
1308406707	627	632.061	4742.76
1308579551	462	523.801	3964.85
1308752395	666	637.031	4880
1308925238	727	148.398	1096.06
1309098082	740	596.858	4644.78
1309270926	833	777.312	5852.23
1309443770	733	764.712	5800.47
1309616614	436	469.146	3590.87
1309789458	783	743.225	5739.74
1309962302	797	768.257	5866.2
1310135146	785	770.52	5826.3
1310307990	818	801.381	5994.24
1310480834	634	672.394	5069.62
1310653678	788	807.328	5990.34
1310826522	768	794.245	6018.31
1310999366	694	725.137	5553.5
1311172209	783	763.012	5822.89
1311345053	846	789.285	5995.77
1311517897	790	794.515	5958.92
1311690741	804	801.504	5957.49
1311863585	838	813.158	6089.1
1312036429	669	675.194	5188.42
1312209273	714	696.964	5331.78
1312382117	781	787.848	6014.18
1312554961	789	790.316	5931.05
1312727805	775	764.859	5781.97
1312900649	720	798.312	5988.88
1313073493	801	798.38	5947.8
1313246337	761	800.864	6060.45
1313419180	771	809.137	6072.73
1313592024	793	805.834	6066.05
1313764868	718	739.067	5690.48
1313937712	655	699.281	5393.66
1314110556	794	795.826	6007.37
1314283400	782	797.06	6046.57
1314456244	807	819.884	6135.23
1314629088	794	810.122	6125.28
1314801932	771	809.077	6169.05
1314974776	837	849.721	6330.65
1315147620	655	714.964	5407.22
1315320464	767	812.698	6158.17
1315493308	837	834.104	6286.3
1315666151	838	843.383	6349.43
1315838995	774	837.296	6312.11
1316011839	832	835.517	6280.81
1316184683	777	830.322	6207.11
1316357527	856	797.4	6080.96
1316530371	736	761.118	5731.53
1316703215	810	792.51	5991.11
1316876059	835	778.761	5857.01
1317048903	740	759.076	5723.38
1317221747	746	784.95	5829.26
1317394591	566	587.421	4381.63
1317567435	780	777.762	5867.81
1317740279	740	759.704	5672.8
1317913122	815	853.546	6369.08
1318085966	718	772.832	5820.28
1318258810	806	848.031	6337.05
1318431654	618	681.264	5072.88
1318604498	865	874.334	6577.08
1318777342	855	873.459	6551.2
1318950186	823	823.684	6208.53
1319123030	864	821.943	6122.9
1319295874	809	596.137	4470.78
1319468718	856	272.441	2051.11
1319641562	849	866.674	6514.34
1319814406	831	883.279	6579.99
1319987250	831	863.183	6482.77
1320160093	891	886.418	6590.18
1320332937	942	909.941	6758.54
1320505781	832	911.601	6791.62
1320678625	854	922.072	6791.64
1320851469	844	905.34	6741.16
1321024313	918	901.481	6727.89
1321197157	831	863.681	6461.15
1321370001	889	810.38	6065.93
1321542845	853	868.118	6469.21
1321715689	841	875.232	6499.63
1321888533	897	865.53	6449.95
1322061377	901	879.884	6499.84
1322234220	885	896.395	6649.14
1322407064	895	876.035	6483.42
1322579908	872	855.831	6387.6
1322752752	883	901.197	6695.79
1322925596	884	899.364	6651.14
1323098440	909	894.237	6648.51
1323271284	804	800.026	5950.28
1323444128	872	875.638	6477.09
1323616972	887	892.963	6627.5
1323789816	881	892.595	6674.52
1323962660	910	879.065	6544.41
1324135504	850	857.927	6351.44
1324308348	815	804.393	5934.95
1324481191	860	892.244	6575.05
1324654035	845	875.73	6570.89
1324826879	800	795.072	5945.5
1324999723	828	833.834	6189.56
1325172567	845	888.778	6568.28
1325345411	591	597.86	4371.93
1325518255	326	326.027	2467.59
1325691099	822	872.245	6463.81
1325863943	904	869.529	6457.79
1326036787	849	864.154	6238.62
1326209631	448	493.83	3627.87
1326382475	528	531.532	3946.43
1326555319	585	590.18	4362.91
1326728162	430	434.032	3244.12
1326901006	618	644.055	4752.64
1327073850	532	519.496	3841.59
1327246694	709	719.829	5330.9
1327419538	438	455.628	3449.24
1327592382	381	375.635	2718.07
1327765226	743	797.391	5859.62
1327938070	877	810.435	5967.04
1328110914	545	563.837	4190.02
1328283758	772	800.655	5914.77
1328456602	708	729.004	5373.09
1328629446	661	689.548	5104.25
1328802290	770	807.516	6030.95
1328975133	902	854.889	6311.07
1329147977	53	48.1001	371.302
1329320821	526	579.781	4275.88
1329493665	791	831.043	6119.67
1329666509	772	758.403	5621.21
1329839353	819	816.307	6064.3
1330012197	819	840.422	6257.24
1330185041	832	843.478	6237.79
1330357885	849	844.083	6232.08
1330530729	761	794.092	5940.19
1330703573	824	828.785	6148.97
1330876417	832	838.069	6175.93
1331049261	820	824.493	6125.44
1331222104	656	638.096	4737.61
1331394948	801	815.599	6012.13
1331567792	826	845.929	6271.15
1331740636	822	827.956	6213.3
1331913480	855	843.283	6248.16
1332086324	867	848.684	6278.2
1332259168	828	830.367	6210.79
1332432012	887	844.511	6319.07
1332604856	827	846.508	6311.41
1332777700	807	815.827	6183.9
1332950544	819	839.731	6290.53
1333123388	902	872.516	6539.28
1333296232	514	508.579	3788.28
1333469075	356	366.058	2696.7
1333641919	870	838.601	6262.18
1333814763	859	856.993	6381.14
1333987607	674	693.34	5181.13
1334160451	494	471.836	3538.71
1334333295	790	820.522	6133.19
1334506139	826	845.642	6331.66
1334678983	872	841.11	6303.85
1334851827	825	839.553	6292.13
1335024671	810	830.856	6303.04
1335197515	843	843.273	6374.7
1335370359	864	865.85	6506.26
1335543203	787	827.791	6263.71
1335716046	751	820.208	6215.8
1335888890	836	824.198	6146.17
1336061734	867	849.262	6357.07
1336234578	822	848.407	6375.35
1336407422	837	845.715	6349.09
1336580266	850	840.346	6302.64
1336753110	759	825.758	6206.16
1336925954	785	827.43	6213.97
1337098798	790	830.077	6217.14
1337271642	811	839.808	6343.9
1337444486	875	856.606	6430.13
1337617330	845	824.729	6272.29
1337790174	925	863.995	6574.6
1337963017	906	869.785	6544.61
1338135861	890	862.262	6406.88
1338308705	870	871.703	6545.84
1338481549	857	865.602	6553.09
1338654393	865	872.572	6538.28
1338827237	837	857.08	6517.04
1339000081	828	846.386	6516.46
1339172925	859	852.589	6515.89
1339345769	854	839.047	6330.94
1339518613	832	872.708	6462.05
1339691457	806	802.065	6058.45
1339864301	737	775.418	5884.98
1340037145	717	766.485	5791.64
1340209988	750	786.985	5876.33
1340382832	456	503.852	3691.14
1340555676	803	820.623	6235.4
1340728520	901	866.588	6521.33
1340901364	813	838.736	6284.21
1341074208	752	771.076	5768.44
1341247052	704	717.025	5467.51
1341419896	834	845.464	6372.29
1341592740	789	844.27	6471.93
1341765584	835	830.471	6296.37
1341938428	825	837.863	6363.64
1342111272	808	842.417	6340.98
1342284116	781	805.114	6179.89
1342456959	813	724.547	5574.88
1342629803	851	836.948	6360.88
1342802647	865	846.732	6333.88
1342975491	751	753.129	5690.48
1343148335	811	802.338	6136.4
1343321179	630	626.472	4789.72
1343494023	812	811.684	6113.74
1343666867	871	814.222	6248.28
1343839711	854	828.493	6261.19
1344012555	767	804.233	6113.63
1344185399	840	824.014	6277.87
1344358243	717	770.125	5826.07
1344531087	93	102.429	797.486
1344703930	0	0	0
1344876774	675	668.694	5026.77
1345049618	817	831.407	6244.62
1345222462	855	860.389	6509.43
1345395306	849	818.31	6206.26
1345568150	859	826.46	6175.61
1345740994	806	840.19	6395.42
1345913838	829	827.107	6381.44
1346086682	819	827.146	6342.03
1346259526	879	845.051	6365.12
1346432370	857	838.192	6316.04
1346605214	854	828.172	6259.9
1346778058	777	832.869	6295.8
1346950901	809	795.657	6001.98
1347123745	205	226.474	1701.55
1347296589	562	510.014	3827.01
1347469433	792	837.731	6300.54
1347642277	840	848.67	6287.05
1347815121	822	826.043	6191.51
1347987965	792	802.452	6058.05
1348160809	792	823.824	6151.49
1348333653	814	817.507	6150.77
1348506497	524	525.25	3970.47
1348679341	759	808.016	6128.15
1348852185	796	780.667	5864.94
1349025029	756	805.98	6036.27
1349197872	839	795.017	5997.01
1349370716	866	810.619	6040
1349543560	802	802.74	6024
1349716404	720	765.15	5794.71
1349889248	758	798.865	6045.88
1350062092	823	802.26	5992.26
1350234936	701	747.152	5574.29
1350407780	819	796.418	5963.38
1350580624	791	794.437	5901.68
1350753468	751	797.376	5935.09
1350926312	754	791.31	5913.72
1351099156	794	797.134	5949.34
1351272000	729	712.421	5302.9
1351444843	809	774.169	5760.25
1351617687	728	701.74	5239.35
1351790531	708	721.47	5386.82
1351963375	868	848.628	6330.34
1352136219	871	839.767	6230.4
1352309063	840	850.4	6234.43
1352481907	810	853.941	6383.17
1352654751	797	832.278	6289.44
1352827595	799	830.601	6210.49
1353000439	752	757.368	5572.48
1353173283	810	793.748	5990.94
1353346127	850	840.705	6239.36
1353518971	776	823.901	6088.86
1353691814	804	821.483	6170.78
1353864658	794	826.964	6165.63
1354037502	852	837.493	6195.94
1354210346	391	390.343	2845.35
1354383190	856	791.824	5936.2
1354556034	652	660.588	4882.47
1354728878	818	820.533	5969.81
1354901722	737	777.055	5734.46
1355074566	797	822.472	6060.8
1355247410	475	443.074	3323.6
1355420254	782	790.324	5785.36
1355593098	792	808.233	5954.79
1355765942	805	797.431	5877.48
1355938785	743	794.326	5863.01
1356111629	772	784.188	5840.34
1356284473	785	800.229	5844.89
1356457317	746	779.324	5779.58
1356630161	794	777.836	5788.23
1356803005	767	781.451	5770.37
1356975849	795	773.631	5749.1
1357148693	789	765.291	5693.69
1357321537	742	794.227	5871.77
1357494381	772	779.6	5726.17
1357667225	811	849.189	6283.45
1357840069	915	848.169	6248.14
1358012913	572	587.381	4364.12
1358185756	794	803.639	5913.48
1358358600	786	764.608	5662.14
1358531444	570	600.259	4483.66
1358704288	783	824.681	6179.87
1358877132	836	832.323	6178.67
1359049976	842	834.344	6180.36
1359222820	883	862.766	6401.83
1359395664	738	680.968	5093.87
1359568508	811	793.926	5893.63
1359741352	794	784.797	5798.53
1359914196	801	833.718	6203.07
1360087040	487	545.103	4030.78
1360259884	178	158.315	1172.82
1360432727	609	561.929	4162.57
1360605571	424	392.535	2894.02
1360778415	403	407.876	3019.4
1360951259	793	807.115	5955.03
1361124103	838	822.849	6139.57
1361296947	790	790.3	5926.68
1361469791	806	864.271	6429.86
1361642635	791	862.446	6383.83
1361815479	869	865.748	6488.09
1361988323	881	855.914	6337.94
1362161167	787	861.43	6382.05
1362334011	865	859.98	6453.66
1362506855	853	880.933	6520.75
1362679698	891	873.668	6494.12
1362852542	832	869.404	6454.33
1363025386	822	868.78	6449.22
1363198230	775	825.15	6234.97
1363371074	739	785.538	5952.95
1363543918	730	794.886	5984.92
1363716762	832	849.756	6346
1363889606	882	853.127	6392.56
1364062450	886	853.366	6374.76
1364235294	860	846.643	6351.11
1364408138	793	832.231	6238.75
1364580982	834	846.955	6301.58
1364753826	768	741.111	5586.05
1364926669	510	499.633	3771.69
1365099513	595	636.509	4745.03
1365272357	778	777.474	5816.02
1365445201	822	830.157	6222.86
1365618045	825	849.262	6314.09
1365790889	861	836.844	6326.95
1365963733	841	837.429	6294.48
1366136577	835	832.623	6227.34
1366309421	792	836.043	6241.32
1366482265	838	829.481	6200.03
1366655109	822	829.761	6225.44
1366827953	809	828.178	6193.34
1367000797	743	723.507	5427.8
1367173640	744	791.377	5957.76
1367346484	825	823.454	6152.35
1367519328	758	819.821	6135.99
1367692172	797	809.524	6120.64
1367865016	779	789.723	5985.04
1368037860	898	812.818	6089.26
1368210704	824	809.676	6046.45
1368383548	783	801.652	6048.52
1368556392	719	785.18	5947.26
1368729236	799	747.417	5711.96
1368902080	753	740.122	5609.77
1369074924	771	747.78	5536.68
1369247768	706	723.799	5472.22
1369420611	831	812.786	6140.8
1369593455	847	802.391	6000.27
1369766299	746	749.079	5596.78
1369939143	806	808.601	6018.14
1370111987	795	815.37	6118.02
1370284831	826	795.05	6017.44
1370457675	862	824.616	6210.43
1370630519	644	651.573	4921.99
1370803363	827	821.856	6231.76
1370976207	838	822.944	6220.25
1371149051	850	812.637	6179.18
1371321895	706	749.014	5638.32
1371494739	797	805.683	6082.27
1371667582	662	690.549	5357.21
1371840426	831	804.903	5997.93
1372013270	724	767.925	5844.73
1372186114	888	816.205	6189.14
1372358958	864	820.994	6134.03
1372531802	749	764.218	5795.67
1372704646	833	773.356	5839.86
1372877490	832	815.256	6081.34
1373050334	764	787.607	5966.14
1373223178	702	710.395	5453.37
1373396022	481	477.019	3600.47
1373568866	505	499.561	3784.82
1373741710	782	760.854	5734.93
1373914553	814	789.669	5960.56
1374087397	830	807.724	6081.07
1374260241	673	716.455	5436.63
1374433085	721	795.779	6141.65
1374605929	812	785.736	6017.41
1374778773	847	784.233	5919.16
1374951617	823	803.31	6112.8
1375124461	822	804.616	6068.72
1375297305	845	810.403	6134.34
1375470149	755	764.317	5792.48
1375642993	812	832.799	6258.81
1375815837	815	842.3	6295.57
1375988681	799	794.087	6065.45
1376161524	795	816.42	6159.73
1376334368	712	740.421	5633.37
1376507212	814	806.244	6158.62
1376680056	894	857.422	6531.6
1376852900	877	865.763	6485.27
1377025744	748	777.427	5839.03
1377198588	767	768.587	5850.46
1377371432	67	79.728	608.924
1377544276	309	310.61	2364.47
1377717120	677	681.712	5134.11
1377889964	759	756.424	5643.55
1378062808	792	770.628	5782.96
1378235652	742	782.637	5931.63
1378408495	746	704.55	5277.1
1378581339	784	792.097	5905.88
1378754183	642	555.526	4107.48
1378927027	804	788.804	5903.03
1379099871	735	779.58	5947.12
1379272715	683	729.098	5576.9
1379445559	601	623.872	4752.26
1379618403	743	712.337	5357.12
1379791247	806	807.238	6143.67
1379964091	791	794.37	6124.48
1380136935	818	822.962	6198.02
1380309779	823	821.3	6243.99
1380482623	829	816.353	6233.39
1380655466	671	686.466	5137.62
1380828310	782	774.728	5904.64
1381001154	853	820.277	6186.53
1381173998	773	809.753	6053.49
1381346842	788	808.196	6062.16
1381519686	708	708.148	5292.65
1381692530	158	148.187	1135.39
1381865374	57	75.6298	572.455
1382038218	540	603.079	4502.73
1382211062	856	863.958	6374.38
1382383906	866	859.06	6401.68
1382556750	776	837.751	6304.46
1382729594	857	848.517	6359.06
1382902437	850	855.829	6380.07
1383075281	760	741.312	5462.12
1383248125	588	625.722	4688.22
1383420969	842	845.336	6209.96
1383593813	772	830.078	6168.86
1383766657	795	827.065	6125.41
1383939501	811	844.205	6298.45
1384112345	846	847.402	6296.06
1384285189	908	853.919	6333.87
1384458033	877	855.482	6329.5
1384630877	847	842.915	6275.87
1384803721	805	840.143	6241.17
1384976565	854	830.44	6196.54
1385149408	801	805.845	5946.42
1385322252	816	832.486	6175.95
1385495096	810	797.76	5987.96
1385667940	763	797.381	5928.76
1385840784	671	693.021	5143.38
1386013628	785	807.809	6008.64
1386186472	863	846.087	6252.76
1386359316	902	855.871	6333.43
1386532160	806	811.859	6008.68
1386705004	821	828.594	6183.34
1386877848	825	831.92	6191.19
1387050692	687	691.807	5101.46
1387223536	704	736.225	5410.86
1387396379	685	672.103	5018.54
1387569223	717	748.213	5496.7
1387742067	761	749.001	5587.75
1387914911	720	715.977	5228.15
1388087755	728	739.394	5465.72
1388260599	679	669.298	4928.77
1388433443	860	831.34	6105.19
1388606287	819	829.152	6102.5
1388779131	839	815.045	6078.76
1388951975	411	410.026	3016.98
1389124819	803	816.039	6035.48
1389297663	809	817.862	6029.16
1389470507	797	806.929	6021.18
1389643350	825	812.514	6005.88
1389816194	778	829.986	6117.74
1389989038	875	844.332	6236.57
1390161882	768	791.561	5831.29
1390334726	840	846.072	6183.99
1390507570	682	712.032	5266.49
1390680414	809	786.459	5878.79
1390853258	734	795.159	5886.96
1391026102	808	788.276	5844.94
1391198946	834	827.159	6098.22
1391371790	769	812.175	5980.45
1391544634	775	815.996	5989.55
1391717478	644	656.87	4863.08
1391890321	802	819.826	6043.03
1392063165	690	735.889	5452.93
1392236009	805	796.68	5934.88
1392408853	488	480.498	3642.18
1392581697	299	329.999	2483.08
1392754541	635	636.977	4730.07
1392927385	634	648.423	4835.57
1393100229	775	779.779	5810.08
1393273073	671	724.5	5450.15
1393445917	795	751.013	5648.65
1393618761	636	612.985	4572.55
1393791605	802	774.773	5819.11
1393964449	761	782.991	5832.8
1394137292	755	779.833	5842.1
1394310136	804	790.352	5858.93
1394482980	674	741.441	5525.91
1394655824	774	768.476	5718.54
1394828668	775	787.26	5854.98
1395001512	775	783.095	5789.49
1395174356	752	779.5	5851.46
1395347200	831	819.015	6087.25
1395520044	896	836.391	6305.51
1395692888	878	835.633	6273.35
1395865732	833	842.053	6321.12
1396038576	766	773.916	5719.22
1396211420	824	839.324	6229.84
1396384263	814	828.615	6258.79
1396557107	817	814.128	6082.72
1396729951	775	814.189	6020.32
1396902795	608	645.634	4844.61
1397075639	831	849.928	6352.98
1397248483	844	863.53	6494.3
1397421327	781	755.351	5727.72
1397594171	305	297.829	2247.97
1397767015	839	861.314	6363.38
1397939859	854	830.561	6284.46
1398112703	822	831.809	6281.36
1398285547	583	601.425	4517.39
1398458391	841	808.191	6043.92
1398631234	869	842.865	6344.15
1398804078	789	848.613	6386.89
1398976922	827	869.354	6465.47
1399149766	839	847.26	6330.41
1399322610	855	834.372	6268.89
1399495454	884	846.807	6388.02
1399668298	828	851.648	6387.95
1399841142	832	815.933	6151.76
1400013986	824	820.252	6134.91
1400186830	779	738.442	5547.91
1400359674	823	840.928	6370.62
1400532518	829	832.358	6281.17
1400705362	805	832.34	6290.99
1400878205	850	822.348	6296.11
1401051049	819	789.014	5984.28
1401223893	832	812.235	6130.69
1401396737	860	868.631	6481.6
1401569581	899	871.637	6597.42
1401742425	891	895.744	6632.1
1401915269	858	889.559	6634
1402088113	873	884.615	6639.58
1402260957	889	878.522	6588
1402433801	888	889.022	6606.99
1402606645	837	838.525	6337.76
1402779489	898	859.208	6521.42
1402952333	884	852.255	6511.76
1403125176	863	845.209	6492.21
1403298020	983	850.125	6403.86
1403470864	836	817.836	6164.16
1403643708	848	849.684	6448.67
1403816552	887	851.141	6536.82
1403989396	864	847.779	6507.27
1404162240	806	855.323	6456.29
1404335084	844	851.989	6422.69
1404507928	832	846.465	6394.54
1404680772	840	840.528	6405.68
1404853616	900	838.121	6420.75
1405026460	818	826.898	6289.11
1405199304	868	841.825	6370.99
1405372147	820	822.804	6184.42
1405544991	855	826.844	6272.55
1405717835	817	819.021	6249.8
1405890679	790	705.982	5305.28
1406063523	804	799.944	6084.24
1406236367	802	798.59	6105.17
1406409211	779	808.048	6162.29
1406582055	759	811.895	6083.39
1406754899	789	809.399	6090.83
1406927743	782	836.741	6199.94
1407100587	784	828.051	6257.43
1407273431	811	833.67	6244.84
1407446275	851	812.914	6248.36
1407619118	845	830.328	6245.95
1407791962	788	823.096	6267.44
1407964806	849	830.874	6369.21
1408137650	875	842.431	6373.16
1408310494	841	834.716	6288.58
1408483338	890	840.051	6280.54
1408656182	908	851.092	6362.01
1408829026	746	792.925	5923.88
1409001870	864	837.112	6378.13
1409174714	815	850.036	6433.51
1409347558	902	867.922	6493.08
1409520402	907	870.083	6508.64
1409693246	846	876.201	6552.9
1409866089	824	823.451	6165.22
1410038933	865	874.916	6581.06
1410211777	928	876.577	6536.22
1410384621	837	844.712	6390.17
1410557465	904	882.01	6627.33
1410730309	829	820.295	6204.03
1410903153	828	860.76	6448.45
1411075997	818	847.157	6355.77
1411248841	924	885.466	6649.83
1411421685	881	866.2	6495.24
1411594529	851	885.682	6615.14
1411767373	877	882.436	6638.14
1411940217	906	892.023	6626.84
1412113060	874	880.29	6487.3
1412285904	796	871.233	6525.24
1412458748	771	812.932	6081.84
1412631592	931	834.692	6228.66
1412804436	860	902.959	6724.04
1412977280	714	711.755	5421.38
1413150124	394	399.549	2998.01
1413322968	679	659.137	4858.12
1413495812	925	914.343	6802.55
1413668656	887	888.982	6647.26
1413841500	894	910.716	6804.99
1414014344	886	906.344	6743.56
1414187188	888	915.199	6795.09
1414360031	855	914.29	6752.62
1414532875	962	921.294	6813.62
1414705719	881	914.101	6821.11
1414878563	842	884.147	6726.44
1415051407	927	896.998	6730.73
1415224251	889	881.448	6563
1415397095	897	900.022	6709.99
1415569939	928	886.461	6583.45
1415742783	908	900.745	6718.56
1415915627	838	847.696	6339.94
1416088471	963	911.212	6781.06
1416261315	877	854.432	6288.6
1416434159	865	905.191	6733.23
1416607002	763	768.686	5748.56
1416779846	815	867.061	6410.24
1416952690	863	846.592	6317.02
1417125534	897	874.587	6486.02
1417298378	763	794.763	5961.66
1417471222	767	810.591	6081.05
1417644066	866	883.186	6522.32
1417816910	883	883.913	6497.19
1417989754	872	879.935	6529.62
1418162598	835	832.633	6135.47
1418335442	761	769.197	5758.14
1418508286	821	816.074	6048.19
1418681130	669	698.269	5199.65
1418853973	803	812.847	6066.28
1419026817	810	874.679	6437.09
1419199661	750	745.56	5603.98
1419372505	762	780.16	5806.78
1419545349	811	738.679	5464.58
1419718193	860	846.562	6258.56
1419891037	816	829.151	6111.65
1420063881	730	771.574	5702.94
1420236725	818	847.618	6310.02
1420409569	903	850.111	6282.68
1420582413	875	850.882	6284.37
1420755257	887	866.355	6405.94
1420928101	791	791.06	5857.3
1421100944	720	761.381	5626.61
1421273788	661	734.74	5455.4
1421446632	495	464.957	3430.7
1421619476	0	0	0
1421792320	0	0	0
1421965164	0	0	0
1422138008	0	0	0
1422310852	0	0	0
1422483696	0	0	0
1422656540	0	0	0
1422829384	0	0	0
1423002228	0	0	0
1423175072	0	0	0
1423347915	0	0	0
1423520759	0	0	0
1423693603	0	0	0
1423866447	0	0	0
1424039291	763	744.76	5562.72
1424212135	778	772.595	5721.69
1424384979	795	816.101	6109.94
1424557823	776	789.544	5914.63
1424730667	747	755.823	5610.15
1424903511	769	769.356	5774.83
1425076355	738	735.352	5512.98
1425249199	764	712.842	5255.39
1425422043	387	401.164	2988.57
1425594886	0	0	0
1425767730	0	0	0
1425940574	0	0	0
1426113418	524	510.313	3754.35
1426286262	739	733.577	5504.4
1426459106	777	796.181	5804.03
1426631950	656	693.511	5144.09
1426804794	432	445.133	3303.05
1426977638	572	581.675	4445.52
1427150482	355	396.999	2928.22
1427323326	571	585.348	4432.54
1427496170	756	759.958	5712.77
1427669014	776	776.565	5803.09
1427841857	761	771.604	5781.31
1428014701	786	773.977	5750.29
1428187545	744	769.949	5753.76
1428360389	800	777.909	5811.09
1428533233	755	766.151	5716.87
1428706077	783	765.698	5734.48
1428878921	769	735.971	5467.37
1429051765	717	748.136	5591.22
1429224609	671	721.015	5402.27
1429397453	829	771.006	5720.3
1429570297	791	779.955	5884.38
1429743141	826	833.29	6281.06
1429915985	861	827.132	6227.65
1430088828	880	833.54	6249.23
1430261672	797	841.285	6321.26
1430434516	804	829.768	6203.32
1430607360	880	853.34	6386.46
1430780204	827	835.558	6316.75
1430953048	846	850.142	6470.91
1431125892	897	870.439	6541.16
1431298736	835	855.773	6470.73
1431471580	879	852.974	6424.49
1431644424	868	865.133	6484.32
1431817268	870	818.726	6135.13
1431990112	834	813.345	6133.76
1432162956	883	832.372	6210.43
1432335799	770	849.923	6393.04
1432508643	871	834.948	6360.16
1432681487	841	834.093	6350.2
1432854331	911	848.699	6375.74
1433027175	810	847.711	6404.7
1433200019	892	835.3	6258.35
1433372863	812	784.476	5865.93
1433545707	902	869.266	6438.92
1433718551	852	853.253	6424.7
1433891395	923	848.607	6402.27
1434064239	857	829.417	6302.33
1434237083	166	170.691	1287.69
1434409927	506	539.416	4050.7
1434582770	603	629.519	4808.61
1434755614	930	858.699	6486.71
1434928458	906	848.637	6468.49
1435101302	895	835.483	6412.26
1435274146	860	835.408	6356.39
1435446990	796	820.619	6231.81
1435619834	898	843.703	6361.83
1435792678	820	848.485	6419.35
1435965522	812	834.647	6394.12
1436138366	897	846.903	6361.01
1436311210	762	772.867	5841.21
1436484054	789	831.91	6242.6
1436656898	806	833.797	6237.35
1436829741	789	816.293	6159.63
1437002585	804	838.556	6371.07
1437175429	814	826.98	6231.06
1437348273	841	832.372	6354.04
1437521117	847	823.181	6281.15
1437693961	836	827.846	6310.47
1437866805	862	799.64	5989.29
1438039649	738	783.813	5840.44
1438212493	883	828.503	6265.29
1438385337	776	826.974	6199.93
1438558181	759	789.759	5924.44
1438731025	780	817.846	6117.97
1438903869	837	804.658	5969.34
1439076712	503	509.816	3790.92
1439249556	127	113.352	854.111
1439422400	425	443.178	3434.11
1439595244	730	741.724	5619.35
1439768088	640	694.647	5265.14
1439940932	776	781.753	5913.14
1440113776	807	798.089	5979.4
1440286620	725	800.298	6021.3
1440459464	790	798.885	5964.78
1440632308	757	780.263	5865.95
1440805152	782	778.017	5663.52
1440977996	521	534.637	4018.61
1441150840	668	682.956	5185.76
1441323683	756	783.77	5950.93
1441496527	740	714.588	5355.96
1441669371	67	68.3059	572.295
1441842215	580	590.779	4387.51
1442015059	767	789.479	5988.6
1442187903	795	795.44	5970.29
1442360747	779	798.959	5969.83
1442533591	801	790.419	5947.42
1442706435	790	795.708	5968.75
1442879279	358	341.481	2552.07
1443052123	675	672.426	5039.8
1443224967	819	802.315	6057.49
1443397811	787	821.181	6128.73
1443570654	805	828.448	6181.8
1443743498	731	702.428	5296
1443916342	430	370.161	2809.07
1444089186	358	377.489	2810.67
1444262030	747	738.403	5583.07
1444434874	648	650.295	5003.02
1444607718	628	678.108	5149.28
1444780562	629	643.777	4777.9
1444953406	791	838.023	6317.57
1445126250	836	846.809	6383.39
1445299094	736	786.875	5872.84
1445471938	804	848.811	6373.71
1445644782	819	804.122	6099.47
1445817625	764	815.542	6123.6
1445990469	831	806.355	6018.85
1446163313	758	769.628	5777.37
1446336157	691	696.545	5265.77
1446509001	570	544.06	4070.95
1446681845	846	825.403	6252.28
1446854689	868	840.914	6287.8
1447027533	721	720.938	5349.27
1447200377	824	841.678	6320.31
1447373221	872	829.545	6173.55
1447546065	907	852.918	6307.12
1447718909	734	789.373	5836.53
1447891753	792	839.592	6251.06
1448064596	856	846.88	6308.54
1448237440	777	778.058	5791.9
1448410284	875	847.789	6269.12
1448583128	695	726.882	5429.7
1448755972	703	693.575	5203.79
1448928816	599	590.894	4392.15
1449101660	745	785.801	5876.7
1449274504	695	727.057	5440.16
1449447348	815	804.1	5969.7
1449620192	727	737.797	5473.76
1449793036	693	729.685	5392.52
1449965880	781	808.168	5950.54
1450138724	559	585.883	4340.16
1450311567	841	823.067	6073.19
1450484411	838	830.151	6206.26
1450657255	780	796.803	5888.55
1450830099	796	764.434	5625.08
1451002943	756	761.987	5642.53
1451175787	793	806.568	5930.05
1451348631	363	369.486	2700.44
1451521475	0	0	0
1451694319	0	0	0
1451867163	123	126.364	954.948
1452040007	705	680.6	5102.83
1452212851	518	542.813	4034.44
1452385695	657	670.154	4998.46
1452558538	745	768.717	5670.32
1452731382	728	784.794	5819.81
1452904226	544	597.944	4425.48
1453077070	810	794.373	5893.94
1453249914	750	782.682	5772.01
1453422758	788	773.89	5704.43
1453595602	600	555.829	4095.33
1453768446	710	640.042	4766.79
1453941290	664	655.289	4827.69
1454114134	471	456.217	3435.42
1454286978	663	695.57	5212.48
1454459822	637	651.624	4827.82
1454632666	642	680.4	5040.69
1454805509	576	592.588	4390.92
1454978353	738	728.979	5404.03
1455151197	602	622.587	4609.97
1455324041	697	768.027	5539.35
1455496885	741	743.383	5492.77
1455669729	748	755.177	5540.69
1455842573	723	758.215	5630.42
1456015417	529	562.679	4158.98
1456188261	714	733.404	5414
1456361105	798	757.775	5604.85
1456533949	737	791.979	5930.06
1456706793	606	613.798	4511.91
1456879637	760	762.323	5757.17
1457052480	639	584.852	4347.19
1457225324	526	563.413	4135.99
1457398168	719	738.014	5511.21
1457571012	726	792.481	5961.61
1457743856	768	780.24	5851.62
1457916700	820	763.723	5686.16
1458089544	782	790.547	5872.99
1458262388	641	656.161	4931.17
1458435232	187	185.413	1392.09
1458608076	429	403.813	3011.71
1458780920	604	603.08	4502.58
1458953764	287	273.604	2060.33
1459126608	380	359.423	2683.12
1459299451	414	436.124	3192.13
1459472295	657	617.781	4656.72
1459645139	289	320.788	2397.52
1459817983	681	738.419	5503.27
1459990827	814	810.075	6031.03
1460163671	716	717.047	5391.43
1460336515	815	789.138	6010.2
1460509359	811	783.721	5903.95
1460682203	766	792.633	5886.03
1460855047	775	763.083	5729.7
1461027891	583	607.378	4567.44
1461200735	807	792.243	5925.5
1461373579	798	808.568	6020.7
1461546422	464	534.695	4071.09
1461719266	400	403.789	3069.68
1461892110	763	768.965	5859.94
1462064954	795	754.22	5695.85
1462237798	660	696.302	5281.29
1462410642	668	700.631	5281.32
1462583486	607	615.497	4654.12
1462756330	578	590.867	4450.98
1462929174	225	213.449	1621.49
1463102018	0	0	0
1463274862	0	0	0
1463447706	0	0	0
1463620550	0	0	0
1463793393	0	0	0
1463966237	171	185.279	1407.18
1464139081	282	309.621	2343.99
1464311925	671	656.063	5020.1
1464484769	270	272.56	2071.39
1464657613	229	216.024	1624.27
1464830457	357	352.164	2675.34
1465003301	454	431.537	3265.82
1465176145	338	314.057	2387.41
1465348989	326	319.148	2451.99
1465521833	426	428.56	3307.95
1465694677	734	715.904	5486.84
1465867520	727	725.366	5492.18
1466040364	720	713.158	5476.72
1466213208	716	726.383	5553.35
1466386052	724	720.922	5516.93
1466558896	695	722.33	5502.31
1466731740	716	707.798	5388.86
1466904584	709	684.432	5273.23
1467077428	387	347.249	2637.37
1467250272	750	717.769	5430.3
1467423116	731	731.511	5554.43
1467595960	700	717.64	5457.7
1467768804	740	747.221	5681.96
1467941648	800	753.835	5709.62
1468114491	714	759.761	5712.16
1468287335	561	621.349	4676.41
1468460179	701	761.621	5713.36
1468633023	723	747.75	5729.9
1468805867	759	759.875	5794.57
1468978711	825	771.21	5872.65
1469151555	840	786.568	5944.04
1469324399	799	784.644	5907.25
1469497243	751	756.634	5758.9
1469670087	782	778.772	5803.6
1469842931	764	766.046	5778.08
1470015775	775	754.968	5730.19
1470188619	791	763.951	5783.24
1470361462	757	764.951	5754.52
1470534306	804	763.466	5783.49
1470707150	766	758.57	5764.49
1470879994	797	760.608	5738.02
1471052838	765	772.545	5767.31
1471225682	766	766.914	5701.83
1471398526	706	709.126	5309.17
1471571370	663	705.355	5325.12
1471744214	717	740.273	5692.9
1471917058	777	737.192	5563.16
1472089902	746	743.777	5527.68
1472262746	688	726.054	5460.44
1472435590	737	718.631	5471.52
1472608433	750	724.342	5445.24
1472781277	665	705.602	5428.2
1472954121	631	706.699	5478.92
1473126965	713	712.362	5468.65
1473299809	732	728.717	5485.29
1473472653	744	729.845	5477.68
1473645497	678	706.334	5301.61
1473818341	504	507.703	3833.93
1473991185	707	721.711	5396.48
1474164029	698	715.149	5404.48
1474336873	739	713.747	5374.07
1474509717	696	716.705	5377.49
1474682561	715	697.564	5328.87
1474855404	724	709.138	5309.79
1475028248	664	697.702	5235.34
1475201092	739	680.56	5111.79
1475373936	667	677.066	5099.35
1475546780	650	684.985	5123.62
1475719624	651	666.899	5029.59
1475892468	668	678.345	5099.17
1476065312	680	677.404	5087.13
1476238156	693	686.651	5095.81
1476411000	609	678.919	5067.37
1476583844	518	551.149	4098.22
1476756688	464	503.723	3796.14
1476929532	515	530.942	4031.32
1477102375	605	629.759	4718.39
1477275219	576	621.457	4670.97
1477448063	660	693.599	5247.17
1477620907	380	348.275	2618.16
1477793751	633	646.024	4805.06
1477966595	669	698.178	5211.57
1478139439	624	689.471	5156.54
1478312283	651	686.877	5115.28
1478485127	675	687.374	5124.03
1478657971	658	682.6	5071.02
1478830815	695	679.406	5059.6
1479003659	640	687.638	5102.93
1479176503	655	686.26	5066.13
1479349346	637	664.16	5014.01
1479522190	609	609.652	4522.56
1479695034	251	266.207	2013.32
1479867878	598	611.463	4563.31
1480040722	445	419.962	3117.25
1480213566	372	346.06	2547.4
1480386410	178	176.803	1340.03
1480559254	679	659.331	4892.62
1480732098	652	668.068	4958.38
1480904942	575	577.566	4266.21
1481077786	631	659.862	4913.47
1481250630	679	699.299	5209.26
1481423474	694	703.633	5212.75
1481596317	668	698.832	5173.67
1481769161	705	703.007	5231.03
1481942005	697	702.677	5182.46
1482114849	671	716.461	5309.66
1482287693	721	688.204	5067.42
1482460537	696	722.86	5360.93
1482633381	705	667.679	4903.08
1482806225	666	705.259	5265.54
1482979069	749	723.322	5353.94
1483151913	736	764.83	5612.84
1483324757	662	733.965	5448.11
1483497601	772	764.933	5640.98
1483670445	787	782.026	5806.53
1483843288	685	720.152	5251.81
1484016132	640	655.603	4776.29
1484188976	777	804.865	5949.22
1484361820	734	756.727	5590.73
1484534664	633	696.641	5149.88
1484707508	797	806.484	5965.43
1484880352	753	784.32	5811
1485053196	773	738.804	5472.26
1485226040	712	697.109	5163.89
1485398884	769	776.291	5812.01
1485571728	824	804.882	5958.28
1485744572	826	810.707	5959.88
1485917416	713	679.925	5056
1486090259	705	723.461	5344.43
1486263103	594	587.939	4405.3
1486435947	719	741.15	5490.69
1486608791	707	711.527	5319.25
1486781635	761	769.709	5687.35
1486954479	678	660.577	4919.44
1487127323	536	551.886	4119.56
1487300167	664	671.984	4956.95
1487473011	759	768.644	5690.53
1487645855	746	758.247	5619.6
1487818699	749	771.538	5697.55
1487991543	548	538.616	4006.64
1488164387	362	413.113	3065.63
1488337230	432	449.123	3293.82
1488510074	730	754.799	5607.02
1488682918	753	755.8	5626.29
1488855762	727	736.274	5473.62
1489028606	691	746.884	5512.48
1489201450	701	736.768	5509.62
1489374294	734	744.428	5576.49
1489547138	732	734.614	5466.74
1489719982	759	739.874	5586.64
1489892826	679	680.202	5088.16
1490065670	651	645.482	4865.65
1490238514	484	481.185	3571.63
1490411358	600	610.619	4543.88
1490584201	644	699.267	5204.91
1490757045	711	751.735	5607.07
1490929889	603	639.598	4788.32
1491102733	535	527.813	3946.47
1491275577	672	701.703	5228.5
1491448421	735	722.424	5382.96
1491621265	690	735.306	5505.58
1491794109	623	683.061	5158.58
1491966953	560	569.078	4301.34
1492139797	710	702.961	5267.62
1492312641	663	701.336	5313.13
1492485485	674	696.388	5248.27
1492658329	696	696.837	5210.74
1492831172	711	700.183	5259.49
1493004016	594	637.325	4768.41
1493176860	724	703.319	5295.42
1493349704	693	669.324	5037.84
1493522548	767	721.491	5436.91
1493695392	745	722.803	5399.65
1493868236	728	725.753	5475.34
1494041080	776	750.05	5580.3
1494213924	660	683.263	5117.57
1494386768	724	739.699	5599.22
1494559612	711	740.527	5538.44
1494732456	748	740.588	5552.87
1494905300	755	742.395	5611.34
1495078143	637	588.465	4410.88
1495250987	741	749.261	5633.38
1495423831	758	765.787	5735.24
1495596675	751	756.296	5705.99
1495769519	729	748.66	5691.38
1495942363	734	743.528	5708.79
1496115207	739	722.408	5533.35
1496288051	608	580.113	4414.66
1496460895	806	780.192	5857.64
1496633739	703	759.188	5759.82
1496806583	687	722.117	5441.4
1496979427	720	776.823	5870.38
1497152271	788	772.021	5832.52
1497325114	790	766.705	5800.34
1497497958	760	779.167	5795.27
1497670802	762	783.16	5828.56
1497843646	779	759.172	5834.76
1498016490	704	749.732	5610.94
1498189334	448	495.299	3689.62
1498362178	498	502.178	3690.19
1498535022	246	235.283	1811.41
1498707866	362	446.1	3316.19
1498880710	770	780.832	5946.33
1499053554	855	791.714	5963.74
1499226398	775	789.933	5970.56
1499399242	736	778.633	5938.8
1499572085	759	783.035	5918.48
1499744929	794	773.524	5908.62
1499917773	756	789.337	5907.44
1500090617	748	781.863	5891.17
1500263461	721	755.39	5849.25
1500436305	808	768.776	5840
1500609149	756	771.68	5831.44
1500781993	753	769.441	5760.01
1500954837	781	755.834	5754.01
1501127681	735	759.673	5741.56
1501300525	792	763.219	5768.37
1501473369	713	747.738	5742.02
1501646213	761	745.966	5700.05
1501819056	724	691.974	5259.46
1501991900	444	433.259	3260.43
1502164744	409	428.292	3209.42
1502337588	728	773.4	5783.19
1502510432	761	763.247	5766.06
1502683276	673	748.766	5609.33
1502856120	748	757.533	5743.01
1503028964	789	775.326	5780.88
1503201808	711	741.337	5640.37
1503374652	708	747.601	5573.48
1503547496	524	529.685	3962.63
1503720340	675	693.678	5233.9
1503893184	736	731.873	5485
1504066027	732	704.832	5374.29
1504238871	702	743.877	5558.42
1504411715	541	595.231	4509.61
1504584559	718	738.644	5619.3
1504757403	734	763.402	5753.79
1504930247	759	775.154	5845.69
1505103091	747	766.19	5803.45
1505275935	824	782.68	5912.51
1505448779	763	769.041	5861.23
1505621623	743	774.563	5867.45
1505794467	778	754.285	5602.69
1505967311	766	771.96	5850.57
1506140155	728	759.631	5723.48
1506312998	793	777.149	5843.56
1506485842	759	774.294	5873.11
1506658686	781	761.306	5703.67
1506831530	768	788.959	5882.02
1507004374	784	822.174	6101.77
1507177218	829	847.689	6277.92
1507350062	682	725.424	5438.51
1507522906	754	767.681	5748.66
1507695750	740	798.079	6041.39
1507868594	672	649.232	4962.82
1508041438	726	693.91	5215.23
1508214282	539	554.016	4125.6
1508387126	818	829.519	6186.08
1508559969	856	827.822	6231.97
1508732813	798	827.488	6199.22
1508905657	855	831.281	6198.2
1509078501	820	832.142	6202.36
1509251345	813	835.269	6199.5
1509424189	853	840.467	6279.33
1509597033	846	855.002	6348.28
1509769877	827	863.246	6456.86
1509942721	802	843.209	6297.89
1510115565	742	754.452	5636.53
1510288409	838	865.24	6466.99
1510461253	911	859.449	6371.32
1510634097	793	804.86	5935.24
1510806940	778	848.006	6294.6
1510979784	857	843.208	6267.62
1511152628	794	803.885	5972.27
1511325472	789	849.924	6338.77
1511498316	818	846.547	6301.99
1511671160	807	846.719	6291.9
1511844004	801	837.69	6267.95
1512016848	864	854.655	6333.41
1512189692	629	680.922	5055.07
1512362536	557	588.037	4435.25
1512535380	801	820.706	6094.18
1512708224	606	576.655	4210.49
1512881068	662	706.314	5170.81
1513053911	802	813.464	6023.49
1513226755	797	844.758	6276.07
1513399599	739	748.932	5569.95
1513572443	826	785.17	5799.5
1513745287	880	851.957	6280.85
1513918131	878	860.11	6364.15
1514090975	879	860.298	6413.02
1514263819	677	730.934	5412.56
1514436663	870	839.672	6221.02
1514609507	819	817.948	6030.13
1514782351	634	662.586	4924.85
1514955195	805	820.696	6057.86
1515128039	858	849.168	6267.28
1515300882	731	775.2	5793.79
1515473726	593	590.036	4387.33
1515646570	630	658.309	4868.79
1515819414	809	795.211	5884.47
1515992258	781	728.553	5408.01
1516165102	760	745.666	5555.91
1516337946	777	831.127	6182.74
1516510790	800	787.513	5825.76
1516683634	657	680.712	5011.36
1516856478	742	721.934	5377.76
1517029322	789	819.227	6063.39
1517202166	750	741.297	5480.96
1517375010	715	778.978	5785.64
1517547853	731	734.544	5440.69
1517720697	710	738.608	5445.85
1517893541	787	814.561	5995.48
1518066385	730	770.759	5687.98
1518239229	776	802.741	5987.02
1518412073	831	815.351	6143.85
1518584917	803	808.407	6004.79
1518757761	766	752.812	5585.16
1518930605	718	703.958	5191.31
1519103449	684	726.361	5396.84
1519276293	676	692.473	5169.93
1519449137	668	640.013	4798.13
1519621981	760	712.143	5312.35
1519794824	699	672.295	5017.57
1519967668	851	842.254	6265.79
1520140512	752	763.389	5660.14
1520313356	809	838.892	6296.02
1520486200	773	778.677	5770.56
1520659044	801	841.352	6216.37
1520831888	814	838.465	6244.45
1521004732	776	820.629	6104.14
1521177576	835	848.262	6292.58
1521350420	846	852.799	6315.77
1521523264	876	841.257	6311.31
1521696108	899	846.101	6283.41
1521868952	813	846.011	6314.85
1522041795	803	837.904	6307.59
1522214639	862	849.254	6334.61
1522387483	816	814.688	6088.62
1522560327	793	847.453	6335.91
1522733171	810	840.207	6264.82
1522906015	805	833.563	6209.63
1523078859	591	633.297	4735.53
1523251703	761	815.009	6060.9
1523424547	706	815.656	6029.06
1523597391	702	706.835	5371.25
1523770235	788	794.089	5996.15
1523943079	828	800.74	6016.43
1524115923	786	802.732	6010.46
1524288766	808	805.942	6006.79
1524461610	810	819.111	6142.69
1524634454	810	848.845	6367.15
1524807298	852	855.3	6370.92
1524980142	899	841.731	6338.62
1525152986	853	841.452	6361.71
1525325830	780	853.883	6393.43
1525498674	874	843.714	6360.66
1525671518	819	840.164	6318
1525844362	756	835.179	6275.12
1526017206	777	821.049	6199.98
1526190050	821	819.251	6134.16
1526362894	738	814.782	6133.94
1526535737	826	807.027	6087.84
1526708581	821	795.573	6069.75
1526881425	850	797.144	6038.93
1527054269	823	804.663	6006.35
1527227113	835	814.36	6175.81
1527399957	828	820.152	6136.84
1527572801	776	821.319	6133
1527745645	755	792.592	6056.25
1527918489	755	780.04	6021.01
1528091333	737	773.861	5960.01
1528264177	787	764.543	5819.31
1528437021	798	797.883	5984.96
1528609865	833	836.361	6220.61
1528782708	818	816.033	6217.3
1528955552	807	805.569	6221.17
1529128396	845	816.12	6263.32
1529301240	919	830.988	6309.64
1529474084	862	836.83	6307.57
1529646928	814	836.985	6312.71
1529819772	762	824.719	6264.45
1529992616	830	829.079	6188.54
1530165460	767	820.836	6133.64
1530338304	825	817.96	6148.86
1530511148	708	738.662	5596.26
1530683992	744	787.514	5992.74
1530856836	732	777.356	5897.02
1531029679	685	744.78	5733.4
1531202523	761	739.957	5673.56
1531375367	810	785.408	5932.14
1531548211	807	798.697	5951.21
1531721055	753	783.459	5962.3
1531893899	786	782.774	5938.8
1532066743	762	757.747	5802.5
1532239587	761	774.653	5842.87
1532412431	717	755.768	5836.49
1532585275	783	769.623	5896.47
1532758119	823	797.184	6055.11
1532930963	835	797.509	6079.84
1533103807	782	803.746	6141.32
1533276650	846	817.593	6201.83
1533449494	673	682.185	5161.96
1533622338	772	778.557	5841.14
1533795182	881	823.035	6325.65
1533968026	899	843.741	6377.67
1534140870	755	844.386	6402.04
1534313714	892	841.979	6420.99
1534486558	950	860.402	6476.02
1534659402	790	837.088	6460.57
1534832246	876	842.863	6454.48
1535005090	893	861.728	6452.32
1535177934	833	843.809	6457.66
1535350778	639	651.186	4896.55
