1104623700	144	147.026	1020.44
1104796500	148	148.413	1008.09
1104969300	193	189.68	1294.62
1105142100	198	203.378	1399.25
1105314900	131	154.383	1066.41
1105487700	224	229.578	1557.28
1105660500	185	210.159	1434.54
1105833301	218	210.087	1468.72
1106006101	148	162.003	1116.09
1106178901	231	254.092	1783.94
1106351701	260	273.236	1869.33
1106524501	272	274.823	1915.96
1106697301	233	236.733	1686.69
1106870102	274	267.83	1856.92
1107042902	253	259.134	1845.55
1107215702	196	232.229	1820.94
1107388502	216	245.914	1806.9
1107561302	138	139.586	960.7
1107734102	206	182.928	1250.75
1107906902	181	199.927	1398.01
1108079703	245	245.879	1760.35
1108252503	143	180.151	1258.84
1108425303	236	254.969	1792.31
1108598103	261	267.546	1872.3
1108770903	210	220.543	1504.31
1108943703	231	231.579	1602.01
1109116503	223	209.953	1433.84
1109289304	44	47.3269	327.883
1109462104	133	125.054	863.91
1109634904	168	174.685	1296.1
1109807704	185	193.31	1353.69
1109980504	212	230.276	1614.23
1110153304	70	90.7708	644.312
1110326105	218	208.365	1551.49
1110498905	233	231.787	1613.95
1110671705	260	251.11	1842.54
1110844505	177	206.741	1427.91
1111017305	188	201.048	1422.12
1111190105	189	196.234	1414.3
1111362905	208	244.319	1718.83
1111535706	254	244.174	1838.07
1111708506	213	239.824	1726.32
1111881306	24	29.4107	207.608
1112054106	0	0	0
1112226906	0	0	0
1112399706	0	0	0
1112572506	0	0	0
1112745307	0	0	0
1112918107	142	160.043	1139.03
1113090907	16	15.2192	105.441
1113263707	99	96.9246	754.716
1113436507	259	265.087	2006.83
1113609307	233	245.992	1816.2
1113782107	171	178.77	1315
1113954908	226	260.415	1944.58
1114127708	44	46.5307	350.223
1114300508	0	0	0
1114473308	0	0	0
1114646108	0	0	0
1114818908	0	0	0
1114991709	0	0.502186	0
1115164509	249	241.28	1713.71
1115337309	240	262.598	2125.65
1115510109	292	278.676	2171.02
1115682909	312	292.341	2148.82
1115855709	233	249.3	1810.23
1116028509	231	261.858	1972.68
1116201310	209	216.892	1664.06
1116374110	266	271.089	2018.05
1116546910	199	216.567	1695.15
1116719710	164	141.295	1101.13
1116892510	198	223.403	1604.46
1117065310	244	253.585	1912.79
1117238110	258	262.659	1873.72
1117410911	237	236.157	1796.58
1117583711	189	194.242	1430.52
1117756511	268	306.185	2274.06
1117929311	211	232.257	1830.08
1118102111	284	300.383	2201.51
1118274911	279	315.414	2401.16
1118447712	189	180.194	1324.94
1118620512	124	134.636	1039.72
1118793312	283	300.691	2397.67
1118966112	185	213.087	1707.45
1119138912	298	305.476	2393.94
1119311712	246	270.282	2146.52
1119484512	271	309.765	2428.1
1119657313	315	331.412	2580.09
1119830113	77	72.4092	535.271
1120002913	192	224.152	1691.57
1120175713	157	152.493	1170.64
1120348513	0	0	0
1120521313	62	65.6458	561.815
1120694113	125	122.049	1020.89
1120866914	0	0	0
1121039714	0	0	0
1121212514	131	124.534	905.266
1121385314	219	230.838	1873.18
1121558114	335	314.163	2514.35
1121730914	323	309.323	2502.16
1121903715	272	266.683	2093.42
1122076515	298	289.305	2432.85
1122249315	96	118.594	953.163
1122422115	253	265.371	2080.21
1122594915	321	343.309	2476.82
1122767715	178	232.328	1694.66
1122940515	90	84.475	619.552
1123113316	325	329.232	2460.92
1123286116	252	265.307	2146.28
1123458916	263	266.135	2309.53
1123631716	290	307.74	2438.18
1123804516	316	325.853	2393.52
1123977316	307	327.096	2457.17
1124150116	323	322.693	2457.53
1124322917	176	177.716	1364.54
1124495717	323	305.126	2330.26
1124668517	270	323.205	2400.74
1124841317	306	313.337	2460.12
1125014117	307	331.425	2442.48
1125186917	340	336.376	2461.36
1125359718	269	291.401	2260.29
1125532518	272	283.022	2406.17
1125705318	265	299.284	2387.71
1125878118	280	294.261	2340.25
1126050918	215	213.33	1621.03
1126223718	165	173.881	1304.84
1126396518	228	262.993	2182.72
1126569319	272	259.186	2234.8
1126742119	258	279.64	2244.38
1126914919	307	307.361	2439.25
1127087719	197	213.134	1575.91
1127260519	301	295.806	2174.87
1127433319	311	337.797	2437.5
1127606119	316	328.262	2540.44
1127778920	316	335.076	2510.11
1127951720	331	352.25	2599.76
1128124520	311	338.515	2579.39
1128297320	330	341.387	2523
1128470120	293	306.125	2394.37
1128642920	324	347.666	2613.19
1128815721	341	340.868	2588.24
1128988521	351	363.752	2558.47
1129161321	342	350.049	2541.57
1129334121	296	343.676	2551.53
1129506921	178	184.616	1371.43
1129679721	332	336.004	2447.93
1129852521	351	357.399	2505.86
1130025322	317	334.97	2475.8
1130198122	331	335.05	2476.8
1130370922	333	333.77	2478.76
1130543722	305	334.165	2570.28
1130716522	311	340.611	2570.31
1130889322	332	358.4	2559.59
1131062122	331	359.251	2599.2
1131234923	350	347.977	2602.07
1131407723	395	356.817	2583.12
1131580523	322	335.705	2383.83
1131753323	371	371.734	2581.85
1131926123	351	364.892	2527.83
1132098923	356	365.359	2566.62
1132271723	309	328.083	2293.12
1132444524	281	298.56	2082.26
1132617324	343	346.97	2372.64
1132790124	372	373.337	2636.26
1132962924	423	377.698	2626.04
1133135724	417	386.389	2633.85
1133308524	371	372.367	2676.54
1133481325	394	388.829	2774.21
1133654125	312	346.803	2391.7
1133826925	400	374.202	2720.35
1133999725	397	395.756	2781.56
1134172525	394	388.633	2800.57
1134345325	343	315.924	2154.84
1134518125	320	317.369	2177.86
1134690926	406	398.297	2720.19
1134863726	426	411.882	2843.44
1135036526	370	411.123	2873.5
1135209326	457	439.381	3018.55
1135382126	410	413.794	2931.38
1135554926	450	425.169	2918
1135727726	380	370.454	2554.73
1135900527	428	417.603	2880.83
1136073327	182	194.115	1339.21
1136246127	227	233.911	1648.88
1136418927	342	343.771	2323.88
1136591727	347	383.339	2572.12
1136764527	210	240.096	1621.84
1136937328	248	255.049	1776.13
1137110128	251	251.945	1771.64
1137282928	216	230.003	1550.94
1137455728	255	247.403	1804.84
1137628528	287	269.438	1833.93
1137801328	284	261.817	1857.95
1137974128	252	256.532	1771.87
1138146929	243	274.478	1910.92
1138319729	433	434.052	2958.49
1138492529	419	433.519	2930.07
1138665329	419	424.37	2885.36
1138838129	400	416.498	2828.11
1139010929	405	403.213	2771.71
1139183729	424	372.006	2573.77
1139356530	385	395.598	2744.69
1139529330	407	394.232	2843.45
1139702130	315	292.472	2089.08
1139874930	341	333.349	2322.76
1140047730	387	384.958	2644
1140220530	440	413.756	2818.19
1140393331	403	377.146	2608.2
1140566131	374	377.242	2587.28
1140738931	413	384.357	2830.04
1140911731	380	365.992	2550.09
1141084531	53	42.7885	293.762
1141257331	33	31.9033	220.135
1141430131	308	301.317	2155.34
1141602932	420	424.347	2946.08
1141775732	152	164.464	1148.53
1141948532	336	330.819	2348.53
1142121332	223	229.732	1612.26
1142294132	351	374.445	2615.15
1142466932	364	384.894	2753.28
1142639732	381	371.94	2728.46
1142812533	421	384.763	2723.15
1142985333	391	386.352	2731.29
1143158133	355	380.818	2726.43
1143330933	341	359.006	2722.95
1143503733	369	365.506	2734.53
1143676533	384	386.456	2790.45
1143849334	413	398.622	2872.96
1144022134	395	398.398	2841.59
1144194934	368	377.323	2762.15
1144367734	394	379.062	2774.15
1144540534	365	364.333	2733.83
1144713334	395	382.6	2738.86
1144886134	357	383.772	2753.67
1145058935	334	356.134	2761.35
1145231735	334	341.132	2719.9
1145404535	376	381.38	2663.14
1145577335	378	363.907	2686.45
1145750135	364	363.979	2638.69
1145922935	345	365.113	2669.56
1146095735	324	297.931	2222.29
1146268536	332	326.524	2416.5
1146441336	244	259.279	2095.44
1146614136	333	291.619	2281.53
1146786936	401	378.705	2874.96
1146959736	325	361.937	2877.54
1147132536	359	355.688	2822.68
1147305336	362	360.731	2808.61
1147478137	419	366.219	2843.73
1147650937	407	380.598	2828.59
1147823737	364	374.54	2780.1
1147996537	376	343.902	2778.73
1148169337	359	335.304	2738.36
1148342137	299	345.537	2735.9
1148514938	383	369.468	2753.7
1148687738	343	364.397	2740.93
1148860538	348	352.73	2709.67
1149033338	329	338.931	2618.06
1149206138	337	319.693	2426.72
1149378938	281	269.249	2079.91
1149551738	363	351.114	2610.06
1149724539	345	380.81	2716.43
1149897339	334	344.718	2775.73
1150070139	323	304.576	2339.85
1150242939	348	358.532	2696.98
1150415739	313	319.239	2528.93
1150588539	367	340.845	2559.44
1150761339	344	337.954	2463.1
1150934140	370	357.322	2828.46
1151106940	344	360.421	2814.16
1151279740	328	314.509	2481.79
1151452540	337	334.602	2646.46
1151625340	349	347.663	2698.75
1151798140	338	339.563	2626.57
1151970941	327	345.145	2690.65
1152143741	365	322.895	2474.04
1152316541	333	364.896	2679.99
1152489341	371	358.718	2656.06
1152662141	333	315.036	2254.1
1152834941	307	322.074	2599.71
1153007741	310	310.117	2448.39
1153180542	348	340.495	2547.02
1153353342	340	343.522	2546.74
1153526142	346	343.996	2552.48
1153698942	305	332.77	2541.16
1153871742	335	347.981	2540.75
1154044542	309	334.354	2657.21
1154217342	296	319.262	2708.59
1154390143	341	330.962	2709.42
1154562943	335	336.638	2628.66
1154735743	354	360.025	2738.89
1154908543	348	359.511	2702.34
1155081343	354	359.048	2708.1
1155254143	352	373.294	2759.96
1155426944	394	367.701	2693.63
1155599744	318	339.743	2640.76
1155772544	296	328.6	2715.67
1155945344	354	356.605	2797.29
1156118144	347	353.251	2820.03
1156290944	185	186.42	1400.96
1156463744	423	399.622	2920.63
1156636545	381	385.302	2985.28
1156809345	352	368.922	2911.02
1156982145	400	398.391	2945.72
1157154945	354	369.084	2923.61
1157327745	174	195.669	1648.5
1157500545	360	376.41	2925.42
1157673345	440	398.853	3027.72
1157846146	420	422.152	3042.66
1158018946	390	400.243	3064.05
1158191746	412	393.804	3028.59
1158364546	406	393.326	3044.54
1158537346	428	394.187	2978.48
1158710146	417	380.385	2831.81
1158882947	431	417.756	3021.19
1159055747	373	393.118	3019.84
1159228547	403	424.977	3018.89
1159401347	390	390.329	3020.24
1159574147	443	409.25	2979.09
1159746947	438	417.196	3033.74
1159919747	412	394.703	2872.85
1160092548	412	395.119	2991.68
1160265348	429	398.542	2928.29
1160438148	383	389.127	2809.3
1160610948	371	370.657	2657.56
1160783748	399	391.861	2842.82
1160956548	389	390.828	2912.52
1161129348	267	264.299	1943.24
1161302149	254	258.25	1908.01
1161474949	396	386.403	2762.89
1161647749	414	402.729	2783.77
1161820549	378	379.295	2833.36
1161993349	412	398.724	2856.97
1162166149	445	387.291	2814.56
1162338950	403	368.998	2746.14
1162511750	383	379.813	2786.64
1162684550	404	404.009	2828.49
1162857350	371	380.582	2845.19
1163030150	405	385.093	2883.34
1163202950	398	381.587	2710.64
1163375750	415	417.337	2837.12
1163548551	442	415.372	2828.5
1163721351	366	385.678	2820.13
1163894151	302	339.524	2535.21
1164066951	448	390.203	2735.62
1164239751	400	401.69	2764.83
1164412551	389	400.443	2792.99
1164585351	397	374.234	2704.48
1164758152	415	400.839	2843.86
1164930952	389	425.882	2883.29
1165103752	366	351.765	2517.49
1165276552	407	359.404	2496.53
1165449352	386	357.426	2468.23
1165622152	361	373.787	2620.21
1165794952	359	371.784	2613.04
1165967753	384	386.116	2681.04
1166140553	443	434.234	2995.84
1166313353	437	452.554	3076.94
1166486153	444	457.009	3089.91
1166658953	517	477.156	3265.37
1166831753	492	522.589	3511.93
1167004554	509	505.645	3528.12
1167177354	528	523.654	3522.27
1167350154	487	513.129	3463.72
1167522954	39	29.988	200.229
1167695754	0	0	0
1167868554	0	0	0
1168041354	0	0	0
1168214155	0	0	0
1168386955	83	92.2763	633.094
1168559755	447	467.456	3240.73
1168732555	476	461.892	3236.93
1168905355	418	400.412	2780.79
1169078155	351	348.09	2378.33
1169250955	403	390.403	2707.35
1169423756	524	495.445	3383.27
1169596556	439	464.078	3163.03
1169769356	483	499.392	3449.32
1169942156	487	464.402	3260.56
1170114956	502	471.653	3343.28
1170287756	488	464.199	3244.12
1170460557	510	500.056	3412.3
1170633357	515	500.85	3435.04
1170806157	505	499.676	3505.96
1170978957	500	497.682	3561.47
1171151757	453	460.379	3335.08
1171324557	485	484.519	3322.54
1171497357	445	475.608	3218.9
1171670158	498	449.244	3278.57
1171842958	499	447.518	3228.82
1172015758	458	443.678	3270.81
1172188558	469	469.185	3306.94
1172361358	526	493.169	3345.49
1172534158	519	482.628	3320.12
1172706958	499	486.853	3410.32
1172879759	398	371.606	2742.07
1173052559	535	493.6	3511.96
1173225359	506	513.986	3592.21
1173398159	502	493.727	3482.34
1173570959	547	503.386	3581.15
1173743759	490	507.901	3556.35
1173916560	445	506.632	3607.11
1174089360	423	484.842	3520.43
1174262160	444	465.077	3297.88
1174434960	492	465.334	3251.78
1174607760	431	434.625	3158.12
1174780560	499	463.937	3314.65
1174953360	463	448.401	3263.79
1175126161	461	455.616	3364.35
1175298961	375	396.552	3002.29
1175471761	456	450.229	3279.9
1175644561	493	452.001	3321.6
1175817361	441	446.492	3315.76
1175990161	484	454.205	3361.98
1176162961	479	462.847	3373.28
1176335762	494	469.173	3475.27
1176508562	494	499.644	3517.78
1176681362	493	487.706	3476.39
1176854162	519	513.075	3576.94
1177026962	508	503.412	3707.38
1177199762	495	482.556	3670.18
1177372563	493	476.952	3579.92
1177545363	470	471.44	3666.15
1177718163	496	483.858	3738.62
1177890963	550	506.884	3724.68
1178063763	490	498.457	3730.59
1178236563	575	515.941	3754.41
1178409363	512	489.149	3727.85
1178582164	430	448.075	3663.73
1178754964	491	466.397	3744.43
1178927764	511	477.09	3813.09
1179100564	529	486.601	3809.16
1179273364	481	496.64	3817.83
1179446164	520	506.022	3970.37
1179618964	566	542.261	4105.36
1179791765	567	558.993	4426.41
1179964565	575	552.785	4478.29
1180137365	647	580.594	4514.39
1180310165	550	534.511	4465.76
1180482965	538	539.074	4420.7
1180655765	207	189.029	1472.65
1180828565	465	458.926	3657.97
1181001366	305	281.254	2206.39
1181174166	618	568.475	4478.32
1181346966	618	583.515	4450.57
1181519766	582	575.474	4369.45
1181692566	521	585.673	4407.7
1181865366	450	463.374	3813.16
1182038167	562	557.909	4449.22
1182210967	614	557.249	4323.32
1182383767	589	578.939	4420
1182556567	624	609.587	4637.73
1182729367	615	562.919	4607.51
1182902167	579	578.04	4639.2
1183074967	676	597.355	4753.7
1183247768	648	599.375	4777.16
1183420568	643	613.262	4788.78
1183593368	697	665.567	4784.34
1183766168	644	587.76	4487.14
1183938968	516	531.104	4735.73
1184111768	587	522.976	4600.26
1184284568	598	596.797	4660.41
1184457369	557	585.96	4679.77
1184630169	636	618.061	4702.05
1184802969	567	549.453	4026.98
1184975769	689	617.745	4714.23
1185148569	552	584.289	4533.25
1185321369	563	567.611	4410.44
1185494170	587	576.668	4631.56
1185666970	586	564.582	4694.31
1185839770	649	607.252	4714.49
1186012570	484	493.361	4211.98
1186185370	515	510.602	4400.48
1186358170	470	507.082	4070.91
1186530970	633	625.544	4656.68
1186703771	548	570.179	4733.88
1186876571	617	610.8	4694.61
1187049371	645	621.471	4506.71
1187222171	394	388.715	3144.67
1187394971	367	394.1	3407.4
1187567771	474	451.008	4021.68
1187740571	590	564.653	4588.28
1187913372	616	596.905	4702.37
1188086172	570	557.794	4645.37
1188258972	620	567.154	4582.68
1188431772	584	553.166	4597.56
1188604572	594	596.872	4643.76
1188777372	667	629.645	4604.72
1188950173	628	621.199	4599.25
1189122973	678	636.175	4708.24
1189295773	710	671.242	4744.67
1189468573	606	585.423	4425.97
1189641373	645	625.906	4705.3
1189814173	588	589.458	4724.66
1189986973	592	588.345	4589.52
1190159774	617	623.673	4717.95
1190332574	563	620.692	4787.45
1190505374	572	554.105	4393.82
1190678174	536	543.652	4350.6
1190850974	527	497.225	3782.93
1191023774	681	662.569	4936.54
1191196574	682	690.926	4875.95
1191369375	691	669.077	4852.28
1191542175	695	673.702	4833.55
1191714975	650	636.538	4839.91
1191887775	665	668.889	4814.26
1192060575	625	633.529	4829.43
1192233375	622	636.337	4784.8
1192406176	469	486.272	3766.78
1192578976	420	413.449	2983.27
1192751776	720	654.098	4728.03
1192924576	99	105.97	765.774
1193097376	0	0	0
1193270176	0	0	0
1193442976	0	0	0
1193615777	0	0	0
1193788577	0	0	0
1193961377	0	0	0
1194134177	0	0	0
1194306977	0	0	0
1194479777	0	0	0
1194652577	0	0	0
1194825378	0	0	0
1194998178	82	78.4816	591.356
1195170978	106	104.426	800.175
1195343778	0	0	0
1195516578	0	0	0
1195689378	505	487.045	3399.31
1195862178	227	247.72	1838.37
1196034979	136	140.704	948.637
1196207779	584	592.546	4106.34
1196380579	708	708.095	4849.36
1196553379	662	631.453	4520.46
1196726179	589	583.787	4134.54
1196898979	563	553.593	3998.56
1197071780	14	17.204	125.146
1197244580	519	508.484	3495.14
1197417380	660	657.224	4638.97
1197590180	688	691.803	4790.27
1197762980	689	663.942	4786.82
1197935780	648	684.284	4744.81
1198108580	758	694.239	4733.58
1198281381	268	269.501	1845.66
1198454181	644	649.646	4577.48
1198626981	419	433.032	3099.32
1198799781	336	315.833	2212.48
1198972581	376	321.69	2210.7
1199145381	0	0.565555	0
1199318181	440	420.944	2912.82
1199490982	560	514.082	3600.03
1199663782	646	662.518	4445.78
1199836582	710	661.81	4468.22
1200009382	713	633.937	4433.74
1200182182	688	650.962	4456.08
1200354982	674	661.557	4508.8
1200527783	688	671.67	4620.29
1200700583	735	697.412	4852.27
1200873383	664	695.174	4808.09
1201046183	599	573.344	4116.7
1201218983	660	633.916	4491.52
1201391783	560	511.498	3695.43
1201564583	527	551.572	3975.35
1201737384	590	586.414	4171.39
1201910184	655	640.921	4484.25
1202082984	467	449.333	3142.7
1202255784	537	526.378	3664.32
1202428584	406	374.646	2694.68
1202601384	597	565.707	4065.83
1202774184	623	578.87	4115.38
1202946985	651	648.943	4414.25
1203119785	652	643.247	4453.57
1203292585	622	584.599	4045.98
1203465385	601	615.752	4327.14
1203638185	557	596.18	4206.17
1203810985	638	603.892	4358.24
1203983786	567	576.435	4132.13
1204156586	634	600.259	4220.66
1204329386	612	582.701	4065.2
1204502186	542	558.241	3993.12
1204674986	648	603.466	4297.66
1204847786	565	543.182	3960.5
1205020586	568	589.054	4268.49
1205193387	597	578.913	4265.43
1205366187	630	603.976	4403.53
1205538987	536	522.928	3702.27
1205711787	589	581.296	4168.03
1205884587	658	622.329	4408.1
1206057387	602	609.539	4361.72
1206230187	587	588.482	4340.59
1206402988	645	606.929	4309.14
1206575788	598	603.718	4367.11
1206748588	588	585.84	4376.09
1206921388	635	614.325	4433.84
1207094188	650	604.36	4488.27
1207266988	609	621.477	4550.85
1207439789	696	656.434	4576.27
1207612589	546	545.442	3937.36
1207785389	662	644.696	4516.04
1207958189	635	639.489	4640.39
1208130989	498	528.592	4126.82
1208303789	621	617.494	4638.83
1208476589	638	621.474	4637.74
1208649390	681	669.668	4892.47
1208822190	705	667.176	4838.94
1208994990	658	666.323	4859.59
1209167790	702	661.148	4791.04
1209340590	633	640.023	4730.15
1209513390	590	589.639	4690.9
1209686190	581	564.812	4471.18
1209858991	465	491.397	3848.59
1210031791	623	603.675	4580.14
1210204591	627	591.554	4610.69
1210377391	595	593.816	4614.16
1210550191	428	444.875	3497.35
1210722991	486	468.015	3561.01
1210895792	701	641.795	4863.1
1211068592	685	689.883	4862.04
1211241392	708	691.105	4855.06
1211414192	709	672.055	4806.18
1211586992	577	630.736	4824.37
1211759792	640	644.005	4808.41
1211932592	546	534.867	4215.14
1212105393	507	529.736	4556.49
1212278193	543	566.389	4637.02
1212450993	598	607.941	4726.62
1212623793	617	611.976	4613.5
1212796593	649	599.43	4664.78
1212969393	584	591.739	4718.51
1213142193	654	626.956	4778.59
1213314994	614	610.402	4810.88
1213487794	525	558.46	4293.58
1213660594	467	449.645	3460.86
1213833394	626	652.054	5050.26
1214006194	602	591.629	4826.92
1214178994	588	568.411	4642.23
1214351794	639	626.361	4993.14
1214524595	711	677.563	5292.53
1214697395	759	696.945	5348.93
1214870195	713	701.639	5329.09
1215042995	704	649.206	5143.16
1215215795	773	776.852	5568.98
1215388595	732	721.127	5536.97
1215561396	767	740.224	5594.02
1215734196	649	662.59	5174.99
1215906996	666	616.345	4734.58
1216079796	768	739.394	5529.55
1216252596	779	778.689	5640.16
1216425396	647	627.02	4981.53
1216598196	758	711.845	5634.9
1216770997	638	642.132	5022.77
1216943797	759	693.792	5509.39
1217116597	684	662.016	5214.04
1217289397	450	420.664	3338.8
1217462197	339	369.918	2826.74
1217634997	762	769.355	5790.7
1217807797	795	762.999	5725.36
1217980598	722	728.453	5374.86
1218153398	690	717.112	5636.28
1218326198	721	714.666	5290.37
1218498998	733	737.485	5646.85
1218671798	773	742.377	5810.53
1218844598	823	786.058	5774.23
1219017399	706	689.2	5423.5
1219190199	765	736.188	5797.44
1219362999	680	687.45	5523.82
1219535799	600	594.77	4524.38
1219708599	825	820.547	5900.4
1219881399	761	723.085	5512.04
1220054199	824	789.101	5915.89
1220227000	873	814.336	5757.82
1220399800	689	747.002	5681.88
1220572600	711	719.945	5890.59
1220745400	747	733.326	5767.41
1220918200	735	701.148	5339.55
1221091000	741	725.71	5690.84
1221263800	747	720.054	5763.01
1221436601	824	751.046	5769.52
1221609401	777	767.356	5710.88
1221782201	709	703.353	5616.67
1221955001	712	727.816	5697.62
1222127801	813	773.289	5705.64
1222300601	814	780.612	5790.05
1222473402	780	812.201	5847.83
1222646202	743	777.531	5885.32
1222819002	803	807.206	5941.3
1222991802	837	798.803	5902.1
1223164602	307	295.534	2341.47
1223337402	753	747.841	5718.75
1223510202	791	790.916	5863.14
1223683003	802	804.209	5639.69
1223855803	797	779.345	5814.84
1224028603	794	738.119	5634.82
1224201403	742	769.932	5815.12
1224374203	779	806.097	5779.3
1224547003	826	814.268	5811.15
1224719803	829	780.593	5755.12
1224892604	798	806.602	5795.61
1225065404	768	791.757	5773.11
1225238204	764	777.517	5753.27
1225411004	881	804.872	5857.41
1225583804	850	818.718	5839.96
1225756604	826	818.267	5812.58
1225929405	862	838.131	5884.05
1226102205	389	367.505	2547.73
1226275005	315	360.14	2577.3
1226447805	631	640.706	4562.69
1226620605	827	843.807	5773.8
1226793405	667	683.271	5082.62
1226966205	678	637.434	4586.37
1227139006	819	816.931	5726.96
1227311806	882	838.369	5743.48
1227484606	849	830.947	5776.23
1227657406	767	773.401	5375.34
1227830206	854	829.77	5685.13
1228003006	740	700.717	5100.5
1228175806	753	720.665	5350.65
1228348607	834	795.261	5676.82
1228521407	595	590.828	4267.27
1228694207	327	304.643	2104.95
1228867007	718	662.745	4756.77
1229039807	767	792.243	5619.53
1229212607	794	778.639	5483.23
1229385407	790	791.481	5344.01
1229558208	784	779.077	5444.38
1229731008	775	810.301	5557.9
1229903808	774	762.254	5408.41
1230076608	862	773.466	5390
1230249408	806	778.264	5415.22
1230422208	670	649.286	4470.56
1230595009	683	638.903	4452.38
1230767809	189	203.758	1433.5
1230940609	535	512.433	3672.61
1231113409	794	744.339	5089.41
1231286209	705	715.222	4964.34
1231459009	797	738.354	5271.6
1231631809	700	680.562	4756.13
1231804610	668	646.575	4502.44
1231977410	814	745.071	5158.76
1232150210	636	606.128	4141.91
1232323010	765	720.216	5160.53
1232495810	774	742.448	5182.62
1232668610	759	730.001	5034.73
1232841410	760	741.319	5138.65
1233014211	727	727.629	5161.06
1233187011	736	738.927	5140.23
1233359811	758	733.753	5077.76
1233532611	695	700.401	4846.86
1233705411	764	755.9	5256.03
1233878211	778	757.756	5267.54
1234051012	737	745.648	5255.19
1234223812	778	776.189	5321.65
1234396612	783	778.228	5436.09
1234569412	822	751.885	5179.08
1234742212	839	792.12	5367.77
1234915012	759	712.766	4835.34
1235087812	658	652.366	4520.6
1235260613	757	725.242	5260.28
1235433413	722	700.9	5018.93
1235606213	759	760.589	5307.73
1235779013	730	730.463	5131.32
1235951813	759	753.94	5231.56
1236124613	801	751.788	5348.66
1236297413	807	770.707	5424.46
1236470214	772	772.393	5559.77
1236643014	750	767.851	5538.8
1236815814	748	764.537	5339.15
1236988614	826	783.841	5473.74
1237161414	789	778.471	5562.06
1237334214	823	771.192	5633.64
1237507015	732	777.967	5484.1
1237679815	530	513.216	3569.08
1237852615	826	768.158	5508.18
1238025415	793	774.801	5441.46
1238198215	819	791.889	5475.03
1238371015	816	809.758	5598.65
1238543815	638	721.638	5379.68
1238716616	795	777.049	5448.49
1238889416	792	759.824	5456.86
1239062216	726	769.971	5602.36
1239235016	757	754.587	5602.46
1239407816	778	762.775	5506.47
1239580616	748	771.844	5526.44
1239753416	786	752.197	5519.94
1239926217	407	383.162	2703.27
1240099017	0	0	0
1240271817	0	0	0
1240444617	0	0	0
1240617417	0	0	0
1240790217	0	0	0
1240963018	0	0	0
1241135818	0	0	0
1241308618	0	0	0
1241481418	0	0	0
1241654218	0	0	0
1241827018	0	0	0
1241999818	0	0	0
1242172619	0	0	0
1242345419	0	0	0
1242518219	0	0	0
1242691019	0	0	0
1242863819	0	0	0
1243036619	0	0	0
1243209419	0	0	0
1243382220	0	0	0
1243555020	0	0	0
1243727820	0	0	0
1243900620	0	0	0
1244073420	0	0	0
1244246220	0	0	0
1244419021	222	239.925	1905.63
1244591821	612	565.894	4516.92
1244764621	541	552.662	4503.93
1244937421	531	574.587	4191.65
1245110221	573	580.848	4548.3
1245283021	604	621.725	4433.95
1245455821	572	596.666	4388
1245628622	556	540.477	4344.94
1245801422	442	432.675	3612.97
1245974222	536	530.693	4337.94
1246147022	539	564.655	4294.45
1246319822	537	549.559	4252.65
1246492622	546	576.384	4439.32
1246665422	532	576.339	4274.44
1246838223	577	610.264	4506.03
1247011023	524	561.369	4510.6
1247183823	538	568.162	4470.57
1247356623	604	577.088	4495.94
1247529423	541	540.466	4462.46
1247702223	601	553.38	4405.43
1247875023	523	547.94	4393.75
1248047824	502	545.331	4180.43
1248220624	500	554.685	4243.03
1248393424	585	504.183	4279.54
1248566224	457	488.36	3922.05
1248739024	359	375.17	3017.75
1248911824	595	555.365	4515.41
1249084625	602	596.223	4753.05
1249257425	603	624.404	4799.27
1249430225	587	652.282	4792.94
1249603025	585	598.75	4871.68
1249775825	606	600.865	4945.03
1249948625	668	669.211	5047.92
1250121425	557	626.419	4542.77
1250294226	321	380.433	2726.41
1250467026	416	504.368	3950.42
1250639826	492	561.344	4304.79
1250812626	587	614.317	4745.49
1250985426	650	633.634	4721.07
1251158226	327	325.245	2421.6
1251331026	677	667.705	4887.48
1251503827	666	715.552	5039.54
1251676627	630	696.891	5118.81
1251849427	554	545.211	4149.86
1252022227	671	664.449	5233.64
1252195027	657	714.93	5262.88
1252367827	605	661.195	5218.12
1252540628	642	679.658	5499.59
1252713428	642	697.072	5495.99
1252886228	797	771.717	5630
1253059028	704	703.214	5388.45
1253231828	748	760.023	5754.96
1253404628	767	757.083	5808.28
1253577428	710	763.979	5805.82
1253750229	703	754.743	5782.05
1253923029	764	794.205	5900.86
1254095829	270	277.93	2303.07
1254268629	701	707.226	5789.94
1254441429	740	779.423	5834.99
1254614229	751	809.387	5844.91
1254787029	717	791.775	5884.15
1254959830	734	772.413	5939.04
1255132630	839	856.743	6036.7
1255305430	509	540.725	3921.38
1255478230	755	818.615	6014.98
1255651030	795	796.414	5962.72
1255823830	765	816.698	5977.57
1255996631	794	813.457	5940.41
1256169431	795	832.156	5964.39
1256342231	828	840.955	6011.65
1256515031	757	829.16	5977.29
1256687831	798	824.201	5847.2
1256860631	837	879.574	5999.55
1257033431	820	865.892	5964.46
1257206232	783	831.018	5958.64
1257379032	784	841.358	6058.13
1257551832	737	828.409	6022.64
1257724632	820	828.839	6000.25
1257897432	694	750.468	5471.57
1258070232	853	830.322	5780.33
1258243032	773	677.134	4895.59
1258415833	813	812.497	5630.49
1258588633	784	768.1	5426.08
1258761433	749	777.234	5462.63
1258934233	802	809.278	5517.07
1259107033	817	814.167	5540.98
1259279833	802	787.341	5568.71
1259452634	832	805.498	5531.99
1259625434	821	783.63	5428.96
1259798234	470	498.916	3534.09
1259971034	752	769.026	5349.66
1260143834	687	707.568	5181.53
1260316634	712	703.766	5086.89
1260489434	658	641.898	4574.73
1260662235	779	739.788	5201.43
1260835035	734	744.27	5239.14
1261007835	770	774.006	5286.53
1261180635	775	750.219	5184.72
1261353435	796	715.83	5060.83
1261526235	675	663.804	4525.97
1261699035	709	730.146	5060.61
1261871836	729	753.626	5111.1
1262044636	654	628.753	4289.97
1262217436	704	698.333	4863.23
1262390236	746	719.461	4993.47
1262563036	786	727.764	4918.29
1262735836	739	755.042	5227.6
1262908636	774	763.237	5315.16
1263081437	761	755.705	5207.33
1263254237	791	771.027	5323
1263427037	759	739.663	5272.14
1263599837	787	770.698	5275.19
1263772637	741	750.971	5176.86
1263945437	689	684.042	4758.98
1264118238	636	670.124	4582.8
1264291038	758	728.796	4970.71
1264463838	691	687.305	4728.82
1264636638	676	710.165	4777.68
1264809438	692	646.593	4397.81
1264982238	737	723.824	4958.45
1265155038	810	719.283	4699.88
1265327839	743	716.602	4939.48
1265500639	672	650.485	4389.56
1265673439	690	694.823	4716.26
1265846239	780	729.653	5006.35
1266019039	705	691.133	4694.91
1266191839	632	635.493	4462.81
1266364639	749	701.556	4861.61
1266537440	734	728.058	4937.45
1266710240	644	686.932	4828.48
1266883040	721	702.749	4824.02
1267055840	643	654.71	4815.47
1267228640	634	637.81	4570.16
1267401440	687	672.078	4783.56
1267574241	685	677.925	4756.77
1267747041	688	674.417	4774.93
1267919841	718	697.537	4738.68
1268092641	651	671.307	4731.82
1268265441	692	659.162	4666.69
1268438241	635	598.98	4133.89
1268611041	528	520.316	3632.58
1268783842	576	545.956	3873.35
1268956642	640	665.599	4671.79
1269129442	654	668.307	4706.28
1269302242	713	682.446	4816.96
1269475042	705	679.456	4858.78
1269647842	618	581.754	4116.82
1269820642	447	434.185	3063.47
1269993443	477	464.58	3234.65
1270166243	477	463.559	3368
1270339043	417	414.586	3278.55
1270511843	450	427.395	3250.25
1270684643	421	431.205	3193.69
1270857443	531	511.307	3706.8
1271030244	563	574.11	4184.03
1271203044	535	514.948	4041.53
1271375844	565	523.879	3895.58
1271548644	610	539.772	3954.35
1271721444	545	517.945	3804.33
1271894244	503	529.194	4107.47
1272067044	509	477.616	3732.8
1272239845	547	552.742	4244.67
1272412645	567	539.508	4104.2
1272585445	520	523.938	4047.02
1272758245	650	572.195	4214.2
1272931045	577	547.051	4101.87
1273103845	553	534.922	3951.27
1273276645	557	543.601	4369.68
1273449446	558	566.894	4548.84
1273622246	613	600.794	4605.47
1273795046	636	634.888	4611.71
1273967846	495	490.552	3954.94
1274140646	537	562.407	4370.23
1274313446	646	590.603	4598.42
1274486247	554	546.116	4171.09
1274659047	573	571.497	4452.54
1274831847	448	418.035	3234.16
1275004647	498	520.062	4079.34
1275177447	538	516.7	4057.19
1275350247	540	552.063	4470.86
1275523047	622	588.911	4607.46
1275695848	630	579.136	4651.98
1275868648	580	592.391	4644.24
1276041448	559	519.982	4184.37
1276214248	472	452.009	3483.99
1276387048	492	475.348	3688.4
1276559848	635	316.291	2339.65
1276732648	590	606.425	4679.62
1276905449	584	594.993	4471.77
1277078249	581	600.818	4631.36
1277251049	651	660.527	4682.83
1277423849	550	578.193	4549.4
1277596649	596	573.029	4656.97
1277769449	618	563.977	4457.54
1277942250	602	575.381	4276.73
1278115050	657	619.774	4705.45
1278287850	655	649.478	4855.5
1278460650	637	618.34	4765.76
1278633450	636	625.624	4784.3
1278806250	637	624.224	4718.88
1278979050	528	508.73	4249.86
1279151851	473	471.942	4142.39
1279324651	395	412.553	3785.88
1279497451	518	531.552	4627.65
1279670251	555	567.979	4573.76
1279843051	617	588.757	4751.59
1280015851	558	577.539	4694.16
1280188651	571	593.049	4699.44
1280361452	619	616.559	4855.64
1280534252	642	664.546	5175.03
1280707052	552	582.074	4990.65
1280879852	480	492.077	4376.93
1281052652	484	470.942	3833.86
1281225452	484	497.168	4003.22
1281398252	609	596.642	4826.57
1281571053	690	691.676	5316.6
1281743853	526	566.882	4806.71
1281916653	637	663.694	5187.52
1282089453	705	723.311	5276.27
1282262253	676	681.702	5291.09
1282435053	691	721.305	5334.92
1282607854	698	704.558	5323.4
1282780654	747	733.121	5517.45
1282953454	796	776.042	5557.87
1283126254	685	705.087	5529.17
1283299054	656	685.42	5447.16
1283471854	628	648.744	5321.12
1283644654	685	697.498	5494.63
1283817455	729	722.362	5556.28
1283990255	743	759.149	5609.29
1284163055	789	747.55	5671.6
1284335855	703	724.113	5542.77
1284508655	696	724.782	5509.38
1284681455	729	722.389	5614.27
1284854255	747	740.103	5537.38
1285027056	730	751.733	5535.79
1285199856	769	732.798	5526.16
1285372656	694	728.974	5356.5
1285545456	643	707.391	5081.52
1285718256	743	701.861	5245.53
1285891056	693	719.41	5526.11
1286063857	726	727.06	5505.32
1286236657	794	755.16	5513.49
1286409457	736	747.124	5633.73
1286582257	721	769.947	5859.55
1286755057	805	800.658	5885.15
1286927857	823	822.417	5816.71
1287100657	734	801.755	5993.51
1287273458	789	804.222	6144.6
1287446258	798	824.837	6011.49
1287619058	902	877.385	6230.44
1287791858	912	885.472	6445.62
1287964658	906	874.284	6451.82
1288137458	881	924.459	6452.15
1288310258	791	852.157	6118.87
1288483059	753	724.342	5305.81
1288655859	832	878.817	6339.85
1288828659	861	919.588	6440.31
1289001459	888	920.171	6508.45
1289174259	843	875.965	6224.43
1289347059	718	754.782	5704.78
1289519860	848	890.255	6400.95
1289692660	854	870.331	6314.77
1289865460	824	852.706	6237.95
1290038260	891	895.902	6279.85
1290211060	767	807.696	5636.51
1290383860	869	861.16	6200.71
1290556660	917	897.049	6263.42
1290729461	607	700.41	4893.7
1290902261	869	883.704	6317.28
1291075061	858	877.539	6210.62
1291247861	893	899.222	6204.11
1291420661	850	881.191	6246.45
1291593461	877	861.493	6064.1
1291766261	917	889.093	6190.66
1291939062	878	902.273	6139.23
1292111862	832	848.755	6200.62
1292284662	871	879.281	6144.19
1292457462	843	890.892	6080.78
1292630262	874	878.498	6113.88
1292803062	889	876.291	6138.14
1292975863	937	921.517	6316.09
1293148663	1008	940.753	6419.97
1293321463	965	938.824	6417.5
1293494263	974	913.31	6337.02
1293667063	792	816.53	5804.97
1293839863	827	829.127	5802.39
1294012663	823	821.685	5751.16
1294185464	796	805.214	5794.86
1294358264	861	849.9	5969
1294531064	811	870.483	6197.61
1294703864	852	883.301	6090.81
1294876664	881	825.253	5532.03
1295049464	891	911.767	6262.36
1295222264	812	858.683	5912.46
1295395065	951	901.493	6170.75
1295567865	891	893.438	6189.89
1295740665	947	916.953	6303.56
1295913465	945	902.941	6143.88
1296086265	929	900.938	6204.27
1296259065	788	723.291	5081.41
1296431865	928	924.466	6400.34
1296604666	918	925.951	6445.88
1296777466	1012	924.596	6362.28
1296950266	863	899.458	6337.81
1297123066	905	878.983	6274.49
1297295866	800	799.035	5783.48
1297468666	893	869.073	6190.57
1297641467	794	823.813	5854.17
1297814267	851	866.497	5944.11
1297987067	852	838.531	6058.24
1298159867	809	801.848	5881.31
1298332667	828	824.25	5761.55
1298505467	768	735.637	5262.56
1298678267	748	727.352	5262.26
1298851068	898	850.948	6010.66
1299023868	810	820.88	5638.26
1299196668	776	799.455	5699.99
1299369468	806	820.63	5787.94
1299542268	764	805.462	5663.6
1299715068	889	857.469	5928.04
1299887868	692	707.379	5005.11
1300060669	711	715.553	5285.18
1300233469	584	612.4	4438.43
1300406269	766	768.196	5610.88
1300579069	785	761.514	5464.5
1300751869	711	727.525	5089.81
1300924669	713	748.45	5498.52
1301097470	820	835.343	6015.75
1301270270	813	795.237	5985.42
1301443070	850	825.243	5956.16
1301615870	787	834.416	6064.23
1301788670	868	821.803	6033.64
1301961470	790	810.794	5898.36
1302134270	783	790.742	5706.9
1302307071	823	391.155	2964.39
1302479871	797	400.438	2872.65
1302652671	827	841.631	5881.28
1302825471	631	619.142	4700.68
1302998271	820	783.817	5905.9
1303171071	803	776.94	5872.42
1303343871	817	809.353	5871.23
1303516672	722	754.345	5479.64
1303689472	631	598.032	4510.63
1303862272	676	675.048	5066.49
1304035072	675	672.325	5298.85
1304207872	711	730.569	5809.93
1304380672	718	742.939	5836.8
1304553473	809	767.703	5731.06
1304726273	703	708.09	5343.84
1304899073	513	501.302	3803.86
1305071873	805	714.198	5340.43
1305244673	730	718.476	5560.64
1305417473	714	675.44	5183.94
1305590273	700	701.558	5255.78
1305763074	759	779.116	5703.7
1305935874	759	760.352	5732.94
1306108674	705	726.374	5660.41
1306281474	717	727.62	5653.97
1306454274	745	715.934	5730.67
1306627074	747	747.454	5890.45
1306799874	729	732.458	5814.52
1306972675	775	771.283	5980.66
1307145475	718	743.429	6006.98
1307318275	773	776.701	5930.19
1307491075	761	791.211	5869.26
1307663875	724	738.076	5517.67
1307836675	801	781.56	5781.29
1308009476	764	747.21	5956.23
1308182276	798	774.727	5908.68
1308355076	645	683.206	5350.22
1308527876	482	522.69	3964.99
1308700676	578	564.622	4596.99
1308873476	680	319.314	2555.8
1309046276	632	332.439	2903.45
1309219077	779	727.773	5832.79
1309391877	747	781.889	5840.31
1309564677	613	618.818	5311.8
1309737477	523	475.529	3983.02
1309910277	713	711.847	5871.93
1310083077	739	735.021	5798.11
1310255877	816	806.159	5981.11
1310428678	682	677.385	5032.87
1310601478	788	828.374	6068.45
1310774278	756	785.305	5974.67
1310947078	658	700.359	5774.02
1311119878	694	690.334	5638.05
1311292678	824	755.462	5968.84
1311465478	798	777.582	5981.75
1311638279	781	770.769	5939.76
1311811079	801	813.898	6048.41
1311983879	721	694.849	5586.48
1312156679	604	582.881	5041.2
1312329479	734	734.076	5922.83
1312502279	778	772.657	5932.56
1312675080	793	777.49	5942.78
1312847880	694	766.337	5841.63
1313020680	786	819.749	5915.3
1313193480	786	808.689	6065.99
1313366280	758	794.024	6085.57
1313539080	793	804.51	6081.83
1313711880	658	709.65	5744.92
1313884681	634	636.123	5425.08
1314057481	762	744.392	5897.58
1314230281	728	776.244	6031.6
1314403081	799	824.205	6128.03
1314575881	787	809.457	6155.02
1314748681	734	761.262	6151.38
1314921481	832	838.006	6248.16
1315094282	726	790.022	5852.77
1315267082	671	732.88	5724.44
1315439882	814	807.427	6297.56
1315612682	837	865.63	6326.82
1315785482	784	840.872	6314.41
1315958282	809	831.659	6304.74
1316131083	828	881.372	6233.12
1316303883	826	765.526	6115.02
1316476683	717	751.906	5727.9
1316649483	812	807.846	6002.35
1316822283	810	785.781	5996.56
1316995083	760	755.437	5657.13
1317167883	789	820.922	5794.71
1317340684	788	822.703	5963.71
1317513484	587	585.199	4382.04
1317686284	721	751.303	5552.19
1317859084	867	878.809	6226.73
1318031884	697	775.944	5876.1
1318204684	813	855.886	6322.8
1318377484	820	888.571	6414.94
1318550285	691	684.062	5140.91
1318723085	862	899.049	6566.26
1318895885	813	841.684	6280.46
1319068685	908	869.755	6309.85
1319241485	826	871.53	6271.78
1319414285	855	0	0
1319587086	851	868.742	6507.36
1319759886	850	919.199	6566.96
1319932686	870	881.67	6508.9
1320105486	926	917.515	6520.74
1320278286	972	962.152	6770.94
1320451086	894	949.128	6768.91
1320623886	921	984.932	6777.38
1320796687	884	968.117	6753.48
1320969487	930	927.968	6736.49
1321142287	886	911.893	6549.56
1321315087	931	894.448	6514.45
1321487887	863	832.08	6005.49
1321660687	860	923.253	6477.77
1321833487	933	906.314	6493.52
1322006288	935	943.292	6470.52
1322179088	935	947.669	6599.02
1322351888	990	960.755	6637.44
1322524688	900	883.699	6230.77
1322697488	946	934.105	6696.57
1322870288	936	969.892	6654.04
1323043089	967	950.096	6661.48
1323215889	810	846.13	5946.62
1323388689	964	936.567	6500.89
1323561489	975	961.218	6616.06
1323734289	905	929.637	6660.25
1323907089	951	930.746	6568.6
1324079889	925	928.921	6497.33
1324252690	867	864.433	5849.92
1324425490	990	960.992	6511.94
1324598290	864	924.514	6579.72
1324771090	817	833.592	6171.35
1324943890	856	864.717	5975.44
1325116690	943	958.076	6570.59
1325289490	936	943.746	6478.28
1325462291	62	64.8422	428.715
1325635091	910	938.062	6404.89
1325807891	939	933.917	6478.71
1325980691	962	942.619	6351.34
1326153491	607	658.068	4371.14
1326326291	515	546.084	3825.68
1326499092	635	629.183	4294.76
1326671892	532	556.174	3863.86
1326844692	542	562.982	3940.77
1327017492	534	537.156	3679.83
1327190292	751	763.887	5327.8
1327363092	714	742.989	5223.6
1327535892	112	111.773	759.78
1327708693	834	873.556	5882.69
1327881493	926	885.572	5956.3
1328054293	624	627.331	4371.73
1328227093	731	820.078	5674.61
1328399893	876	890.47	6040.17
1328572693	673	720.124	4873.56
1328745493	768	779.248	5545.71
1328918294	911	904.153	6295.71
1329091094	339	330.62	2227.59
1329263894	367	377.989	2602.99
1329436694	823	902.267	6109.81
1329609494	838	826.803	5702.72
1329782294	814	825.986	5816.94
1329955094	873	888.174	6286.22
1330127895	889	906.177	6225.53
1330300695	892	895.168	6239.94
1330473495	813	847.468	5946.94
1330646295	866	854.892	6158.66
1330819095	869	906.046	6181.74
1330991895	888	886.005	6125.92
1331164696	907	883.025	6168.16
1331337496	674	689.928	4676.63
1331510296	878	905.81	6153.73
1331683096	870	856.877	6232.12
1331855896	867	879.859	6216.18
1332028696	928	914.85	6272.74
1332201496	875	878.264	6273.52
1332374297	890	869.039	6247.67
1332547097	866	877.37	6323.3
1332719897	854	847.162	6254.91
1332892697	803	821.416	6181.18
1333065497	860	892.22	6493.99
1333238297	855	841.897	5968.56
1333411097	61	79.2793	540.198
1333583898	884	873.688	6269.65
1333756698	924	901.129	6396.38
1333929498	767	786.544	5666.04
1334102298	401	428.201	3122.77
1334275098	854	844.444	6068.44
1334447898	841	863.455	6340.51
1334620699	881	866.633	6319.82
1334793499	834	863.194	6295.34
1334966299	805	828.021	6263.89
1335139099	791	821.148	6381.05
1335311899	882	870.466	6450.68
1335484699	799	832.527	6423.32
1335657499	728	788.754	6154.67
1335830300	808	827.959	6103.95
1336003100	885	883.943	6368.02
1336175900	826	855.725	6366.94
1336348700	899	870.304	6369.94
1336521500	814	849.881	6297.41
1336694300	821	844.224	6242.29
1336867100	776	826.249	6217.03
1337039901	777	841.79	6210.04
1337212701	826	843.712	6308.64
1337385501	824	838.48	6409.49
1337558301	833	816.369	6288.75
1337731101	868	822.65	6490.58
1337903901	919	852.391	6593.81
1338076702	881	877.891	6406.08
1338249502	903	907.804	6520.93
1338422302	863	843.943	6553.54
1338595102	835	889.761	6531.47
1338767902	834	835.848	6535.06
1338940702	822	799.764	6506.85
1339113502	736	778.141	6526.88
1339286303	814	814.957	6394.38
1339459103	874	889.32	6396.27
1339631903	821	828.453	6195.41
1339804703	760	796.809	6340.32
1339977503	630	672.02	5160.47
1340150303	813	853.949	6527.28
1340323103	381	410.885	3086.01
1340495904	800	850.118	6361.33
1340668704	855	807.254	6379.51
1340841504	845	888.518	6504.11
1341014304	765	792.297	5887.12
1341187104	712	722.679	5568.75
1341359904	753	753.656	5950.97
1341532705	757	794.186	6463.71
1341705505	747	784.777	6321.47
1341878305	826	801.107	6391.32
1342051105	764	837.484	6338.34
1342223905	789	797.442	6368.45
1342396705	697	664.269	5506.43
1342569505	832	779.424	6244.91
1342742306	853	841.59	6330.13
1342915106	821	826.297	6263.96
1343087906	718	718.554	5720.78
1343260706	772	740.721	5890.11
1343433506	620	636.123	4883.36
1343606306	753	750.71	6250.55
1343779106	833	785.329	6247.16
1343951907	789	794.439	6152.33
1344124707	736	769.444	6240.95
1344297507	779	801.948	6176.44
1344470307	320	347.798	2658.93
1344643107	0	0	0
1344815907	334	351.942	2764
1344988707	832	821.545	6255.35
1345161508	827	854.845	6474.01
1345334308	828	822.113	6376.81
1345507108	832	790.093	6039.14
1345679908	843	853.946	6390.74
1345852708	748	765.671	6399.79
1346025508	762	763.56	6328.4
1346198309	850	836.172	6390.44
1346371109	850	832.67	6322.14
1346543909	835	833.333	6292.2
1346716709	862	831.309	6262.2
1346889509	727	798.075	6153.29
1347062309	493	516.877	3795.1
1347235109	217	210.499	1579.24
1347407910	850	840.455	6303.72
1347580710	873	885.756	6306.45
1347753510	841	866.207	6219.39
1347926310	792	803.048	6046.98
1348099110	821	830.062	6159.28
1348271910	757	820.101	6162.7
1348444710	754	736.374	5474.05
1348617511	578	583.79	4634.26
1348790311	762	811.848	5999.47
1348963111	778	803.516	5935.25
1349135911	823	797.324	6017.01
1349308711	845	812.063	6018.1
1349481511	864	836.681	6033.19
1349654312	723	762.192	5884.5
1349827112	732	780.834	5955.55
1349999912	787	812.244	5966.91
1350172712	802	817.584	5839.95
1350345512	759	785.198	5754.81
1350518312	864	826.094	5912.53
1350691112	766	831.449	5923.16
1350863913	783	818.608	5928.3
1351036713	773	811.694	5917.87
1351209513	769	742.875	5321.85
1351382313	837	821.823	5888.29
1351555113	737	705.442	5021.25
1351727913	730	734.507	5270.18
1351900713	883	884.763	6330.15
1352073514	891	892.371	6283.01
1352246314	957	928.065	6344.14
1352419114	880	910.015	6252.56
1352591914	803	830.859	6310.93
1352764714	818	857.898	6290.14
1352937514	852	885.158	6198.83
1353110315	751	737.585	5301.75
1353283115	889	877.979	6244.82
1353455915	846	897.033	6123.62
1353628715	820	850.975	6180.22
1353801515	837	850.1	6163.97
1353974315	855	879.77	6175.39
1354147115	615	609.626	4211.32
1354319916	688	644.599	4613.59
1354492716	726	714.753	4859.12
1354665516	905	895.787	6151.07
1354838316	778	791.622	5568.22
1355011116	828	877.984	6096.38
1355183916	687	683.914	4638.69
1355356716	637	645.449	4457.59
1355529517	864	878.549	6012.34
1355702317	887	866.678	5893.6
1355875117	834	858.124	5868.07
1356047917	778	807.656	5844.38
1356220717	854	870.274	5853.58
1356393517	834	863.923	5797.88
1356566318	771	803.663	5779.77
1356739118	877	831.828	5782.36
1356911918	854	849.901	5759.62
1357084718	791	786.16	5716.57
1357257518	800	847.313	5792.51
1357430318	832	833.837	5732.01
1357603118	870	905.507	6088.17
1357775919	939	945.274	6457.59
1357948719	947	940.833	6264.78
1358121519	547	541.077	3770.39
1358294319	924	922.183	6256.25
1358467119	769	768.982	5423.14
1358639919	624	663.06	4823.12
1358812719	855	862.674	6038.24
1358985520	919	904.834	6190.21
1359158320	906	907.534	6385.27
1359331120	779	740.498	5201.29
1359503920	903	872.291	6177.44
1359676720	830	805.567	5454.99
1359849520	838	880.151	6241.74
1360022321	594	595.557	4048.6
1360195121	409	426.095	2921.45
1360367921	593	559.315	3874.26
1360540721	459	421.666	2892.81
1360713521	452	438.903	2982.79
1360886321	654	653.076	4498.93
1361059121	891	894.274	6171.78
1361231922	845	825.852	6114.97
1361404722	782	854.17	6099.37
1361577522	868	928.724	6389.94
1361750322	883	901.2	6476.57
1361923122	907	894.642	6365.35
1362095922	882	933.365	6369.79
1362268722	854	883.671	6460.45
1362441523	888	909.219	6475.29
1362614323	954	938.24	6505.01
1362787123	865	928.671	6490.93
1362959923	864	914.263	6448.86
1363132723	831	870.622	6385.96
1363305523	717	776.054	6035.84
1363478323	706	789.868	5935.08
1363651124	838	857.872	6232.93
1363823924	891	878.177	6330.75
1363996724	905	875.448	6391.5
1364169524	848	885.837	6358.9
1364342324	870	853.733	6259.46
1364515124	854	888.562	6289.43
1364687925	858	856.564	6237.39
1364860725	576	541.339	4104.69
1365033525	495	527.181	3882.78
1365206325	833	853.937	6087.78
1365379125	763	793.486	5873.41
1365551925	854	877.061	6261.37
1365724725	850	850.183	6349.02
1365897526	824	835.041	6281.95
1366070326	885	862.282	6272.19
1366243126	831	866.154	6200.73
1366415926	860	869.267	6230.41
1366588726	813	858.591	6229.75
1366761526	859	853.155	6205.06
1366934326	776	759.72	5499.35
1367107127	746	791.859	5971.66
1367279927	802	819.614	6082.68
1367452727	776	849.14	6134.01
1367625527	853	825.512	6158.74
1367798327	735	789.611	6038.13
1367971127	853	798.486	6024.8
1368143928	856	847.673	6064.69
1368316728	790	795.987	6050.51
1368489528	752	784.278	5982.32
1368662328	704	728.248	5896.28
1368835128	749	721.263	5660.19
1369007928	703	684.868	5351.3
1369180728	767	773.003	5964.18
1369353529	731	720.681	5483.9
1369526329	857	830.972	6224.31
1369699129	811	781.577	5706.58
1369871929	763	772.903	5704.49
1370044729	811	850.773	6159.49
1370217529	786	783.466	6025.47
1370390329	853	823.233	6160.13
1370563130	825	802.252	6115.06
1370735930	665	646.049	5038.05
1370908730	833	799.978	6159.53
1371081530	809	805.105	6229.23
1371254330	772	789.089	6113.41
1371427130	726	743.143	5724.9
1371599931	687	728.632	5790.55
1371772731	709	694.992	5462.13
1371945531	743	781.033	6069.55
1372118331	798	755.963	5998.49
1372291131	875	821.401	6134.3
1372463931	763	783.709	5974.12
1372636731	730	711.029	5680.47
1372809532	887	843.622	6062.58
1372982332	778	788.973	6081.12
1373155132	738	723.564	5844.16
1373327932	502	516.795	4106.97
1373500732	433	462.677	3501.77
1373673532	685	664.854	5136.66
1373846332	785	752.132	5784.84
1374019133	832	827.925	6166.8
1374191933	683	694.345	5554.29
1374364733	661	735.686	5976.89
1374537533	731	717.397	6008.45
1374710333	856	770.76	6122.35
1374883133	779	764.647	5919.87
1375055934	803	778.314	6067.18
1375228734	813	810.285	6109.8
1375401534	729	724.532	5772.87
1375574334	835	818.904	6252.08
1375747134	773	849.675	6276.69
1375919934	812	818.233	6246.71
1376092734	739	734.774	5980.65
1376265535	782	808.828	6060.8
1376438335	671	700.778	5836.63
1376611135	813	811.123	6318.32
1376783935	871	844.454	6528.99
1376956735	847	869.263	6391.61
1377129535	683	704.785	5420.32
1377302335	373	372.842	3061.11
1377475136	1	0	0
1377647936	706	718.174	5513.83
1377820736	724	730.746	5314.25
1377993536	828	800.624	5845.07
1378166336	722	766.861	5878.19
1378339136	715	702.207	5245.71
1378511936	826	833.25	6029.03
1378684737	698	656.219	4673.25
1378857537	792	727.023	5138.73
1379030337	729	765.864	5974.18
1379203137	659	705.026	5740.5
1379375937	678	694.784	5647.53
1379548737	568	543.778	4207.22
1379721538	820	813.22	6156.22
1379894338	716	730.234	6130.42
1380067138	743	782.932	6159.44
1380239938	836	822.553	6226.85
1380412738	818	768.078	6263.4
1380585538	665	705.187	5419.14
1380758338	754	738.963	5626.05
1380931139	833	809.477	6182.01
1381103939	790	826.034	6119.37
1381276739	837	826.741	5963.82
1381449539	801	855.155	6347.45
1381622339	201	197.115	1491.3
1381795139	166	163.229	1179.31
1381967939	305	344.792	2464.18
1382140740	875	912.235	6338.35
1382313540	908	893.764	6395.94
1382486340	831	887.17	6408.23
1382659140	801	835.463	6273.01
1382831940	863	877.478	6358.25
1383004740	957	908.655	6388.2
1383177541	503	552.456	3800.64
1383350341	869	872.159	6376.35
1383523141	831	870.751	6170.82
1383695941	828	860.406	5963.91
1383868741	865	887.245	6315.88
1384041541	847	873.024	6272.93
1384214341	899	894.163	6331.68
1384387142	975	924.117	6326.98
1384559942	855	881.342	6309.75
1384732742	892	901.657	6262.97
1384905542	891	868.762	6209.32
1385078342	819	854.634	5952.48
1385251142	923	910.265	6166.72
1385423942	828	812.868	6026.87
1385596743	788	844.585	6045.23
1385769543	679	712.285	5023.61
1385942343	865	867.633	6067.18
1386115143	901	879.484	6112.86
1386287943	958	908.275	6350.3
1386460743	864	878.001	5975.02
1386633544	885	885.388	6343.28
1386806344	836	892.429	6186
1386979144	840	813.47	5485.27
1387151944	687	742.71	5153.5
1387324744	835	812.93	5542.9
1387497544	671	687.273	4776.02
1387670344	872	864.391	5929.4
1387843145	727	759.403	5138
1388015945	802	800.302	5394.33
1388188745	711	693.005	4745.27
1388361545	928	917.343	6118.12
1388534345	937	898.912	6104.62
1388707145	857	865	6078.31
1388879945	427	432.598	3036.95
1389052746	908	893.973	6039.93
1389225546	849	891.975	6034.28
1389398346	859	855.452	6021.62
1389571146	890	873.185	6040.07
1389743946	853	891.027	6037.26
1389916746	904	917.511	6182.86
1390089547	842	856.085	5858.09
1390262347	944	937.495	6200.27
1390435147	811	831.106	5495.77
1390607947	765	787.638	5788.97
1390780747	803	843.232	5817.42
1390953547	839	823.922	5802.88
1391126347	907	899.346	6098.47
1391299148	898	889.474	6056.57
1391471948	818	883.079	6001.2
1391644748	700	704.202	4804.94
1391817548	877	893.368	6037.71
1391990348	753	793.806	5506.68
1392163148	830	850.619	5888.7
1392335948	677	681.197	5106.39
1392508749	319	339.507	2509.99
1392681549	559	565.927	4030.5
1392854349	621	650.506	4575.63
1393027149	721	735.517	5279.57
1393199949	805	819.215	5822.44
1393372749	698	715.446	5440.79
1393545550	752	714.222	5083.59
1393718350	727	706.108	5209.23
1393891150	828	816.68	5842.42
1394063950	769	808.873	5855.8
1394236750	833	825.942	5842.82
1394409550	732	799.162	5617.7
1394582350	764	793.404	5613.1
1394755151	831	822.568	5855
1394927951	803	845.076	5822.8
1395100751	742	780.164	5720.44
1395273551	902	857.338	6081.42
1395446351	836	835.115	6215.11
1395619151	911	873.392	6279.42
1395791951	866	848.29	6335.87
1395964752	819	853.59	6034.75
1396137552	841	861.413	5916.28
1396310352	846	834.905	6237.01
1396483152	798	830.237	6097.53
1396655952	868	889.289	6340.1
1396828752	724	759.728	5401.01
1397001552	704	751.499	5400.1
1397174353	854	874.231	6467.23
1397347153	854	846.04	6524.27
1397519953	500	496.019	3741.81
1397692753	552	546.082	4123.32
1397865553	827	825.918	6298.65
1398038353	840	830.924	6317.05
1398211154	567	601.099	4482.44
1398383954	801	826.304	6061.92
1398556754	961	872.561	6334.28
1398729554	794	837.447	6431.68
1398902354	799	886.329	6375.07
1399075154	840	877.083	6362.06
1399247954	890	870.964	6398.03
1399420755	858	835.197	6234.84
1399593555	826	863.593	6393.51
1399766355	843	830.911	6159.02
1399939155	841	833.488	6210.53
1400111955	863	853.19	6278.16
1400284755	760	731.064	5570.05
1400457555	811	817.271	6350.64
1400630356	808	830.047	6251.71
1400803156	766	775.828	6324.75
1400975956	792	778.834	6110.29
1401148756	796	782.499	6116.21
1401321556	857	863.072	6251.75
1401494356	890	849.588	6564.86
1401667157	873	877.925	6599.14
1401839957	916	945.257	6652.91
1402012757	845	875.966	6632.45
1402185557	875	884.725	6622.59
1402358357	899	877.973	6597.77
1402531157	870	897.275	6446.12
1402703957	805	795.499	6453.68
1402876758	883	834.112	6505.52
1403049558	807	798.443	6505.88
1403222358	888	810.353	6432.45
1403395158	911	848.199	6346.29
1403567958	824	799.467	6261.89
1403740758	821	809.587	6475.12
1403913558	784	779.846	6552.11
1404086359	825	818.405	6473.5
1404259159	821	845.491	6407.61
1404431959	815	833.109	6441.53
1404604759	793	802.596	6400.02
1404777559	826	793.876	6396.38
1404950359	786	789.825	6372.21
1405123160	808	807.94	6305.35
1405295960	878	834.144	6362.01
1405468760	758	805.943	6142.77
1405641560	844	776.423	6264.59
1405814360	789	738.422	5661.78
1405987160	780	761.937	5837.2
1406159960	760	717.725	5984.47
1406332761	719	780.183	6200.54
1406505561	762	792.399	6114.27
1406678361	751	814.92	6084.86
1406851161	823	854.215	6165.81
1407023961	796	864.437	6227.99
1407196761	833	810.852	6278.02
1407369561	775	790.855	6221.41
1407542362	826	798.078	6247.65
1407715162	792	817.828	6252.98
1407887962	778	758.297	6310.64
1408060762	830	817.436	6395.43
1408233562	834	834.7	6326.98
1408406362	902	860.156	6275.15
1408579163	902	872.102	6317.53
1408751963	828	813.022	5919.21
1408924763	841	829.791	6383.6
1409097563	793	806.93	6395.24
1409270363	870	853.957	6457.09
1409443163	885	878.915	6503.32
1409615963	905	897.378	6557.49
1409788764	836	864.119	6284.75
1409961564	856	856.974	6459.22
1410134364	917	893.988	6536.91
1410307164	875	852.266	6402.19
1410479964	817	870.665	6600.22
1410652764	871	843.967	6372.81
1410825564	897	865.96	6452.53
1410998365	773	850.885	6246.07
1411171165	864	875.891	6563.86
1411343965	962	917.752	6652.83
1411516765	838	868.196	6458.57
1411689565	855	883.082	6627.1
1411862365	934	928.526	6635.58
1412035165	880	886.32	6498.66
1412207966	849	883.194	6587.94
1412380766	809	897.889	6463.07
1412553566	816	786.648	5767.33
1412726366	983	947.518	6713.81
1412899166	877	894.654	6741.56
1413071966	441	444.948	3345.81
1413244767	456	440.318	3170.59
1413417567	930	953.265	6781.08
1413590367	959	957.244	6784.01
1413763167	876	903.103	6644.48
1413935967	941	963.731	6775.02
1414108767	943	961.455	6767.11
1414281567	977	989.779	6741.12
1414454368	955	980.114	6814.99
1414627168	1001	975.278	6829.67
1414799968	849	888.474	6795.89
1414972768	851	872.535	6678.78
1415145568	923	936.499	6787.54
1415318368	958	921.742	6533.19
1415491168	913	921.279	6554.01
1415663969	969	959.828	6707.21
1415836769	834	862.487	6326.47
1416009569	1000	971.003	6787.17
1416182369	1025	976.213	6761.94
1416355169	899	916.337	6280.22
1416527969	797	795.05	5785.88
1416700770	877	944.31	6605.42
1416873570	833	866.741	6167.09
1417046370	921	918.668	6492.21
1417219170	961	937.36	6563.27
1417391970	682	712.582	5460.07
1417564770	865	932.388	6539.19
1417737570	966	964.276	6491.65
1417910371	910	944.104	6535.4
1418083171	976	951.639	6441.43
1418255971	867	855.792	6025.75
1418428771	784	811.618	5757.6
1418601571	791	804.485	5645.91
1418774371	742	772.531	5574.16
1418947171	862	913.348	6254.72
1419119972	885	892.766	6401.83
1419292772	717	737.635	5426.47
1419465572	849	797.358	5475.78
1419638372	895	855.04	5895.1
1419811172	869	892.239	6076.79
1419983972	803	838.428	5712.73
1420156773	834	889.739	6337.67
1420329573	937	904.891	6294.27
1420502373	968	920.167	6209.36
1420675173	923	931.139	6412.53
1420847973	949	936.769	6413.93
1421020773	754	732.883	5066.71
1421193573	761	833.346	5721.02
1421366374	859	888.499	6142.06
1421539174	0	0	0
1421711974	0	0	0
1421884774	0	0	0
1422057574	0	0	0
1422230374	0	0	0
1422403174	0	0	0
1422575975	0	0	0
1422748775	0	0	0
1422921575	0	0	0
1423094375	0	0	0
1423267175	0	0	0
1423439975	0	0	0
1423612776	0	0	0
1423785576	0	0	0
1423958376	393	394.183	2756.72
1424131176	833	818.154	5650.86
1424303976	869	863.244	6148.67
1424476776	786	808.738	5938.45
1424649576	824	853.853	6030.25
1424822377	758	766.146	5493.63
1424995177	767	742.741	5442.01
1425167977	826	827.126	5866.85
1425340777	724	711.256	5024.07
1425513577	11	15.5417	110.014
1425686377	0	0	0
1425859177	0	0	0
1426031978	239	228.204	1528.28
1426204778	754	729.986	4951.85
1426377578	814	814.416	5848.88
1426550378	776	817.88	5697.47
1426723178	697	727.68	4988.11
1426895978	475	476.452	3507.2
1427068778	207	227.975	1681.85
1427241579	627	658.149	4961.71
1427414379	701	702.213	5238.56
1427587179	769	788.008	5672.36
1427759979	782	786.675	5788.78
1427932779	777	812.997	5760.81
1428105579	824	817.019	5778.1
1428278380	780	789.014	5772.02
1428451180	800	815.005	5798.26
1428623980	787	790.69	5699.32
1428796780	855	803.661	5705.09
1428969580	743	767.135	5428.13
1429142380	753	776.178	5614.39
1429315180	739	739.583	5424.37
1429487981	836	800.492	5780.34
1429660781	805	802.446	6094.82
1429833581	851	836.435	6246.24
1430006381	891	853.747	6267.99
1430179181	836	858.418	6308.58
1430351981	787	832.09	6114
1430524781	905	895.784	6446.04
1430697582	849	829.826	6314.39
1430870382	776	814.113	6406.8
1431043182	860	852.373	6510.6
1431215982	853	858.297	6513.57
1431388782	867	851.037	6415.09
1431561582	842	867.952	6483.91
1431734383	906	855.612	6310.27
1431907183	858	820.846	6079.35
1432079983	867	833.784	6166.62
1432252783	815	869.829	6356.9
1432425583	817	817.484	6402.54
1432598383	837	797.528	6338.3
1432771183	850	815.424	6353.8
1432943984	858	856.335	6404.67
1433116784	831	831.211	6328.88
1433289584	808	812.498	5861.25
1433462384	947	883.621	6343.19
1433635184	867	879.077	6428.15
1433807984	930	847.513	6445.76
1433980784	853	806.868	6329.37
1434153585	555	556.239	4338.31
1434326385	136	143.428	1088.66
1434499185	769	809.081	6254.23
1434671985	629	600.092	4861.45
1434844785	906	846.901	6476.82
1435017585	798	779.396	6463.92
1435190386	864	795.01	6363.57
1435363186	782	783.019	6229.26
1435535986	843	817.119	6352.07
1435708786	828	833.548	6380.92
1435881586	787	807.541	6424.9
1436054386	854	811.136	6375.24
1436227186	825	820.22	6349.11
1436399987	749	775.287	5720.71
1436572787	797	833.686	6370.33
1436745587	795	826.129	6124.51
1436918387	779	793.467	6276.97
1437091187	781	819.002	6367.68
1437263987	809	809.896	6237.77
1437436787	771	771.042	6324
1437609588	821	781.891	6282.44
1437782388	819	806.638	6276.64
1437955188	812	783.759	5563.69
1438127988	865	819.023	6280.44
1438300788	814	827.076	6242.89
1438473588	733	811.77	5969.81
1438646389	779	801.06	6094.26
1438819189	844	858.84	6111.08
1438991989	704	677.422	5098.59
1439164789	334	315.843	2412.08
1439337589	162	174.146	1410.93
1439510389	579	582.153	4700.2
1439683189	672	730.465	5665.28
1439855990	691	721.793	5500.79
1440028790	784	787.812	5974.12
1440201590	797	825.182	6029.55
1440374390	727	787.402	5991.64
1440547190	782	824.11	5975.8
1440719990	828	808.353	5881.13
1440892790	649	643.108	4581.21
1441065591	541	567.877	4371.93
1441238391	722	753.107	5869.85
1441411191	697	693.361	5345.25
1441583991	442	427.536	3049.33
1441756791	242	257.181	1930.17
1441929591	744	770.147	5968.71
1442102392	781	781.739	5983.53
1442275192	793	825.015	5970.94
1442447992	785	796.614	5944.68
1442620792	791	788.022	5958.8
1442793592	680	678.052	4950.82
1442966392	439	459.707	3409.24
1443139192	697	687.366	5216.58
1443311993	839	819.743	6127.67
1443484793	806	849.695	6130.87
1443657593	804	808.236	5826.68
1443830393	565	525.16	4114.51
1444003193	366	346.891	2578.66
1444175993	564	562.5	4240.79
1444348793	687	704.366	5618.28
1444521594	537	561.632	4628.27
1444694394	613	666.965	4994.07
1444867194	771	777.091	5679.09
1445039994	752	823.555	6363.2
1445212794	827	882.244	6377.44
1445385594	785	791.741	5829.09
1445558394	791	843.003	6476.62
1445731195	782	768.189	5849.03
1445903995	775	836.255	6102.4
1446076795	902	868.357	6219.39
1446249595	700	716.778	5406.94
1446422395	668	669.868	4936.15
1446595195	641	625.671	4738.42
1446767996	847	836.977	6240.62
1446940796	837	814.089	5767.11
1447113596	800	815.688	5899.88
1447286396	896	861.839	6179.48
1447459196	911	895.608	6317.9
1447631996	912	896.216	6155.66
1447804796	787	843.679	5956.65
1447977597	844	860.703	6279.31
1448150397	874	887.688	6321.41
1448323197	819	822.253	5780.55
1448495997	795	762.861	5384.85
1448668797	698	754.789	5490.28
1448841597	738	733.667	5276.78
1449014397	676	670.71	4808.7
1449187198	779	836.422	5951.6
1449359998	777	774.547	5573.77
1449532798	776	781.047	5388.14
1449705598	809	864.436	6036.03
1449878398	718	790.18	5373.79
1450051198	841	861.124	5924.82
1450223999	634	636.497	4390.59
1450396799	872	871.881	6154.59
1450569599	840	858.265	6073.74
1450742399	871	836.749	5702.17
1450915199	850	855.339	5868.86
1451087999	801	820.762	5583.19
1451260799	856	857.823	5718.02
