363.25	0.00123958	0.00124473	0.00139283	0.00175668	0.451425	45.1188	45.4286	0.00422704	
363.26	2.64703e-05	0.00194645	0.00139279	0.00194663	0.376549	89.2209	40.9945	0.00422693	
363.27	-0.0014973	0.00155958	0.00139279	0.00216199	0.299759	133.833	36.9109	0.00422691	
363.28	-0.00237424	4.98119e-05	0.00139276	0.00237476	0.233717	178.798	33.603	0.00422682	
363.29	-0.00189308	-0.00177967	0.00139274	0.00259827	0.175486	223.231	30.712	0.00422676	
363.3	-0.000127165	-0.0027683	0.00139273	0.00277122	0.138124	267.37	28.7951	0.00422673	
363.31	0.00196038	-0.00222356	0.00139274	0.00296433	0.103822	311.401	26.9195	0.00422677	
363.32	0.00313879	-0.000253278	0.00139276	0.00314899	0.0776154	355.387	25.3413	0.00422683	
363.33	0.00256726	0.00208287	0.00139276	0.00330593	0.059778	39.0531	24.1382	0.00422682	
363.34	0.000412502	0.00345778	0.00139275	0.0034823	0.0439045	83.197	22.9156	0.00422681	
363.35	-0.00220555	0.00286275	0.00139276	0.00361383	0.0345162	127.612	22.0815	0.00422681	
363.36	-0.00370215	0.000591261	0.00139276	0.00374907	0.0267028	170.926	21.285	0.00422681	
363.37	-0.00315855	-0.00217436	0.00139277	0.00383462	0.0225919	214.544	20.8103	0.00422684	
363.38	-0.00078498	-0.00385906	0.00139275	0.00393809	0.0183601	258.502	20.2633	0.00422679	
363.39	0.00214113	-0.00340316	0.00139275	0.00402068	0.0154988	302.176	19.8471	0.0042268	
363.4	0.00392222	-0.000983228	0.00139275	0.00404358	0.0147788	345.927	19.7347	0.00422681	
363.41	0.00354756	0.00201149	0.00139277	0.00407815	0.0137484	29.5536	19.5677	0.00422686	
363.42	0.00118207	0.00392779	0.00139276	0.0041018	0.0130786	73.2509	19.4547	0.00422682	
363.43	-0.00182158	0.00362544	0.00139277	0.00405734	0.0143612	116.677	19.668	0.00422684	
363.44	-0.00380058	0.00133651	0.00139275	0.00402873	0.0152423	160.625	19.8074	0.0042268	
363.45	-0.00362332	-0.00165387	0.00139276	0.00398293	0.0167547	204.534	20.0353	0.00422681	
363.46	-0.00141058	-0.00360539	0.00139274	0.00387151	0.0209924	248.632	20.6116	0.00422675	
363.47	0.00139881	-0.0034775	0.00139276	0.00374829	0.0267437	291.912	21.2895	0.00422683	
363.48	0.00330117	-0.0015101	0.00139282	0.00363017	0.0334893	335.419	21.9832	0.004227	
363.49	0.00328065	0.00118012	0.00139275	0.00348646	0.0435761	19.7847	22.8881	0.00422678	
363.5	0.00146301	0.00295679	0.00139277	0.00329893	0.060497	63.674	24.1896	0.00422686	
363.51	-0.00096571	0.00298968	0.00139278	0.00314178	0.0785328	107.901	25.3997	0.00422688	
363.52	-0.00258109	0.00138326	0.00139279	0.00292839	0.109665	151.812	27.2508	0.00422691	
363.53	-0.00258115	-0.000730343	0.00139277	0.00268249	0.156491	195.799	29.7484	0.00422686	
363.54	-0.00123465	-0.00212164	0.00139277	0.00245473	0.211577	239.803	32.5086	0.00422686	
363.55	0.000553392	-0.00214734	0.00139275	0.00221751	0.281533	284.451	35.9859	0.00422681	
363.56	0.00165679	-0.00101776	0.00139274	0.00194442	0.377355	328.438	41.0394	0.00422676	
363.57	0.00166812	0.000374827	0.00139272	0.00170972	0.470711	12.664	46.6727	0.00422671	
363.58	0.000802815	0.0012099	0.00139272	0.00145202	0.58072	56.4341	54.9557	0.00422669	
363.59	-0.000235323	0.00117141	0.00139274	0.00119481	0.69213	101.359	66.7874	0.00422677	
363.6	-0.000765251	0.000573345	0.00139275	0.000956208	0.790031	143.159	83.4532	0.00422679	
363.61	-0.00072034	-6.61554e-05	0.00139276	0.000723372	0.873822	185.247	110.315	0.00422681	
363.62	-0.000314206	-0.000387301	0.0013928	0.000498726	0.937904	230.949	160.011	0.00422696	
363.63	-1.14604e-05	-0.000271104	0.00139281	0.000271346	0.981202	267.579	294.098	0.00422699	
363.64	-4.73315e-06	-0.000124415	0.00139283	0.000124505	0.996013	267.821	640.961	0.00422702	
363.65	-5.09827e-05	-0.000138302	0.0013928	0.0001474	0.994416	249.764	541.395	0.00422694	
363.66	-9.06696e-06	-0.000296531	0.0013928	0.000296669	0.97757	268.249	268.991	0.00422693	
363.67	0.000270288	-0.000339302	0.00139278	0.000433799	0.952653	308.541	183.958	0.0042269	
363.68	0.000516626	-7.01614e-05	0.00139278	0.000521369	0.932334	352.266	153.06	0.00422689	
363.69	0.000461579	0.000348655	0.00139279	0.00057846	0.917367	37.0657	137.954	0.00422691	
363.7	7.90113e-05	0.000667498	0.00139276	0.000672158	0.890069	83.2493	118.721	0.00422682	
363.71	-0.000470227	0.000505902	0.00139278	0.000690689	0.884297	132.907	115.537	0.00422688	
363.72	-0.000681369	-5.60908e-05	0.00139279	0.000683674	0.886499	184.706	116.724	0.0042269	
363.73	-0.000391739	-0.000577738	0.00139277	0.000698026	0.881977	235.861	114.322	0.00422686	
363.74	0.000255014	-0.000620693	0.00139281	0.000671038	0.890423	292.335	118.924	0.00422698	
363.75	0.000677169	-0.000132256	0.00139281	0.000689963	0.884531	348.949	115.661	0.00422697	
363.76	0.000526423	0.000543726	0.00139285	0.000756808	0.862762	45.9263	105.449	0.00422709	
363.77	-0.00018059	0.000838977	0.00139284	0.000858193	0.82711	102.148	92.9908	0.00422708	
363.78	-0.000916349	0.000317701	0.00139284	0.00096986	0.784719	160.878	82.2839	0.00422707	
363.79	-0.000931582	-0.000653176	0.00139282	0.00113775	0.716314	215.036	70.1408	0.00422702	
363.8	-5.1798e-05	-0.00129782	0.00139275	0.00129885	0.647361	267.714	61.438	0.00422679	
363.81	0.0011982	-0.0010368	0.00139275	0.0015845	0.523536	319.13	50.3622	0.00422681	
363.82	0.00174987	0.000234503	0.00139268	0.00176551	0.447739	7.63285	45.1963	0.00422658	
363.83	0.00108964	0.00169108	0.00139266	0.00201173	0.352279	57.2045	39.664	0.00422651	
363.84	-0.000603715	0.00218861	0.00139264	0.00227035	0.264779	105.421	35.1454	0.00422646	
363.85	-0.00220352	0.0011459	0.00139262	0.00248367	0.203856	152.524	32.1264	0.00422641	
363.86	-0.00255417	-0.000963336	0.00139262	0.0027298	0.146436	200.665	29.2297	0.0042264	
363.87	-0.00108675	-0.0026859	0.00139268	0.00289743	0.114845	247.971	27.5398	0.00422658	
363.88	0.00130007	-0.00281705	0.00139266	0.00310257	0.0836139	294.773	25.7185	0.00422653	
363.89	0.00312277	-0.000999647	0.00139269	0.00327887	0.0625712	342.249	24.3363	0.00422662	
363.9	0.00305776	0.00162446	0.00139268	0.00346248	0.045474	27.9798	23.0455	0.00422657	
363.91	0.000938302	0.00340713	0.00139267	0.00353397	0.039972	74.6028	22.5792	0.00422655	
363.92	-0.00193414	0.00311638	0.00139269	0.0036678	0.0311807	121.825	21.7556	0.0042266	
363.93	-0.00357895	0.000793765	0.00139266	0.00366591	0.0312875	167.495	21.7663	0.00422652	
363.94	-0.00296986	-0.00213315	0.00139268	0.00365656	0.0318479	215.688	21.8223	0.00422657	
363.95	-0.000533624	-0.00362366	0.00139269	0.00366274	0.0314809	261.623	21.7857	0.00422662	
363.96	0.00220041	-0.00271757	0.00139275	0.00349671	0.0427793	308.997	22.821	0.00422679	
363.97	0.00345841	-0.000305841	0.00139274	0.00347191	0.0447273	354.946	22.984	0.00422677	
363.98	0.00251301	0.00249765	0.00139276	0.00354309	0.0393287	44.8244	22.5225	0.00422683	
363.99	0.000160345	0.00304959	0.00139278	0.0030538	0.0903805	86.9902	26.1315	0.00422689	
364	-0.00223029	0.0020555	0.00139281	0.00303303	0.0933826	137.335	26.311	0.00422697	
364.01	-0.00277887	-0.000212313	0.00139279	0.00278697	0.135065	184.369	28.6336	0.00422691	
364.02	-0.00153129	-0.00195278	0.00139278	0.00248157	0.204479	231.898	32.1573	0.00422689	
364.03	0.000493704	-0.00220588	0.00139277	0.00226046	0.267923	282.616	35.3025	0.00422686	
364.04	0.00179873	-0.000972207	0.00139278	0.00204465	0.340422	331.609	39.0288	0.00422688	
364.05	0.00156156	0.000746698	0.00139276	0.00173091	0.461967	25.5559	46.1026	0.00422682	
364.06	0.000272316	0.00141605	0.00139276	0.00144199	0.585099	79.1145	55.3396	0.00422683	
364.07	-0.000836203	0.000785902	0.00139275	0.00114755	0.712165	136.776	69.5381	0.00422679	
364.08	-0.00093572	-0.000364146	0.00139275	0.00100408	0.77115	201.264	79.4744	0.00422678	
364.09	7.02815e-06	-0.00102963	0.00139273	0.00102965	0.760877	270.391	77.4998	0.00422674	
364.1	0.00101598	-0.000473968	0.00139276	0.0011211	0.723274	334.99	71.1799	0.00422683	
364.11	0.00102286	0.000705215	0.00139276	0.00124241	0.671745	34.5844	64.2293	0.00422681	
364.12	-8.42717e-06	0.00147138	0.00139279	0.00147141	0.572333	90.3282	54.2347	0.00422692	
364.13	-0.00136253	0.000999944	0.00139283	0.00169008	0.478935	143.725	47.2186	0.00422703	
364.14	-0.00192188	-0.000521163	0.00139282	0.00199129	0.359876	195.172	40.0759	0.00422701	
364.15	-0.000957376	-0.001979	0.0013928	0.00219841	0.287742	244.184	36.2997	0.00422694	
364.16	0.000999889	-0.00218708	0.00139279	0.00240481	0.225238	294.569	33.1839	0.00422691	
364.17	0.0025216	-0.000771423	0.00139282	0.00263696	0.166593	342.99	30.2632	0.004227	
364.18	0.0023665	0.00142725	0.00139296	0.00276358	0.13973	31.0944	28.8795	0.00422745	
364.19	0.000525333	0.0028079	0.00139303	0.00285662	0.122142	79.403	27.9404	0.00422765	
364.2	-0.00172805	0.0023672	0.00139277	0.00293083	0.109255	126.129	27.2278	0.00422686	
364.21	-0.00294147	0.000333265	0.00139273	0.00296029	0.104462	173.536	26.9561	0.00422674	
364.22	-0.00226542	-0.00197042	0.0013928	0.00300245	0.0979292	221.016	26.5788	0.00422694	
364.23	-0.000106462	-0.0029553	0.0013928	0.00295721	0.104976	267.937	26.9854	0.00422695	
364.24	0.00205638	-0.00202912	0.00139274	0.00288895	0.116328	315.382	27.6219	0.00422677	
364.25	0.00278048	9.1471e-05	0.00139278	0.00278198	0.136034	1.88422	28.6848	0.0042269	
364.26	0.00172391	0.00198749	0.00139282	0.00263097	0.167952	49.0622	30.332	0.00422699	
364.27	-0.000286422	0.00244454	0.00139281	0.00246127	0.209852	96.6828	32.4233	0.00422699	
364.28	-0.00184273	0.00131004	0.00139279	0.00226094	0.267784	144.59	35.2956	0.00422692	
364.29	-0.00198592	-0.000444006	0.00139278	0.00203495	0.343914	192.603	39.2149	0.00422689	
364.3	-0.000872149	-0.00154333	0.00139276	0.00177271	0.444853	240.529	45.0155	0.00422684	
364.31	0.00052518	-0.00141087	0.00139273	0.00150545	0.55755	290.417	53.0061	0.00422674	
364.32	0.00118117	-0.000434978	0.00139271	0.00125872	0.664701	339.783	63.395	0.00422668	
364.33	0.000800538	0.000552494	0.00139271	0.000972682	0.783576	34.6116	82.0377	0.00422668	
364.34	-4.67628e-06	0.000711228	0.00139272	0.000711244	0.877743	90.3767	112.193	0.00422669	
364.35	-0.000482988	0.000177972	0.0013927	0.000514734	0.93398	159.772	155.024	0.00422665	
364.36	-0.000197995	-0.000428505	0.00139275	0.000472037	0.944183	245.2	169.052	0.00422679	
364.37	0.000468222	-0.000376915	0.00139273	0.00060108	0.911072	321.166	132.757	0.00422672	
364.38	0.000764789	0.000292106	0.00139272	0.000818674	0.841332	20.904	97.4708	0.00422669	
364.39	0.000222448	0.00104306	0.00139274	0.00106651	0.745874	77.9611	74.8215	0.00422677	
364.4	-0.000804298	0.000970891	0.00139273	0.00126076	0.663827	129.639	63.2932	0.00422674	
364.41	-0.00150697	4.69812e-05	0.00139277	0.0015077	0.556593	178.214	52.9283	0.00422687	
364.42	-0.00116507	-0.00125507	0.00139276	0.00171248	0.469585	227.13	46.5987	0.00422682	
364.43	0.00016848	-0.00185462	0.00139276	0.00186226	0.409052	275.191	42.8509	0.00422683	
364.44	0.00157583	-0.00118171	0.0013928	0.00196969	0.367889	323.134	40.5147	0.00422694	
364.45	0.00207188	0.000372587	0.0013928	0.00210512	0.319114	10.1945	37.9084	0.00422695	
364.46	0.00117647	0.0018307	0.0013928	0.00217613	0.295064	57.2739	36.6714	0.00422695	
364.47	-0.000542208	0.0021142	0.00139278	0.00218262	0.292906	104.384	36.5616	0.00422688	
364.48	-0.00191329	0.00104363	0.00139274	0.00217941	0.293945	151.389	36.6145	0.00422676	
364.49	-0.00201874	-0.000672617	0.00139273	0.00212785	0.311259	198.427	37.5014	0.00422672	
364.5	-0.000864998	-0.00187405	0.00139307	0.00206404	0.333658	245.224	38.6703	0.00422777	
364.51	0.000746399	-0.00177849	0.00139275	0.00192876	0.383305	292.767	41.3729	0.00422678	
364.52	0.00167917	-0.000604753	0.00139276	0.00178475	0.439967	340.194	44.7117	0.00422681	
364.53	0.00141521	0.000760492	0.00139276	0.0016066	0.514108	28.2522	49.6697	0.00422684	
364.54	0.00033741	0.00136074	0.00139278	0.00140195	0.60254	76.0738	56.9212	0.00422689	
364.55	-0.000706476	0.000951636	0.00139276	0.00118521	0.696226	126.59	67.3294	0.00422683	
364.56	-0.000952347	5.90269e-05	0.00139276	0.000954175	0.790825	176.453	83.6316	0.00422682	
364.57	-0.000402704	-0.000579879	0.00139276	0.000705996	0.879434	235.221	113.031	0.00422682	
364.58	0.000266762	-0.000458262	0.00139275	0.000530251	0.93009	300.204	150.493	0.00422681	
364.59	0.000434622	0.000180129	0.00139276	0.000470471	0.944543	22.5116	169.615	0.00422681	
364.6	-0.000121277	0.000533173	0.00139276	0.000546792	0.925829	102.815	145.941	0.00422682	
364.61	-0.000660978	0.000226327	0.00139277	0.000698653	0.881777	161.098	114.219	0.00422684	
364.62	-0.000859998	-0.000511873	0.00139276	0.0010008	0.772458	210.761	79.735	0.00422682	
364.63	7.49749e-05	-0.0011769	0.00139275	0.00117929	0.698738	273.645	67.6668	0.00422679	
364.64	0.00107877	-0.000940453	0.00139279	0.00143115	0.589827	318.919	55.7598	0.00422691	
364.65	0.00165248	0.00019472	0.0013928	0.00166391	0.489879	6.72046	47.9602	0.00422695	
364.66	0.00106093	0.00148687	0.00139278	0.00182657	0.423179	54.491	43.6886	0.00422688	
364.67	-0.000387689	0.00195002	0.00139277	0.00198818	0.360999	101.245	40.1371	0.00422686	
364.68	-0.00176607	0.00113898	0.00139277	0.00210149	0.320353	147.181	37.9729	0.00422684	
364.69	-0.00212182	-0.000467244	0.00139272	0.00217266	0.296171	192.419	36.7278	0.00422671	
364.7	-0.00111888	-0.00188185	0.00139272	0.00218934	0.290665	239.266	36.4478	0.00422669	
364.71	0.000510457	-0.0021168	0.00139269	0.00217748	0.29456	283.558	36.6457	0.00422661	
364.72	0.00179884	-0.00109473	0.00139269	0.00210577	0.318832	328.676	37.8937	0.00422662	
364.73	0.00195297	0.000471999	0.00139265	0.0020092	0.353204	13.5868	39.7139	0.0042265	
364.74	0.000994229	0.00156715	0.0013927	0.00185592	0.411509	57.6081	42.9952	0.00422663	
364.75	-0.000338386	0.00165526	0.00139273	0.0016895	0.479131	101.554	47.2317	0.00422674	
364.76	-0.00119702	0.000858835	0.0013927	0.00147325	0.571492	144.341	54.1634	0.00422665	
364.77	-0.00122526	-8.39747e-05	0.00139275	0.00122814	0.677873	183.921	64.9752	0.00422679	
364.78	-0.000719482	-0.000653529	0.00139281	0.000971985	0.783878	222.25	82.1025	0.00422699	
364.79	-0.000171637	-0.000662869	0.0013928	0.00068473	0.886171	255.483	116.545	0.00422695	
364.8	2.71265e-06	-0.000519428	0.00139281	0.000519435	0.932821	270.299	153.632	0.00422697	
364.81	6.78426e-05	-0.00053821	0.00139284	0.000542469	0.926962	277.184	147.112	0.00422708	
364.82	0.000312706	-0.000689336	0.00139282	0.000756948	0.86271	294.401	105.427	0.004227	
364.83	0.000896685	-0.000576713	0.00139282	0.00106613	0.746053	327.253	74.8521	0.00422699	
364.84	0.0014653	8.75972e-05	0.00139279	0.00146792	0.573844	3.42113	54.3633	0.00422691	
364.85	0.00126013	0.00125616	0.00139282	0.00177929	0.442209	44.9095	44.8507	0.00422699	
364.86	0.000176886	0.00213561	0.00139277	0.00214292	0.306162	85.2652	37.239	0.00422687	
364.87	-0.00156281	0.00191298	0.00139278	0.00247019	0.207468	129.247	32.3053	0.00422688	
364.88	-0.00278287	0.000376469	0.0013928	0.00280822	0.130991	172.296	28.417	0.00422693	
364.89	-0.00250064	-0.00180104	0.00139273	0.00308171	0.0864634	215.763	25.894	0.00422675	
364.9	-0.000609095	-0.00327952	0.0013927	0.0033356	0.0568025	259.479	23.9224	0.00422663	
364.91	0.0019292	-0.0029564	0.00139269	0.00353017	0.0402529	303.126	22.6038	0.00422661	
364.92	0.00361728	-0.000850913	0.00139268	0.00371601	0.028445	346.763	21.4732	0.00422657	
364.93	0.00330888	0.00195854	0.00139264	0.00384507	0.022114	30.6215	20.7519	0.00422646	
364.94	0.00108928	0.00373266	0.00139266	0.00388836	0.0202874	73.7315	20.5211	0.00422651	
364.95	-0.00178239	0.00343686	0.00139264	0.00387156	0.0209796	117.412	20.61	0.00422647	
364.96	-0.00363368	0.00130734	0.00139259	0.0038617	0.0213897	160.212	20.6618	0.00422632	
364.97	-0.00349084	-0.00149286	0.00139258	0.00379666	0.0243194	203.154	21.0156	0.00422628	
364.98	-0.00150572	-0.00335794	0.00139262	0.00368007	0.0304532	245.848	21.6819	0.00422639	
364.99	0.00103902	-0.00336979	0.0013926	0.00352634	0.0405173	287.136	22.6269	0.00422633	
365	0.00286525	-0.00171926	0.00139266	0.00334148	0.0562212	329.035	23.8796	0.00422651	
365.01	0.00305966	0.000506751	0.00139266	0.00310134	0.0837774	9.40415	25.7287	0.00422651	
365.02	0.00189116	0.00216371	0.00139268	0.0028737	0.118973	48.8454	27.7673	0.0042266	
365.03	0.000140861	0.00265826	0.00139272	0.00266199	0.160954	86.9667	29.9765	0.00422671	
365.04	-0.00135369	0.00205745	0.00139274	0.00246284	0.2094	123.343	32.4009	0.00422678	
365.05	-0.00215506	0.000855436	0.00139273	0.00231863	0.250126	158.35	34.4159	0.00422674	
365.06	-0.00222409	-0.000479753	0.00139274	0.00227525	0.263312	192.173	35.0721	0.00422675	
365.07	-0.00160259	-0.0016471	0.00139273	0.0022981	0.25631	225.785	34.7232	0.00422672	
365.08	-0.000394967	-0.00238317	0.00139271	0.00241568	0.22218	260.59	33.0328	0.00422668	
365.09	0.00112034	-0.00231812	0.00139272	0.00257465	0.18109	295.794	30.9933	0.0042267	
365.1	0.00251371	-0.00125864	0.00139271	0.00281121	0.130395	333.402	28.3852	0.00422669	
365.11	0.00299194	0.000635601	0.00139271	0.00305871	0.0896619	11.9935	26.0883	0.00422668	
365.12	0.00202917	0.0026055	0.00139272	0.00330245	0.060123	52.0884	24.1629	0.00422669	
365.13	-0.000237436	0.00352136	0.00139267	0.00352935	0.0403095	93.8575	22.6087	0.00422656	
365.14	-0.00270363	0.00262655	0.00139266	0.0037694	0.0256578	135.829	21.1687	0.00422651	
365.15	-0.00397441	0.000102563	0.00139265	0.00397574	0.0169931	178.522	20.07	0.00422649	
365.16	-0.00304993	-0.00282744	0.00139264	0.0041589	0.0115722	222.832	19.1859	0.00422644	
365.17	-0.000216448	-0.00425164	0.00139259	0.00425714	0.009348	267.086	18.7425	0.00422632	
365.18	0.0028694	-0.00325507	0.00139258	0.00433923	0.00779245	311.397	18.3878	0.00422629	
365.19	0.00436509	-0.000251831	0.00139261	0.00437235	0.00723518	356.698	18.2489	0.00422636	
365.2	0.00319593	0.00291401	0.00139261	0.00432497	0.00804629	42.3582	18.4489	0.00422638	
365.21	0.00014589	0.00429151	0.00139268	0.00429399	0.00862387	88.053	18.5829	0.00422659	
365.22	-0.00294243	0.00295906	0.00139277	0.004173	0.0112368	134.839	19.1229	0.00422686	
365.23	-0.00407135	-0.000115345	0.00139278	0.00407298	0.0138994	181.623	19.5927	0.00422689	
365.24	-0.00251354	-0.00295622	0.00139276	0.00388035	0.0206269	229.627	20.5649	0.00422681	
365.25	0.000502287	-0.00364515	0.00139265	0.00367959	0.0304858	277.846	21.6852	0.00422649	
365.26	0.00296535	-0.00193988	0.00139272	0.00354351	0.0392908	326.808	22.5192	0.00422669	
365.27	0.00320339	0.000970811	0.00139283	0.00334726	0.0557046	16.8598	23.8414	0.00422705	
365.28	0.00117259	0.00291235	0.00139283	0.00313955	0.0788318	68.069	25.4187	0.00422703	
365.29	-0.00149854	0.00258766	0.00139284	0.00299025	0.0998036	120.076	26.6879	0.00422705	
365.3	-0.0028611	0.000371495	0.00139291	0.00288512	0.117052	172.602	27.6618	0.00422726	
365.31	-0.00194697	-0.00204046	0.00139286	0.00282031	0.128738	226.343	28.2965	0.00422712	
365.32	0.000477163	-0.00277433	0.00139282	0.00281506	0.129705	279.759	28.3483	0.00422699	
365.33	0.00251781	-0.0012868	0.00139281	0.00282758	0.127362	332.929	28.2227	0.00422697	
365.34	0.00261109	0.00125621	0.00139277	0.00289756	0.114853	25.6926	27.5403	0.00422684	
365.35	0.000639958	0.0029224	0.00139276	0.00299165	0.0995635	77.6482	26.674	0.00422682	
365.36	-0.00194419	0.00243343	0.00139275	0.00311472	0.0820269	128.623	25.6198	0.00422678	
365.37	-0.00320178	6.81274e-05	0.00139276	0.00320251	0.0711043	178.781	24.9178	0.00422683	
365.38	-0.00215699	-0.00246761	0.00139276	0.00327745	0.062737	228.843	24.3479	0.00422681	
365.39	0.000407666	-0.00329726	0.00139277	0.00332237	0.0581262	277.048	24.0191	0.00422687	
365.4	0.00278704	-0.00187472	0.00139276	0.00335889	0.0545788	326.073	23.7576	0.00422682	
365.41	0.00323581	0.000867223	0.00139275	0.00335001	0.0554208	15.0031	23.8204	0.00422678	
365.42	0.00142942	0.00291567	0.00139277	0.00324721	0.0660132	63.8834	24.5748	0.00422684	
365.43	-0.00117606	0.00293106	0.00139277	0.0031582	0.0764653	111.863	25.2676	0.00422686	
365.44	-0.00284629	0.000991763	0.00139277	0.00301412	0.0961645	160.79	26.4754	0.00422687	
365.45	-0.00244684	-0.0013816	0.00139276	0.00280996	0.130649	209.451	28.3988	0.00422683	
365.46	-0.000457619	-0.00251691	0.00139276	0.00255818	0.185099	259.695	31.1937	0.00422682	
365.47	0.00150723	-0.00174394	0.00139276	0.00230501	0.254236	310.836	34.6201	0.00422683	
365.48	0.00205351	0.000122507	0.00139275	0.00205717	0.335933	3.41406	38.7906	0.00422679	
365.49	0.000945193	0.00156229	0.00139273	0.00182596	0.423396	58.8259	43.7016	0.00422673	
365.5	-0.00075485	0.00144898	0.00139271	0.00163381	0.502531	117.517	48.8407	0.00422668	
365.51	-0.00154216	-3.39239e-05	0.00139272	0.00154253	0.54153	181.26	51.7311	0.00422669	
365.52	-0.000671668	-0.00145714	0.00139273	0.00160449	0.514993	245.253	49.7341	0.00422675	
365.53	0.00105855	-0.00148195	0.00139273	0.00182118	0.425306	305.538	43.8166	0.00422674	
365.54	0.00214552	0.000121924	0.00139278	0.00214898	0.30412	3.25247	37.1342	0.00422689	
365.55	0.00138962	0.00210204	0.00139282	0.00251984	0.194651	56.5319	31.6697	0.004227	
365.56	-0.000909455	0.00279934	0.0013928	0.00294337	0.107211	107.998	27.1124	0.00422695	
365.57	-0.00309407	0.00127522	0.00139279	0.00334656	0.0557625	157.601	23.8457	0.00422692	
365.58	-0.00340564	-0.0016261	0.00139283	0.00377394	0.0254554	205.523	21.1459	0.00422703	
365.59	-0.0012097	-0.00399685	0.00139281	0.00417591	0.0111691	253.161	19.1101	0.00422696	
365.6	0.00227516	-0.00394224	0.00139281	0.00455166	0.00479686	299.99	17.5326	0.00422698	
365.61	0.00471563	-0.00111609	0.00139278	0.0048459	0.00235137	346.684	16.4676	0.00422689	
365.62	0.00433144	0.00277588	0.00139285	0.0051446	0.00109031	32.6545	15.5122	0.00422709	
365.63	0.00107013	0.00525049	0.00139283	0.00535844	0.000611067	78.48	14.893	0.00422704	
365.64	-0.00307798	0.00457261	0.00139282	0.00551205	0.000397302	123.946	14.4779	0.004227	
365.65	-0.00553761	0.00103925	0.00139278	0.00563428	0.00027952	169.371	14.1634	0.00422688	
365.66	-0.00465873	-0.00322584	0.00139281	0.00566656	0.000254521	214.7	14.083	0.00422696	
365.67	-0.000998714	-0.00553355	0.00139276	0.00562296	0.000288786	259.769	14.1917	0.00422682	
365.68	0.00314394	-0.00457706	0.00139277	0.00555282	0.000353513	304.485	14.3711	0.00422687	
365.69	0.00536133	-0.0010222	0.00139277	0.00545791	0.000462777	349.205	14.621	0.00422686	
365.7	0.00428366	0.00292337	0.00139277	0.00518612	0.000975423	34.3115	15.3872	0.00422684	
365.71	0.000964162	0.00479387	0.00139276	0.00488986	0.00210535	78.6282	16.3193	0.00422682	
365.72	-0.0025201	0.00381427	0.00139277	0.0045716	0.00457545	123.453	17.4555	0.00422684	
365.73	-0.00414856	0.000876357	0.00139278	0.00424012	0.00971528	168.072	18.8203	0.00422688	
365.74	-0.00318945	-0.00204272	0.00139279	0.00378752	0.0247853	212.638	21.0695	0.00422691	
365.75	-0.000757577	-0.00321229	0.0013928	0.00330041	0.0603532	256.73	24.1793	0.00422695	
365.76	0.00143432	-0.00239889	0.00139279	0.00279499	0.133517	300.876	28.5515	0.00422693	
365.77	0.00218829	-0.000588252	0.00139283	0.00226598	0.26623	344.954	35.2179	0.00422702	
365.78	0.00150367	0.000807205	0.00139282	0.00170664	0.472039	28.2279	46.7602	0.004227	
365.79	0.000408719	0.00110552	0.00139281	0.00117865	0.699032	69.7102	67.7065	0.00422698	
365.8	-0.000168575	0.000568342	0.00139279	0.000592816	0.9134	106.521	134.613	0.00422691	
365.81	1.33501e-05	0.000149883	0.00139278	0.000150476	0.994181	84.9101	530.321	0.0042269	
365.82	0.000365188	0.000407089	0.00139277	0.000546885	0.925806	48.1056	145.917	0.00422685	
365.83	0.000119203	0.00103595	0.00139277	0.00104279	0.755566	83.4361	76.5254	0.00422685	
365.84	-0.000903613	0.00131424	0.00139275	0.00159491	0.519084	124.511	50.0332	0.00422679	
365.85	-0.00199122	0.000400424	0.00139275	0.00203108	0.345293	168.63	39.2886	0.00422678	
365.86	-0.00205424	-0.00130743	0.00139275	0.00243502	0.216892	212.475	32.7714	0.0042268	
365.87	-0.000724498	-0.00277891	0.00139281	0.0028718	0.119354	255.387	27.7882	0.00422697	
365.88	0.00156211	-0.0027867	0.00139285	0.00319466	0.0720557	299.273	24.9806	0.00422711	
365.89	0.00332341	-0.000945635	0.00139286	0.00345533	0.0460962	344.117	23.0963	0.00422714	
365.9	0.00316489	0.00169121	0.00139287	0.00358841	0.0362045	28.1185	22.2399	0.00422717	
365.91	0.00117735	0.00356374	0.00139285	0.00375319	0.0265041	71.718	21.2631	0.0042271	
365.92	-0.00166848	0.00339552	0.00139283	0.0037833	0.0249961	116.169	21.0936	0.00422705	
365.93	-0.0036103	0.00127747	0.00139288	0.00382965	0.0228295	160.514	20.8391	0.0042272	
365.94	-0.0034075	-0.00156108	0.00139281	0.00374807	0.0267621	204.614	21.2916	0.00422698	
365.95	-0.00125522	-0.00338998	0.00139279	0.00361491	0.034453	249.682	22.0755	0.00422692	
365.96	0.00138679	-0.00312893	0.00139275	0.00342248	0.0488358	293.904	23.3161	0.0042268	
365.97	0.00296087	-0.0011664	0.00139272	0.00318233	0.0734924	338.499	25.0749	0.00422669	
365.98	0.00262445	0.00113973	0.00139252	0.00286124	0.121124	23.4741	27.885	0.0042261	
365.99	0.000897166	0.00231341	0.00139267	0.00248129	0.204502	68.8032	32.1584	0.00422656	
366	-0.000826041	0.00191088	0.00139267	0.00208178	0.327185	113.378	38.3298	0.00422656	
366.01	-0.00149832	0.00056754	0.00139264	0.0016022	0.515922	159.254	49.8018	0.00422647	
366.02	-0.00102159	-0.000511955	0.00139267	0.00114269	0.714184	206.617	69.8299	0.00422655	
366.03	-0.000108878	-0.000653512	0.00139271	0.00066252	0.893018	260.541	120.443	0.00422666	
366.04	0.000227205	1.58732e-05	0.00139273	0.000227759	0.986717	3.99635	350.359	0.00422672	
366.05	-0.000316623	0.00046677	0.00139274	0.000564025	0.92127	124.15	141.48	0.00422676	
366.06	-0.00109722	7.8911e-07	0.00139275	0.00109722	0.733209	179.959	72.7277	0.00422678	
366.07	-0.00110258	-0.00124132	0.00139275	0.00166029	0.491377	228.388	48.0632	0.00422679	
366.08	0.000164483	-0.00221654	0.00139275	0.00222263	0.279882	274.244	35.9027	0.00422679	
366.09	0.00212249	-0.0017432	0.00139274	0.00274658	0.143054	320.604	29.0536	0.00422677	
366.1	0.00325769	0.000300606	0.00139277	0.00327153	0.0633714	5.27209	24.3923	0.00422686	
366.11	0.00240493	0.00285028	0.00139276	0.00372931	0.02774	49.8439	21.3979	0.00422683	
366.12	-0.00030182	0.00414976	0.00139276	0.00416072	0.0115364	94.1599	19.1792	0.00422682	
366.13	-0.00344738	0.00299296	0.00139276	0.00456533	0.00464325	139.036	17.4794	0.00422682	
366.14	-0.00491481	-0.000315931	0.00139279	0.00492495	0.00192699	183.678	16.2034	0.0042269	
366.15	-0.00354205	-0.00385909	0.00139277	0.0052382	0.000848072	227.453	15.2342	0.00422685	
366.16	0.000239844	-0.00547096	0.00139284	0.00547621	0.000439843	272.51	14.5728	0.00422707	
366.17	0.00409546	-0.00389306	0.0013928	0.00565055	0.000266652	316.451	14.1227	0.00422693	
366.18	0.00578085	7.65522e-05	0.00139285	0.00578135	0.000181481	0.758689	13.8037	0.00422708	
366.19	0.00417173	0.00413947	0.00139285	0.00587695	0.000136176	44.7776	13.5792	0.00422709	
366.2	8.82928e-05	0.00587508	0.0013928	0.00587574	0.000136582	89.139	13.5815	0.00422693	
366.21	-0.00399841	0.00429038	0.00139277	0.00586469	0.000141181	132.983	13.6068	0.00422685	
366.22	-0.00575469	0.000301062	0.00139275	0.00576256	0.000191692	177.005	13.8478	0.00422679	
366.23	-0.00418406	-0.00367313	0.00139268	0.00556761	0.00033847	221.279	14.3319	0.00422658	
366.24	-0.000441937	-0.00533422	0.00139265	0.00535249	0.000619958	265.264	14.9076	0.00422648	
366.25	0.00326954	-0.00397714	0.00139263	0.00514855	0.00107666	309.423	15.4979	0.00422643	
366.26	0.00483678	-0.000617917	0.00139263	0.00487609	0.00217718	352.72	16.3639	0.00422644	
366.27	0.00369528	0.00268308	0.00139267	0.00456662	0.0046259	35.9827	17.4733	0.00422654	
366.28	0.000772521	0.00416203	0.00139272	0.00423311	0.00986102	79.4849	18.8506	0.0042267	
366.29	-0.00210554	0.00323823	0.00139271	0.00386257	0.0213662	123.032	20.6589	0.00422666	
366.3	-0.00338809	0.000826324	0.00139273	0.0034874	0.0434986	166.294	22.8816	0.00422672	
366.31	-0.00271797	-0.00148759	0.00139279	0.00309843	0.0842065	208.693	25.7552	0.00422691	
366.32	-0.00090201	-0.00253654	0.00139276	0.00269214	0.154406	250.424	29.6415	0.00422681	
366.33	0.000840189	-0.00220034	0.00139277	0.00235529	0.239337	290.899	33.8811	0.00422686	
366.34	0.00177727	-0.000922395	0.00139275	0.00200237	0.355759	332.571	39.8522	0.0042268	
366.35	0.00163789	0.000352665	0.00139276	0.00167542	0.485026	12.1512	47.6291	0.00422681	
366.36	0.000918037	0.00105095	0.00139277	0.00139546	0.60536	48.8619	57.1854	0.00422685	
366.37	0.000140848	0.00118098	0.00139275	0.00118935	0.694458	83.1989	67.0943	0.00422679	
366.38	-0.000366837	0.000863997	0.00139275	0.000938648	0.796836	113.005	85.0146	0.0042268	
366.39	-0.000724507	0.000548651	0.00139276	0.000908806	0.808244	142.864	87.8069	0.00422683	
366.4	-0.000823714	9.05955e-05	0.00139275	0.000828681	0.837771	173.724	96.2961	0.0042268	
366.41	-0.000758277	-0.000452675	0.00139275	0.000883119	0.817887	210.836	90.36	0.00422679	
366.42	-0.000353633	-0.000835904	0.00139272	0.000907629	0.808678	247.069	87.9179	0.0042267	
366.43	0.000263609	-0.000964006	0.00139269	0.000999399	0.772998	285.294	79.8431	0.0042266	
366.44	0.000892385	-0.000598706	0.00139273	0.00107462	0.742542	326.142	74.2568	0.00422673	
366.45	0.00104691	0.000148589	0.0013927	0.0010574	0.74959	8.07806	75.4639	0.00422664	
366.46	0.000578087	0.000951325	0.0013927	0.0011132	0.72655	58.7144	71.6816	0.00422663	
366.47	-0.000323597	0.00102262	0.00139271	0.0010726	0.743366	107.559	74.3955	0.00422667	
366.48	-0.00104831	0.000466545	0.00139269	0.00114744	0.712191	156.009	69.5417	0.00422661	
366.49	-0.00100103	-0.000400458	0.00139272	0.00107816	0.741079	201.804	74.012	0.00422669	
366.5	-0.000298372	-0.00101466	0.00139274	0.00105762	0.749516	253.613	75.4509	0.00422676	
366.51	0.000658623	-0.000811319	0.00139276	0.001045	0.754664	309.069	76.3627	0.00422681	
366.52	0.00158947	-5.20196e-05	0.00139279	0.00159033	0.521065	358.126	50.1792	0.00422692	
366.53	0.000684376	0.000978994	0.00139276	0.00119449	0.692274	55.0441	66.8064	0.00422683	
366.54	-0.000438238	0.00130555	0.00139278	0.00137714	0.613342	108.555	57.9465	0.00422689	
366.55	-0.00150737	0.000609882	0.00139282	0.00162608	0.505858	157.972	49.0766	0.00422699	
366.56	-0.00143681	-0.000879524	0.00139284	0.00168463	0.481215	211.472	47.3716	0.00422705	
366.57	-0.000375622	-0.00177732	0.00139281	0.00181658	0.427182	258.067	43.9298	0.00422696	
366.58	0.00121745	-0.00162176	0.00139283	0.00202788	0.346496	306.895	39.353	0.00422703	
366.59	0.00214465	-0.000176238	0.00139285	0.00215188	0.303179	355.302	37.0859	0.0042271	
366.6	0.00173251	0.00156364	0.00139282	0.00233378	0.245667	42.0672	34.1947	0.00422702	
366.61	3.53615e-05	0.00242356	0.00139282	0.00242381	0.219986	89.1641	32.9244	0.004227	
366.62	-0.00175588	0.00180212	0.00139281	0.0025161	0.195596	134.256	31.7166	0.00422698	
366.63	-0.00259065	-3.87234e-05	0.00139279	0.00259094	0.177238	180.856	30.8001	0.00422692	
366.64	-0.00183957	-0.00195868	0.00139277	0.00268709	0.1555	226.796	29.6976	0.00422687	
366.65	0.000127226	-0.00272872	0.00139278	0.00273169	0.146111	272.669	29.2128	0.00422688	
366.66	0.00206498	-0.00185782	0.00139279	0.0027777	0.136872	318.023	28.7291	0.00422691	
366.67	0.00276021	0.000227035	0.00139279	0.00276953	0.138482	4.70216	28.814	0.00422693	
366.68	0.00176737	0.00209271	0.00139277	0.00273917	0.144574	49.8176	29.1329	0.00422686	
366.69	-0.000257657	0.00267334	0.00139276	0.00268573	0.155786	95.5052	29.7123	0.00422682	
366.7	-0.00208405	0.00161996	0.00139276	0.00263961	0.165968	142.142	30.2315	0.00422682	
366.71	-0.00246497	-0.000299267	0.00139277	0.00248307	0.204081	186.922	32.1376	0.00422686	
366.72	-0.00147151	-0.00193644	0.00139277	0.00243211	0.21769	232.769	32.8109	0.00422684	
366.73	0.000372244	-0.00227758	0.00139275	0.0023078	0.253388	279.282	34.5779	0.0042268	
366.74	0.00180744	-0.00124693	0.00139275	0.00219583	0.28856	325.399	36.3411	0.0042268	
366.75	0.00203251	0.000409641	0.00139275	0.00207338	0.330181	11.395	38.4871	0.00422678	
366.76	0.00100851	0.00164519	0.00139277	0.0019297	0.38296	58.4914	41.3535	0.00422685	
366.77	-0.00049052	0.00172122	0.00139276	0.00178975	0.437944	105.907	44.5867	0.00422682	
366.78	-0.00149895	0.000774731	0.00139275	0.00168732	0.480048	152.668	47.2932	0.00422679	
366.79	-0.00148861	-0.000580856	0.00139275	0.00159792	0.517799	201.316	49.939	0.00422679	
366.8	-0.000559828	-0.00138188	0.00139275	0.00149098	0.563826	247.946	53.5213	0.00422681	
366.81	0.000596219	-0.00129358	0.00139276	0.00142437	0.592768	294.745	56.0243	0.00422682	
366.82	0.00129634	-0.000404974	0.00139276	0.00135813	0.62161	342.651	58.7569	0.00422682	
366.83	0.00114059	0.000672568	0.00139278	0.00132412	0.636408	30.5265	60.2669	0.00422688	
366.84	0.00027032	0.00126305	0.00139277	0.00129165	0.650487	77.9197	61.7812	0.00422684	
366.85	-0.00070026	0.00104715	0.00139275	0.00125972	0.664285	123.772	63.3465	0.0042268	
366.86	-0.00122694	0.000234536	0.00139275	0.00124915	0.66884	169.178	63.8824	0.00422681	
366.87	-0.00104174	-0.000694773	0.00139269	0.00125217	0.667513	213.701	63.7252	0.0042266	
366.88	-0.000252186	-0.00122456	0.00139269	0.00125025	0.66834	258.363	63.823	0.0042266	
366.89	0.000663698	-0.00109414	0.00139272	0.0012797	0.655639	301.241	62.3558	0.00422669	
366.9	0.00124756	-0.000384262	0.00139271	0.0013054	0.644504	342.881	61.128	0.00422668	
366.91	0.0012573	0.000580854	0.0013927	0.00138498	0.60989	24.7963	57.6149	0.00422663	
366.92	0.000577729	0.00130567	0.00139273	0.00142777	0.591274	66.1316	55.8896	0.00422674	
366.93	-0.00042371	0.00140599	0.00139271	0.00146845	0.57358	106.771	54.3407	0.00422668	
366.94	-0.00131466	0.000821992	0.0013927	0.00155049	0.5381	147.984	51.4651	0.00422665	
366.95	-0.0016288	-0.000210861	0.00139258	0.00164239	0.498838	187.376	48.5811	0.00422628	
366.96	-0.00114229	-0.00131121	0.00139258	0.00173899	0.458547	228.939	45.8824	0.00422629	
366.97	-3.48226e-05	-0.00183196	0.00139258	0.00183229	0.420795	268.911	43.5458	0.00422627	
366.98	0.00125303	-0.00148437	0.00139262	0.00194253	0.378008	310.169	41.0759	0.0042264	
366.99	0.0020264	-0.000334588	0.0013926	0.00205384	0.337043	350.624	38.8494	0.00422635	
367	0.00183901	0.00116095	0.00139263	0.0021748	0.295415	32.2639	36.6893	0.00422644	
367.01	0.000628421	0.00223063	0.00139267	0.00231746	0.250445	74.2662	34.4317	0.00422656	
367.02	-0.00105142	0.00218966	0.00139273	0.00242901	0.218519	115.649	32.8518	0.00422673	
367.03	-0.00231835	0.000955596	0.00139272	0.00250757	0.197728	157.599	31.8225	0.00422672	
367.04	-0.00244818	-0.000879714	0.00139275	0.00260144	0.174748	199.765	30.6749	0.00422681	
367.05	-0.00126232	-0.00239311	0.00139276	0.00270563	0.151537	242.189	29.4938	0.00422682	
367.06	0.000698778	-0.00268678	0.00139276	0.00277616	0.137163	284.579	28.7445	0.00422683	
367.07	0.00239448	-0.00154797	0.00139278	0.00285127	0.123014	327.118	27.9878	0.0042269	
367.08	0.00285319	0.000516578	0.00139279	0.00289958	0.114516	10.2624	27.5216	0.00422692	
367.09	0.0017332	0.00234743	0.0013928	0.00291794	0.11141	53.5601	27.3486	0.00422695	
367.1	-0.000329262	0.00289948	0.00139279	0.00291811	0.111378	96.4787	27.3468	0.00422693	
367.11	-0.00222837	0.00184517	0.00139278	0.00289314	0.115617	140.374	27.5826	0.00422688	
367.12	-0.0028499	-0.000224531	0.00139277	0.00285873	0.121666	184.505	27.9145	0.00422687	
367.13	-0.00185929	-0.0021044	0.00139277	0.0028081	0.131005	228.539	28.4178	0.00422687	
367.14	0.000153321	-0.00272418	0.00139277	0.00272849	0.146768	273.221	29.247	0.00422686	
367.15	0.00195069	-0.0017536	0.00139276	0.00262303	0.169744	318.046	30.4226	0.00422684	
367.16	0.00249954	0.000176966	0.00139277	0.0025058	0.198204	4.04974	31.8461	0.00422686	
367.17	0.00151028	0.00180287	0.00139277	0.00235187	0.240333	50.0467	33.9304	0.00422685	
367.18	-0.000273283	0.00217647	0.00139275	0.00219356	0.2893	97.1568	36.3786	0.00422679	
367.19	-0.00167914	0.00116568	0.00139274	0.00204409	0.340602	145.231	39.0383	0.00422676	
367.2	-0.00182866	-0.000513863	0.00139189	0.00189949	0.394091	195.696	41.9848	0.00422419	
367.21	-0.000704281	-0.00159428	0.00139273	0.00174291	0.457013	246.166	45.7841	0.00422673	
367.22	0.000776163	-0.00144382	0.0013927	0.00163922	0.500234	298.261	48.679	0.00422663	
367.23	0.00158521	-0.000195566	0.00139272	0.00159723	0.518083	352.967	49.9597	0.00422672	
367.24	0.00102639	0.00118362	0.00139269	0.00156666	0.531142	49.0692	50.9331	0.0042266	
