363.25	0.00614538	0.00554104	0.00743089	0.00827458	0.537953	42.0397	51.4538	0.0225517	
363.258	0.00122314	0.00776483	0.00743089	0.00786057	0.571497	81.0481	54.1638	0.0225517	
363.266	-0.00377161	0.00638782	0.00743089	0.00741818	0.607568	120.559	57.394	0.0225517	
363.274	-0.00656805	0.00230358	0.00743089	0.00696029	0.64489	160.673	61.1696	0.0225517	
363.282	-0.00604147	-0.00239953	0.00743089	0.00650054	0.68206	201.662	65.4958	0.0225517	
363.29	-0.00271992	-0.00541576	0.00743089	0.0060604	0.717074	243.333	70.2525	0.0225517	
363.298	0.00155423	-0.00544071	0.00743089	0.00565835	0.748328	285.943	75.2442	0.0225517	
363.306	0.00458254	-0.00269558	0.00743089	0.00531656	0.774183	329.535	80.0817	0.0225517	
363.314	0.00490567	0.00122664	0.00743089	0.00505671	0.793312	14.0386	84.1968	0.0225517	
363.322	0.00250563	0.00420694	0.00743089	0.00489659	0.804843	59.2222	86.9501	0.0225517	
363.33	-0.0012292	0.00468729	0.00743089	0.00484579	0.808458	104.694	87.8616	0.0225517	
363.338	-0.00425281	0.00243939	0.00743089	0.00490275	0.804403	150.162	86.8407	0.0225517	
363.346	-0.00488479	-0.00129679	0.00743089	0.00505399	0.793509	194.868	84.2421	0.0225517	
363.354	-0.00274018	-0.0045119	0.00743089	0.00527881	0.776992	238.729	80.6543	0.0225517	
363.362	0.0011219	-0.00543908	0.00743089	0.00555358	0.756331	281.655	76.6638	0.0225517	
363.37	0.00471782	-0.00346838	0.00743089	0.00585555	0.7331	323.678	72.7103	0.0225517	
363.378	0.00614233	0.00052621	0.00743089	0.00616483	0.708832	4.89654	69.0625	0.0225517	
363.386	0.00453695	0.00460584	0.00743089	0.00646511	0.684903	45.4317	65.8548	0.0225517	
363.394	0.000522687	0.00672423	0.00743089	0.00674452	0.662392	85.5552	63.1266	0.0225517	
363.402	-0.0040168	0.00572191	0.00743089	0.00699106	0.642388	125.069	60.9004	0.0225517	
363.41	-0.00692734	0.00195795	0.00743089	0.00719873	0.625474	164.218	59.1436	0.0225517	
363.418	-0.00677339	-0.00288601	0.00743089	0.0073626	0.612105	203.078	57.8272	0.0225517	
363.426	-0.00354445	-0.00658653	0.00743089	0.00747967	0.602549	241.714	56.9221	0.0225517	
363.434	0.00133383	-0.00742994	0.00743089	0.00754872	0.596914	280.177	56.4015	0.0225517	
363.442	0.00567063	-0.00501458	0.00743089	0.00756982	0.595192	318.513	56.2442	0.0225517	
363.45	0.00753336	-0.000407438	0.00743089	0.00754437	0.597269	356.904	56.434	0.0225517	
363.458	0.00611653	0.00429712	0.00743089	0.00747511	0.602922	35.0896	56.9569	0.0225517	
363.466	0.00212368	0.00705281	0.00743089	0.0073656	0.611859	73.2423	57.8036	0.0225517	
363.474	-0.00263267	0.00672327	0.00743089	0.00722034	0.623712	111.384	58.9666	0.0225517	
363.482	-0.00607163	0.0035718	0.00743089	0.00704432	0.638055	149.533	60.44	0.0225517	
363.49	-0.00678143	-0.000916989	0.00743089	0.00684315	0.654402	187.701	62.2168	0.0225517	
363.498	-0.00460915	-0.00475566	0.00743089	0.00662273	0.672228	225.896	64.2874	0.0225517	
363.506	-0.000638258	-0.00635632	0.00743089	0.00638828	0.691055	264.266	66.6468	0.0225517	
363.514	0.00330414	-0.0051842	0.00743089	0.00614762	0.710194	302.511	69.2559	0.0225517	
363.522	0.00557586	-0.00194588	0.00743089	0.00590564	0.7292	340.762	72.0935	0.0225517	
363.53	0.00535927	0.00184442	0.00743089	0.00566778	0.747605	18.9912	75.1191	0.0225517	
363.538	0.00294954	0.00456959	0.00743089	0.00543883	0.765018	57.1589	78.2812	0.0225517	
363.546	-0.000474601	0.00520113	0.00743089	0.00522274	0.781146	95.2138	81.5202	0.0225517	
363.554	-0.00343145	0.00366805	0.00743089	0.00502289	0.795764	133.091	84.7636	0.0225517	
363.562	-0.00477968	0.000769054	0.00743089	0.00484116	0.808786	170.859	87.9456	0.0225517	
363.57	-0.00412712	-0.00220827	0.00743089	0.00468077	0.820049	208.15	90.9591	0.0225517	
363.578	-0.00191812	-0.00411775	0.00743089	0.00454258	0.829568	245.023	93.7261	0.0225517	
363.586	0.000875362	-0.00434071	0.00743089	0.0044281	0.837318	281.402	96.1493	0.0225517	
363.594	0.00318466	-0.00294695	0.00743089	0.00433896	0.843264	317.22	98.1245	0.0225517	
363.602	0.00424036	-0.00056325	0.00743089	0.00427761	0.847311	352.434	99.532	0.0225517	
363.61	0.00378322	0.00192986	0.00743089	0.00424701	0.849314	27.0266	100.249	0.0225517	
363.618	0.00205134	0.00372338	0.00743089	0.00425107	0.849049	61.1481	100.153	0.0225517	
363.626	-0.00034431	0.00428	0.00743089	0.00429382	0.846245	94.5993	99.1561	0.0225517	
363.634	-0.00267255	0.00346921	0.00743089	0.00437927	0.840586	127.609	97.2215	0.0225517	
363.642	-0.00424675	0.00152029	0.00743089	0.00451068	0.831741	160.303	94.3891	0.0225517	
363.65	-0.00457291	-0.00104057	0.00743089	0.00468981	0.81942	192.819	90.7838	0.0225517	
363.658	-0.00345876	-0.00349422	0.00743089	0.00491656	0.803416	225.292	86.5968	0.0225517	
363.666	-0.00109362	-0.0050724	0.00743089	0.00518895	0.783638	257.833	82.051	0.0225517	
363.674	0.00194109	-0.00515048	0.00743089	0.00550412	0.760086	290.65	77.3527	0.0225517	
363.682	0.00470858	-0.00347842	0.00743089	0.00585407	0.733215	323.545	72.7287	0.0225517	
363.69	0.00622264	-0.000362448	0.00743089	0.00623319	0.703413	356.667	68.3051	0.0225517	
363.698	0.00574417	0.00331843	0.00743089	0.00663382	0.671334	30.0152	64.18	0.0225517	
363.706	0.00313603	0.00631171	0.00743089	0.00704786	0.637766	63.5791	60.4096	0.0225517	
363.714	-0.000953537	0.00740586	0.00743089	0.00746699	0.603584	97.3367	57.0187	0.0225517	
363.722	-0.00519895	0.00592565	0.00743089	0.00788304	0.569669	131.263	54.0094	0.0225517	
363.73	-0.00802385	0.00208111	0.00743089	0.00828934	0.536763	165.46	51.3622	0.0225517	
363.738	-0.00817043	-0.00291609	0.00743089	0.00867522	0.50587	199.642	49.0775	0.0225517	
363.746	-0.00532172	-0.0073013	0.00743089	0.00903491	0.477517	233.913	47.1237	0.0225517	
363.754	-0.000286273	-0.00935723	0.00743089	0.00936161	0.452224	268.248	45.4792	0.0225517	
363.762	0.00520236	-0.00812683	0.00743089	0.00964935	0.43037	302.625	44.1231	0.0225517	
363.77	0.00910796	-0.0038616	0.00743089	0.00989277	0.412226	337.024	43.0374	0.0225517	
363.778	0.00988363	0.00202088	0.00743089	0.0100881	0.39791	11.5558	42.204	0.0225517	
363.786	0.00711443	0.00735141	0.00743089	0.0102303	0.387639	45.9385	41.6176	0.0225517	
363.794	0.00174103	0.0101695	0.00743089	0.0103174	0.381404	80.285	41.266	0.0225517	
363.802	-0.00430381	0.00941048	0.00743089	0.0103479	0.379232	114.577	41.1443	0.0225517	
363.81	-0.00882804	0.00534758	0.00743089	0.0103214	0.381122	148.795	41.2502	0.0225517	
363.818	-0.0102247	-0.000521297	0.00743089	0.010238	0.387084	182.919	41.5861	0.0225517	
363.826	-0.00807349	-0.00606797	0.00743089	0.0100996	0.397078	216.928	42.1561	0.0225517	
363.834	-0.00323709	-0.00936413	0.00743089	0.00990786	0.411111	250.93	42.9718	0.0225517	
363.842	0.00244382	-0.00935421	0.00743089	0.00966817	0.428955	284.642	44.0372	0.0225517	
363.85	0.00699223	-0.00625941	0.00743089	0.00938464	0.45046	318.165	45.3676	0.0225517	
363.858	0.00896291	-0.00134385	0.00743089	0.0090631	0.475316	351.473	46.9772	0.0225517	
363.866	0.00792386	0.00361684	0.00743089	0.00871029	0.503086	24.5343	48.88	0.0225517	
363.874	0.00450005	0.00701431	0.00743089	0.00833372	0.53319	57.3177	51.0887	0.0225517	
363.882	2.91268e-05	0.00794167	0.00743089	0.00794172	0.5649	89.7899	53.6104	0.0225517	
363.89	-0.00400127	0.00639264	0.00743089	0.00754162	0.597493	122.043	56.4546	0.0225517	
363.898	-0.00641161	0.00315407	0.00743089	0.00714541	0.629821	153.806	59.5849	0.0225517	
363.906	-0.00673303	-0.000611065	0.00743089	0.0067607	0.661082	185.186	62.9755	0.0225517	
363.914	-0.00516239	-0.00377566	0.00743089	0.00639577	0.690456	216.181	66.5688	0.0225517	
363.922	-0.00238523	-0.00556864	0.00743089	0.00605798	0.717265	246.813	70.2806	0.0225517	
363.93	0.000713877	-0.00570836	0.00743089	0.00575283	0.741059	277.128	74.0086	0.0225517	
363.938	0.00331563	-0.00436765	0.00743089	0.00548359	0.76164	307.203	77.6423	0.0225517	
363.946	0.00484118	-0.00202962	0.00743089	0.00524942	0.779172	337.255	81.1059	0.0225517	
363.954	0.00500982	0.000630568	0.00743089	0.00504935	0.793846	7.17388	84.3195	0.0225517	
363.962	0.00388425	0.0029482	0.00743089	0.0048764	0.806282	37.1989	87.31	0.0225517	
363.97	0.00181163	0.0043612	0.00743089	0.00472251	0.81714	67.4422	90.1552	0.0225517	
363.978	-0.000636801	0.00453352	0.00743089	0.00457802	0.827143	97.9958	93.0006	0.0225517	
363.986	-0.00278504	0.00344844	0.00743089	0.00443263	0.837014	128.925	96.051	0.0225517	
363.994	-0.00402552	0.00144358	0.00743089	0.00427653	0.847381	160.272	99.5569	0.0225517	
364.002	-0.00400795	-0.000865075	0.00743089	0.00410024	0.858789	192.18	103.837	0.0225517	
364.01	-0.00278402	-0.00272798	0.00743089	0.00389777	0.871474	224.418	109.231	0.0225517	
364.018	-0.000816749	-0.00357082	0.00743089	0.00366304	0.885592	257.116	116.231	0.0225517	
364.026	0.00117681	-0.00318169	0.00743089	0.00339235	0.90104	290.298	125.505	0.0225517	
364.034	0.00249554	-0.00181224	0.00743089	0.00308415	0.917474	324.013	138.047	0.0225517	
364.042	0.00273761	-7.80859e-05	0.00743089	0.00273873	0.934337	358.366	155.459	0.0225517	
364.05	0.0019652	0.00130432	0.00743089	0.00235866	0.950872	33.5726	180.509	0.0225517	
364.058	0.000658815	0.00183295	0.00743089	0.00194775	0.966231	70.2301	218.59	0.0225517	
364.066	-0.000497408	0.0014356	0.00743089	0.00151933	0.979315	109.11	280.227	0.0225517	
364.074	-0.000975628	0.000495487	0.00743089	0.00109424	0.989217	153.076	389.091	0.0225517	
364.082	-0.000640358	-0.000366799	0.00743089	0.00073797	0.995081	209.804	576.932	0.0225517	
364.09	0.000189448	-0.000614609	0.00743089	0.000643144	0.996262	287.131	661.996	0.0225517	
364.098	0.000914187	-7.94296e-05	0.00743089	0.000917631	0.992404	355.034	463.976	0.0225517	
364.106	0.000974885	0.00094198	0.00743089	0.00135563	0.983497	44.0166	314.067	0.0225517	
364.114	0.000157085	0.00183312	0.00743089	0.00183983	0.969814	85.1021	231.411	0.0225517	
364.122	-0.00125532	0.00196062	0.00743089	0.00232806	0.952108	122.63	182.881	0.0225517	
364.13	-0.00260894	0.00103113	0.00743089	0.00280531	0.931219	158.435	151.769	0.0225517	
364.138	-0.00317561	-0.000744509	0.00743089	0.00326171	0.908161	193.194	130.532	0.0225517	
364.146	-0.00250672	-0.00270887	0.00743089	0.00369075	0.88396	227.22	115.358	0.0225517	
364.154	-0.000663929	-0.00403383	0.00743089	0.0040881	0.859562	260.653	104.146	0.0225517	
364.162	0.00177968	-0.00408078	0.00743089	0.00445196	0.835713	293.563	95.6339	0.0225517	
364.17	0.00397051	-0.0026688	0.00743089	0.00478408	0.81282	326.093	88.9948	0.0225517	
364.178	0.0050824	-0.000177767	0.00743089	0.00508551	0.791216	357.997	83.7199	0.0225517	
364.186	0.00467332	0.00263277	0.00743089	0.0053639	0.770647	29.3953	79.3748	0.0225517	
364.194	0.00279022	0.00488894	0.00743089	0.00562913	0.750567	60.2857	75.6349	0.0225517	
364.202	-7.05529e-05	0.00589382	0.00743089	0.00589425	0.730088	90.6858	72.2329	0.0225517	
364.21	-0.00314713	0.005313	0.00743089	0.00617514	0.708016	120.64	68.9472	0.0225517	
364.218	-0.00563304	0.00322198	0.00743089	0.0064894	0.682955	150.231	65.6083	0.0225517	
364.226	-0.00685654	3.6999e-05	0.00743089	0.00685664	0.653307	179.691	62.0943	0.0225517	
364.234	-0.00638006	-0.00352841	0.00743089	0.00729074	0.617969	208.944	58.3972	0.0225517	
364.242	-0.00410594	-0.00663887	0.00743089	0.00780598	0.57594	238.264	54.5426	0.0225517	
364.25	-0.000322808	-0.00840448	0.00743089	0.00841068	0.527004	267.8	50.6212	0.0225517	
364.258	0.00422982	-0.00806642	0.00743089	0.00910815	0.471805	297.671	46.7448	0.0225517	
364.266	0.00838832	-0.00525069	0.00743089	0.00989614	0.411977	327.955	43.0227	0.0225517	
364.274	0.0107654	-0.000245691	0.00743089	0.0107682	0.349947	358.693	39.5383	0.0225517	
364.282	0.0101475	0.0058606	0.00743089	0.0117183	0.288399	30.0083	36.3329	0.0225517	
364.29	0.00604375	0.0111997	0.00743089	0.0127263	0.230721	61.6471	33.4549	0.0225517	
364.298	-0.000888137	0.0137533	0.00743089	0.013782	0.179078	93.6948	30.8924	0.0225517	
364.306	-0.00876363	0.0120125	0.00743089	0.0148695	0.135054	126.112	28.633	0.0225517	
364.314	-0.014898	0.00576105	0.00743089	0.0159731	0.0992325	158.859	26.6547	0.0225517	
364.322	-0.0167099	-0.00351937	0.00743089	0.0170765	0.071325	191.894	24.9324	0.0225517	
364.33	-0.012803	-0.0128837	0.00743089	0.0181633	0.0504236	225.18	23.4406	0.0225517	
364.338	-0.00372969	-0.018856	0.00743089	0.0192213	0.0352446	258.811	22.1504	0.0225517	
364.346	0.00774085	-0.0186866	0.00743089	0.0202265	0.0246127	292.502	21.0496	0.0225517	
364.354	0.0176211	-0.0117292	0.00743089	0.0211678	0.0172949	326.351	20.1135	0.0225517	
364.362	0.0220304	0.000128571	0.00743089	0.0220308	0.0123401	0.334378	19.3256	0.0225517	
364.37	0.0188074	0.0128923	0.00743089	0.022802	0.00902307	34.4304	18.672	0.0225517	
364.378	0.00855596	0.0218534	0.00743089	0.0234686	0.00682426	68.6189	18.1416	0.0225517	
364.386	-0.00535491	0.0234152	0.00743089	0.0240197	0.00538438	102.882	17.7254	0.0225517	
364.394	-0.0179754	0.0165685	0.00743089	0.0244465	0.0044647	137.332	17.4159	0.0225517	
364.402	-0.0244776	0.00357425	0.00743089	0.0247372	0.00392256	171.692	17.2113	0.0225517	
364.41	-0.0223539	-0.0109394	0.00743089	0.0248871	0.00366702	206.076	17.1076	0.0225517	
364.418	-0.0122693	-0.0216571	0.00743089	0.0248911	0.00366048	240.467	17.1049	0.0225517	
364.426	0.00209142	-0.0246572	0.00743089	0.0247458	0.0039075	274.848	17.2053	0.0225517	
364.434	0.0154535	-0.0189479	0.00743089	0.0244506	0.00445662	309.2	17.413	0.0225517	
364.442	0.0230174	-0.00681754	0.00743089	0.0240058	0.00541705	343.501	17.7357	0.0225517	
364.45	0.022284	0.00717979	0.00743089	0.0234121	0.00698987	17.8587	18.1854	0.0225517	
364.458	0.0139688	0.0178672	0.00743089	0.0226796	0.00948959	51.9814	18.7728	0.0225517	
364.466	0.00153468	0.0217596	0.00743089	0.0218137	0.013451	85.9657	19.518	0.0225517	
364.474	-0.0103393	0.0180766	0.00743089	0.0208246	0.0197058	119.768	20.4449	0.0225517	
364.482	-0.0176276	0.00885248	0.00743089	0.0197256	0.0295019	153.335	21.584	0.0225517	
364.49	-0.01841	-0.00212826	0.00743089	0.0185327	0.0445999	186.594	22.9734	0.0225517	
364.498	-0.0133302	-0.010972	0.00743089	0.017265	0.0672652	219.458	24.6602	0.0225517	
364.506	-0.00494585	-0.0151558	0.00743089	0.0159424	0.100116	251.927	26.706	0.0225517	
364.514	0.00343418	-0.014195	0.00743089	0.0146045	0.144952	283.6	29.1526	0.0225517	
364.522	0.00929464	-0.00948954	0.00743089	0.0132831	0.202365	314.406	32.0526	0.0225517	
364.53	0.0115654	-0.00329401	0.00743089	0.0120253	0.269973	344.102	35.4051	0.0225517	
364.538	0.0106338	0.00234494	0.00743089	0.0108893	0.341735	12.4357	39.0987	0.0225517	
364.546	0.00770514	0.00628814	0.00743089	0.00994535	0.408351	39.2178	42.8098	0.0225517	
364.554	0.00399276	0.00836573	0.00743089	0.00926971	0.45929	64.486	45.9301	0.0225517	
364.562	0.00018894	0.00892447	0.00743089	0.00892647	0.486013	88.7872	47.6962	0.0225517	
364.57	-0.00346899	0.00824619	0.00743089	0.00894615	0.484468	112.815	47.5913	0.0225517	
364.578	-0.00687311	0.00626692	0.00743089	0.00930129	0.456858	137.641	45.7742	0.0225517	
364.586	-0.00953505	0.00274874	0.00743089	0.00992334	0.40997	163.919	42.9048	0.0225517	
364.594	-0.0104985	-0.00220321	0.00743089	0.0107272	0.352752	191.852	39.6895	0.0225517	
364.602	-0.00873553	-0.00768239	0.00743089	0.0116331	0.29364	221.33	36.5989	0.0225517	
364.61	-0.00386242	-0.0119677	0.00743089	0.0125756	0.23883	252.113	33.856	0.0225517	
364.618	0.00328575	-0.0131019	0.00743089	0.0135076	0.191642	284.079	31.52	0.0225517	
364.626	0.0104807	-0.00985221	0.00743089	0.0143844	0.153572	316.771	29.5986	0.0225517	
364.634	0.0149573	-0.002599	0.00743089	0.0151814	0.124064	350.143	28.0447	0.0225517	
364.642	0.0144973	0.00647559	0.00743089	0.0158778	0.101997	24.0692	26.8147	0.0225517	
364.65	0.00860998	0.0140266	0.00743089	0.0164584	0.0860528	58.4571	25.8688	0.0225517	
364.658	-0.000955796	0.0168855	0.00743089	0.0169126	0.0750169	93.2397	25.1741	0.0225517	
364.666	-0.0106974	0.0135117	0.00743089	0.0172337	0.0679257	128.369	24.705	0.0225517	
364.674	-0.0167398	0.00481615	0.00743089	0.0174188	0.0640927	163.949	24.4424	0.0225517	
364.682	-0.0164451	-0.00588465	0.00743089	0.0174663	0.0631391	199.689	24.376	0.0225517	
364.69	-0.00979012	-0.0143596	0.00743089	0.0173795	0.0648924	235.715	24.4978	0.0225517	
364.698	0.000606766	-0.0171527	0.00743089	0.0171634	0.0694292	272.026	24.8062	0.0225517	
364.706	0.0105047	-0.0131439	0.00743089	0.0168259	0.07703	308.632	25.3038	0.0225517	
364.714	0.0158587	-0.00408651	0.00743089	0.0163768	0.0881651	345.55	25.9977	0.0225517	
364.722	0.0145909	0.0061357	0.00743089	0.0158285	0.103451	22.8075	26.8982	0.0225517	
364.73	0.00746225	0.0132347	0.00743089	0.0151935	0.123653	60.584	28.0224	0.0225517	
364.738	-0.00217704	0.0143293	0.00743089	0.0144937	0.149246	98.6389	29.3754	0.0225517	
364.746	-0.0100816	0.00934524	0.00743089	0.0137467	0.180658	137.171	30.9716	0.0225517	
364.754	-0.0129466	0.0008499	0.00743089	0.0129744	0.217778	176.244	32.8152	0.0225517	
364.762	-0.0098803	-0.00715965	0.00743089	0.0122017	0.259729	215.929	34.8935	0.0225517	
364.77	-0.00271503	-0.0111287	0.00743089	0.0114551	0.304774	256.29	37.1677	0.0225517	
364.778	0.00497428	-0.00954166	0.00743089	0.0107604	0.350481	297.534	39.5671	0.0225517	
364.786	0.00949966	-0.00357892	0.00743089	0.0101515	0.393318	339.357	41.9406	0.0225517	
364.794	0.00895772	0.00359273	0.00743089	0.00965135	0.43022	21.8545	44.1139	0.0225517	
364.802	0.00393934	0.00840252	0.00743089	0.00928013	0.458487	64.8815	45.8785	0.0225517	
364.81	-0.00282692	0.00859509	0.00743089	0.00904804	0.476491	108.206	47.0553	0.0225517	
364.818	-0.00787084	0.00426625	0.00743089	0.00895271	0.483953	151.541	47.5564	0.0225517	
364.826	-0.00868889	-0.00226409	0.00743089	0.00897903	0.481889	194.605	47.417	0.0225517	
364.834	-0.00491233	-0.00766296	0.00743089	0.0091023	0.472261	237.338	46.7748	0.0225517	
364.842	0.00149886	-0.00916904	0.00743089	0.00929074	0.457669	279.284	45.8261	0.0225517	
364.85	0.00734648	-0.00604282	0.00743089	0.00951244	0.440716	320.561	44.7581	0.0225517	
364.858	0.00973541	0.000202183	0.00743089	0.00973751	0.42376	1.18974	43.7235	0.0225517	
364.866	0.00747555	0.00655092	0.00743089	0.00993974	0.408763	41.2285	42.834	0.0225517	
364.874	0.00162258	0.00996639	0.00743089	0.0100976	0.39722	80.7531	42.1643	0.0225517	
364.882	-0.0050729	0.00884221	0.00743089	0.0101941	0.390243	119.843	41.7653	0.0225517	
364.89	-0.00951993	0.00370686	0.00743089	0.0102162	0.388653	158.725	41.675	0.0225517	
364.898	-0.00970196	-0.00299858	0.00743089	0.0101548	0.393078	197.175	41.9269	0.0225517	
364.906	-0.00567964	-0.00823578	0.00743089	0.0100043	0.404023	235.409	42.5575	0.0225517	
364.914	0.000594453	-0.00974405	0.00743089	0.00976216	0.42192	273.491	43.6131	0.0225517	
364.922	0.00624559	-0.0070629	0.00743089	0.00942825	0.447125	311.486	45.1577	0.0225517	
364.93	0.00885313	-0.00164723	0.00743089	0.00900507	0.47985	349.46	47.2799	0.0225517	
364.938	0.00753769	0.00392228	0.00743089	0.00849713	0.520075	27.4905	50.1062	0.0225517	
364.946	0.00323998	0.00721502	0.00743089	0.00790911	0.56755	65.8171	53.8314	0.0225517	
364.954	-0.0017884	0.00703067	0.00743089	0.00725456	0.62092	104.272	58.6884	0.0225517	
364.962	-0.00523765	0.00392182	0.00743089	0.00654321	0.678631	143.175	65.0687	0.0225517	
364.97	-0.00578326	-0.000281731	0.00743089	0.00579012	0.738176	182.789	73.5319	0.0225517	
364.978	-0.00363649	-0.0034541	0.00743089	0.00501546	0.796302	223.526	84.8892	0.0225517	
364.986	-0.000291751	-0.00423812	0.00743089	0.00424815	0.84924	266.062	100.222	0.0225517	
364.994	0.00234048	-0.00264698	0.00743089	0.00353332	0.89311	311.483	120.498	0.0225517	
365.002	0.00294281	7.65814e-05	0.00743089	0.00294381	0.924529	1.49068	144.628	0.0225517	
365.01	0.00143234	0.00216709	0.00743089	0.00259767	0.940727	56.5373	163.9	0.0225517	
365.018	-0.00106194	0.00237216	0.00743089	0.00259902	0.940668	114.117	163.815	0.0225517	
365.026	-0.00288341	0.000574558	0.00743089	0.00294009	0.924712	168.731	144.811	0.0225517	
365.034	-0.00276508	-0.0021563	0.00743089	0.00350646	0.89464	217.948	121.421	0.0225517	
365.042	-0.000531704	-0.00415136	0.00743089	0.00418528	0.853327	262.701	101.728	0.0225517	
365.05	0.00277636	-0.00404356	0.00743089	0.00490495	0.804246	304.474	86.8019	0.0225517	
365.058	0.00542109	-0.00150651	0.00743089	0.00562652	0.750766	344.47	75.67	0.0225517	
365.066	0.00581541	0.00247262	0.00743089	0.00631924	0.696567	23.0344	67.375	0.0225517	
365.074	0.00340928	0.00607877	0.00743089	0.00696955	0.644137	60.7141	61.0884	0.0225517	
365.082	-0.00102047	0.00749741	0.00743089	0.00756654	0.59546	97.7509	56.2686	0.0225517	
365.09	-0.00565872	0.00579895	0.00743089	0.0081024	0.551866	134.299	52.5472	0.0225517	
365.098	-0.00845356	0.00142081	0.00743089	0.00857213	0.514081	170.459	49.6678	0.0225517	
365.106	-0.0080435	-0.00397551	0.00743089	0.00897232	0.482415	206.301	47.4525	0.0225517	
365.114	-0.00436643	-0.00821416	0.00743089	0.00930259	0.456757	242.006	45.7677	0.0225517	
365.122	0.00122081	-0.00948197	0.00743089	0.00956024	0.437093	277.336	44.5343	0.0225517	
365.13	0.00657927	-0.00719232	0.00743089	0.00974763	0.423004	312.451	43.6782	0.0225517	
365.138	0.00962798	-0.00215787	0.00743089	0.00986683	0.414143	347.367	43.1505	0.0225517	
365.146	0.00919231	0.00373209	0.00743089	0.00992105	0.41014	22.0972	42.9147	0.0225517	
365.154	0.00545035	0.00828143	0.00743089	0.00991405	0.410655	56.6494	42.945	0.0225517	
365.162	-0.000177331	0.00984869	0.00743089	0.00985029	0.415368	91.0315	43.223	0.0225517	
365.17	-0.00563612	0.00793667	0.00743089	0.0097343	0.424001	125.38	43.738	0.0225517	
365.178	-0.00896231	0.00336158	0.00743089	0.009572	0.436203	159.44	44.4796	0.0225517	
365.186	-0.00911552	-0.00216295	0.00743089	0.00936863	0.451686	193.348	45.4451	0.0225517	
365.194	-0.00621322	-0.00668913	0.00743089	0.00912954	0.470142	227.112	46.6353	0.0225517	
365.202	-0.00142544	-0.00874429	0.00743089	0.00885971	0.491267	260.741	48.0556	0.0225517	
365.21	0.00351676	-0.00780847	0.00743089	0.00856386	0.514741	294.246	49.7157	0.0225517	
365.218	0.00696549	-0.00441406	0.00743089	0.00824633	0.540231	327.637	51.63	0.0225517	
365.226	0.0079078	0.000146213	0.00743089	0.00790915	0.567546	1.05927	53.8311	0.0225517	
365.234	0.00624559	0.00425616	0.00743089	0.00755793	0.596163	34.2731	56.3327	0.0225517	
365.242	0.0027616	0.00664212	0.00743089	0.00719335	0.625913	67.4239	59.1878	0.0225517	
365.25	-0.001246	0.00670181	0.00743089	0.00681665	0.65655	100.532	62.4586	0.0225517	
365.258	-0.00443464	0.00465413	0.00743089	0.0064286	0.687829	133.617	66.2288	0.0225517	
365.266	-0.00586721	0.00138746	0.00743089	0.00602903	0.719541	166.695	70.6181	0.0225517	
365.274	-0.00528585	-0.00190155	0.00743089	0.00561748	0.751458	199.786	75.7917	0.0225517	
365.282	-0.00312234	-0.00414756	0.00743089	0.00519146	0.783453	233.027	82.0113	0.0225517	
365.29	-0.00031716	-0.00474271	0.00743089	0.00475331	0.814983	266.174	89.571	0.0225517	
365.298	0.00210796	-0.0037483	0.00743089	0.00430037	0.845814	299.352	99.005	0.0225517	
365.306	0.00340065	-0.00176655	0.00743089	0.00383212	0.875488	332.549	111.103	0.0225517	
365.314	0.00333129	0.000334358	0.00743089	0.00334803	0.903481	5.73152	127.167	0.0225517	
365.322	0.0022189	0.00178588	0.00743089	0.00284831	0.929171	38.8288	149.478	0.0225517	
365.33	0.000733119	0.00221579	0.00743089	0.00233393	0.951872	71.6927	182.422	0.0225517	
365.338	-0.000439848	0.00175025	0.00743089	0.00180467	0.97094	104.107	235.92	0.0225517	
365.346	-0.000895067	0.000898781	0.00743089	0.00126845	0.985537	134.881	335.654	0.0225517	
365.354	-0.00069192	0.000245933	0.00743089	0.000734327	0.995129	160.433	579.794	0.0225517	
365.362	-0.000253117	0.000138696	0.00743089	0.000288626	0.999246	151.279	1475.12	0.0225517	
365.37	-9.93206e-05	0.000504631	0.00743089	0.000514312	0.997608	101.135	827.821	0.0225517	
365.378	-0.000523852	0.000903679	0.00743089	0.00104454	0.990169	120.1	407.605	0.0225517	
365.386	-0.0013863	0.000795142	0.00743089	0.00159814	0.977138	150.163	266.408	0.0225517	
365.394	-0.00214984	-0.000118585	0.00743089	0.0021531	0.958891	183.157	197.742	0.0225517	
365.402	-0.00214843	-0.00163117	0.00743089	0.0026975	0.936235	217.207	157.835	0.0225517	
365.41	-0.00100199	-0.00306886	0.00743089	0.00322829	0.909946	251.918	131.884	0.0225517	
365.418	0.00109859	-0.00357651	0.00743089	0.00374143	0.88095	287.075	113.796	0.0225517	
365.426	0.00336209	-0.00257281	0.00743089	0.00423355	0.850192	322.575	100.568	0.0225517	
365.434	0.00469979	-0.000134425	0.00743089	0.00470171	0.818591	358.362	90.5539	0.0225517	
365.442	0.00424404	0.00290637	0.00743089	0.00514381	0.786955	34.4038	82.771	0.0225517	
365.45	0.00182656	0.00525125	0.00743089	0.00555986	0.755853	70.8206	76.5773	0.0225517	
365.458	-0.00177044	0.00567639	0.00743089	0.00594608	0.726042	107.322	71.6032	0.0225517	
365.466	-0.00510287	0.00370208	0.00743089	0.00630434	0.697754	144.04	67.5342	0.0225517	
365.474	-0.00663473	-0.000111525	0.00743089	0.00663567	0.671185	180.963	64.1621	0.0225517	
365.482	-0.00546401	-0.004282	0.00743089	0.00694196	0.64638	218.085	61.3311	0.0225517	
365.49	-0.00182189	-0.00699261	0.00743089	0.00722605	0.623246	255.397	58.9199	0.0225517	
365.498	0.00291304	-0.00690156	0.00743089	0.00749115	0.601612	292.884	56.8349	0.0225517	
365.506	0.00675015	-0.00379187	0.00743089	0.00774227	0.581129	330.675	54.9914	0.0225517	
365.514	0.0078949	0.00117448	0.00743089	0.00798178	0.561646	8.46154	53.3413	0.0225517	
365.522	0.00566933	0.00594516	0.00743089	0.008215	0.54276	46.3605	51.827	0.0225517	
365.53	0.000832914	0.0084051	0.00743089	0.00844627	0.524149	84.3407	50.4079	0.0225517	
365.538	-0.0046465	0.00733085	0.00743089	0.00867936	0.505542	122.368	49.0542	0.0225517	
365.546	-0.00840083	0.00299108	0.00743089	0.00891743	0.486724	160.402	47.7445	0.0225517	
365.554	-0.00869424	-0.0028928	0.00743089	0.00916287	0.467554	198.404	46.4657	0.0225517	
365.562	-0.00520118	-0.00785126	0.00743089	0.00941778	0.447925	236.477	45.208	0.0225517	
365.57	0.000724683	-0.00965341	0.00743089	0.00968057	0.428024	274.293	43.9807	0.0225517	
365.578	0.00665356	-0.00739963	0.00743089	0.0099511	0.407928	311.961	42.7851	0.0225517	
365.586	0.0100549	-0.00187279	0.00743089	0.0102278	0.387816	349.449	41.6276	0.0225517	
365.594	0.00938493	0.00472622	0.00743089	0.0105078	0.367953	26.7297	40.5183	0.0225517	
365.602	0.00476623	0.0096781	0.00743089	0.0107881	0.348595	63.7809	39.4657	0.0225517	
365.61	-0.00203259	0.0108769	0.00743089	0.0110652	0.329993	100.585	38.4772	0.0225517	
365.618	-0.00832703	0.00769273	0.00743089	0.0113366	0.31232	137.267	37.5562	0.0225517	
365.626	-0.0115232	0.00130484	0.00743089	0.0115968	0.295888	173.54	36.7134	0.0225517	
365.634	-0.0103051	-0.00583853	0.00743089	0.0118441	0.280758	209.535	35.9469	0.0225517	
365.642	-0.00505614	-0.0109668	0.00743089	0.0120762	0.266992	245.248	35.256	0.0225517	
365.65	0.0022777	-0.0120789	0.00743089	0.0122918	0.254589	280.679	34.6376	0.0225517	
365.658	0.00895826	-0.00870373	0.00743089	0.0124902	0.243502	315.826	34.0874	0.0225517	
365.666	0.0125051	-0.00204983	0.00743089	0.012672	0.233623	350.691	33.5984	0.0225517	
365.674	0.0115973	0.00550933	0.00743089	0.0128394	0.224763	25.4103	33.1604	0.0225517	
365.682	0.00655034	0.0112214	0.00743089	0.0129933	0.216811	59.7263	32.7674	0.0225517	
365.69	-0.000866486	0.0131094	0.00743089	0.013138	0.209517	93.7816	32.4067	0.0225517	
365.698	-0.00809926	0.0105211	0.00743089	0.0132775	0.20264	127.589	32.0662	0.0225517	
365.706	-0.0126978	0.00433061	0.00743089	0.013416	0.195968	161.168	31.7351	0.0225517	
365.714	-0.0131242	-0.00340378	0.00743089	0.0135584	0.189271	194.539	31.4019	0.0225517	
365.722	-0.00922091	-0.0101445	0.00743089	0.013709	0.182361	227.731	31.0569	0.0225517	
365.73	-0.00219436	-0.0136976	0.00743089	0.0138722	0.175076	260.899	30.6914	0.0225517	
365.738	0.00567575	-0.0128528	0.00743089	0.0140502	0.167372	293.826	30.3026	0.0225517	
365.746	0.0119028	-0.00782577	0.00743089	0.014245	0.159226	326.676	29.8884	0.0225517	
365.754	0.014456	-0.000129678	0.00743089	0.0144566	0.150706	359.486	29.4509	0.0225517	
365.762	0.0124128	0.00784479	0.00743089	0.0146839	0.141931	32.2926	28.9949	0.0225517	
365.77	0.00627637	0.0135398	0.00743089	0.0149237	0.133093	65.1299	28.529	0.0225517	
365.778	-0.00215173	0.0150191	0.00743089	0.0151724	0.124371	98.1531	28.0613	0.0225517	
365.786	-0.0101453	0.0116147	0.00743089	0.0154217	0.116073	131.137	27.6078	0.0225517	
365.794	-0.0150756	0.00425813	0.00743089	0.0156654	0.108376	164.228	27.1782	0.0225517	
365.802	-0.0151648	-0.00476376	0.00743089	0.0158954	0.101481	197.439	26.7849	0.0225517	
365.81	-0.0101813	-0.0124757	0.00743089	0.0161028	0.0955627	230.783	26.44	0.0225517	
365.818	-0.00162719	-0.0161972	0.00743089	0.0162787	0.0907602	264.263	26.1544	0.0225517	
365.826	0.00767655	-0.0145082	0.00743089	0.0164139	0.0871978	297.884	25.9388	0.0225517	
365.834	0.0145383	-0.00780382	0.00743089	0.0165003	0.0849817	331.774	25.803	0.0225517	
365.842	0.016448	0.00163408	0.00743089	0.016529	0.0842569	5.67364	25.7583	0.0225517	
365.85	0.0126885	0.010537	0.00743089	0.0164932	0.0851626	39.7074	25.8142	0.0225517	
365.858	0.00455191	0.0157415	0.00743089	0.0163864	0.0879134	73.8719	25.9824	0.0225517	
365.866	-0.00505102	0.0153963	0.00743089	0.0162037	0.0927837	108.163	26.2754	0.0225517	
365.874	-0.0126597	0.00968733	0.00743089	0.0159409	0.10016	142.576	26.7086	0.0225517	
365.882	-0.0155755	0.000786272	0.00743089	0.0155953	0.110549	177.11	27.3004	0.0225517	
365.89	-0.0128744	-0.00801179	0.00743089	0.0151637	0.12467	211.894	28.0775	0.0225517	
365.898	-0.00580276	-0.0134512	0.00743089	0.0146495	0.143235	246.665	29.0631	0.0225517	
365.906	0.00281516	-0.0137676	0.00743089	0.0140525	0.167275	281.556	30.2977	0.0225517	
365.914	0.00971448	-0.00919458	0.00743089	0.0133758	0.19789	316.575	31.8306	0.0225517	
365.922	0.0124921	-0.0018156	0.00743089	0.0126234	0.236239	351.731	33.7278	0.0225517	
365.93	0.010511	0.00536488	0.00743089	0.011801	0.283361	27.04	36.0782	0.0225517	
365.938	0.00503527	0.00968469	0.00743089	0.0109155	0.339977	62.5292	39.0051	0.0225517	
365.946	-0.00145226	0.00986506	0.00743089	0.00997138	0.406437	98.3745	42.698	0.0225517	
365.954	-0.00628272	0.00642397	0.00743089	0.00898554	0.481379	134.363	47.3826	0.0225517	
365.962	-0.00786135	0.00128348	0.00743089	0.00796544	0.562973	170.727	53.4508	0.0225517	
365.97	-0.00613472	-0.00321	0.00743089	0.00692379	0.647856	207.621	61.4921	0.0225517	
365.978	-0.0024548	-0.00533847	0.00743089	0.00587583	0.731523	245.306	72.4593	0.0225517	
365.986	0.00119153	-0.004692	0.00743089	0.00484093	0.808803	284.249	87.9498	0.0225517	
365.994	0.00316429	-0.00218734	0.00743089	0.00384671	0.8746	325.346	110.681	0.0225517	
366.002	0.00288767	0.00053856	0.00743089	0.00293746	0.924842	10.5645	144.941	0.0225517	
366.01	0.00100996	0.00197224	0.00743089	0.0022158	0.956516	62.8836	192.147	0.0225517	
366.018	-0.00106617	0.00152224	0.00743089	0.00185848	0.969209	125.007	229.09	0.0225517	
366.026	-0.00198176	-0.000303889	0.00743089	0.00200492	0.964256	188.718	212.357	0.0225517	
366.034	-0.00113328	-0.0022389	0.00743089	0.00250939	0.944576	243.152	169.666	0.0225517	
366.042	0.0010411	-0.00297316	0.00743089	0.00315017	0.914061	289.298	135.154	0.0225517	
366.05	0.00332331	-0.0018604	0.00743089	0.00380861	0.876913	330.76	111.789	0.0225517	
366.058	0.00436933	0.000752747	0.00743089	0.0044337	0.836942	9.77494	96.0279	0.0225517	
366.066	0.00340086	0.00365776	0.00743089	0.0049945	0.797816	47.0844	85.2455	0.0225517	
366.074	0.000633085	0.00544252	0.00743089	0.00547922	0.76197	83.3651	77.7042	0.0225517	
366.082	-0.00284096	0.00514799	0.00743089	0.00587987	0.731208	118.892	72.4095	0.0225517	
366.09	-0.00555679	0.00273298	0.00743089	0.00619251	0.70664	153.811	68.7538	0.0225517	
366.098	-0.00635093	-0.000914052	0.00743089	0.00641637	0.688808	188.19	66.3551	0.0225517	
366.106	-0.00486628	-0.00438969	0.00743089	0.00655363	0.677793	222.052	64.9653	0.0225517	
366.114	-0.0016535	-0.00639904	0.00743089	0.00660922	0.673317	255.512	64.4189	0.0225517	
366.122	0.00206679	-0.00625847	0.00743089	0.00659091	0.674792	288.275	64.5978	0.0225517	
366.13	0.0050169	-0.00414885	0.00743089	0.00651016	0.681287	320.41	65.3991	0.0225517	
366.138	0.00631732	-0.000905622	0.00743089	0.0063819	0.691565	351.842	66.7134	0.0225517	
366.146	0.00575138	0.00238089	0.00743089	0.00622471	0.704086	22.488	68.3981	0.0225517	
366.154	0.00370815	0.00479473	0.00743089	0.00606134	0.717	52.2823	70.2417	0.0225517	
366.162	0.000905396	0.00584793	0.00743089	0.0059176	0.728267	81.1992	71.9478	0.0225517	
366.17	-0.00193379	0.0054902	0.00743089	0.00582081	0.735798	109.404	73.1443	0.0225517	
366.178	-0.00423053	0.00396471	0.00743089	0.00579796	0.737569	136.858	73.4325	0.0225517	
366.186	-0.00564045	0.00162072	0.00743089	0.00586868	0.732079	163.969	72.5476	0.0225517	
366.194	-0.00593015	-0.00116413	0.00743089	0.00604333	0.718417	191.106	70.4509	0.0225517	
366.202	-0.00493754	-0.0039452	0.00743089	0.00632012	0.696497	218.626	67.3656	0.0225517	
366.21	-0.00263575	-0.00614544	0.00743089	0.00668682	0.667056	246.786	63.6713	0.0225517	
366.218	0.000709856	-0.00708846	0.00743089	0.00712392	0.631572	275.719	59.7647	0.0225517	
366.226	0.00442566	-0.00619089	0.00743089	0.0076101	0.591906	305.56	55.9465	0.0225517	
366.234	0.00741817	-0.00329797	0.00743089	0.00811824	0.550583	336.031	52.4447	0.0225517	
366.242	0.00856067	0.00107481	0.00743089	0.00862788	0.509637	7.15616	49.3468	0.0225517	
366.25	0.00710308	0.00571872	0.00743089	0.00911907	0.470956	38.8377	46.6888	0.0225517	
366.258	0.00312014	0.00905146	0.00743089	0.00957414	0.436041	70.9804	44.4696	0.0225517	
366.266	-0.00232895	0.00970209	0.00743089	0.0099777	0.405974	103.498	42.671	0.0225517	
366.274	-0.00746084	0.00712562	0.00743089	0.0103169	0.38144	136.317	41.2681	0.0225517	
366.282	-0.0104043	0.001929	0.00743089	0.0105816	0.362802	169.496	40.2356	0.0225517	
366.29	-0.00992564	-0.0041577	0.00743089	0.0107613	0.350423	202.728	39.564	0.0225517	
366.298	-0.00605382	-0.00900436	0.00743089	0.0108502	0.344376	236.086	39.2396	0.0225517	
366.306	-9.01263e-05	-0.0108434	0.00743089	0.0108438	0.34481	269.524	39.2628	0.0225517	
366.314	0.0058482	-0.00900728	0.00743089	0.0107393	0.351926	302.995	39.6449	0.0225517	
366.322	0.00965877	-0.00420931	0.00743089	0.0105361	0.365973	336.452	40.4094	0.0225517	
366.33	0.0100846	0.00175025	0.00743089	0.0102354	0.38727	9.84595	41.5967	0.0225517	
366.338	0.0071671	0.00674075	0.00743089	0.00983895	0.416208	43.2441	43.2727	0.0225517	
366.346	0.00221225	0.00908985	0.00743089	0.00935518	0.452717	76.3215	45.5104	0.0225517	
366.354	-0.00287883	0.00830594	0.00743089	0.00879069	0.496716	109.116	48.4329	0.0225517	
366.362	-0.00638347	0.00507652	0.00743089	0.00815597	0.547531	141.506	52.2021	0.0225517	
366.37	-0.00741401	0.000867569	0.00743089	0.0074646	0.603779	173.326	57.037	0.0225517	
366.378	-0.00613592	-0.00277537	0.00743089	0.0067344	0.66321	204.338	63.2215	0.0225517	
366.386	-0.00350337	-0.00485804	0.00743089	0.0059895	0.722643	234.203	71.0841	0.0225517	
366.394	-0.000682652	-0.00521548	0.00743089	0.00525997	0.77839	262.543	80.9432	0.0225517	
366.402	0.00146039	-0.00436012	0.00743089	0.00459819	0.825758	288.518	92.5926	0.0225517	
366.41	0.00270162	-0.00303874	0.00743089	0.00406605	0.860963	311.639	104.711	0.0225517	
366.418	0.00330105	-0.0017625	0.00743089	0.00374211	0.880909	331.901	113.775	0.0225517	
366.426	0.00364182	-0.000597385	0.00743089	0.00369049	0.883975	350.684	115.366	0.0225517	
366.434	0.0038514	0.000707974	0.00743089	0.00391593	0.870355	10.416	108.725	0.0225517	
366.442	0.00366218	0.0023635	0.00743089	0.00435863	0.841959	32.8374	97.6817	0.0225517	
366.45	0.00259294	0.00420219	0.00743089	0.00493779	0.801895	58.3236	86.2245	0.0225517	
366.458	0.000374302	0.00556501	0.00743089	0.00557758	0.754503	86.1521	76.3339	0.0225517	
366.466	-0.00270811	0.00560912	0.00743089	0.00622866	0.703773	115.771	68.3548	0.0225517	
366.474	-0.00572691	0.00376719	0.00743089	0.00685486	0.653452	146.663	62.1104	0.0225517	
366.482	-0.00742806	0.000200173	0.00743089	0.00743076	0.606541	178.456	57.2968	0.0225517	
366.49	-0.00681137	-0.00407569	0.00743089	0.00793763	0.565232	210.895	53.638	0.0225517	
366.498	-0.00369194	-0.00750204	0.00743089	0.00836129	0.530973	243.797	50.9202	0.0225517	
366.506	0.00108363	-0.00862443	0.00743089	0.00869224	0.504518	277.161	48.9814	0.0225517	
366.514	0.0058095	-0.00676885	0.00743089	0.00892007	0.486517	310.639	47.7304	0.0225517	
366.522	0.00870248	-0.00244963	0.00743089	0.00904068	0.477066	344.279	47.0936	0.0225517	
366.53	0.00860692	0.00280004	0.00743089	0.00905093	0.476265	18.021	47.0403	0.0225517	
366.538	0.00553323	0.0070339	0.00743089	0.00894944	0.48421	51.8096	47.5738	0.0225517	
366.546	0.00067164	0.00871099	0.00743089	0.00873684	0.50098	85.5911	48.7314	0.0225517	
366.554	-0.00411951	0.00733857	0.00743089	0.00841576	0.526597	119.308	50.5906	0.0225517	
366.562	-0.00711931	0.00362436	0.00743089	0.00798878	0.561078	153.02	53.2946	0.0225517	
366.57	-0.00741931	-0.000829999	0.00743089	0.00746559	0.603698	186.383	57.0295	0.0225517	
366.578	-0.00529564	-0.00435055	0.00743089	0.00685355	0.653558	219.404	62.1224	0.0225517	
366.586	-0.00191489	-0.00585888	0.00743089	0.00616387	0.708908	251.901	69.0732	0.0225517	
366.594	0.00127045	-0.00526022	0.00743089	0.00541146	0.767079	283.578	78.6772	0.0225517	
366.602	0.00320339	-0.00332467	0.00743089	0.00461683	0.824475	313.936	92.2188	0.0225517	
366.61	0.00362621	-0.00117402	0.00743089	0.00381152	0.876737	342.06	111.703	0.0225517	
366.618	0.00302922	0.000336244	0.00743089	0.00304783	0.919326	6.33391	139.693	0.0225517	
366.626	0.00223135	0.000984308	0.00743089	0.00243881	0.947568	23.8036	174.577	0.0225517	
366.634	0.00181188	0.00118865	0.00743089	0.00216698	0.958371	33.2662	196.476	0.0225517	
366.642	0.00177203	0.00158277	0.00743089	0.00237597	0.950167	41.7711	179.194	0.0225517	
366.65	0.00158217	0.00250914	0.00743089	0.00296632	0.923416	57.7659	143.531	0.0225517	
366.658	0.000588912	0.00370172	0.00743089	0.00374827	0.880541	80.9605	113.588	0.0225517	
366.666	-0.00146073	0.00436481	0.00743089	0.00460275	0.825445	108.503	92.501	0.0225517	
366.674	-0.00410537	0.00361684	0.00743089	0.00547135	0.762565	138.62	77.8161	0.0225517	
366.682	-0.0062179	0.00108985	0.00743089	0.00631269	0.697089	170.058	67.4448	0.0225517	
366.69	-0.00657244	-0.00270533	0.00743089	0.00710744	0.632914	202.373	59.9032	0.0225517	
366.698	-0.00446926	-0.0064402	0.00743089	0.00783904	0.573249	235.241	54.3126	0.0225517	
366.706	-0.000227794	-0.00849195	0.00743089	0.00849501	0.520245	268.463	50.1187	0.0225517	
366.714	0.00479168	-0.00769555	0.00743089	0.00906541	0.475135	301.909	46.9652	0.0225517	
366.722	0.00868202	-0.00395962	0.00743089	0.00954233	0.438448	335.484	44.6179	0.0225517	
366.73	0.0097925	0.00159375	0.00743089	0.00992135	0.410117	9.24395	42.9134	0.0225517	
366.738	0.00747211	0.00693688	0.00743089	0.0101957	0.390123	42.8727	41.7586	0.0225517	
366.746	0.00242965	0.0100766	0.00743089	0.0103654	0.377993	76.4437	41.0751	0.0225517	
366.754	-0.00355095	0.00980749	0.00743089	0.0104305	0.373384	109.904	40.8185	0.0225517	
366.762	-0.0083221	0.00622675	0.00743089	0.0103937	0.375984	143.196	40.963	0.0225517	
366.77	-0.0102382	0.000669973	0.00743089	0.0102601	0.385499	176.256	41.4966	0.0225517	
366.778	-0.00876606	-0.00488649	0.00743089	0.010036	0.401706	209.137	42.4231	0.0225517	
366.786	-0.0046447	-0.00855455	0.00743089	0.00973414	0.424012	241.5	43.7387	0.0225517	
366.794	0.000550585	-0.00935199	0.00743089	0.00936819	0.45172	273.369	45.4473	0.0225517	
366.802	0.00508897	-0.00737064	0.00743089	0.00895678	0.483633	304.623	47.5348	0.0225517	
366.81	0.007733	-0.0035853	0.00743089	0.00852371	0.517949	335.126	49.9499	0.0225517	
366.818	0.00807077	0.000669538	0.00743089	0.0080985	0.552182	4.7423	52.5725	0.0225517	
366.826	0.00644484	0.00424446	0.00743089	0.00771696	0.583193	33.3682	55.1718	0.0225517	
366.834	0.00358616	0.00649411	0.00743089	0.00741849	0.607543	61.0918	57.3916	0.0225517	
366.842	0.000273235	0.00724161	0.00743089	0.00724677	0.621556	87.8392	58.7515	0.0225517	
366.85	-0.00294983	0.00660676	0.00743089	0.00723539	0.622484	114.06	58.8439	0.0225517	
366.858	-0.00569282	0.00473449	0.00743089	0.0074043	0.608701	140.251	57.5016	0.0225517	
366.866	-0.00755248	0.00175371	0.00743089	0.00775342	0.580221	166.927	54.9124	0.0225517	
366.874	-0.00800222	-0.0020657	0.00743089	0.00826454	0.538763	194.474	51.5163	0.0225517	
366.882	-0.00650643	-0.00608368	0.00743089	0.00890757	0.487499	223.077	47.7974	0.0225517	
366.89	-0.00284336	-0.00922297	0.00743089	0.00965131	0.430222	252.866	44.1141	0.0225517	
366.898	0.00244617	-0.0101672	0.00743089	0.0104574	0.371493	283.528	40.7137	0.0225517	
366.906	0.00799595	-0.0079833	0.00743089	0.011299	0.314731	315.045	37.6809	0.0225517	
366.914	0.0118539	-0.00267391	0.00743089	0.0121517	0.262606	347.288	35.0369	0.0225517	
366.922	0.0122001	0.00447359	0.00743089	0.0129944	0.216757	20.1372	32.7648	0.0225517	
366.93	0.00821572	0.0111004	0.00743089	0.01381	0.177829	53.4937	30.8297	0.0225517	
366.938	0.000692899	0.0145677	0.00743089	0.0145842	0.145732	87.2768	29.1932	0.0225517	
366.946	-0.00801094	0.0130451	0.00743089	0.0153085	0.119788	121.554	27.812	0.0225517	
366.954	-0.0145888	0.00649106	0.00743089	0.0159677	0.0993869	156.014	26.6637	0.0225517	
366.962	-0.0162675	-0.00308805	0.00743089	0.016558	0.0835267	190.749	25.7131	0.0225517	
366.97	-0.011919	-0.0122254	0.00743089	0.0170741	0.0713793	225.727	24.936	0.0225517	
366.978	-0.00276153	-0.017293	0.00743089	0.0175121	0.0622291	260.927	24.3122	0.0225517	
366.986	0.00792683	-0.0160163	0.00743089	0.0178706	0.0554769	296.332	23.8245	0.0225517	
366.994	0.0160141	-0.00854023	0.00743089	0.018149	0.0506607	331.929	23.459	0.0225517	
367.002	0.0181776	0.00250572	0.00743089	0.0183494	0.047414	7.84858	23.2028	0.0225517	
367.01	0.0133303	0.0127883	0.00743089	0.0184727	0.0455054	43.8112	23.048	0.0225517	
367.018	0.00323222	0.0182395	0.00743089	0.0185237	0.0447345	79.9509	22.9846	0.0225517	
367.026	-0.00819077	0.0165962	0.00743089	0.0185074	0.0449794	116.268	23.0048	0.0225517	
367.034	-0.0163864	0.00843502	0.00743089	0.01843	0.0461588	152.763	23.1014	0.0225517	
367.042	-0.0180515	-0.00300089	0.00743089	0.0182992	0.0482109	189.439	23.2665	0.0225517	
367.05	-0.0125211	-0.0131016	0.00743089	0.0181227	0.0511009	226.298	23.4931	0.0225517	
367.058	-0.00203201	-0.0177933	0.00743089	0.0179089	0.0547922	263.485	23.7735	0.0225517	
367.066	0.00902559	-0.0151895	0.00743089	0.0176687	0.0592015	300.719	24.0968	0.0225517	
367.074	0.0161595	-0.00648308	0.00743089	0.0174115	0.0642403	338.14	24.4527	0.0225517	
367.082	0.016504	0.00465319	0.00743089	0.0171475	0.0697743	15.7454	24.8293	0.0225517	
367.09	0.0100379	0.0135796	0.00743089	0.0168868	0.0756098	53.5287	25.2125	0.0225517	
367.098	-0.00042916	0.0166337	0.00743089	0.0166392	0.081512	91.4779	25.5876	0.0225517	
367.106	-0.0104573	0.0126515	0.00743089	0.0164139	0.0871997	129.576	25.9389	0.0225517	
367.114	-0.0158605	0.00338681	0.00743089	0.016218	0.0923941	167.946	26.2521	0.0225517	
367.122	-0.0144017	-0.00710766	0.00743089	0.0160601	0.0967593	206.268	26.5103	0.0225517	
367.13	-0.00682581	-0.0144094	0.00743089	0.0159444	0.100059	244.653	26.7027	0.0225517	
367.138	0.00358829	-0.0154633	0.00743089	0.0158742	0.102105	283.064	26.8209	0.0225517	
367.146	0.0123989	-0.0098755	0.00743089	0.0158511	0.102782	321.463	26.8598	0.0225517	
367.154	0.0158745	-5.21847e-05	0.00743089	0.0158746	0.102092	359.812	26.8202	0.0225517	
367.162	0.01255	0.00983123	0.00743089	0.0159422	0.100121	38.074	26.7063	0.0225517	
367.17	0.00378396	0.0155984	0.00743089	0.0160508	0.097021	76.3642	26.5257	0.0225517	
367.178	-0.00668144	0.0147522	0.00743089	0.0161947	0.0930285	114.366	26.2899	0.0225517	
367.186	-0.0144796	0.0076318	0.00743089	0.0163678	0.0884008	152.208	26.012	0.0225517	
367.194	-0.0163182	-0.00284089	0.00743089	0.0165637	0.0833849	189.876	25.7043	0.0225517	
367.202	-0.0113627	-0.0123414	0.00743089	0.0167756	0.0782174	227.364	25.3796	0.0225517	
367.21	-0.00157787	-0.016923	0.00743089	0.0169964	0.0731103	264.673	25.0499	0.0225517	
367.218	0.00907518	-0.0146338	0.00743089	0.0172194	0.0682302	301.805	24.7256	0.0225517	
367.226	0.0162706	-0.00627559	0.00743089	0.0174389	0.0636878	338.908	24.4143	0.0225517	
367.234	0.0169876	0.00477797	0.00743089	0.0176468	0.0596174	15.7093	24.1267	0.0225517	
367.242	0.0108936	0.0141257	0.00743089	0.0178383	0.0560585	52.3609	23.8676	0.0225517	
