363.25	-0.00367707	-0.000588135	0.0029927	0.00372381	0.461102	189.087	46.0468	0.00908242	
363.258	-0.00257225	-0.00253422	0.0029927	0.00361092	0.482917	224.573	47.4863	0.00908242	
363.266	-0.000603436	-0.00344189	0.0029927	0.00349439	0.505764	260.056	49.07	0.00908242	
363.274	0.00145469	-0.00304707	0.0029927	0.0033765	0.529158	295.52	50.7831	0.00908242	
363.282	0.00285267	-0.001576	0.0029927	0.00325906	0.552688	331.081	52.6132	0.00908242	
363.29	0.00312506	0.000353148	0.0029927	0.00314495	0.575701	6.44736	54.5221	0.00908242	
363.298	0.00226538	0.00202075	0.0029927	0.00303569	0.59782	41.7333	56.4845	0.00908242	
363.306	0.000664153	0.00285704	0.0029927	0.00293322	0.618585	76.9133	58.4577	0.00908242	
363.314	-0.00106189	0.00263321	0.0029927	0.00283926	0.637602	111.963	60.3923	0.00908242	
363.322	-0.00230714	0.00150649	0.0029927	0.00275543	0.654516	146.857	62.2295	0.00908242	
363.33	-0.00268227	-7.35992e-05	0.0029927	0.00268328	0.669012	181.572	63.9028	0.00908242	
363.338	-0.00211691	-0.0015507	0.0029927	0.00262411	0.680845	216.224	65.3437	0.00908242	
363.346	-0.000859514	-0.00243226	0.0029927	0.00257966	0.689694	250.538	66.4697	0.00908242	
363.354	0.000644982	-0.00246805	0.0029927	0.00255093	0.695392	284.646	67.2182	0.00908242	
363.362	0.0019034	-0.00168061	0.0029927	0.00253917	0.69772	318.557	67.5296	0.00908242	
363.37	0.00252219	-0.000341396	0.0029927	0.00254519	0.696529	352.291	67.3699	0.00908242	
363.378	0.00231213	0.00112184	0.0029927	0.00256991	0.691629	25.8826	66.7219	0.00908242	
363.386	0.00133177	0.00224912	0.0029927	0.00261384	0.682893	59.369	65.6005	0.00908242	
363.394	-0.000136516	0.00267422	0.0029927	0.0026777	0.670131	92.9224	64.036	0.00908242	
363.402	-0.00163571	0.00222411	0.0029927	0.00276084	0.653427	126.332	62.1077	0.00908242	
363.41	-0.0026867	0.000990327	0.0029927	0.00286341	0.632719	159.766	59.883	0.00908242	
363.418	-0.00290503	-0.000684549	0.0029927	0.0029846	0.608174	193.259	57.4514	0.00908242	
363.426	-0.00213675	-0.00227863	0.0029927	0.00312376	0.579987	226.841	54.892	0.00908242	
363.434	-0.000539745	-0.00323499	0.0029927	0.00327971	0.548537	260.528	52.2819	0.00908242	
363.442	0.0014221	-0.00314462	0.0029927	0.00345123	0.514299	294.334	49.6836	0.00908242	
363.45	0.00309816	-0.00190634	0.0029927	0.00363768	0.477715	328.395	47.137	0.00908242	
363.458	0.00383252	0.000164212	0.0029927	0.00383604	0.439771	2.45345	44.6996	0.00908242	
363.466	0.00324617	0.00241391	0.0029927	0.00404532	0.401085	36.6352	42.3871	0.00908242	
363.474	0.00139254	0.00403	0.0029927	0.00426381	0.362426	70.9378	40.215	0.00908242	
363.482	-0.00118895	0.0043296	0.0029927	0.00448988	0.324519	105.355	38.1902	0.00908242	
363.49	-0.00361064	0.00304257	0.0029927	0.00472165	0.288056	139.88	36.3155	0.00908242	
363.498	-0.00493455	0.000474309	0.0029927	0.0049573	0.253617	174.51	34.5893	0.00908242	
363.506	-0.00452818	-0.00254822	0.0029927	0.00519594	0.221529	209.369	33.0006	0.00908242	
363.514	-0.00236599	-0.0048919	0.0029927	0.00543402	0.192341	244.189	31.5548	0.00908242	
363.522	0.000896711	-0.00559924	0.0029927	0.00567059	0.166104	279.099	30.2384	0.00908242	
363.53	0.00410824	-0.00424018	0.0029927	0.00590396	0.142853	314.095	29.0431	0.00908242	
363.538	0.0060235	-0.00115166	0.0029927	0.00613261	0.122507	349.176	27.9602	0.00908242	
363.546	0.00578981	0.00261908	0.0029927	0.00635464	0.10494	24.3401	26.9833	0.00908242	
363.554	0.0033254	0.00566474	0.0029927	0.00656868	0.0899241	59.5855	26.1041	0.00908242	
363.562	-0.000596226	0.00674783	0.0029927	0.00677412	0.0771646	95.0494	25.3124	0.00908242	
363.57	-0.00452172	0.00530166	0.0029927	0.00696803	0.066498	130.46	24.608	0.00908242	
363.578	-0.00693628	0.0017351	0.0029927	0.00715001	0.057613	165.956	23.9817	0.00908242	
363.586	-0.00680798	-0.00268669	0.0029927	0.00731894	0.0502639	201.536	23.4282	0.00908242	
363.594	-0.00404834	-0.00628261	0.0029927	0.00747397	0.0442237	237.203	22.9422	0.00908242	
363.602	0.000393102	-0.00760415	0.0029927	0.00761431	0.0392931	272.959	22.5194	0.00908242	
363.61	0.00485029	-0.00603108	0.0029927	0.00773946	0.0352961	308.807	22.1552	0.00908242	
363.618	0.0075778	-0.0020467	0.0029927	0.00784933	0.0320776	344.886	21.8451	0.00908242	
363.626	0.00741932	0.00283665	0.0029927	0.0079431	0.0295324	20.9235	21.5872	0.00908242	
363.634	0.00436168	0.00673157	0.0029927	0.00802112	0.0275487	57.059	21.3772	0.00908242	
363.642	-0.00046479	0.00807029	0.0029927	0.00808367	0.0260422	93.2962	21.2118	0.00908242	
363.65	-0.00518692	0.00626208	0.0029927	0.00813128	0.0249437	129.635	21.0876	0.00908242	
363.658	-0.00792459	0.00196444	0.0029927	0.00816445	0.0242023	166.078	21.002	0.00908242	
363.666	-0.00755432	-0.00314824	0.0029927	0.00818408	0.0237725	202.624	20.9516	0.00908242	
363.674	-0.00416791	-0.00705167	0.0029927	0.00819131	0.0236158	239.415	20.9331	0.00908242	
363.682	0.000879729	-0.00813983	0.0029927	0.00818723	0.0237041	276.168	20.9435	0.00908242	
363.69	0.0055764	-0.00597534	0.0029927	0.00817318	0.0240102	313.022	20.9795	0.00908242	
363.698	0.008026	-0.00141928	0.0029927	0.00815052	0.0245112	349.972	21.0378	0.00908242	
363.706	0.00723492	0.00368825	0.0029927	0.00812079	0.025182	27.0118	21.1148	0.00908242	
363.714	0.00352733	0.00727525	0.0029927	0.00808526	0.0260049	64.134	21.2077	0.00908242	
363.722	-0.00158055	0.00788853	0.0029927	0.00804531	0.0269574	101.33	21.313	0.00908242	
363.73	-0.00601432	0.00527831	0.0029927	0.00800203	0.028023	138.729	21.4282	0.00908242	
363.738	-0.00793772	0.000550249	0.0029927	0.00795677	0.0291763	176.035	21.5501	0.00908242	
363.746	-0.00660591	-0.00435129	0.0029927	0.00791023	0.0304041	213.373	21.6769	0.00908242	
363.754	-0.00259543	-0.00742236	0.0029927	0.00786306	0.0316937	250.726	21.807	0.00908242	
363.762	0.00242509	-0.00742937	0.0029927	0.00781516	0.0330507	288.078	21.9406	0.00908242	
363.77	0.00639383	-0.00440957	0.0029927	0.00776694	0.0344666	325.408	22.0768	0.00908242	
363.778	0.00770803	0.00038207	0.0029927	0.00771749	0.0359718	2.83771	22.2183	0.00908242	
363.786	0.00586761	0.0049347	0.0029927	0.00766682	0.0375717	40.0641	22.3651	0.00908242	
363.794	0.00168558	0.00742473	0.0029927	0.00761366	0.0393147	77.2094	22.5213	0.00908242	
363.802	-0.00310429	0.00689007	0.0029927	0.00755709	0.0412441	114.254	22.6899	0.00908242	
363.81	-0.00656711	0.00361347	0.0029927	0.00749561	0.0434311	151.179	22.876	0.00908242	
363.818	-0.00735652	-0.00102965	0.0029927	0.00742823	0.0459389	187.968	23.0835	0.00908242	
363.826	-0.00523567	-0.00516349	0.0029927	0.00735349	0.0488615	224.602	23.3181	0.00908242	
363.834	-0.00111163	-0.00718432	0.0029927	0.00726982	0.0523158	261.204	23.5865	0.00908242	
363.842	0.00331179	-0.00636697	0.0029927	0.00717679	0.0563919	297.481	23.8922	0.00908242	
363.85	0.00633349	-0.00315005	0.0029927	0.00707361	0.0612162	333.556	24.2407	0.00908242	
363.858	0.00686565	0.00113821	0.0029927	0.00695936	0.0669481	9.41306	24.6387	0.00908242	
363.866	0.00482939	0.00483568	0.0029927	0.00683424	0.0737192	45.0373	25.0897	0.00908242	
363.874	0.00111571	0.00660489	0.0029927	0.00669846	0.0816829	80.412	25.5983	0.00908242	
363.882	-0.00282332	0.00591362	0.0029927	0.00655302	0.0909619	115.521	26.1665	0.00908242	
363.89	-0.00556791	0.00315268	0.0029927	0.00639851	0.101713	150.48	26.7983	0.00908242	
363.898	-0.00621417	-0.000544445	0.0029927	0.00623797	0.11391	185.007	27.488	0.00908242	
363.906	-0.00470528	-0.0038401	0.0029927	0.00607339	0.127552	219.219	28.2329	0.00908242	
363.914	-0.00171725	-0.00565261	0.0029927	0.0059077	0.142501	253.101	29.0247	0.00908242	
363.922	0.00164542	-0.00550359	0.0029927	0.0057443	0.158482	286.645	29.8504	0.00908242	
363.93	0.00427019	-0.00360279	0.0029927	0.005587	0.175063	319.845	30.6908	0.00908242	
363.938	0.00539568	-0.000690668	0.0029927	0.0054397	0.191679	352.706	31.5218	0.00908242	
363.946	0.00479436	0.00227308	0.0029927	0.00530592	0.207696	25.3664	32.3166	0.00908242	
363.954	0.0027805	0.00438287	0.0029927	0.00519044	0.222237	57.6089	33.0356	0.00908242	
363.962	3.55053e-05	0.00509577	0.0029927	0.00509589	0.234637	89.6008	33.6485	0.00908242	
363.97	-0.0026181	0.00428841	0.0029927	0.00502443	0.244304	121.404	34.1271	0.00908242	
363.978	-0.00443841	0.00225304	0.0029927	0.00497751	0.250789	153.087	34.4488	0.00908242	
363.986	-0.00493789	-0.000408547	0.0029927	0.00495476	0.253973	184.73	34.607	0.00908242	
363.994	-0.00398768	-0.00294091	0.0029927	0.00495485	0.25396	216.409	34.6064	0.00908242	
364.002	-0.00183815	-0.00462284	0.0029927	0.00497488	0.251156	248.316	34.467	0.00908242	
364.01	0.000893251	-0.00493044	0.0029927	0.0050107	0.246191	280.269	34.2206	0.00908242	
364.018	0.00341275	-0.00373324	0.0029927	0.00505805	0.239724	312.432	33.9003	0.00908242	
364.026	0.00493364	-0.00133724	0.0029927	0.00511165	0.23254	344.835	33.5448	0.00908242	
364.034	0.00492756	0.00155269	0.0029927	0.0051664	0.225348	17.4898	33.1893	0.00908242	
364.042	0.00332543	0.0040199	0.0029927	0.0052171	0.218822	50.401	32.8668	0.00908242	
364.05	0.000589864	0.00522594	0.0029927	0.00525912	0.213509	83.5601	32.6042	0.00908242	
364.058	-0.00240749	0.00470826	0.0029927	0.00528808	0.2099	117.082	32.4257	0.00908242	
364.066	-0.00462202	0.00259422	0.0029927	0.00530028	0.20839	150.696	32.351	0.00908242	
364.074	-0.00527613	-0.000415863	0.0029927	0.00529249	0.209353	184.507	32.3986	0.00908242	
364.082	-0.00411882	-0.00327577	0.0029927	0.00526264	0.213068	218.496	32.5824	0.00908242	
364.09	-0.00155403	-0.00497155	0.0029927	0.00520877	0.219884	252.642	32.9193	0.00908242	
364.098	0.00149328	-0.00490771	0.0029927	0.00512986	0.230131	286.924	33.4257	0.00908242	
364.106	0.00392334	-0.00314097	0.0029927	0.00502576	0.244121	321.32	34.1181	0.00908242	
364.114	0.00488361	-0.000346364	0.0029927	0.00489588	0.262331	355.943	35.0232	0.00908242	
364.122	0.00408572	0.00240751	0.0029927	0.00474228	0.284934	30.5087	36.1576	0.00908242	
364.13	0.00192041	0.00414232	0.0029927	0.00456583	0.312295	65.1272	37.5549	0.00908242	
364.138	-0.000741723	0.00430524	0.0029927	0.00436867	0.344567	99.7752	39.2498	0.00908242	
364.146	-0.00290717	0.00296567	0.0029927	0.00415293	0.381809	134.429	41.2888	0.00908242	
364.154	-0.00385064	0.000744266	0.0029927	0.00392191	0.423716	169.061	43.7209	0.00908242	
364.162	-0.00337014	-0.00147505	0.0029927	0.00367881	0.469757	203.638	46.61	0.00908242	
364.17	-0.00180275	-0.00291387	0.0029927	0.00342645	0.519216	238.256	50.0429	0.00908242	
364.178	0.000144222	-0.00316745	0.0029927	0.00317073	0.570491	272.607	54.0788	0.00908242	
364.186	0.00174499	-0.00233519	0.0029927	0.00291515	0.622245	306.769	58.8201	0.00908242	
364.194	0.00251417	-0.000881471	0.0029927	0.00266422	0.672831	340.679	64.3601	0.00908242	
364.202	0.00234816	0.0005971	0.0029927	0.00242289	0.720561	14.267	70.7706	0.00908242	
364.21	0.00148498	0.00161797	0.0029927	0.00219613	0.763951	47.4541	78.078	0.00908242	
364.218	0.000339658	0.00195992	0.0029927	0.00198913	0.801808	80.1682	86.2031	0.00908242	
364.226	-0.000690729	0.00166897	0.0029927	0.00180626	0.833486	112.483	94.9306	0.00908242	
364.234	-0.00134079	0.000968298	0.0029927	0.00165388	0.858384	144.164	103.677	0.00908242	
364.242	-0.00153036	0.000121727	0.0029927	0.00153519	0.876715	175.452	111.692	0.00908242	
364.25	-0.00129917	-0.000650179	0.0029927	0.00145279	0.88885	206.586	118.028	0.00908242	
364.258	-0.000747353	-0.0011925	0.0029927	0.00140733	0.895324	237.924	121.84	0.00908242	
364.266	-3.47552e-06	-0.00139759	0.0029927	0.0013976	0.89669	269.858	122.689	0.00908242	
364.274	0.000768014	-0.00119563	0.0029927	0.00142105	0.893387	302.715	120.664	0.00908242	
364.282	0.00135569	-0.000581013	0.0029927	0.00147495	0.885636	336.801	116.254	0.00908242	
364.29	0.0015233	0.000320519	0.0029927	0.00155665	0.873473	11.8823	110.153	0.00908242	
364.298	0.00111474	0.0012365	0.0029927	0.00166481	0.856648	47.9645	102.996	0.00908242	
364.306	0.000161138	0.00179175	0.0029927	0.00179898	0.834707	84.861	95.3146	0.00908242	
364.314	-0.00104847	0.00165514	0.0029927	0.00195928	0.8071	122.353	87.5164	0.00908242	
364.322	-0.00201917	0.000725552	0.0029927	0.00214557	0.773371	160.235	79.9179	0.00908242	
364.33	-0.00223786	-0.000741208	0.0029927	0.00235742	0.733262	198.326	72.7361	0.00908242	
364.338	-0.00142703	-0.00216684	0.0029927	0.00259453	0.686737	236.632	66.0887	0.00908242	
364.346	0.000237168	-0.00284326	0.0029927	0.00285314	0.634796	274.768	60.0985	0.00908242	
364.354	0.00212813	-0.00229685	0.0029927	0.00313121	0.578479	312.816	54.7613	0.00908242	
364.362	0.00338038	-0.000551201	0.0029927	0.00342502	0.519499	350.739	50.0637	0.00908242	
364.37	0.0032776	0.00178132	0.0029927	0.00373038	0.459843	28.5233	45.9657	0.00908242	
364.378	0.00163361	0.00369765	0.0029927	0.00404244	0.401606	66.1644	42.4173	0.00908242	
364.386	-0.00102936	0.00423268	0.0029927	0.00435605	0.346691	103.669	39.3635	0.00908242	
364.394	-0.00363654	0.00292509	0.0029927	0.00466697	0.296432	141.188	36.7411	0.00908242	
364.402	-0.00496522	0.000134491	0.0029927	0.00496704	0.252251	178.448	34.5214	0.00908242	
364.41	-0.0042697	-0.0030575	0.0029927	0.00525154	0.214461	215.606	32.6513	0.00908242	
364.418	-0.00164236	-0.00526476	0.0029927	0.00551498	0.183054	252.674	31.0916	0.00908242	
364.426	0.00193542	-0.00541616	0.0029927	0.00575157	0.157744	289.664	29.8126	0.00908242	
364.434	0.00497153	-0.0032798	0.0029927	0.00595594	0.13802	326.587	28.7896	0.00908242	
364.442	0.00611179	0.000368711	0.0029927	0.00612291	0.123324	3.45235	28.0046	0.00908242	
364.45	0.00475718	0.00405034	0.0029927	0.00624789	0.113126	40.4116	27.4444	0.00908242	
364.458	0.00140224	0.0061684	0.0029927	0.00632577	0.107107	77.1928	27.1065	0.00908242	
364.466	-0.00257836	0.00580629	0.0029927	0.00635303	0.10506	113.944	26.9902	0.00908242	
364.474	-0.00551582	0.00309864	0.0029927	0.0063266	0.107044	150.674	27.1029	0.00908242	
364.482	-0.0061917	-0.000803169	0.0029927	0.00624358	0.113466	187.391	27.4633	0.00908242	
364.49	-0.00438165	-0.00424676	0.0029927	0.00610195	0.1251	224.104	28.1008	0.00908242	
364.498	-0.000941031	-0.00582499	0.0029927	0.00590051	0.143178	260.823	29.0601	0.00908242	
364.506	0.00262058	-0.00499155	0.0029927	0.00563764	0.169595	297.7	30.4151	0.00908242	
364.514	0.00479642	-0.00229102	0.0029927	0.00531549	0.206521	334.468	32.2584	0.00908242	
364.522	0.00483889	0.000965772	0.0029927	0.00493433	0.256854	11.2871	34.7503	0.00908242	
364.53	0.00299738	0.00335085	0.0029927	0.00449583	0.323551	48.1869	38.1396	0.00908242	
364.538	0.000334259	0.00398883	0.0029927	0.00400281	0.408819	85.2099	42.8373	0.00908242	
364.546	-0.00185506	0.00291917	0.0029927	0.00345873	0.512812	122.435	49.5758	0.00908242	
364.554	-0.00269517	0.000980439	0.0029927	0.00286796	0.631797	160.01	59.7878	0.00908242	
364.562	-0.00211938	-0.000705332	0.0029927	0.00223367	0.756892	198.407	76.7658	0.00908242	
364.57	-0.000825158	-0.00133389	0.0029927	0.00156849	0.871672	238.259	109.322	0.00908242	
364.578	0.0002075	-0.000861699	0.0029927	0.00088633	0.957091	283.539	193.46	0.00908242	
364.586	0.000310276	6.13774e-05	0.0029927	0.000316288	0.994431	11.1895	542.13	0.00908242	
364.594	-0.000476513	0.000526503	0.0029927	0.00071012	0.972241	132.147	241.465	0.00908242	
364.602	-0.00143442	-4.05247e-05	0.0029927	0.00143499	0.891403	181.618	119.491	0.00908242	
364.61	-0.00161453	-0.00147469	0.0029927	0.00218664	0.765726	222.408	78.4166	0.00908242	
364.618	-0.000448739	-0.00290818	0.0029927	0.0029426	0.616684	261.228	58.2714	0.00908242	
364.626	0.00179183	-0.00322081	0.0029927	0.00368568	0.468432	299.088	46.5231	0.00908242	
364.634	0.00404632	-0.00175368	0.0029927	0.00441	0.337658	336.568	38.882	0.00908242	
364.642	0.00495899	0.0012227	0.0029927	0.0051075	0.233091	13.8507	33.5721	0.00908242	
364.65	0.00362914	0.00448646	0.0029927	0.00577053	0.155833	51.0303	29.7147	0.00908242	
364.658	0.000205218	0.00638872	0.0029927	0.00639201	0.102186	88.1602	26.8256	0.00908242	
364.666	-0.00402271	0.00568628	0.0029927	0.00696534	0.0666377	125.277	24.6175	0.00908242	
364.674	-0.00714157	0.00224528	0.0029927	0.00748621	0.0437741	162.547	22.9047	0.00908242	
364.682	-0.00747987	-0.00267937	0.0029927	0.00794528	0.0294752	199.708	21.5813	0.00908242	
364.69	-0.0045521	-0.00698814	0.0029927	0.00834	0.0205876	236.92	20.5599	0.00908242	
364.698	0.000634456	-0.0086431	0.0029927	0.00866635	0.0151023	274.198	19.7856	0.00908242	
364.706	0.00591889	-0.00667539	0.0029927	0.00892155	0.0117549	311.563	19.2197	0.00908242	
364.714	0.00893726	-0.00173219	0.0029927	0.00910358	0.00978749	349.031	18.8354	0.00908242	
364.722	0.00823475	0.00412819	0.0029927	0.00921157	0.00876429	26.6252	18.6146	0.00908242	
364.73	0.0039786	0.00834623	0.0029927	0.00924601	0.00845873	64.5131	18.5452	0.00908242	
364.738	-0.00198284	0.00899181	0.0029927	0.00920784	0.00879802	102.436	18.6221	0.00908242	
364.746	-0.00702906	0.00577991	0.0029927	0.00910028	0.00982037	140.57	18.8422	0.00908242	
364.754	-0.00892625	0.000162502	0.0029927	0.00892773	0.0116828	178.957	19.2064	0.00908242	
364.762	-0.00688564	-0.00531118	0.0029927	0.00869601	0.0146743	217.645	19.7182	0.00908242	
364.77	-0.00193673	-0.00818688	0.0029927	0.00841285	0.0192317	256.69	20.3818	0.00908242	
364.778	0.00358471	-0.00724828	0.0029927	0.00808627	0.0259811	296.315	21.205	0.00908242	
364.786	0.00707848	-0.0031077	0.0029927	0.00773064	0.0355662	336.297	22.1805	0.00908242	
364.794	0.00704198	0.00213597	0.0029927	0.0073588	0.0486489	16.8736	23.3013	0.00908242	
364.802	0.00368881	0.00593454	0.0029927	0.00698757	0.0654936	58.1356	24.5392	0.00908242	
364.81	-0.00117066	0.00653208	0.0029927	0.00663615	0.085561	100.161	25.8387	0.00908242	
364.818	-0.00505152	0.00380769	0.0029927	0.00632585	0.107101	142.992	27.1061	0.00908242	
364.826	-0.00603847	-0.00069876	0.0029927	0.00607876	0.127088	186.601	28.2079	0.00908242	
364.834	-0.00372027	-0.00459804	0.0029927	0.00591459	0.141855	231.024	28.9909	0.00908242	
364.842	0.000578211	-0.00582114	0.0029927	0.00584979	0.148022	275.673	29.3121	0.00908242	
364.85	0.00453696	-0.00375595	0.0029927	0.00588992	0.144179	320.38	29.1123	0.00908242	
364.858	0.00601003	0.000504823	0.0029927	0.00603119	0.131242	4.80139	28.4304	0.00908242	
364.866	0.00413527	0.00470051	0.0029927	0.00626061	0.112125	48.6603	27.3886	0.00908242	
364.874	-0.000205445	0.00655582	0.0029927	0.00655904	0.0905618	91.7949	26.1424	0.00908242	
364.882	-0.00480975	0.00495407	0.0029927	0.00690482	0.0698348	134.153	24.8333	0.00908242	
364.89	-0.0072594	0.00051752	0.0029927	0.00727782	0.0519768	175.922	23.5605	0.00908242	
364.898	-0.00612529	-0.00459208	0.0029927	0.00765548	0.037938	216.859	22.3983	0.00908242	
364.906	-0.0017754	-0.00782292	0.0029927	0.00802185	0.0275305	257.213	21.3753	0.00908242	
364.914	0.00380693	-0.00744596	0.0029927	0.00836272	0.020156	297.08	20.504	0.00908242	
364.922	0.00794956	-0.00344955	0.0029927	0.00866574	0.0151114	336.543	19.7871	0.00908242	
364.93	0.00858931	0.00241083	0.0029927	0.00892123	0.0117587	15.6782	19.2204	0.00908242	
364.938	0.00529015	0.00743062	0.0029927	0.00912139	0.00961169	54.5514	18.7986	0.00908242	
364.946	-0.000543985	0.00924493	0.0029927	0.00926092	0.00832944	93.3675	18.5154	0.00908242	
364.954	-0.00623145	0.00694968	0.0029927	0.0093343	0.00771849	131.881	18.3698	0.00908242	
364.962	-0.00920571	0.00157604	0.0029927	0.00933965	0.00767558	170.285	18.3593	0.00908242	
364.97	-0.00814234	-0.00444311	0.0029927	0.00927572	0.00820281	208.62	18.4858	0.00908242	
364.978	-0.003583	-0.00841132	0.0029927	0.00914266	0.0094055	246.927	18.7549	0.00908242	
364.986	0.00235131	-0.00862732	0.0029927	0.008942	0.0115177	285.245	19.1757	0.00908242	
364.994	0.00698509	-0.00514675	0.0029927	0.00867643	0.0149557	323.616	19.7627	0.00908242	
365.002	0.00834235	0.000325493	0.0029927	0.0083487	0.0204215	2.23438	20.5385	0.00908242	
365.01	0.00602524	0.00521159	0.0029927	0.00796644	0.0289265	40.8585	21.524	0.00908242	
365.018	0.00134734	0.00741377	0.0029927	0.00753521	0.0420117	79.6998	22.7558	0.00908242	
365.026	-0.00340661	0.00618698	0.0029927	0.00706284	0.0617386	118.838	24.2777	0.00908242	
365.034	-0.00609704	0.00241758	0.0029927	0.00655886	0.090574	158.371	26.1432	0.00908242	
365.042	-0.0057246	-0.00190774	0.0029927	0.00603412	0.130984	198.431	28.4166	0.00908242	
365.05	-0.00281878	-0.0047251	0.0029927	0.00550201	0.184521	239.182	31.1649	0.00908242	
365.058	0.00094907	-0.00488519	0.0029927	0.00497653	0.250926	280.994	34.4556	0.00908242	
365.066	0.00361621	-0.00264656	0.0029927	0.00448122	0.32593	323.801	38.264	0.00908242	
365.074	0.00399805	0.000563108	0.0029927	0.00403751	0.4025	8.01713	42.469	0.00908242	
365.082	0.00216831	0.00296418	0.0029927	0.00367259	0.470958	53.8143	46.6889	0.00908242	
365.09	-0.000657371	0.00335024	0.0029927	0.00341412	0.521665	101.101	50.2235	0.00908242	
365.098	-0.00282445	0.00167374	0.0029927	0.00328313	0.54785	149.349	52.2274	0.00908242	
365.106	-0.00312993	-0.000994851	0.0029927	0.00328423	0.547629	197.633	52.2098	0.00908242	
365.114	-0.0014285	-0.00308807	0.0029927	0.00340246	0.523984	245.175	50.3956	0.00908242	
365.122	0.00129429	-0.00336658	0.0029927	0.00360681	0.483717	291.029	47.5404	0.00908242	
365.13	0.00350859	-0.00161793	0.0029927	0.00386366	0.43458	335.244	44.38	0.00908242	
365.138	0.00394059	0.00127819	0.0029927	0.00414271	0.383621	17.9713	41.3906	0.00908242	
365.146	0.00224603	0.003807	0.0029927	0.00442016	0.335969	59.4605	38.7925	0.00908242	
365.154	-0.000809308	0.0046074	0.0029927	0.00467794	0.294739	99.9626	36.6549	0.00908242	
365.162	-0.00373877	0.00317206	0.0029927	0.0049031	0.261298	139.688	34.9716	0.00908242	
365.17	-0.00508599	9.31416e-05	0.0029927	0.00508684	0.235848	178.951	33.7084	0.00908242	
365.178	-0.00413796	-0.00318431	0.0029927	0.00522136	0.218279	217.58	32.84	0.00908242	
365.186	-0.00129913	-0.0051416	0.0029927	0.00530319	0.208032	255.82	32.3332	0.00908242	
365.194	0.00214606	-0.00487874	0.0029927	0.00532988	0.204762	293.744	32.1713	0.00908242	
365.202	0.00465409	-0.00253676	0.0029927	0.00530053	0.20836	331.407	32.3494	0.00908242	
365.21	0.00515337	0.000802467	0.0029927	0.00521547	0.219029	8.85085	32.877	0.00908242	
365.218	0.00351956	0.0036581	0.0029927	0.00507632	0.23726	46.1058	33.7783	0.00908242	
365.226	0.000566792	0.00485165	0.0029927	0.00488464	0.263946	83.3366	35.1038	0.00908242	
365.234	-0.0023421	0.00401169	0.0029927	0.00464533	0.299785	120.277	36.9122	0.00908242	
365.242	-0.00401739	0.00169873	0.0029927	0.00436178	0.345726	157.079	39.3118	0.00908242	
365.25	-0.00392319	-0.000959841	0.0029927	0.0040389	0.402248	193.748	42.4544	0.00908242	
365.258	-0.0023529	-0.00283203	0.0029927	0.00368192	0.469157	230.28	46.5706	0.00908242	
365.266	-0.000191771	-0.00329106	0.0029927	0.00329664	0.545138	266.665	52.0133	0.00908242	
365.274	0.00156848	-0.0024265	0.0029927	0.0028893	0.62748	302.878	59.3464	0.00908242	
365.282	0.00230106	-0.000882757	0.0029927	0.00246457	0.712412	339.012	69.5736	0.00908242	
365.29	0.00196592	0.000515642	0.0029927	0.00203242	0.794053	14.6971	84.3672	0.00908242	
365.298	0.0010296	0.00122219	0.0029927	0.00159807	0.867126	49.8885	107.298	0.00908242	
365.306	0.000119502	0.0011625	0.0029927	0.00116863	0.926592	84.1308	146.727	0.00908242	
365.314	-0.000330176	0.000675974	0.0029927	0.000752301	0.968898	116.033	227.927	0.00908242	
365.322	-0.000274335	0.000241418	0.0029927	0.000365434	0.992572	138.652	469.22	0.00908242	
365.33	-4.1207e-06	0.000168639	0.0029927	0.00016869	0.998413	91.3997	1016.48	0.00908242	
365.338	9.30102e-05	0.000433931	0.0029927	0.000443787	0.989065	77.9021	386.377	0.00908242	
365.346	-0.000196266	0.000730418	0.0029927	0.000756328	0.96857	105.04	226.713	0.00908242	
365.354	-0.000768406	0.000701386	0.0029927	0.00104038	0.941363	137.611	164.814	0.00908242	
365.362	-0.00127331	0.000185086	0.0029927	0.00128669	0.911718	171.729	133.264	0.00908242	
365.37	-0.00133503	-0.00066388	0.0029927	0.00149099	0.883287	206.44	115.004	0.00908242	
365.378	-0.000790455	-0.0014488	0.0029927	0.00165041	0.858934	241.383	103.895	0.00908242	
365.386	0.000195847	-0.00175244	0.0029927	0.00176335	0.840644	276.377	97.2409	0.00908242	
365.394	0.00121039	-0.00137127	0.0029927	0.00182905	0.829639	311.434	93.7478	0.00908242	
365.402	0.00179377	-0.000441159	0.0029927	0.00184723	0.82655	346.183	92.8253	0.00908242	
365.41	0.00170252	0.000641271	0.0029927	0.00181929	0.83129	20.6393	94.2507	0.00908242	
365.418	0.00101096	0.0014252	0.0029927	0.00174735	0.843283	54.6501	98.1308	0.00908242	
365.426	5.74127e-05	0.00163411	0.0029927	0.00163512	0.861346	87.9878	104.866	0.00908242	
365.434	-0.000750453	0.0012847	0.0029927	0.00148783	0.883751	120.291	115.248	0.00908242	
365.442	-0.00114865	0.000637866	0.0029927	0.00131388	0.908126	150.956	130.506	0.00908242	
365.45	-0.00112599	1.90373e-05	0.0029927	0.00112615	0.931648	179.031	152.261	0.00908242	
365.458	-0.000877498	-0.000365297	0.0029927	0.000950497	0.950814	202.602	180.4	0.00908242	
365.466	-0.000635521	-0.000532896	0.0029927	0.000829376	0.962327	219.98	206.745	0.00908242	
365.474	-0.000497902	-0.000651712	0.0029927	0.000820143	0.963145	232.621	209.073	0.00908242	
365.482	-0.000366617	-0.000874489	0.0029927	0.00094823	0.951043	247.255	180.831	0.00908242	
365.49	-3.79073e-05	-0.00118074	0.0029927	0.00118134	0.925047	268.161	145.148	0.00908242	
365.498	0.00061045	-0.00134269	0.0029927	0.00147494	0.885636	294.449	116.255	0.00908242	
365.506	0.00146175	-0.00105034	0.0029927	0.00179997	0.834541	324.301	95.2621	0.00908242	
365.514	0.00213099	-0.000143198	0.0029927	0.00213579	0.77518	356.156	80.2837	0.00908242	
365.522	0.00215427	0.00121109	0.0029927	0.00247136	0.711081	29.3439	69.3825	0.00908242	
365.53	0.00125203	0.0025023	0.0029927	0.00279805	0.645924	63.4189	61.2817	0.00908242	
365.538	-0.000438552	0.00307759	0.0029927	0.00310868	0.583038	98.11	55.1583	0.00908242	
365.546	-0.002328	0.00247439	0.0029927	0.00339738	0.524997	133.254	50.4711	0.00908242	
365.554	-0.00358875	0.000714274	0.0029927	0.00365914	0.473557	168.743	46.8605	0.00908242	
365.562	-0.00353602	-0.00162244	0.0029927	0.00389047	0.429566	204.647	44.0742	0.00908242	
365.57	-0.00200293	-0.0035615	0.0029927	0.00408608	0.393732	240.647	41.9643	0.00908242	
365.578	0.000506124	-0.00421363	0.0029927	0.00424392	0.365866	276.849	40.4035	0.00908242	
365.586	0.00298797	-0.00317781	0.0029927	0.00436193	0.345699	313.236	39.3104	0.00908242	
365.594	0.00436846	-0.000785922	0.0029927	0.0044386	0.332921	349.801	38.6314	0.00908242	
365.602	0.00400163	0.00199869	0.0029927	0.00447301	0.32727	26.5407	38.3342	0.00908242	
365.61	0.00199506	0.0039948	0.0029927	0.00446527	0.328535	63.4618	38.4006	0.00908242	
365.618	-0.000821363	0.00433873	0.0029927	0.00441579	0.336694	100.72	38.8309	0.00908242	
365.626	-0.00321766	0.00289212	0.0029927	0.0043264	0.35171	138.05	39.6333	0.00908242	
365.634	-0.00418694	0.000320453	0.0029927	0.00419919	0.373662	175.623	40.8339	0.00908242	
365.642	-0.00336723	-0.00222698	0.0029927	0.00403704	0.402586	213.479	42.474	0.00908242	
365.65	-0.00120885	-0.00364887	0.0029927	0.0038439	0.438292	251.67	44.6082	0.00908242	
365.658	0.00125546	-0.00339983	0.0029927	0.00362423	0.480327	290.268	47.3119	0.00908242	
365.666	0.00291139	-0.00172423	0.0029927	0.00338366	0.527731	329.364	50.6757	0.00908242	
365.674	0.00308717	0.00050193	0.0029927	0.00312771	0.579188	9.23467	54.8227	0.00908242	
365.682	0.00185258	0.0021871	0.0029927	0.00286626	0.632142	49.7338	59.8234	0.00908242	
365.69	-5.48904e-05	0.00260701	0.0029927	0.00260759	0.684138	91.2062	65.7577	0.00908242	
365.698	-0.00163755	0.00170328	0.0029927	0.00236278	0.732225	133.873	72.5709	0.00908242	
365.706	-0.00214331	7.72007e-05	0.0029927	0.0021447	0.773531	177.937	79.9502	0.00908242	
365.714	-0.00142731	-0.00135409	0.0029927	0.00196743	0.805661	223.492	87.154	0.00908242	
365.722	1.14936e-05	-0.00184402	0.0029927	0.00184406	0.82709	270.357	92.9847	0.00908242	
365.73	0.00132817	-0.00118939	0.0029927	0.00178289	0.837398	318.155	96.1751	0.00908242	
365.738	0.00177534	0.000176541	0.0029927	0.0017841	0.837196	5.67886	96.1098	0.00908242	
365.746	0.00112334	0.001454	0.0029927	0.00183739	0.828224	52.3107	93.3223	0.00908242	
365.754	-0.000254449	0.00190989	0.0029927	0.00192676	0.812815	97.5887	88.9935	0.00908242	
365.762	-0.00159055	0.00126902	0.0029927	0.00203476	0.793631	141.415	84.27	0.00908242	
365.77	-0.00214075	-0.000146895	0.0029927	0.00214579	0.77333	183.925	79.9097	0.00908242	
365.778	-0.00157556	-0.00160281	0.0029927	0.00224753	0.754273	225.491	76.2925	0.00908242	
365.786	-0.000161815	-0.00232388	0.0029927	0.00232951	0.738636	266.017	73.6076	0.00908242	
365.794	0.00139686	-0.00193296	0.0029927	0.00238486	0.727953	305.854	71.8991	0.00908242	
365.802	0.00232781	-0.00061712	0.0029927	0.00240822	0.723417	345.152	71.2016	0.00908242	
365.81	0.00218813	0.000975835	0.0029927	0.00239586	0.725819	24.0354	71.569	0.00908242	
365.818	0.00107926	0.00208204	0.0029927	0.00234514	0.735628	62.5994	73.1168	0.00908242	
365.826	-0.000427294	0.00221381	0.0029927	0.00225467	0.75292	100.925	76.0509	0.00908242	
365.834	-0.00160792	0.00138666	0.0029927	0.00212326	0.777494	139.226	80.7576	0.00908242	
365.842	-0.00194998	9.26439e-05	0.0029927	0.00195218	0.808354	177.28	87.8349	0.00908242	
365.85	-0.00142146	-0.00100693	0.0029927	0.00174197	0.844169	215.313	98.4344	0.00908242	
365.858	-0.000426026	-0.00143228	0.0029927	0.0014943	0.8828	253.435	114.749	0.00908242	
365.866	0.000451118	-0.00112448	0.0029927	0.00121159	0.921317	291.86	141.524	0.00908242	
365.874	0.000785231	-0.000433604	0.0029927	0.000896995	0.956076	331.093	191.16	0.00908242	
365.882	0.000541393	0.000124618	0.0029927	0.00055555	0.982917	12.9626	308.648	0.00908242	
365.89	6.09651e-05	0.000196614	0.0029927	0.000205849	0.997637	72.7727	832.985	0.00908242	
365.898	-0.000171271	-0.000187876	0.0029927	0.000254227	0.996398	227.647	674.474	0.00908242	
365.906	0.000131905	-0.000635483	0.0029927	0.000649029	0.976758	281.726	264.194	0.00908242	
365.914	0.000853553	-0.000647359	0.0029927	0.00107127	0.937941	322.822	160.061	0.00908242	
365.922	0.00150452	4.12657e-05	0.0029927	0.00150509	0.881206	1.5711	113.927	0.00908242	
365.93	0.0015007	0.00123614	0.0029927	0.00194426	0.809747	39.4788	88.1926	0.00908242	
365.938	0.000536873	0.0023225	0.0029927	0.00238374	0.72817	76.984	71.9328	0.00908242	
365.946	-0.00116503	0.00256848	0.0029927	0.00282035	0.641422	114.398	60.7972	0.00908242	
365.954	-0.00285339	0.00154787	0.0029927	0.00324619	0.555277	151.522	52.8217	0.00908242	
365.962	-0.00361789	-0.000543297	0.0029927	0.00365845	0.473691	188.54	46.8694	0.00908242	
365.97	-0.00284162	-0.00288969	0.0029927	0.00405279	0.399733	225.481	42.309	0.00908242	
365.978	-0.000588548	-0.00438606	0.0029927	0.00442537	0.335106	262.357	38.7469	0.00908242	
365.986	0.00232696	-0.00416675	0.0029927	0.00477247	0.2804	299.182	35.9288	0.00908242	
365.994	0.00464896	-0.00207394	0.0029927	0.00509058	0.235346	335.958	33.6836	0.00908242	
366.002	0.00524347	0.0011943	0.0029927	0.00537777	0.198984	12.8313	31.8849	0.00908242	
366.01	0.00365422	0.00428183	0.0029927	0.00562915	0.170503	49.5218	30.461	0.00908242	
366.018	0.000390329	0.00583044	0.0029927	0.00584349	0.148632	86.17	29.3436	0.00908242	
366.026	-0.00325838	0.00506101	0.0029927	0.00601921	0.132304	122.774	28.487	0.00908242	
366.034	-0.00575846	0.00217235	0.0029927	0.00615459	0.120674	159.331	27.8604	0.00908242	
366.042	-0.00601157	-0.00170527	0.0029927	0.00624875	0.113057	195.837	27.4406	0.00908242	
366.05	-0.00385467	-0.00498455	0.0029927	0.00630113	0.108984	232.284	27.2125	0.00908242	
366.058	-0.000131557	-0.00631019	0.0029927	0.00631156	0.108186	268.806	27.1675	0.00908242	
366.066	0.00361222	-0.00513736	0.0029927	0.00628018	0.110599	305.112	27.3033	0.00908242	
366.074	0.00588127	-0.00198719	0.0029927	0.00620792	0.116314	341.331	27.6211	0.00908242	
366.082	0.00581563	0.00182752	0.0029927	0.00609602	0.125607	17.445	28.1281	0.00908242	
366.09	0.00354218	0.00477583	0.0029927	0.00594605	0.13893	53.4361	28.8375	0.00908242	
366.098	7.26124e-05	0.00575956	0.0029927	0.00576002	0.15689	89.2777	29.7689	0.00908242	
366.106	-0.00317312	0.00454181	0.0029927	0.00554046	0.180198	124.94	30.9486	0.00908242	
366.114	-0.00498648	0.00176436	0.0029927	0.00528942	0.209734	160.515	32.4174	0.00908242	
366.122	-0.00482572	-0.00135469	0.0029927	0.00501226	0.245976	195.681	34.21	0.00908242	
366.13	-0.00299699	-0.00363621	0.0029927	0.00471211	0.289507	230.504	36.3891	0.00908242	
366.138	-0.000391005	-0.00437666	0.0029927	0.0043941	0.340307	264.895	39.0227	0.00908242	
366.146	0.0019537	-0.00356355	0.0029927	0.00406397	0.397712	298.734	42.1926	0.00908242	
366.154	0.0032882	-0.00175827	0.0029927	0.00372878	0.46015	331.866	45.9854	0.00908242	
366.162	0.0033891	0.000242168	0.0029927	0.00339774	0.524925	4.08712	50.4657	0.00908242	
366.17	0.00251578	0.00177911	0.0029927	0.0030813	0.58858	35.2672	55.6484	0.00908242	
366.178	0.00118645	0.00253248	0.0029927	0.00279663	0.646212	64.8972	61.3129	0.00908242	
366.186	-0.000128957	0.00255768	0.0029927	0.00256093	0.693412	92.8864	66.956	0.00908242	
366.194	-0.00117042	0.00208984	0.0029927	0.00239527	0.725935	119.251	71.5868	0.00908242	
366.202	-0.00188598	0.00134829	0.0029927	0.00231836	0.740776	144.439	73.9615	0.00908242	
366.21	-0.00229981	0.000432313	0.0029927	0.00234009	0.736602	169.354	73.2747	0.00908242	
366.218	-0.00237258	-0.000636648	0.0029927	0.00245652	0.713991	195.021	69.8018	0.00908242	
366.226	-0.00196382	-0.00178276	0.0029927	0.00265232	0.67521	222.233	64.6487	0.00908242	
366.234	-0.000946142	-0.00274635	0.0029927	0.00290476	0.62435	250.991	59.0305	0.00908242	
366.242	0.000624194	-0.00313333	0.0029927	0.0031949	0.565614	281.266	53.6698	0.00908242	
366.25	0.00238205	-0.00257243	0.0029927	0.00350593	0.503487	312.799	48.9084	0.00908242	
366.258	0.00370079	-0.000968912	0.0029927	0.00382553	0.441753	345.329	44.8224	0.00908242	
366.266	0.00392695	0.00132346	0.0029927	0.00414397	0.383397	18.6248	41.378	0.00908242	
366.274	0.00271064	0.00353403	0.0029927	0.00445387	0.330406	52.5114	38.4989	0.00908242	
366.282	0.000250121	0.00474407	0.0029927	0.00475066	0.283671	86.982	36.0938	0.00908242	
366.29	-0.00263966	0.00427896	0.0029927	0.00502765	0.243863	121.67	34.1052	0.00908242	
366.298	-0.00484896	0.00209571	0.0029927	0.00528246	0.210596	156.626	32.4601	0.00908242	
366.306	-0.00539581	-0.0011262	0.0029927	0.00551208	0.183381	191.789	31.1079	0.00908242	
366.314	-0.00388904	-0.00418692	0.0029927	0.00571445	0.161537	227.112	30.0063	0.00908242	
366.322	-0.00076264	-0.00583804	0.0029927	0.00588764	0.144396	262.557	29.1236	0.00908242	
366.33	0.00283992	-0.00531989	0.0029927	0.00603045	0.131307	298.095	28.4339	0.00908242	
366.338	0.00551276	-0.00270827	0.0029927	0.00614209	0.121714	333.836	27.9171	0.00908242	
366.346	0.00613642	0.00102585	0.0029927	0.00622158	0.115217	9.49063	27.5604	0.00908242	
366.354	0.00441912	0.00444656	0.0029927	0.00626901	0.111468	45.1774	27.3519	0.00908242	
366.362	0.000995867	0.00620516	0.0029927	0.00628457	0.110259	80.8823	27.2842	0.00908242	
366.37	-0.00280651	0.00560574	0.0029927	0.00626904	0.111466	116.595	27.3518	0.00908242	
366.378	-0.00551005	0.00289209	0.0029927	0.00622293	0.115108	152.306	27.5544	0.00908242	
366.386	-0.00608773	-0.000856357	0.0029927	0.00614766	0.12125	188.007	27.8918	0.00908242	
366.394	-0.00436031	-0.00418559	0.0029927	0.00604413	0.130103	223.829	28.3696	0.00908242	
366.402	-0.00107868	-0.00581551	0.0029927	0.00591471	0.141844	259.492	28.9903	0.00908242	
366.41	0.00244678	-0.00521588	0.0029927	0.00576126	0.156765	295.131	29.7625	0.00908242	
366.418	0.00487317	-0.00272983	0.0029927	0.00558568	0.175207	330.744	30.698	0.00908242	
366.426	0.00535771	0.000594088	0.0029927	0.00539054	0.197461	6.32738	31.8093	0.00908242	
366.434	0.00385503	0.00345705	0.0029927	0.00517807	0.223834	41.8846	33.1145	0.00908242	
366.442	0.0010784	0.00483205	0.0029927	0.00495093	0.254512	77.4191	34.6338	0.00908242	
366.45	-0.00184615	0.00433408	0.0029927	0.0047109	0.289692	113.072	36.3985	0.00908242	
366.458	-0.00380826	0.00232622	0.0029927	0.00446253	0.328985	148.582	38.4243	0.00908242	
366.466	-0.00419665	-0.000300659	0.0029927	0.0042074	0.372224	184.098	40.7542	0.00908242	
366.474	-0.00304061	-0.00251893	0.0029927	0.00394846	0.418802	219.639	43.4269	0.00908242	
366.482	-0.000939929	-0.00356625	0.0029927	0.00368803	0.467979	255.235	46.4935	0.00908242	
366.49	0.00122402	-0.00320272	0.0029927	0.00342865	0.518778	290.916	50.0107	0.00908242	
366.498	0.00265298	-0.00174053	0.0029927	0.00317298	0.570039	326.732	54.0406	0.00908242	
366.506	0.0029185	0.000146893	0.0029927	0.00292219	0.620819	2.88136	58.6783	0.00908242	
366.514	0.00207834	0.0016931	0.0029927	0.00268069	0.669532	39.1676	63.9646	0.00908242	
366.522	0.000599928	0.00237527	0.0029927	0.00244986	0.715293	75.8251	69.9914	0.00908242	
366.53	-0.000871538	0.00205521	0.0029927	0.00223237	0.757137	112.98	76.8105	0.00908242	
366.538	-0.00177283	0.000991587	0.0029927	0.0020313	0.794254	150.781	84.4136	0.00908242	
366.546	-0.00182539	-0.000301777	0.0029927	0.00185017	0.826048	189.387	92.6776	0.00908242	
366.554	-0.00111194	-0.00127729	0.0029927	0.00169348	0.852054	228.959	101.252	0.00908242	
366.562	-6.83772e-06	-0.0015661	0.0029927	0.00156612	0.872033	269.75	109.487	0.00908242	
366.57	0.000975656	-0.00110595	0.0029927	0.0014748	0.885658	311.418	116.266	0.00908242	
366.578	0.00141584	-0.000152041	0.0029927	0.00142398	0.892971	353.871	120.415	0.00908242	
366.586	0.00113671	0.000845346	0.0029927	0.00141659	0.894019	36.6374	121.044	0.00908242	
366.594	0.000273344	0.00142614	0.0029927	0.0014521	0.888949	79.1499	118.084	0.00908242	
366.602	-0.000784363	0.00130962	0.0029927	0.00152654	0.878013	120.918	112.326	0.00908242	
366.61	-0.00155051	0.00051387	0.0029927	0.00163345	0.861609	161.664	104.974	0.00908242	
366.618	-0.00164365	-0.000646456	0.0029927	0.00176621	0.84017	201.47	97.0832	0.00908242	
366.626	-0.000955261	-0.0016621	0.0029927	0.00191705	0.81451	240.113	89.4442	0.00908242	
366.634	0.000285237	-0.00206069	0.0029927	0.00208034	0.785364	277.881	82.4237	0.00908242	
366.642	0.0015895	-0.00159386	0.0029927	0.00225097	0.75362	314.922	76.1757	0.00908242	
366.65	0.00239699	-0.000363962	0.0029927	0.00242446	0.720254	351.366	70.7247	0.00908242	
366.658	0.00230719	0.00119202	0.0029927	0.00259693	0.686261	27.3232	66.0278	0.00908242	
366.666	0.00126058	0.00246085	0.0029927	0.00276493	0.652602	62.8761	62.0157	0.00908242	
366.674	-0.000418285	0.0028959	0.0029927	0.00292595	0.620057	98.219	58.6029	0.00908242	
366.682	-0.00210276	0.00224496	0.0029927	0.00307594	0.589665	133.127	55.7453	0.00908242	
366.69	-0.00314021	0.000681001	0.0029927	0.0032132	0.561922	167.764	53.364	0.00908242	
366.698	-0.00308944	-0.00125736	0.0029927	0.00333551	0.537349	202.146	51.4073	0.00908242	
366.706	-0.00191064	-0.00286218	0.0029927	0.00344131	0.516266	236.275	49.8268	0.00908242	
366.714	9.28773e-06	-0.00352931	0.0029927	0.00352932	0.498883	270.151	48.5843	0.00908242	
366.722	0.00200014	-0.0029922	0.0029927	0.00359914	0.485212	303.761	47.6418	0.00908242	
366.73	0.00336593	-0.00141407	0.0029927	0.0036509	0.475153	337.212	46.9663	0.00908242	
366.738	0.00362651	0.000654279	0.0029927	0.00368506	0.468552	10.227	46.531	0.00908242	
366.746	0.00271266	0.00252129	0.0029927	0.00370344	0.465014	42.9061	46.3001	0.00908242	
366.754	0.000946354	0.00358607	0.0029927	0.00370884	0.463975	75.2168	46.2326	0.00908242	
366.762	-0.00109138	0.00354049	0.0029927	0.00370489	0.464735	107.132	46.2819	0.00908242	
366.77	-0.002774	0.00244289	0.0029927	0.00369632	0.466384	138.632	46.3893	0.00908242	
366.778	-0.00363053	0.000651908	0.0029927	0.00368859	0.467871	169.82	46.4864	0.00908242	
366.786	-0.00345531	-0.00129027	0.0029927	0.00368836	0.467916	200.476	46.4893	0.00908242	
366.794	-0.00234208	-0.00286743	0.0029927	0.00370236	0.465221	230.758	46.3135	0.00908242	
366.802	-0.000601164	-0.00368843	0.0029927	0.0037371	0.458557	260.743	45.883	0.00908242	
366.81	0.00133247	-0.00355693	0.0029927	0.00379832	0.446898	290.537	45.1435	0.00908242	
366.818	0.00299197	-0.00248632	0.0029927	0.0038902	0.429616	320.274	44.0772	0.00908242	
366.826	0.0039549	-0.000690786	0.0029927	0.00401478	0.406635	350.092	42.7096	0.00908242	
366.834	0.00391473	0.00144345	0.0029927	0.00417237	0.378376	20.2401	41.0964	0.00908242	
366.842	0.00276734	0.0033682	0.0029927	0.00435923	0.346155	50.5932	39.3348	0.00908242	
366.85	0.000688509	0.00451909	0.0029927	0.00457124	0.311434	81.3373	37.5105	0.00908242	
366.858	-0.00183859	0.00443654	0.0029927	0.00480243	0.275946	112.51	35.7047	0.00908242	
366.866	-0.00408805	0.00295722	0.0029927	0.00504552	0.241425	144.119	33.9845	0.00908242	
366.874	-0.00528159	0.000355219	0.0029927	0.00529352	0.209226	176.152	32.3923	0.00908242	
366.882	-0.00486341	-0.00264984	0.0029927	0.00553844	0.180423	208.584	30.9598	0.00908242	
366.89	-0.00275456	-0.00507445	0.0029927	0.00577388	0.155496	241.506	29.6974	0.00908242	
366.898	0.000483881	-0.00597101	0.0029927	0.00599058	0.134868	274.633	28.6232	0.00908242	
366.906	0.00381105	-0.0048686	0.0029927	0.00618283	0.11835	308.053	27.7332	0.00908242	
366.914	0.00602437	-0.00198847	0.0029927	0.00634406	0.10573	341.733	27.0283	0.00908242	
366.922	0.00622886	0.00174421	0.0029927	0.00646846	0.0967285	15.6433	26.5085	0.00908242	
366.93	0.0042322	0.00500016	0.0029927	0.00655081	0.091109	49.755	26.1753	0.00908242	
366.938	0.000683453	0.00655078	0.0029927	0.00658634	0.0887658	84.0438	26.0341	0.00908242	
366.946	-0.00314757	0.00576823	0.0029927	0.00657113	0.0897629	118.62	26.0944	0.00908242	
366.954	-0.00580346	0.0029314	0.0029927	0.00650179	0.0944222	153.201	26.3726	0.00908242	
366.962	-0.00631523	-0.00087636	0.0029927	0.00637575	0.103377	187.9	26.894	0.00908242	
366.97	-0.00454988	-0.00419889	0.0029927	0.00619129	0.11766	222.703	27.6952	0.00908242	
366.978	-0.00127811	-0.00580825	0.0029927	0.00594722	0.138823	257.59	28.8319	0.00908242	
366.986	0.00216423	-0.00521201	0.0029927	0.00564349	0.168972	292.55	30.3836	0.00908242	
366.994	0.00445646	-0.00283195	0.0029927	0.00528014	0.210884	327.565	32.4744	0.00908242	
367.002	0.0048515	0.000233015	0.0029927	0.00485709	0.26793	2.74978	35.3029	0.00908242	
367.01	0.00345978	0.00268484	0.0029927	0.00437932	0.34278	37.812	39.1544	0.00908242	
367.018	0.00113499	0.0036771	0.0029927	0.00384828	0.437467	72.8465	44.5574	0.00908242	
367.026	-0.000998299	0.00311116	0.0029927	0.0032674	0.551011	107.79	52.4789	0.00908242	
367.034	-0.00209575	0.00160713	0.0029927	0.00264103	0.677467	142.517	64.9251	0.00908242	
367.042	-0.00197115	0.000113017	0.0029927	0.00197439	0.804428	176.719	86.8469	0.00908242	
367.05	-0.0011104	-0.000625219	0.0029927	0.00127432	0.913332	209.382	134.558	0.00908242	
367.058	-0.000324399	-0.00044955	0.0029927	0.000554373	0.982989	234.186	309.303	0.00908242	
367.066	-0.000249284	0.000162711	0.0029927	0.000297686	0.995065	146.867	576.007	0.00908242	
367.074	-0.000931557	0.000433529	0.0029927	0.0010275	0.942764	155.044	166.881	0.00908242	
367.082	-0.00179539	-0.000201218	0.0029927	0.00180663	0.833423	186.395	94.9111	0.00908242	
367.09	-0.00197294	-0.00168293	0.0029927	0.00259321	0.687001	220.464	66.1225	0.00908242	
367.098	-0.000851276	-0.00326794	0.0029927	0.003377	0.529059	255.399	50.7757	0.00908242	
367.106	0.00146966	-0.00388111	0.0029927	0.00415005	0.382318	290.74	41.3174	0.00908242	
367.114	0.00409006	-0.00271228	0.0029927	0.00490766	0.260646	326.45	34.9391	0.00908242	
367.122	0.00563281	0.00021487	0.0029927	0.0056369	0.169674	2.18455	30.4191	0.00908242	
367.13	0.00498854	0.00390276	0.0029927	0.0063338	0.1065	38.0377	27.0721	0.00908242	
367.138	0.00192837	0.00672067	0.0029927	0.00699186	0.0652748	73.9902	24.5242	0.00908242	
367.146	-0.00260482	0.00714497	0.0029927	0.00760498	0.0396058	110.03	22.547	0.00908242	
367.154	-0.0067835	0.00454926	0.0029927	0.00816772	0.0241302	146.153	20.9935	0.00908242	
367.162	-0.00866743	-0.000356308	0.0029927	0.00867475	0.01498	182.354	19.7665	0.00908242	
367.17	-0.00711291	-0.00571389	0.0029927	0.00912371	0.00958905	218.775	18.7938	0.00908242	
367.178	-0.00243795	-0.0091894	0.0029927	0.0095073	0.00643431	255.142	18.0355	0.00908242	
367.186	0.00361612	-0.00913514	0.0029927	0.00982482	0.00456749	291.596	17.4527	0.00908242	
367.194	0.00855658	-0.00531662	0.0029927	0.0100738	0.00346381	328.145	17.0213	0.00908242	
367.202	0.0102176	0.000857507	0.0029927	0.0102536	0.00282467	4.79726	16.7229	0.00908242	
367.21	0.00775428	0.00687564	0.0029927	0.0103636	0.00248873	41.5631	16.5454	0.00908242	
367.218	0.00208237	0.0101942	0.0029927	0.0104048	0.00237267	78.4551	16.4799	0.00908242	
367.226	-0.00448942	0.00935743	0.0029927	0.0103786	0.00244563	115.63	16.5214	0.00908242	
367.234	-0.00915252	0.00469869	0.0029927	0.0102882	0.00271475	152.825	16.6667	0.00908242	
367.242	-0.00997706	-0.00179536	0.0029927	0.0101373	0.0032243	190.201	16.9147	0.00908242	
