363.25	0.0111142	0.00973539	0.0112881	0.0147751	0.424592	41.2163	43.7736	0.0342577	
363.258	0.00315024	0.0144827	0.0112881	0.0148213	0.42232	77.7283	43.6371	0.0342577	
363.266	-0.00623688	0.0134783	0.0112881	0.0148514	0.420845	114.832	43.5488	0.0342577	
363.274	-0.013191	0.00686476	0.0112881	0.0148703	0.419915	152.507	43.4933	0.0342577	
363.282	-0.0146203	-0.00280888	0.0112881	0.0148876	0.419068	190.875	43.4428	0.0342577	
363.29	-0.00966551	-0.0113605	0.0112881	0.0149158	0.417688	229.609	43.3606	0.0342577	
363.298	-0.000312798	-0.0149664	0.0112881	0.0149697	0.415059	268.803	43.2047	0.0342577	
363.306	0.00935528	-0.0118074	0.0112881	0.0150644	0.410453	308.391	42.9331	0.0342577	
363.314	0.0148972	-0.00308765	0.0112881	0.0152138	0.403229	348.29	42.5114	0.0342577	
363.322	0.0135712	0.00733967	0.0112881	0.0154288	0.392937	28.4057	41.9189	0.0342577	
363.33	0.00572608	0.0146353	0.0112881	0.0157156	0.379406	68.632	41.1541	0.0342577	
363.338	-0.00523885	0.0151983	0.0112881	0.0160759	0.362731	109.019	40.2317	0.0342577	
363.346	-0.0141687	0.00845801	0.0112881	0.0165012	0.343536	149.165	39.1947	0.0342577	
363.354	-0.0167654	-0.00269889	0.0112881	0.0169812	0.32254	189.145	38.0868	0.0342577	
363.362	-0.0115034	-0.0131871	0.0112881	0.0174994	0.300699	228.901	36.9589	0.0342577	
363.37	-0.000505165	-0.0180285	0.0112881	0.0180356	0.279037	268.395	35.8602	0.0342577	
363.378	0.0113304	-0.0147093	0.0112881	0.0185672	0.258524	307.607	34.8334	0.0342577	
363.386	0.0185459	-0.0044419	0.0112881	0.0190704	0.240009	346.531	33.9144	0.0342577	
363.394	0.0176475	0.00834918	0.0112881	0.0195229	0.224114	25.3193	33.1283	0.0342577	
363.402	0.00881972	0.0178363	0.0112881	0.0198977	0.211488	63.6884	32.5042	0.0342577	
363.41	-0.00412625	0.0197484	0.0112881	0.0201748	0.20247	101.802	32.0577	0.0342577	
363.418	-0.0155025	0.0131585	0.0112881	0.020334	0.197412	139.675	31.8068	0.0342577	
363.426	-0.0203349	0.0009499	0.0112881	0.0203571	0.196685	177.326	31.7707	0.0342577	
363.434	-0.0166173	-0.0115347	0.0112881	0.0202283	0.200761	214.766	31.973	0.0342577	
363.442	-0.00615731	-0.0189598	0.0112881	0.0199346	0.210274	252.008	32.4442	0.0342577	
363.45	0.00640139	-0.0183804	0.0112881	0.0194632	0.226168	289.202	33.2299	0.0342577	
363.458	0.0156066	-0.0105005	0.0112881	0.0188103	0.24947	326.066	34.3833	0.0342577	
363.466	0.017949	0.000859285	0.0112881	0.0179695	0.281654	2.74087	35.992	0.0342577	
363.474	0.0131245	0.0107094	0.0112881	0.0169394	0.324339	39.2138	38.1808	0.0342577	
363.482	0.00394667	0.0152177	0.0112881	0.0157212	0.379146	75.4608	41.1395	0.0342577	
363.49	-0.00523318	0.0133288	0.0112881	0.0143193	0.447271	111.436	45.1669	0.0342577	
363.498	-0.0106933	0.00692903	0.0112881	0.012742	0.528828	147.058	50.7582	0.0342577	
363.506	-0.0109849	-0.000442028	0.0112881	0.0109938	0.622342	182.304	58.8297	0.0342577	
363.514	-0.00731003	-0.00542856	0.0112881	0.00910527	0.722294	216.598	71.0314	0.0342577	
363.522	-0.00250005	-0.00664156	0.0112881	0.00709652	0.820686	249.372	91.1376	0.0342577	
363.53	0.000758225	-0.00496197	0.0112881	0.00501956	0.905861	278.688	128.848	0.0342577	
363.538	0.00139853	-0.00269362	0.0112881	0.00303504	0.9645	297.438	213.098	0.0342577	
363.546	0.000391494	-0.00195118	0.0112881	0.00199007	0.98458	281.345	324.993	0.0342577	
363.554	-9.61903e-05	-0.00326441	0.0112881	0.00326582	0.959012	268.312	198.039	0.0342577	
363.562	0.00173113	-0.00522083	0.0112881	0.00550035	0.88806	288.345	117.585	0.0342577	
363.57	0.00587968	-0.00532767	0.0112881	0.0079344	0.781114	317.82	81.5134	0.0342577	
363.578	0.0102809	-0.00173634	0.0112881	0.0104265	0.652732	350.414	62.0302	0.0342577	
363.586	0.0117709	0.00532619	0.0112881	0.0129198	0.519441	24.3462	50.0595	0.0342577	
363.594	0.00793015	0.0131758	0.0112881	0.0153782	0.395349	58.9575	42.0568	0.0342577	
363.602	-0.00122437	0.01773	0.0112881	0.0177722	0.289557	93.9504	36.3916	0.0342577	
363.61	-0.0126809	0.0155639	0.0112881	0.0200759	0.20566	129.172	32.2158	0.0342577	
363.618	-0.0214806	0.00588801	0.0112881	0.0222729	0.142754	164.671	29.0379	0.0342577	
363.626	-0.022839	-0.00836943	0.0112881	0.0243242	0.0981067	200.126	26.5892	0.0342577	
363.634	-0.0147985	-0.0216419	0.0112881	0.0262177	0.0673912	235.636	24.6688	0.0342577	
363.642	0.000575052	-0.0279287	0.0112881	0.0279347	0.0467905	271.18	23.1526	0.0342577	
363.65	0.0176212	-0.0236066	0.0112881	0.0294581	0.0332011	306.74	21.9552	0.0342577	
363.658	0.0293174	-0.00935395	0.0112881	0.0307735	0.0243296	342.304	21.0168	0.0342577	
363.666	0.0303322	0.00977604	0.0112881	0.0318687	0.0185875	17.8641	20.2945	0.0342577	
363.674	0.0194507	0.0263312	0.0112881	0.0327363	0.0149177	53.547	19.7567	0.0342577	
363.682	0.000538844	0.0333581	0.0112881	0.0333624	0.0126814	89.0746	19.3859	0.0342577	
363.69	-0.0191512	0.0277855	0.0112881	0.0337461	0.0114628	124.577	19.1655	0.0342577	
363.698	-0.0318513	0.011563	0.0112881	0.0338852	0.0110473	160.048	19.0868	0.0342577	
363.706	-0.0325546	-0.00901657	0.0112881	0.0337802	0.0113597	195.481	19.1461	0.0342577	
363.714	-0.0210991	-0.0259358	0.0112881	0.0334341	0.0124456	230.871	19.3443	0.0342577	
363.722	-0.00217095	-0.0327811	0.0112881	0.0328529	0.0144766	266.211	19.6866	0.0342577	
363.73	0.016802	-0.027282	0.0112881	0.0320408	0.0178021	301.628	20.1855	0.0342577	
363.738	0.0285159	-0.0121972	0.0112881	0.031015	0.0229461	336.842	20.8531	0.0342577	
363.746	0.0291368	0.00618181	0.0112881	0.0297854	0.0307691	11.9785	21.714	0.0342577	
363.754	0.0193377	0.020754	0.0112881	0.0283668	0.0425301	47.0233	22.7999	0.0342577	
363.762	0.00374544	0.0265127	0.0112881	0.026776	0.060005	81.9591	24.1545	0.0342577	
363.77	-0.011272	0.0223497	0.0112881	0.0250313	0.0855501	116.764	25.838	0.0342577	
363.778	-0.0203483	0.0110303	0.0112881	0.0231456	0.122192	151.539	27.9431	0.0342577	
363.786	-0.021039	-0.00220356	0.0112881	0.0211541	0.17274	185.979	30.5738	0.0342577	
363.794	-0.014577	-0.0122998	0.0112881	0.0190729	0.23992	220.157	33.91	0.0342577	
363.802	-0.00466944	-0.0162688	0.0112881	0.0169257	0.324932	253.986	38.2118	0.0342577	
363.81	0.00438959	-0.0140695	0.0112881	0.0147383	0.426404	287.328	43.8828	0.0342577	
363.818	0.0095997	-0.00806724	0.0112881	0.0125393	0.539567	319.958	51.5785	0.0342577	
363.826	0.0102479	-0.00153526	0.0112881	0.0103623	0.656162	351.48	62.4148	0.0342577	
363.834	0.00768439	0.00298775	0.0112881	0.00824479	0.765872	21.2464	78.4447	0.0342577	
363.842	0.00424373	0.00462605	0.0112881	0.0062777	0.856721	47.4681	103.025	0.0342577	
363.85	0.00180289	0.00424059	0.0112881	0.00460793	0.920058	66.9672	140.358	0.0342577	
363.858	0.000927751	0.00346421	0.0112881	0.00358629	0.950784	75.0074	180.342	0.0342577	
363.866	0.000843063	0.00356871	0.0112881	0.00366694	0.948604	76.7083	176.376	0.0342577	
363.874	0.000177098	0.0046806	0.0112881	0.00468395	0.917511	87.8332	138.08	0.0342577	
363.882	-0.00200542	0.00575564	0.0112881	0.006095	0.864354	109.21	106.113	0.0342577	
363.89	-0.00548891	0.00526962	0.0112881	0.00760901	0.796771	136.168	84.9993	0.0342577	
363.898	-0.00881681	0.00223687	0.0112881	0.00909614	0.722765	165.764	71.1027	0.0342577	
363.906	-0.0100629	-0.00304053	0.0112881	0.0105122	0.648155	196.812	61.5248	0.0342577	
363.914	-0.00781374	-0.0088877	0.0112881	0.0118341	0.577216	228.679	54.6523	0.0342577	
363.922	-0.00203622	-0.0128917	0.0112881	0.0130515	0.512517	261.024	49.5544	0.0342577	
363.93	0.00568102	-0.0129714	0.0112881	0.0141609	0.455259	293.652	45.6721	0.0342577	
363.938	0.0126362	-0.00838254	0.0112881	0.0151638	0.405642	326.441	42.6517	0.0342577	
363.946	0.016067	-0.000156762	0.0112881	0.0160678	0.363101	359.441	40.252	0.0342577	
363.954	0.0142538	0.00902956	0.0112881	0.0168732	0.327202	32.3536	38.3307	0.0342577	
363.962	0.0073588	0.0159796	0.0112881	0.0175926	0.296864	65.2734	36.7631	0.0342577	
363.97	-0.00259589	0.0180508	0.0112881	0.0182365	0.271172	98.1836	35.4652	0.0342577	
363.978	-0.0123635	0.0141835	0.0112881	0.0188156	0.249274	131.078	34.3736	0.0342577	
363.986	-0.0185886	0.00534459	0.0112881	0.0193417	0.230392	163.959	33.4387	0.0342577	
363.994	-0.0189757	-0.00574191	0.0112881	0.0198254	0.213886	196.835	32.6228	0.0342577	
364.002	-0.0130761	-0.0155	0.0112881	0.0202789	0.199154	229.848	31.8933	0.0342577	
364.01	-0.00260732	-0.0205427	0.0112881	0.0207075	0.185888	262.767	31.2331	0.0342577	
364.018	0.0091721	-0.0190246	0.0112881	0.0211202	0.173712	295.74	30.6228	0.0342577	
364.026	0.0184083	-0.0111518	0.0112881	0.0215227	0.162399	328.792	30.0501	0.0342577	
364.034	0.0219055	0.000746566	0.0112881	0.0219182	0.151811	1.95196	29.5079	0.0342577	
364.042	0.018219	0.0128731	0.0112881	0.0223081	0.14188	35.2442	28.9922	0.0342577	
364.05	0.00824541	0.0211408	0.0112881	0.0226918	0.132584	68.693	28.5019	0.0342577	
364.058	-0.00497299	0.0225266	0.0112881	0.023069	0.123902	102.449	28.0359	0.0342577	
364.066	-0.0169343	0.0161971	0.0112881	0.0234332	0.115934	136.275	27.6001	0.0342577	
364.074	-0.0234432	0.00400149	0.0112881	0.0237823	0.108674	170.314	27.195	0.0342577	
364.082	-0.0219271	-0.0100289	0.0112881	0.0241117	0.10215	204.578	26.8235	0.0342577	
364.09	-0.0125476	-0.020947	0.0112881	0.0244176	0.0963695	239.078	26.4874	0.0342577	
364.098	0.0016446	-0.0246411	0.0112881	0.0246959	0.0913375	273.818	26.189	0.0342577	
364.106	0.0156316	-0.0194386	0.0112881	0.024944	0.0870276	308.805	25.9285	0.0342577	
364.114	0.024207	-0.00686222	0.0112881	0.0251609	0.0833952	344.173	25.705	0.0342577	
364.122	0.0238676	0.00852424	0.0112881	0.0253442	0.0804202	19.654	25.5191	0.0342577	
364.13	0.0144854	0.0209815	0.0112881	0.025496	0.0780201	55.3793	25.3671	0.0342577	
364.138	-0.000601017	0.0256113	0.0112881	0.0256184	0.0761294	91.3443	25.246	0.0342577	
364.146	-0.0156694	0.0203895	0.0112881	0.025715	0.0746611	127.542	25.151	0.0342577	
364.154	-0.0247868	0.00712421	0.0112881	0.0257903	0.0735335	163.964	25.0776	0.0342577	
364.162	-0.0241977	-0.00909458	0.0112881	0.0258503	0.0726448	200.598	25.0194	0.0342577	
364.17	-0.0138897	-0.0218621	0.0112881	0.0259012	0.071898	237.571	24.9702	0.0342577	
364.178	0.00207321	-0.0258661	0.0112881	0.0259491	0.0712017	274.583	24.9242	0.0342577	
364.186	0.017314	-0.019397	0.0112881	0.0260004	0.0704609	311.752	24.875	0.0342577	
364.194	0.0255866	-0.00494731	0.0112881	0.0260605	0.0696004	349.057	24.8176	0.0342577	
364.202	0.0233947	0.011648	0.0112881	0.0261341	0.0685597	26.4683	24.7478	0.0342577	
364.21	0.0115128	0.0235617	0.0112881	0.026224	0.0673043	63.9587	24.6629	0.0342577	
364.218	-0.00524878	0.0258033	0.0112881	0.0263317	0.0658257	101.498	24.562	0.0342577	
364.226	-0.0200275	0.0172878	0.0112881	0.0264569	0.0641405	139.199	24.4458	0.0342577	
364.234	-0.0265531	0.00150919	0.0112881	0.026596	0.0623106	176.747	24.318	0.0342577	
364.242	-0.0221048	-0.0150546	0.0112881	0.0267444	0.0604044	214.257	24.183	0.0342577	
364.25	-0.00844336	-0.0255363	0.0112881	0.0268959	0.0585081	251.704	24.0467	0.0342577	
364.258	0.00883415	-0.025559	0.0112881	0.0270426	0.0567197	289.067	23.9163	0.0342577	
364.266	0.0226156	-0.0150667	0.0112881	0.0271748	0.0551465	326.328	23.8	0.0342577	
364.274	0.0272325	0.00165278	0.0112881	0.0272826	0.0538909	3.47311	23.7059	0.0342577	
364.282	0.0207604	0.0178138	0.0112881	0.0273555	0.0530549	40.6319	23.6427	0.0342577	
364.29	0.00592005	0.0267346	0.0112881	0.0273822	0.0527514	77.514	23.6197	0.0342577	
364.298	-0.011237	0.0249378	0.0112881	0.0273526	0.0530886	114.256	23.6453	0.0342577	
364.306	-0.0238059	0.0132742	0.0112881	0.0272567	0.0541908	150.856	23.7285	0.0342577	
364.314	-0.0268649	-0.00344723	0.0112881	0.0270851	0.05621	187.312	23.8788	0.0342577	
364.322	-0.0194212	-0.0185108	0.0112881	0.0268297	0.0593315	223.625	24.1062	0.0342577	
364.33	-0.00469167	-0.0260642	0.0112881	0.0264831	0.0637932	259.796	24.4216	0.0342577	
364.338	0.0113991	-0.0234097	0.0112881	0.0260375	0.0699281	295.963	24.8395	0.0342577	
364.346	0.0224772	-0.0120248	0.0112881	0.0254916	0.0780896	331.854	25.3715	0.0342577	
364.354	0.0246216	0.00328868	0.0112881	0.0248403	0.0888096	7.60789	26.0368	0.0342577	
364.362	0.0175473	0.0164922	0.0112881	0.0240811	0.102743	43.2247	26.8576	0.0342577	
364.37	0.00454689	0.0227638	0.0112881	0.0232134	0.120694	78.7043	27.8615	0.0342577	
364.378	-0.00906045	0.0203078	0.0112881	0.0222373	0.143645	114.044	29.0845	0.0342577	
364.386	-0.0181781	0.010819	0.0112881	0.0211541	0.17274	149.24	30.5738	0.0342577	
364.394	-0.0199023	-0.00153749	0.0112881	0.0199616	0.209387	184.417	32.4003	0.0342577	
364.402	-0.0144504	-0.0118253	0.0112881	0.0186723	0.254586	219.295	34.6375	0.0342577	
364.41	-0.00476911	-0.0166156	0.0112881	0.0172865	0.309567	253.985	37.4142	0.0342577	
364.418	0.00500491	-0.0149967	0.0112881	0.0158098	0.375009	288.456	40.9088	0.0342577	
364.426	0.0113275	-0.00864424	0.0112881	0.014249	0.45081	322.652	45.3897	0.0342577	
364.434	0.0125884	-0.000772733	0.0112881	0.0126121	0.535706	356.487	51.281	0.0342577	
364.442	0.00946556	0.00542321	0.0112881	0.0109091	0.626888	29.8102	59.2864	0.0342577	
364.45	0.00422845	0.0081102	0.0112881	0.00914632	0.720174	62.4636	70.7126	0.0342577	
364.458	-0.000466323	0.00734254	0.0112881	0.00735733	0.808635	93.634	87.9069	0.0342577	
364.466	-0.0029659	0.00471794	0.0112881	0.00557275	0.885271	122.155	116.058	0.0342577	
364.474	-0.00316581	0.0022522	0.0112881	0.00388519	0.942488	144.571	166.468	0.0342577	
364.482	-0.0022882	0.00124819	0.0112881	0.0026065	0.973693	151.388	248.134	0.0342577	
364.49	-0.00196308	0.00164807	0.0112881	0.00256317	0.97455	139.985	252.329	0.0342577	
364.498	-0.00314455	0.00219277	0.0112881	0.00383359	0.943963	145.111	168.709	0.0342577	
364.506	-0.00545423	0.00127494	0.0112881	0.00560126	0.884165	166.843	115.467	0.0342577	
364.514	-0.00725704	-0.00194111	0.0112881	0.00751216	0.801363	194.975	86.095	0.0342577	
364.522	-0.00659688	-0.00679632	0.0112881	0.00947147	0.703268	225.853	68.2851	0.0342577	
364.53	-0.0023581	-0.0111918	0.0112881	0.0114375	0.598502	258.102	56.5472	0.0342577	
364.538	0.00482468	-0.0124869	0.0112881	0.0133866	0.495009	291.126	48.3142	0.0342577	
364.546	0.0124773	-0.00885662	0.0112881	0.0153011	0.399037	324.632	42.2689	0.0342577	
364.554	0.0171601	-0.000460996	0.0112881	0.0171663	0.314637	358.461	37.6761	0.0342577	
364.562	0.0159769	0.0102377	0.0112881	0.0189756	0.24343	32.651	34.0838	0.0342577	
364.57	0.00812731	0.0190403	0.0112881	0.0207023	0.186045	66.8848	31.241	0.0342577	
364.578	-0.00436058	0.0219113	0.0112881	0.022341	0.141064	101.255	28.9495	0.0342577	
364.586	-0.0171016	0.0166662	0.0112881	0.0238794	0.106717	135.739	27.0844	0.0342577	
364.594	-0.0249455	0.00425552	0.0112881	0.0253059	0.0810341	170.319	25.5577	0.0342577	
364.602	-0.0241189	-0.011239	0.0112881	0.0266089	0.0621423	204.985	24.3061	0.0342577	
364.61	-0.0140023	-0.02399	0.0112881	0.0277774	0.0484271	239.729	23.2837	0.0342577	
364.618	0.00235002	-0.0287085	0.0112881	0.0288045	0.0385522	274.68	22.4534	0.0342577	
364.626	0.0189012	-0.0228737	0.0112881	0.0296726	0.0315894	309.568	21.7965	0.0342577	
364.634	0.0292755	-0.00810539	0.0112881	0.0303769	0.026759	344.524	21.2912	0.0342577	
364.642	0.0291274	0.0103426	0.0112881	0.0309091	0.0235439	19.5491	20.9246	0.0342577	
364.65	0.0180912	0.0254963	0.0112881	0.0312626	0.0215987	54.642	20.688	0.0342577	
364.658	0.000107163	0.031431	0.0112881	0.0314312	0.0207212	89.8046	20.577	0.0342577	
364.666	-0.0180342	0.0257176	0.0112881	0.0314106	0.0208265	125.04	20.5905	0.0342577	
364.674	-0.0294046	0.0104214	0.0112881	0.0311967	0.0219502	160.485	20.7317	0.0342577	
364.682	-0.0296151	-0.00842265	0.0112881	0.0307895	0.0242356	195.876	21.0058	0.0342577	
364.69	-0.0188535	-0.0235781	0.0112881	0.0301891	0.0279801	231.353	21.4236	0.0342577	
364.698	-0.00157654	-0.0293549	0.0112881	0.0293972	0.0336718	266.926	22.0008	0.0342577	
364.706	0.0153123	-0.0239397	0.0112881	0.0284178	0.042049	302.604	22.7589	0.0342577	
364.714	0.025343	-0.0100332	0.0112881	0.0272568	0.0541897	338.402	23.7284	0.0342577	
364.722	0.0251143	0.0064195	0.0112881	0.0259218	0.0715981	14.3384	24.9504	0.0342577	
364.73	0.015505	0.0188618	0.0112881	0.0244166	0.0963881	50.5788	26.4885	0.0342577	
364.738	0.00123788	0.0227311	0.0112881	0.0227647	0.13087	86.8829	28.4106	0.0342577	
364.746	-0.0115588	0.0175029	0.0112881	0.0209751	0.177926	123.44	30.8346	0.0342577	
364.754	-0.017952	0.00641829	0.0112881	0.0190649	0.240208	160.327	33.9242	0.0342577	
364.762	-0.0162505	-0.00517263	0.0112881	0.0170539	0.319423	197.657	37.9244	0.0342577	
364.77	-0.00845324	-0.0123512	0.0112881	0.014967	0.415192	235.612	43.2125	0.0342577	
364.778	0.0010391	-0.0127851	0.0112881	0.0128272	0.524323	274.646	50.4208	0.0342577	
364.786	0.00756199	-0.00756272	0.0112881	0.0106948	0.63838	314.997	60.4743	0.0342577	
364.794	0.00862388	-0.000330887	0.0112881	0.00863022	0.746573	357.803	74.9413	0.0342577	
364.802	0.00478483	0.00477433	0.0112881	0.00675935	0.835869	44.937	95.6837	0.0342577	
364.81	-0.000869312	0.00526356	0.0112881	0.00533487	0.89433	99.3781	121.233	0.0342577	
364.818	-0.00454404	0.00148622	0.0112881	0.00478092	0.914213	161.889	135.279	0.0342577	
364.826	-0.00384577	-0.0037079	0.0112881	0.00534214	0.894058	223.954	121.068	0.0342577	
364.834	0.000930075	-0.00663298	0.0112881	0.00669787	0.838588	277.982	96.5621	0.0342577	
364.842	0.00686954	-0.00483958	0.0112881	0.0084031	0.757992	324.835	76.9668	0.0342577	
364.85	0.0101283	0.00136167	0.0112881	0.0102194	0.663778	7.65708	63.2875	0.0342577	
364.858	0.00801318	0.00897015	0.0112881	0.0120281	0.566826	48.2251	53.7709	0.0342577	
364.866	0.000605656	0.0137517	0.0112881	0.013765	0.475446	87.4782	46.9858	0.0342577	
364.874	-0.00903002	0.0124628	0.0112881	0.0153903	0.394771	125.925	42.0238	0.0342577	
364.882	-0.0162114	0.00469144	0.0112881	0.0168766	0.327055	163.86	38.323	0.0342577	
364.89	-0.0169289	-0.00670388	0.0112881	0.018208	0.27228	201.604	35.5207	0.0342577	
364.898	-0.00997475	-0.0165911	0.0112881	0.0193587	0.229796	238.985	33.4092	0.0342577	
364.906	0.00220492	-0.0202025	0.0112881	0.0203225	0.197775	276.229	31.8249	0.0342577	
364.914	0.0144885	-0.0153259	0.0112881	0.0210903	0.174576	313.391	30.6663	0.0342577	
364.922	0.0213606	-0.0035681	0.0112881	0.0216565	0.158757	350.517	29.8644	0.0342577	
364.93	0.0195052	0.0102154	0.0112881	0.0220183	0.149213	27.6421	29.3737	0.0342577	
364.938	0.00944193	0.0200647	0.0112881	0.0221752	0.145208	64.7995	29.1659	0.0342577	
364.946	-0.00466185	0.0216326	0.0112881	0.0221292	0.146373	102.161	29.2265	0.0342577	
364.954	-0.0166357	0.0142212	0.0112881	0.0218858	0.152658	139.474	29.5516	0.0342577	
364.962	-0.0214219	0.0011549	0.0112881	0.021453	0.164319	176.914	30.1478	0.0342577	
364.97	-0.0171721	-0.0118102	0.0112881	0.0208414	0.181874	214.518	31.0325	0.0342577	
364.978	-0.00608936	-0.0191178	0.0112881	0.0200641	0.206041	252.332	32.2347	0.0342577	
364.986	0.00667455	-0.0179359	0.0112881	0.0191375	0.237605	290.412	33.7954	0.0342577	
364.994	0.0154702	-0.00935892	0.0112881	0.0180808	0.277255	328.828	35.7705	0.0342577	
365.002	0.0167552	0.00230089	0.0112881	0.0169125	0.325502	7.81915	38.2416	0.0342577	
365.01	0.0106438	0.0114981	0.0112881	0.0156683	0.381621	47.2095	41.2782	0.0342577	
365.018	0.000676738	0.0143608	0.0112881	0.0143767	0.444391	87.302	44.9866	0.0342577	
365.026	-0.00810464	0.0102624	0.0112881	0.0130768	0.511191	128.3	49.4587	0.0342577	
365.034	-0.0116534	0.00195944	0.0112881	0.0118169	0.578135	170.455	54.7316	0.0342577	
365.042	-0.00882964	-0.00596788	0.0112881	0.0106573	0.640388	214.054	60.687	0.0342577	
365.05	-0.00178851	-0.00950393	0.0112881	0.00967075	0.692819	259.342	66.8779	0.0342577	
365.058	0.0053206	-0.00717955	0.0112881	0.00893614	0.730994	306.541	72.3757	0.0342577	
365.066	0.00849873	-0.000758578	0.0112881	0.00853252	0.751501	354.899	75.7994	0.0342577	
365.074	0.00614134	0.00586772	0.0112881	0.00849389	0.753443	43.6948	76.1441	0.0342577	
365.082	-0.000283306	0.00879603	0.0112881	0.00880059	0.737924	91.8448	73.4905	0.0342577	
365.09	-0.00703659	0.00620792	0.0112881	0.00938359	0.707855	138.58	68.9245	0.0342577	
365.098	-0.0101326	-0.000646483	0.0112881	0.0101532	0.667301	183.651	63.7002	0.0342577	
365.106	-0.00749386	-0.00808637	0.0112881	0.0110249	0.620672	227.178	58.6638	0.0342577	
365.114	-8.48725e-05	-0.0119331	0.0112881	0.0119334	0.571894	269.592	54.1975	0.0342577	
365.122	0.00838659	-0.00969638	0.0112881	0.0128201	0.524701	310.857	50.4489	0.0342577	
365.13	0.0134962	-0.00204599	0.0112881	0.0136504	0.481345	351.38	47.3803	0.0342577	
365.138	0.0122944	0.00749136	0.0112881	0.014397	0.443374	31.3552	44.9232	0.0342577	
365.146	0.00491287	0.0142155	0.0112881	0.0150405	0.411612	70.9349	43.0013	0.0342577	
365.154	-0.00538508	0.0146067	0.0112881	0.0155678	0.386353	110.237	41.5448	0.0342577	
365.162	-0.0137405	0.00813997	0.0112881	0.0159706	0.367564	149.357	40.4969	0.0342577	
365.17	-0.0160666	-0.00240682	0.0112881	0.0162459	0.354994	188.52	39.8107	0.0342577	
365.178	-0.0110752	-0.0120834	0.0112881	0.0163911	0.34845	227.493	39.4579	0.0342577	
365.186	-0.00100695	-0.0163797	0.0112881	0.0164106	0.347577	266.482	39.411	0.0342577	
365.194	0.00948094	-0.0132717	0.0112881	0.0163103	0.352082	305.541	39.6534	0.0342577	
365.202	0.0155297	-0.00424298	0.0112881	0.0160989	0.361678	344.719	40.1742	0.0342577	
365.21	0.0144155	0.00643765	0.0112881	0.0157876	0.376042	24.0645	40.9662	0.0342577	
365.218	0.00683656	0.0137885	0.0112881	0.0153903	0.394774	63.627	42.0239	0.0342577	
365.226	-0.0035104	0.0145019	0.0112881	0.0149207	0.417449	103.608	43.3464	0.0342577	
365.234	-0.0116134	0.00851511	0.0112881	0.0144006	0.443193	143.751	44.912	0.0342577	
365.242	-0.0138095	-0.00102702	0.0112881	0.0138477	0.471206	184.253	46.7053	0.0342577	
365.25	-0.00936678	-0.00941789	0.0112881	0.0132828	0.500412	225.156	48.6915	0.0342577	
365.258	-0.000779905	-0.0127034	0.0112881	0.0127274	0.5296	266.487	50.8165	0.0342577	
365.266	0.00755554	-0.00958177	0.0112881	0.0122023	0.557513	308.257	53.003	0.0342577	
365.274	0.0115645	-0.00194559	0.0112881	0.011727	0.582957	350.45	55.1511	0.0342577	
365.282	0.00947111	0.00619336	0.0112881	0.0113163	0.605013	33.1815	57.1527	0.0342577	
365.29	0.00264948	0.0106604	0.0112881	0.0109847	0.622828	76.0428	58.8782	0.0342577	
365.298	-0.00521836	0.00938192	0.0112881	0.0107355	0.636196	119.083	60.2448	0.0342577	
365.306	-0.0100595	0.0032346	0.0112881	0.0105667	0.645237	162.175	61.2072	0.0342577	
365.314	-0.00947381	-0.00445629	0.0112881	0.0104696	0.650434	205.191	61.7753	0.0342577	
365.322	-0.00390229	-0.00967193	0.0112881	0.0104295	0.652575	248.028	62.0126	0.0342577	
365.33	0.00367119	-0.00976073	0.0112881	0.0104283	0.652638	290.612	62.0197	0.0342577	
365.338	0.00931376	-0.00473084	0.0112881	0.0104464	0.651672	333.072	61.9123	0.0342577	
365.346	0.0101035	0.00272358	0.0112881	0.0104641	0.650724	15.0866	61.8074	0.0342577	
365.354	0.00572225	0.00876097	0.0112881	0.0104642	0.650722	56.8493	61.8071	0.0342577	
365.362	-0.0015265	0.0103198	0.0112881	0.0104321	0.652435	98.4141	61.9971	0.0342577	
365.37	-0.00791668	0.00667795	0.0112881	0.0103571	0.656441	139.851	62.4463	0.0342577	
365.378	-0.01023	-0.000222121	0.0112881	0.0102324	0.663086	181.244	63.2071	0.0342577	
365.386	-0.00739197	-0.00681741	0.0112881	0.0100558	0.672476	222.684	64.3174	0.0342577	
365.394	-0.0009532	-0.00978203	0.0112881	0.00982836	0.684515	264.434	65.8055	0.0342577	
365.402	0.0056573	-0.00770524	0.0112881	0.00955907	0.698683	306.287	67.6593	0.0342577	
365.41	0.00907402	-0.00184371	0.0112881	0.00925943	0.714314	348.515	69.8488	0.0342577	
365.418	0.00765032	0.00463924	0.0112881	0.00894706	0.730434	31.2331	72.2874	0.0342577	
365.426	0.00230434	0.00833244	0.0112881	0.0086452	0.745815	74.5412	74.8115	0.0342577	
365.434	-0.00399965	0.00736611	0.0112881	0.00838193	0.75905	118.501	77.1612	0.0342577	
365.442	-0.00783516	0.00238006	0.0112881	0.00818867	0.768649	163.103	78.9823	0.0342577	
365.45	-0.00712164	-0.0038516	0.0112881	0.00809646	0.773192	208.406	79.8818	0.0342577	
365.458	-0.00226413	-0.0078107	0.0112881	0.00813224	0.771432	253.834	79.5303	0.0342577	
365.466	0.00406018	-0.00725202	0.0112881	0.00831125	0.762573	299.243	77.8174	0.0342577	
365.474	0.00831338	-0.00233665	0.0112881	0.00863552	0.746305	344.301	74.8953	0.0342577	
365.482	0.00797348	0.00437256	0.0112881	0.00909372	0.72289	28.7398	71.1216	0.0342577	
365.49	0.00292181	0.00921209	0.0112881	0.00966434	0.693156	72.4024	66.9223	0.0342577	
365.498	-0.00440054	0.00933506	0.0112881	0.0103203	0.658403	115.239	62.6688	0.0342577	
365.506	-0.0101912	0.00423381	0.0112881	0.0110356	0.620093	157.44	58.6065	0.0342577	
365.514	-0.0111516	-0.00378762	0.0112881	0.0117773	0.58026	198.76	54.9158	0.0342577	
365.522	-0.00636427	-0.0107848	0.0112881	0.0125226	0.540455	239.454	51.6474	0.0342577	
365.53	0.0022137	-0.0130626	0.0112881	0.0132489	0.502184	279.618	48.8163	0.0342577	
365.538	0.0105721	-0.00908066	0.0112881	0.0139365	0.466664	319.34	46.4075	0.0342577	
365.546	0.0145648	-0.000331703	0.0112881	0.0145686	0.43481	358.695	44.3941	0.0342577	
365.554	0.0119631	0.00926388	0.0112881	0.0151306	0.407243	37.7531	42.7451	0.0342577	
365.562	0.00358685	0.0151947	0.0112881	0.0156124	0.384251	76.718	41.4261	0.0342577	
365.57	-0.00684894	0.0144604	0.0112881	0.0160004	0.366194	115.344	40.4215	0.0342577	
365.578	-0.0146184	0.00718592	0.0112881	0.0162892	0.353038	153.823	39.705	0.0342577	
365.586	-0.0161016	-0.00347943	0.0112881	0.0164733	0.34478	192.194	39.2612	0.0342577	
365.594	-0.0105286	-0.0127683	0.0112881	0.0165493	0.341398	230.491	39.0807	0.0342577	
365.602	-0.000360565	-0.016512	0.0112881	0.0165159	0.34288	268.749	39.1597	0.0342577	
365.61	0.00985362	-0.0130769	0.0112881	0.0163737	0.349231	306.999	39.4999	0.0342577	
365.618	0.0156046	-0.00405948	0.0112881	0.016124	0.360531	345.418	40.1116	0.0342577	
365.626	0.0144374	0.00635201	0.0112881	0.015773	0.376726	23.748	41.0044	0.0342577	
365.634	0.00715491	0.0135534	0.0112881	0.015326	0.397843	62.1702	42.2001	0.0342577	
365.642	-0.00275213	0.0145329	0.0112881	0.0147912	0.423803	100.723	43.7261	0.0342577	
365.65	-0.0107731	0.00921714	0.0112881	0.014178	0.454395	139.451	45.6171	0.0342577	
365.658	-0.0134928	0.000376143	0.0112881	0.013498	0.489221	178.403	47.9151	0.0342577	
365.666	-0.0101076	-0.00779472	0.0112881	0.0127641	0.527658	217.638	50.6703	0.0342577	
365.674	-0.00261982	-0.0116985	0.0112881	0.0119883	0.568955	257.377	53.9493	0.0342577	
365.682	0.00515055	-0.00993759	0.0112881	0.011193	0.611639	297.397	57.7824	0.0342577	
365.69	0.00963293	-0.00390365	0.0112881	0.0103938	0.654478	337.94	62.2253	0.0342577	
365.698	0.00908157	0.00314601	0.0112881	0.00961105	0.695956	19.1069	67.2934	0.0342577	
365.706	0.00429869	0.00775497	0.0112881	0.00886669	0.734549	60.9998	72.9426	0.0342577	
365.714	-0.00193904	0.00795082	0.0112881	0.00818385	0.768887	103.706	79.0288	0.0342577	
365.722	-0.00638154	0.00410154	0.0112881	0.00758595	0.797867	147.27	85.2576	0.0342577	
365.73	-0.00694177	-0.00145382	0.0112881	0.00709237	0.820875	191.829	91.1909	0.0342577	
365.738	-0.00367231	-0.00563096	0.0112881	0.00672261	0.837496	236.889	96.2066	0.0342577	
365.746	0.00138578	-0.00633096	0.0112881	0.00648085	0.848052	282.347	99.7956	0.0342577	
365.754	0.00538607	-0.00338495	0.0112881	0.00636142	0.853171	327.852	101.669	0.0342577	
365.762	0.00618268	0.00143497	0.0112881	0.00634702	0.853784	13.0667	101.9	0.0342577	
365.77	0.00342225	0.0054226	0.0112881	0.00641221	0.851002	57.7436	100.864	0.0342577	
365.778	-0.00134986	0.00638782	0.0112881	0.00652889	0.845975	101.932	99.0613	0.0342577	
365.786	-0.00548237	0.0037971	0.0112881	0.00666891	0.839862	145.293	96.9814	0.0342577	
365.794	-0.00674209	-0.000956414	0.0112881	0.00680959	0.833637	188.074	94.9779	0.0342577	
365.802	-0.00442031	-0.00534175	0.0112881	0.00693351	0.828084	230.392	93.2803	0.0342577	
365.81	0.000292349	-0.00702273	0.0112881	0.00702881	0.823771	272.384	92.0155	0.0342577	
365.818	0.00494123	-0.00508366	0.0112881	0.00708938	0.821012	314.186	91.2294	0.0342577	
365.826	0.00709624	-0.000504918	0.0112881	0.00711418	0.819878	355.93	90.9114	0.0342577	
365.834	0.00560821	0.00436537	0.0112881	0.00710693	0.82021	37.8968	91.0041	0.0342577	
365.842	0.00124414	0.00696596	0.0112881	0.00707619	0.821614	79.8736	91.3995	0.0342577	
365.85	-0.00373847	0.00595883	0.0112881	0.00703447	0.823514	122.103	91.9415	0.0342577	
365.858	-0.00674776	0.00185395	0.0112881	0.00699782	0.825178	164.637	92.4231	0.0342577	
365.866	-0.00619662	-0.00322285	0.0112881	0.00698461	0.825776	207.479	92.5978	0.0342577	
365.874	-0.00233277	-0.00661458	0.0112881	0.00701388	0.82445	250.574	92.2114	0.0342577	
365.882	0.00286679	-0.00649886	0.0112881	0.00710307	0.820386	293.803	91.0535	0.0342577	
365.89	0.00669644	-0.00282038	0.0112881	0.00726614	0.812878	337.16	89.0101	0.0342577	
365.898	0.00705071	0.0025826	0.0112881	0.00750882	0.801521	20.1173	86.1334	0.0342577	
365.906	0.0035976	0.00695595	0.0112881	0.00783122	0.786116	62.6521	82.5874	0.0342577	
365.914	-0.00207593	0.00795993	0.0112881	0.00822618	0.766794	104.617	78.6222	0.0342577	
365.922	-0.00719012	0.00486449	0.0112881	0.00868107	0.743998	145.92	74.5023	0.0342577	
365.93	-0.0091205	-0.00104249	0.0112881	0.00917989	0.718437	186.521	70.454	0.0342577	
365.938	-0.00669005	-0.00703042	0.0112881	0.00970483	0.691027	226.421	66.6431	0.0342577	
365.946	-0.000750693	-0.0102125	0.0112881	0.0102401	0.662676	265.796	63.1596	0.0342577	
365.954	0.00607914	-0.00888348	0.0112881	0.0107644	0.63465	304.385	60.0833	0.0342577	
365.962	0.0107355	-0.00341005	0.0112881	0.0112641	0.607819	342.378	57.4178	0.0342577	
365.97	0.0110314	0.00397444	0.0112881	0.0117255	0.583037	19.8133	55.1582	0.0342577	
365.978	0.00666012	0.0101466	0.0112881	0.0121371	0.560994	56.7195	53.2876	0.0342577	
365.986	-0.000679046	0.0124714	0.0112881	0.0124898	0.542195	93.1166	51.7829	0.0342577	
365.994	-0.00804357	0.00992799	0.0112881	0.0127775	0.526951	129.014	50.6172	0.0342577	
366.002	-0.0125277	0.00346344	0.0112881	0.0129976	0.515347	164.546	49.7598	0.0342577	
366.01	-0.0124001	-0.0043745	0.0112881	0.0131491	0.507402	199.432	49.1867	0.0342577	
366.018	-0.00782005	-0.0106802	0.0112881	0.0132371	0.502798	233.789	48.8596	0.0342577	
366.026	-0.000557908	-0.0132588	0.0112881	0.0132705	0.501053	267.591	48.7365	0.0342577	
366.034	0.00679284	-0.0113914	0.0112881	0.0132629	0.501449	300.808	48.7644	0.0342577	
366.042	0.0118344	-0.00592233	0.0112881	0.0132335	0.502985	333.415	48.8728	0.0342577	
366.05	0.0131481	0.00124158	0.0112881	0.0132066	0.504393	5.39448	48.9726	0.0342577	
366.058	0.0105691	0.00792751	0.0112881	0.0132118	0.504123	36.8724	48.9534	0.0342577	
366.066	0.00505	0.0122847	0.0112881	0.0132822	0.500445	67.6534	48.6938	0.0342577	
366.074	-0.00186048	0.0133231	0.0112881	0.0134523	0.491591	97.9496	48.0779	0.0342577	
366.082	-0.00844998	0.0108531	0.0112881	0.0137547	0.475975	127.904	47.021	0.0342577	
366.09	-0.0131521	0.00539471	0.0112881	0.0142155	0.452501	157.698	45.4967	0.0342577	
366.098	-0.0147239	-0.00194624	0.0112881	0.0148519	0.420818	187.53	43.5472	0.0342577	
366.106	-0.0124176	-0.00955696	0.0112881	0.0156695	0.381566	217.583	41.2751	0.0342577	
366.114	-0.00621226	-0.0154661	0.0112881	0.0166671	0.336197	248.116	38.8046	0.0342577	
366.122	0.00278425	-0.0176039	0.0112881	0.0178227	0.287521	278.987	36.2885	0.0342577	
366.13	0.0123792	-0.0145703	0.0112881	0.019119	0.238266	310.352	33.8281	0.0342577	
366.138	0.0195493	-0.0062731	0.0112881	0.0205311	0.191269	342.209	31.5014	0.0342577	
366.146	0.0213272	0.00552926	0.0112881	0.0220323	0.148853	14.5344	29.3551	0.0342577	
366.154	0.0160051	0.0173371	0.0112881	0.0235954	0.112517	47.2877	27.4105	0.0342577	
366.162	0.00419145	0.0248428	0.0112881	0.0251939	0.0828529	80.4233	25.6713	0.0342577	
366.17	-0.0109142	0.024486	0.0112881	0.0268083	0.0595985	114.024	24.1253	0.0342577	
366.178	-0.0240312	0.0151381	0.0112881	0.0284018	0.0422	147.792	22.7718	0.0342577	
366.186	-0.0299422	-0.000948708	0.0112881	0.0299572	0.029554	181.815	21.5894	0.0342577	
366.194	-0.0254267	-0.0185138	0.0112881	0.0314528	0.0206111	216.059	20.5629	0.0342577	
366.202	-0.0109738	-0.0309827	0.0112881	0.0328687	0.0144176	250.496	19.6771	0.0342577	
366.21	0.00890566	-0.0330055	0.0112881	0.0341858	0.0101949	285.1	18.9189	0.0342577	
366.218	0.0270487	-0.0228175	0.0112881	0.0353874	0.00734374	319.85	18.2765	0.0342577	
366.226	0.0363151	-0.00326637	0.0112881	0.0364617	0.00542473	354.86	17.7381	0.0342577	
366.234	0.0324269	0.0186084	0.0112881	0.0373868	0.00414905	29.8497	17.2991	0.0342577	
366.242	0.0161629	0.0345628	0.0112881	0.0381553	0.00330387	64.9374	16.9507	0.0342577	
366.25	-0.00680474	0.0381549	0.0112881	0.038757	0.00275523	100.112	16.6876	0.0342577	
366.258	-0.0278825	0.0275305	0.0112881	0.0391837	0.00241813	135.364	16.5058	0.0342577	
366.266	-0.0389093	0.00638259	0.0112881	0.0394293	0.0022417	170.684	16.403	0.0342577	
366.274	-0.035473	-0.0173517	0.0112881	0.0394894	0.00220037	206.066	16.3781	0.0342577	
366.282	-0.0186988	-0.0346359	0.0112881	0.039361	0.00228953	241.637	16.4315	0.0342577	
366.29	0.00484034	-0.0387435	0.0112881	0.0390447	0.00252357	277.121	16.5646	0.0342577	
366.298	0.0261121	-0.0283484	0.0112881	0.0385418	0.00294104	312.649	16.7807	0.0342577	
366.306	0.0370579	-0.00773271	0.0112881	0.0378561	0.00361227	348.213	17.0847	0.0342577	
366.314	0.033844	0.0149349	0.0112881	0.0369928	0.0046548	23.8113	17.4834	0.0342577	
366.322	0.0182845	0.030963	0.0112881	0.0359587	0.00625831	59.437	17.9862	0.0342577	
366.33	-0.00308159	0.0346263	0.0112881	0.0347631	0.00872065	95.0857	18.6048	0.0342577	
366.338	-0.0218699	0.0252582	0.0112881	0.0334106	0.0125224	130.888	19.3579	0.0342577	
366.346	-0.03105	0.00741707	0.0112881	0.0319236	0.0183337	166.565	20.2596	0.0342577	
366.354	-0.0280537	-0.0114753	0.0112881	0.03031	0.0271886	202.247	21.3382	0.0342577	
366.362	-0.0151791	-0.0242209	0.0112881	0.0285843	0.0405125	237.925	22.6264	0.0342577	
366.37	0.00167498	-0.0267091	0.0112881	0.0267616	0.0601873	273.588	24.1675	0.0342577	
366.378	0.0157194	-0.0192568	0.0112881	0.0248581	0.0885011	309.225	26.0181	0.0342577	
366.386	0.0220917	-0.00599524	0.0112881	0.0228907	0.12795	344.817	28.2542	0.0342577	
366.394	0.0195504	0.00730043	0.0112881	0.020869	0.181055	20.4764	30.9915	0.0342577	
366.402	0.0105546	0.0155892	0.0112881	0.0188262	0.248886	55.9002	34.3543	0.0342577	
366.41	-0.000344782	0.0167691	0.0112881	0.0167727	0.331572	91.1779	38.5603	0.0342577	
366.418	-0.00870643	0.0118781	0.0112881	0.0147272	0.426955	126.241	43.916	0.0342577	
366.426	-0.0120151	0.00414127	0.0112881	0.0127088	0.530584	160.982	50.8908	0.0342577	
366.434	-0.0103602	-0.00282075	0.0112881	0.0107374	0.636099	195.231	60.2345	0.0342577	
366.442	-0.00583253	-0.00663633	0.0112881	0.00883511	0.736163	228.688	73.2034	0.0342577	
366.45	-0.00110781	-0.00693485	0.0112881	0.00702278	0.824046	260.924	92.0946	0.0342577	
366.458	0.00188241	-0.00501254	0.0112881	0.00535434	0.8936	290.583	120.792	0.0342577	
366.466	0.00277593	-0.00273553	0.0112881	0.00389729	0.94214	315.42	165.951	0.0342577	
366.474	0.00246321	-0.00137396	0.0112881	0.00282049	0.969266	330.848	229.307	0.0342577	
366.482	0.00221294	-0.00102661	0.0112881	0.00243948	0.976919	335.113	265.123	0.0342577	
366.49	0.00271893	-0.000848953	0.0112881	0.00284839	0.968665	342.66	227.062	0.0342577	
366.498	0.00365411	0.000143621	0.0112881	0.00365693	0.948877	2.25079	176.859	0.0342577	
366.506	0.00395673	0.00225134	0.0112881	0.00455239	0.921897	29.6395	142.07	0.0342577	
366.514	0.00263109	0.00471326	0.0112881	0.00539791	0.891959	60.8284	119.817	0.0342577	
366.522	-0.000440609	0.00612944	0.0112881	0.00614526	0.86227	94.1116	105.245	0.0342577	
366.53	-0.00422811	0.00528908	0.0112881	0.00677136	0.835337	128.639	95.5141	0.0342577	
366.538	-0.00698269	0.00200515	0.0112881	0.00726489	0.812936	163.978	89.0254	0.0342577	
366.546	-0.00716599	-0.00259346	0.0112881	0.00762086	0.796207	199.896	84.8671	0.0342577	
366.554	-0.00435307	-0.00651728	0.0112881	0.00783736	0.785819	236.26	82.5227	0.0342577	
366.562	0.000433359	-0.00790336	0.0112881	0.00791523	0.782046	273.139	81.7108	0.0342577	
366.57	0.0050725	-0.00599914	0.0112881	0.0078562	0.784908	310.216	82.3247	0.0342577	
366.578	0.0074866	-0.00164244	0.0112881	0.00766464	0.794119	347.626	84.3823	0.0342577	
366.586	0.00663593	0.00314985	0.0112881	0.00734555	0.809185	25.3921	88.0478	0.0342577	
366.594	0.00307347	0.00618353	0.0112881	0.00690524	0.829356	63.5707	93.6622	0.0342577	
366.602	-0.00134992	0.00620608	0.0112881	0.0063512	0.853606	102.272	101.833	0.0342577	
366.61	-0.00446722	0.00352906	0.0112881	0.005693	0.880577	141.692	113.606	0.0342577	
366.618	-0.00493639	-0.000202947	0.0112881	0.00494056	0.908663	182.354	130.908	0.0342577	
366.626	-0.0029292	-0.00289676	0.0112881	0.00411964	0.935573	224.681	156.994	0.0342577	
366.634	2.23589e-05	-0.0032653	0.0112881	0.00326538	0.959023	270.392	198.066	0.0342577	
366.642	0.00197175	-0.00148285	0.0112881	0.00246711	0.976399	323.055	262.152	0.0342577	
366.65	0.00172119	0.000938208	0.0112881	0.00196029	0.985034	28.5944	329.931	0.0342577	
366.658	-0.000430847	0.00208092	0.0112881	0.00212506	0.982436	101.698	304.349	0.0342577	
366.666	-0.00282156	0.000839859	0.0112881	0.0029439	0.966564	163.424	219.695	0.0342577	
366.674	-0.00340276	-0.00229851	0.0112881	0.00410633	0.935975	214.038	157.503	0.0342577	
366.682	-0.00105166	-0.00533119	0.0112881	0.00543393	0.890594	258.841	119.022	0.0342577	
366.69	0.00352544	-0.00589013	0.0112881	0.00686457	0.831181	300.902	94.2171	0.0342577	
366.698	0.00793507	-0.00265708	0.0112881	0.00836812	0.759739	341.487	77.2886	0.0342577	
366.706	0.00925508	0.00358978	0.0112881	0.00992688	0.679307	21.1999	65.1524	0.0342577	
366.714	0.00570212	0.0100197	0.0112881	0.0115286	0.593611	60.3561	56.1006	0.0342577	
366.722	-0.0020891	0.012996	0.0112881	0.0131628	0.506682	99.1322	49.1354	0.0342577	
366.73	-0.0109803	0.00996276	0.0112881	0.0148264	0.422069	137.782	43.6221	0.0342577	
366.738	-0.0164588	0.00112897	0.0112881	0.0164975	0.343699	176.076	39.2035	0.0342577	
366.746	-0.0150294	-0.0102165	0.0112881	0.018173	0.273643	214.207	35.5891	0.0342577	
366.754	-0.00606518	-0.0188935	0.0112881	0.0198432	0.213295	252.202	32.5936	0.0342577	
366.762	0.00738235	-0.0201908	0.0112881	0.0214981	0.163076	290.084	30.0846	0.0342577	
366.77	0.0195839	-0.0123019	0.0112881	0.0231272	0.122601	327.865	27.9653	0.0342577	
366.778	0.0246035	0.00245547	0.0112881	0.0247258	0.0908095	5.69932	26.1573	0.0342577	
366.786	0.0191162	0.0180193	0.0112881	0.0262703	0.0666664	43.3082	24.6195	0.0342577	
366.794	0.00441778	0.0274016	0.0112881	0.0277555	0.0486592	80.8414	23.3021	0.0342577	
366.802	-0.0138305	0.0256823	0.0112881	0.0291695	0.0354803	118.304	22.1725	0.0342577	
366.81	-0.0277983	0.012552	0.0112881	0.0305008	0.0259786	155.699	21.2047	0.0342577	
366.818	-0.0309201	-0.00715612	0.0112881	0.0317374	0.0192065	193.031	20.3785	0.0342577	
366.826	-0.0209937	-0.0252895	0.0112881	0.0328678	0.0144209	230.303	19.6776	0.0342577	
366.834	-0.00138388	-0.0338563	0.0112881	0.0338846	0.0110491	267.659	19.0871	0.0342577	
366.842	0.0198528	-0.0285442	0.0112881	0.0347693	0.00870605	304.819	18.6015	0.0342577	
366.85	0.0337636	-0.0110183	0.0112881	0.035516	0.00708565	341.927	18.2104	0.0342577	
366.858	0.0341511	0.0117488	0.0112881	0.0361155	0.00598681	18.9844	17.9081	0.0342577	
366.866	0.0204463	0.0303076	0.0112881	0.0365596	0.00527474	55.9955	17.6906	0.0342577	
366.874	-0.00190368	0.0367923	0.0112881	0.0368415	0.00486337	92.9619	17.5552	0.0342577	
366.882	-0.0236983	0.0283566	0.0112881	0.0369554	0.0047055	129.886	17.5011	0.0342577	
366.89	-0.035938	0.00835501	0.0112881	0.0368964	0.00478663	166.912	17.5291	0.0342577	
366.898	-0.033555	-0.0147719	0.0112881	0.0366626	0.00512085	203.761	17.6409	0.0342577	
366.906	-0.0178103	-0.0315761	0.0112881	0.0362527	0.00575815	240.575	17.8403	0.0342577	
366.914	0.00456861	-0.0353736	0.0112881	0.0356674	0.00679229	277.359	18.1331	0.0342577	
366.922	0.0243008	-0.0250625	0.0112881	0.0349093	0.00837899	314.116	18.5268	0.0342577	
366.93	0.0335499	-0.0054044	0.0112881	0.0339824	0.010765	350.849	19.0322	0.0342577	
366.938	0.0291598	0.0152203	0.0112881	0.0328931	0.0143273	27.5629	19.6625	0.0342577	
366.946	0.0136718	0.0285379	0.0112881	0.0316438	0.0196591	64.402	20.4388	0.0342577	
366.954	-0.00582042	0.0296885	0.0112881	0.0302536	0.027555	101.092	21.3779	0.0342577	
366.962	-0.0212765	0.0193058	0.0112881	0.0287298	0.0392077	137.78	22.5118	0.0342577	
366.97	-0.0269591	0.00260828	0.0112881	0.027085	0.0562118	174.474	23.8789	0.0342577	
366.978	-0.0216729	-0.0131175	0.0112881	0.0253335	0.0805914	211.184	25.5299	0.0342577	
366.986	-0.00882845	-0.0217691	0.0112881	0.0234912	0.114703	247.925	27.532	0.0342577	
366.994	0.00548003	-0.0208676	0.0112881	0.0215752	0.160964	284.714	29.9771	0.0342577	
367.002	0.015382	-0.0121407	0.0112881	0.019596	0.221611	321.717	33.0047	0.0342577	
367.01	0.0175835	-0.000402967	0.0112881	0.0175881	0.297051	358.687	36.7726	0.0342577	
367.018	0.0126208	0.00910788	0.0112881	0.015564	0.38653	35.8163	41.5548	0.0342577	
367.026	0.00391912	0.0129654	0.0112881	0.0135448	0.486798	73.1813	47.7496	0.0342577	
367.034	-0.00412233	0.010792	0.0112881	0.0115526	0.592323	110.906	55.9841	0.0342577	
367.042	-0.00825487	0.00492176	0.0112881	0.00961076	0.695971	149.196	67.2954	0.0342577	
367.05	-0.0076625	-0.00113482	0.0112881	0.00774608	0.790218	188.424	83.4952	0.0342577	
367.058	-0.00388876	-0.00454998	0.0112881	0.00598538	0.868857	229.48	108.057	0.0342577	
367.066	0.000277968	-0.00438433	0.0112881	0.00439314	0.927065	273.628	147.221	0.0342577	
367.074	0.00249828	-0.00177507	0.0112881	0.00306468	0.963816	324.606	211.036	0.0342577	
367.082	0.00196954	0.00106787	0.0112881	0.00224041	0.980496	28.4662	288.679	0.0342577	
367.09	-0.000384642	0.00220281	0.0112881	0.00223614	0.98057	99.9048	289.23	0.0342577	
367.098	-0.00267086	0.000991925	0.0112881	0.00284911	0.968649	159.626	227.005	0.0342577	
367.106	-0.00321152	-0.00169234	0.0112881	0.00363013	0.949604	207.787	178.164	0.0342577	
367.114	-0.00147376	-0.00411375	0.0112881	0.00436977	0.92781	250.29	148.008	0.0342577	
367.122	0.00167758	-0.00469382	0.0112881	0.00498459	0.907106	289.667	129.752	0.0342577	
367.13	0.00458379	-0.00294146	0.0112881	0.0054464	0.89012	327.311	118.75	0.0342577	
367.138	0.00572971	0.000376219	0.0112881	0.00574204	0.878641	3.75671	112.636	0.0342577	
367.146	0.0045462	0.00371008	0.0112881	0.00586794	0.873617	39.2174	110.219	0.0342577	
367.154	0.00163362	0.00559412	0.0112881	0.00582777	0.875228	73.7209	110.979	0.0342577	
367.162	-0.00166012	0.0053819	0.0112881	0.00563213	0.882962	107.143	114.834	0.0342577	
367.17	-0.00401807	0.0034548	0.0112881	0.00529911	0.895666	139.311	122.051	0.0342577	
367.178	-0.00478225	0.000890275	0.0112881	0.00486442	0.911329	169.454	132.957	0.0342577	
367.186	-0.00419395	-0.00127196	0.0112881	0.00438259	0.927402	196.872	147.575	0.0342577	
367.194	-0.00300165	-0.00256326	0.0112881	0.00394718	0.940695	220.496	163.854	0.0342577	
367.202	-0.00186306	-0.00319916	0.0112881	0.00370211	0.94764	239.785	174.7	0.0342577	
367.21	-0.000890063	-0.00370335	0.0112881	0.00380881	0.944664	256.486	169.806	0.0342577	
367.218	0.000347653	-0.00432753	0.0112881	0.00434148	0.928708	274.593	148.972	0.0342577	
367.226	0.00236559	-0.0046826	0.0112881	0.00524621	0.897628	296.802	123.281	0.0342577	
367.234	0.00510718	-0.00386836	0.0112881	0.00640683	0.851232	322.858	100.949	0.0342577	
367.242	0.00765484	-0.00110624	0.0112881	0.00773436	0.790781	351.777	83.6217	0.0342577	
