363.25	0.00868702	0.000832772	0.00724046	0.00872684	0.483667	5.47587	47.537	0.0219737	
363.258	0.00663814	0.00350445	0.00724039	0.0075064	0.584256	27.8308	55.2653	0.0219735	
363.266	0.00395738	0.00417091	0.00724051	0.00574955	0.729582	46.5048	72.1535	0.0219739	
363.274	0.00219497	0.00301847	0.00724045	0.00373216	0.875597	53.9761	111.155	0.0219737	
363.282	0.0022869	0.00126987	0.00724043	0.00261581	0.936823	29.0425	158.591	0.0219736	
363.29	0.00415912	0.000477082	0.00724038	0.00418639	0.846066	6.54365	99.0933	0.0219735	
363.298	0.00666832	0.00181726	0.00724045	0.0069115	0.634067	15.2441	60.0227	0.0219737	
363.306	0.00802461	0.0053695	0.00724042	0.00965536	0.411002	33.7876	42.9654	0.0219736	
363.314	0.00676076	0.00999139	0.00724049	0.0120638	0.249563	55.9154	34.3879	0.0219738	
363.322	0.00257612	0.0138227	0.00724053	0.0140607	0.15174	79.443	29.5042	0.0219739	
363.33	-0.00386757	0.0147043	0.00724029	0.0152044	0.110256	104.736	27.284	0.0219732	
363.338	-0.0103102	0.0118661	0.00724049	0.0157196	0.0947268	130.987	26.3907	0.0219738	
363.346	-0.014442	0.0057723	0.0072404	0.0155529	0.0995495	158.214	26.6732	0.0219736	
363.354	-0.0146852	-0.00173379	0.00724062	0.0147872	0.124256	186.733	28.0551	0.0219742	
363.362	-0.0109075	-0.00808371	0.00724042	0.0135764	0.172392	216.543	30.5563	0.0219736	
363.37	-0.00441856	-0.0112725	0.00724052	0.0121076	0.247062	248.596	34.2638	0.0219739	
363.378	0.00233755	-0.0103554	0.00724042	0.0106159	0.34134	282.72	39.0777	0.0219736	
363.386	0.00700244	-0.00609785	0.00724042	0.00928536	0.439411	318.95	44.6774	0.0219736	
363.394	0.00826802	-0.000440138	0.00724054	0.00827972	0.520054	356.953	50.1046	0.021974	
363.402	0.0061599	0.00427009	0.00724036	0.0074952	0.585191	34.73	55.3477	0.0219735	
363.41	0.00212292	0.00647693	0.00724049	0.00681597	0.642052	71.8526	60.8644	0.0219738	
363.418	-0.00184034	0.00573607	0.00724044	0.00602406	0.707432	107.788	68.8649	0.0219737	
363.426	-0.00402326	0.00294122	0.00724038	0.00498371	0.789075	143.831	83.2398	0.0219735	
363.434	-0.00374054	-0.000155362	0.00724058	0.00374377	0.874877	182.378	110.812	0.0219741	
363.442	-0.00156554	-0.00194907	0.00724057	0.00249996	0.942135	231.228	165.944	0.0219741	
363.45	0.00111058	-0.00169471	0.00724038	0.00202619	0.9616	303.238	204.741	0.0219735	
363.458	0.0028357	0.000373499	0.00724035	0.00286019	0.92494	7.50343	145.04	0.0219734	
363.466	0.00271168	0.00308796	0.00724032	0.00410958	0.851221	48.7122	100.944	0.0219733	
363.474	0.000897084	0.00516637	0.00724037	0.00524368	0.769316	80.1494	79.1129	0.0219735	
363.482	-0.00172318	0.00568024	0.00724053	0.00593586	0.714591	106.876	69.8891	0.0219739	
363.49	-0.00402821	0.00463725	0.00724038	0.00614252	0.69777	130.98	67.5363	0.0219735	
363.498	-0.00511676	0.00278443	0.00724041	0.00582531	0.7235	151.446	71.2142	0.0219736	
363.506	-0.00494979	0.00105844	0.00724044	0.00506169	0.783205	167.93	81.9581	0.0219737	
363.514	-0.00411745	0.000224613	0.00724045	0.00412357	0.850292	176.878	100.604	0.0219737	
363.522	-0.00350722	0.000366972	0.00724032	0.00352636	0.888157	174.027	117.64	0.0219733	
363.53	-0.00372411	0.000878803	0.00724044	0.0038264	0.869668	166.722	108.417	0.0219737	
363.538	-0.00478357	0.00100754	0.00724028	0.00488852	0.796175	168.106	84.8595	0.0219732	
363.546	-0.00612646	0.000156708	0.00724031	0.00612846	0.698915	178.535	67.6906	0.0219733	
363.554	-0.00694633	-0.00164688	0.00724037	0.00713889	0.615031	193.338	58.1102	0.0219735	
363.562	-0.00665134	-0.00382407	0.00724035	0.00767228	0.57039	209.896	54.0702	0.0219734	
363.57	-0.00529647	-0.00546931	0.00724042	0.00761354	0.575302	225.92	54.4879	0.0219736	
363.578	-0.00354989	-0.00607455	0.00724039	0.00703575	0.623669	239.699	58.9623	0.0219735	
363.586	-0.00235209	-0.00569457	0.00724042	0.00616121	0.696244	247.557	67.3318	0.0219736	
363.594	-0.00222514	-0.00512162	0.00724044	0.00558411	0.742743	246.517	74.2906	0.0219737	
363.602	-0.00305152	-0.005405	0.00724041	0.00620691	0.6925	240.552	66.8359	0.0219736	
363.61	-0.00382434	-0.00731256	0.00724027	0.00825221	0.52229	242.391	50.2698	0.0219732	
363.618	-0.00308389	-0.0106112	0.0072404	0.0110503	0.312036	253.795	37.5416	0.0219736	
363.626	0.000225975	-0.0140714	0.00724044	0.0140732	0.151227	270.92	29.4778	0.0219737	
363.634	0.00614785	-0.0158163	0.00724046	0.0169691	0.0641608	291.241	24.4472	0.0219737	
363.642	0.0134253	-0.0141183	0.00724032	0.0194824	0.0267758	313.559	21.2931	0.0219733	
363.65	0.0197989	-0.00821374	0.0072405	0.0214351	0.0124992	337.468	19.3538	0.0219739	
363.658	0.0226542	0.000969747	0.00724042	0.022675	0.00741812	2.45113	18.2953	0.0219736	
363.666	0.0203692	0.0111072	0.00724038	0.0232007	0.0058934	28.6033	17.8806	0.0219735	
363.674	0.0128674	0.0191896	0.00724041	0.0231043	0.00615	56.1566	17.9553	0.0219736	
363.682	0.00204999	0.022334	0.00724036	0.0224278	0.00824943	84.7556	18.4967	0.0219734	
363.69	-0.00898277	0.0193718	0.00724043	0.0213531	0.0129229	114.877	19.4279	0.0219736	
363.698	-0.0167892	0.0111106	0.00724043	0.0201326	0.0209455	146.505	20.6056	0.0219736	
363.706	-0.0189685	0.000159377	0.0072404	0.0189692	0.0323234	179.519	21.8694	0.0219736	
363.714	-0.0150279	-0.00996079	0.00724028	0.0180293	0.0450314	213.537	23.0091	0.0219732	
363.722	-0.00650592	-0.0161444	0.00724053	0.017406	0.0556026	248.051	23.8339	0.021974	
363.73	0.00355168	-0.0165672	0.00724044	0.0169437	0.0646906	282.1	24.4839	0.0219737	
363.738	0.0117607	-0.0116929	0.00724059	0.0165843	0.0725776	315.166	25.015	0.0219741	
363.746	0.0156443	-0.00357166	0.00724049	0.0160468	0.0857848	347.14	25.8524	0.0219738	
363.754	0.0144931	0.00469709	0.00724043	0.0152353	0.109283	17.957	27.2293	0.0219737	
363.762	0.00940306	0.0104237	0.00724041	0.0140382	0.152652	47.9468	29.5512	0.0219736	
363.77	0.00270197	0.0121407	0.00724045	0.0124378	0.228676	77.4531	33.3538	0.0219737	
363.778	-0.0030766	0.00996968	0.00724028	0.0104336	0.354052	107.15	39.7598	0.0219732	
363.786	-0.0060487	0.00554194	0.00724036	0.00820365	0.526294	137.503	50.568	0.0219734	
363.794	-0.00578246	0.000978771	0.00724047	0.00586471	0.720332	170.393	70.7363	0.0219738	
363.802	-0.00324709	-0.00189904	0.00724046	0.00376164	0.873754	210.321	110.284	0.0219737	
363.81	-5.92293e-05	-0.00231423	0.00724048	0.00231499	0.950171	268.534	179.201	0.0219738	
363.818	0.00217702	-0.000800419	0.00724038	0.0023195	0.94998	339.813	178.85	0.0219735	
363.826	0.00263287	0.00150375	0.00724045	0.00303204	0.916052	29.7326	136.821	0.0219737	
363.834	0.00154583	0.00323696	0.00724035	0.00358713	0.884504	64.4729	115.647	0.0219734	
363.842	-0.000165491	0.00359438	0.00724044	0.00359819	0.883836	92.6361	115.293	0.0219737	
363.85	-0.00135675	0.00271239	0.0072404	0.00303279	0.916012	116.575	136.786	0.0219736	
363.858	-0.00134615	0.00150157	0.00724041	0.00201664	0.961954	131.876	205.711	0.0219736	
363.866	-0.000281798	0.000969876	0.00724043	0.00100998	0.990318	106.201	410.745	0.0219736	
363.874	0.000896719	0.00177353	0.00724043	0.00198734	0.963032	63.1783	208.745	0.0219736	
363.882	0.00115511	0.00375413	0.00724038	0.00392782	0.863167	72.8973	105.617	0.0219735	
363.89	-0.000313841	0.00588858	0.00724032	0.00589694	0.717723	93.0508	70.3483	0.0219733	
363.898	-0.00338302	0.006933	0.00724027	0.00771436	0.566871	116.01	53.7746	0.0219732	
363.906	-0.00707397	0.00583785	0.00724037	0.00917178	0.448282	140.469	45.2304	0.0219735	
363.914	-0.00986583	0.00251309	0.00724037	0.0101809	0.372099	165.709	40.7472	0.0219735	
363.922	-0.0104151	-0.00215833	0.00724023	0.0106364	0.339906	191.708	39.0014	0.021973	
363.93	-0.00826143	-0.00659426	0.00724043	0.0105705	0.344489	218.597	39.2457	0.0219737	
363.938	-0.00393407	-0.00919323	0.00724041	0.00999962	0.385313	246.832	41.486	0.0219736	
363.946	0.000998106	-0.00893268	0.00724059	0.00898827	0.46278	276.376	46.1552	0.0219741	
363.954	0.00492261	-0.0060403	0.00724042	0.00779213	0.560401	309.179	53.239	0.0219736	
363.962	0.00627948	-0.00167405	0.00724034	0.00649879	0.668429	345.073	63.8336	0.0219734	
363.97	0.0049262	0.00244771	0.00724037	0.00550079	0.749311	26.4217	75.4151	0.0219735	
363.978	0.00162401	0.00462631	0.00724052	0.00490308	0.795105	70.657	84.6103	0.0219739	
363.986	-0.0003451	0.0055773	0.00724035	0.00558797	0.742432	93.5407	74.2383	0.0219734	
363.994	-0.00433581	0.00202999	0.00724037	0.00478749	0.803637	154.911	86.6512	0.0219735	
364.002	-0.00451758	-0.00116681	0.00724036	0.00466583	0.812501	194.482	88.9107	0.0219734	
364.01	-0.00256684	-0.00326252	0.00724034	0.00415124	0.848433	231.806	99.9319	0.0219734	
364.018	0.000284594	-0.00333041	0.00724041	0.00334255	0.89892	274.884	124.11	0.0219736	
364.026	0.00219538	-0.00123982	0.00724052	0.00252128	0.941173	330.545	164.54	0.0219739	
364.034	0.00206167	0.00189215	0.00724044	0.00279834	0.928034	42.5449	148.247	0.0219737	
364.042	-0.000527482	0.00433129	0.0072404	0.00436329	0.83395	96.9435	95.0761	0.0219736	
364.05	-0.00465155	0.00459214	0.00724038	0.00653641	0.665313	135.368	63.4665	0.0219735	
364.058	-0.00865205	0.00188718	0.00724035	0.00885547	0.473334	167.695	46.8458	0.0219734	
364.066	-0.0104897	-0.00328378	0.00724047	0.0109917	0.315908	197.383	37.7419	0.0219738	
364.074	-0.00892019	-0.00916407	0.0072405	0.0127887	0.210168	225.773	32.4389	0.0219739	
364.082	-0.00394106	-0.0135635	0.00724033	0.0141245	0.149148	253.798	29.3704	0.0219734	
364.09	0.00310012	-0.0146117	0.0072405	0.0149369	0.119085	281.979	27.7735	0.0219739	
364.098	0.00986599	-0.011546	0.00724047	0.0151871	0.110825	310.514	27.3159	0.0219738	
364.106	0.0140989	-0.00512032	0.00724042	0.0149999	0.116958	340.04	27.6566	0.0219736	
364.114	0.0141678	0.00276329	0.00724051	0.0144347	0.137073	11.0364	28.7397	0.0219739	
364.122	0.00998492	0.00948309	0.00724034	0.0137705	0.163875	43.5234	30.1252	0.0219734	
364.13	0.00280792	0.0128642	0.00724025	0.0131671	0.191352	77.6869	31.5055	0.0219731	
364.138	-0.00505662	0.0118031	0.00724027	0.0128407	0.207492	113.191	32.3065	0.0219732	
364.146	-0.0110054	0.00669675	0.00724034	0.0128828	0.205366	148.68	32.2012	0.0219734	
364.154	-0.013229	-0.000739734	0.00724042	0.0132496	0.187427	183.201	31.31	0.0219736	
364.162	-0.0111274	-0.00810823	0.00724044	0.0137682	0.163985	216.08	30.1308	0.0219737	
364.17	-0.00551419	-0.0130368	0.00724041	0.014155	0.147931	247.073	29.3073	0.0219736	
364.178	0.0015774	-0.0141149	0.00724048	0.0142027	0.146039	276.377	29.2091	0.0219738	
364.186	0.00783001	-0.0113084	0.00724045	0.0137546	0.164573	304.699	30.1607	0.0219737	
364.194	0.0113451	-0.00589805	0.00724036	0.0127867	0.210256	332.531	32.4433	0.0219734	
364.202	0.0112583	0.000137027	0.00724035	0.0112591	0.298466	0.697325	36.8448	0.0219734	
364.21	0.00804093	0.00463099	0.00724041	0.00927914	0.439895	29.9388	44.7072	0.0219736	
364.218	0.00322601	0.00623244	0.00724032	0.00701786	0.62516	62.6332	59.112	0.0219733	
364.226	-0.00110201	0.00464947	0.00724034	0.00477829	0.804311	103.334	86.8179	0.0219734	
364.234	-0.00328452	0.000952769	0.00724046	0.00341992	0.894447	163.824	121.304	0.0219737	
364.242	-0.00249076	-0.00312751	0.00724059	0.00399815	0.858598	231.466	103.762	0.0219741	
364.25	0.00079342	-0.00568955	0.0072404	0.00574461	0.729972	277.939	72.2146	0.0219736	
364.258	0.005022	-0.00546112	0.00724047	0.00741919	0.591563	312.601	55.9157	0.0219738	
364.266	0.00829083	-0.00248404	0.00724036	0.00865496	0.489455	343.321	47.9312	0.0219734	
364.274	0.00903804	0.00205372	0.00724036	0.00926844	0.440724	12.802	44.7586	0.0219734	
364.282	0.00668091	0.00627336	0.00724054	0.00916458	0.448862	43.198	45.2669	0.021974	
364.29	0.00206623	0.0081673	0.00724043	0.00842462	0.508177	75.8027	49.2422	0.0219737	
364.298	-0.00293429	0.00681991	0.00724033	0.00742437	0.591117	113.28	55.8755	0.0219733	
364.306	-0.00615513	0.00248075	0.00724038	0.00663625	0.657019	158.049	62.5117	0.0219735	
364.314	-0.0060715	-0.00328802	0.00724032	0.00690465	0.63463	208.438	60.0812	0.0219733	
364.322	-0.00228705	-0.00809765	0.00724019	0.00841442	0.508986	254.229	49.3001	0.0219729	
364.33	0.00397459	-0.00984486	0.00724038	0.0106169	0.341269	291.985	39.0738	0.0219735	
364.338	0.0105319	-0.00757986	0.00724038	0.012976	0.200704	324.257	31.9702	0.0219735	
364.346	0.014869	-0.00178304	0.00724044	0.0149755	0.117776	353.162	27.7016	0.0219737	
364.354	0.0154028	0.00566314	0.0072404	0.0164109	0.0766374	20.1869	25.2786	0.0219736	
364.362	0.0118418	0.0122596	0.00724033	0.0170448	0.062598	45.993	24.3382	0.0219733	
364.37	0.00547255	0.0158775	0.00724043	0.0167941	0.0678791	70.9823	24.7018	0.0219736	
364.378	-0.00147275	0.0155673	0.00724041	0.0156368	0.0970958	95.4044	26.5301	0.0219736	
364.386	-0.00674645	0.0119609	0.00724027	0.0137324	0.165519	119.425	30.2087	0.0219732	
364.394	-0.00887438	0.00673432	0.0072403	0.0111403	0.306138	142.807	37.2377	0.0219732	
364.402	-0.00786585	0.00208235	0.00724022	0.00813682	0.531792	165.172	50.9823	0.021973	
364.41	-0.00498173	-0.000386498	0.00724034	0.0049967	0.788098	184.436	83.0229	0.0219734	
364.418	-0.00207192	-0.000350318	0.00724037	0.00210132	0.95876	189.597	197.42	0.0219735	
364.426	-0.000675147	0.00137818	0.00724033	0.00153467	0.977787	116.099	270.313	0.0219733	
364.434	-0.0013139	0.00315668	0.00724033	0.0034192	0.894485	112.598	121.326	0.0219733	
364.442	-0.00335406	0.00363976	0.00724042	0.00494951	0.791639	132.661	83.8156	0.0219736	
364.45	-0.00536377	0.00216595	0.00724036	0.00578458	0.726767	158.011	71.7152	0.0219735	
364.458	-0.00591106	-0.000752569	0.00724035	0.00595877	0.712724	187.256	69.6186	0.0219734	
364.466	-0.00428146	-0.00365305	0.0072403	0.00562811	0.739248	220.472	73.7083	0.0219732	
364.474	-0.000961767	-0.00506717	0.00724034	0.00515764	0.775909	259.253	80.4324	0.0219734	
364.482	0.00269738	-0.00418229	0.00724033	0.00497669	0.789599	302.82	83.3566	0.0219733	
364.49	0.00513576	-0.00124054	0.00724044	0.00528346	0.766253	346.42	78.5179	0.0219737	
364.498	0.00532489	0.00250261	0.00724038	0.00588366	0.718799	25.1727	70.5076	0.0219735	
364.506	0.00338676	0.00543883	0.00724038	0.00640711	0.676018	58.0895	64.7474	0.0219735	
364.514	0.000422237	0.00649464	0.00724036	0.00650835	0.667638	86.2803	63.74	0.0219734	
364.522	-0.00200699	0.00555529	0.00724043	0.00590671	0.716941	109.864	70.233	0.0219736	
364.53	-0.00278545	0.0037059	0.00724057	0.00463599	0.814664	126.929	89.4855	0.0219741	
364.538	-0.00178786	0.00245534	0.00724049	0.00303729	0.915775	126.06	136.586	0.0219738	
364.546	-7.68821e-05	0.00312408	0.00724022	0.00312503	0.911059	91.4097	132.746	0.021973	
364.554	0.000617249	0.00574875	0.00724037	0.00578179	0.726991	83.8716	71.7498	0.0219735	
364.562	-0.00123479	0.00925777	0.0072403	0.00933975	0.435174	97.5972	44.4164	0.0219732	
364.57	-0.00595853	0.011539	0.00724042	0.0129866	0.200177	117.311	31.9441	0.0219736	
364.578	-0.0123468	0.0106512	0.00724028	0.0163062	0.0791752	139.217	25.4405	0.0219732	
364.586	-0.0181402	0.00578455	0.00724029	0.0190402	0.0314988	162.314	21.7875	0.0219732	
364.594	-0.0207653	-0.00232475	0.00724031	0.020895	0.0155409	186.388	19.8535	0.0219733	
364.602	-0.0185873	-0.0112374	0.00724022	0.0217202	0.011111	211.156	19.099	0.021973	
364.61	-0.0117606	-0.0179693	0.00724023	0.0214757	0.0122888	236.796	19.3165	0.0219731	
364.618	-0.00225064	-0.0200642	0.00724035	0.02019	0.0204868	263.6	20.5469	0.0219734	
364.626	0.00681703	-0.0167842	0.00724028	0.0181157	0.0437095	292.105	22.8993	0.0219732	
364.634	0.0123438	-0.00921915	0.00724035	0.0154066	0.103941	323.245	26.9262	0.0219734	
364.642	0.0126205	-0.00028507	0.00724032	0.0126237	0.218724	358.706	32.862	0.0219733	
364.65	0.00800135	0.00670805	0.0072403	0.0104412	0.353515	39.9753	39.7308	0.0219733	
364.658	0.000614267	0.00940202	0.0072403	0.00942207	0.428811	86.262	44.0284	0.0219733	
364.666	-0.00643996	0.00723842	0.00724052	0.00968854	0.408503	131.659	42.8187	0.0219739	
364.674	-0.0104091	0.00151276	0.00724041	0.0105185	0.348111	171.731	39.4396	0.0219736	
364.682	-0.0100046	-0.00501071	0.00724043	0.0111892	0.302975	206.604	37.0755	0.0219736	
364.69	-0.00577691	-0.0096118	0.00724027	0.0112142	0.301345	238.993	36.992	0.0219732	
364.698	6.35533e-05	-0.0104901	0.0072404	0.0104903	0.350083	270.347	39.5457	0.0219736	
364.706	0.00488123	-0.00758244	0.00724035	0.00901775	0.460419	302.772	46.0027	0.0219734	
364.714	0.00667304	-0.00242816	0.00724036	0.00710109	0.618196	340.005	58.4195	0.0219734	
364.722	0.00476657	0.00261014	0.00724034	0.00543443	0.754514	28.7048	76.3358	0.0219734	
364.73	7.9374e-05	0.00530187	0.00724041	0.00530247	0.764782	89.1423	78.2362	0.0219736	
364.738	-0.00535839	0.0045417	0.00724032	0.0070242	0.62463	139.716	59.0587	0.0219733	
364.746	-0.00934066	0.000613644	0.00724042	0.0093608	0.433556	176.241	44.3173	0.0219736	
364.754	-0.0105065	-0.0049098	0.00724035	0.0115971	0.277269	205.047	35.7712	0.0219734	
364.762	-0.00855299	-0.0101756	0.00724033	0.0132927	0.185386	229.952	31.2081	0.0219733	
364.77	-0.00437463	-0.0136057	0.00724054	0.0142917	0.142554	252.176	29.0275	0.021974	
364.778	0.000525846	-0.0145893	0.00724055	0.0145988	0.13099	272.064	28.417	0.021974	
364.786	0.00481441	-0.0134841	0.00724043	0.0143178	0.141535	289.649	28.9742	0.0219736	
364.794	0.00774232	-0.0112363	0.00724045	0.0136455	0.169333	304.568	30.4018	0.0219737	
364.802	0.00946362	-0.00886131	0.00724039	0.0129647	0.201265	316.883	31.998	0.0219735	
364.81	0.0104854	-0.00682135	0.0072403	0.0125089	0.224823	326.954	33.1634	0.0219733	
364.818	0.011453	-0.00496104	0.00724042	0.0124813	0.226318	336.579	33.2373	0.0219736	
364.826	0.0125965	-0.00279047	0.00724035	0.0129019	0.204403	347.509	32.1535	0.0219734	
364.834	0.0133739	0.000134695	0.00724044	0.0133746	0.181573	0.577032	31.0174	0.0219737	
364.842	0.0130974	0.00378664	0.00724042	0.0136338	0.169843	16.1253	30.4276	0.0219736	
364.85	0.0112232	0.00755726	0.00724039	0.0135304	0.174453	33.9548	30.6601	0.0219735	
364.858	0.00760394	0.0103902	0.00724031	0.0128754	0.205733	53.8021	32.2194	0.0219733	
364.866	0.00291539	0.011267	0.00724034	0.0116381	0.274758	75.4927	35.645	0.0219734	
364.874	-0.00166464	0.00977393	0.00724033	0.00991468	0.391573	99.6656	41.841	0.0219733	
364.882	-0.0046824	0.00627032	0.00724042	0.00782571	0.557606	126.751	53.0106	0.0219736	
364.89	-0.00537425	0.00196019	0.00724031	0.00572057	0.731887	159.961	72.5171	0.0219733	
364.898	-0.00369124	-0.001639	0.00724039	0.00403876	0.855922	203.942	102.716	0.0219735	
364.906	-0.000523469	-0.00339333	0.00724046	0.00343346	0.893655	261.23	120.825	0.0219738	
364.914	0.00267103	-0.00286091	0.00724041	0.00391398	0.864063	313.034	105.991	0.0219736	
364.922	0.00459331	-0.000642315	0.0072402	0.00463801	0.814502	352.04	89.442	0.0219729	
364.93	0.00449047	0.00209318	0.0072404	0.00495436	0.791274	24.992	83.7331	0.0219735	
364.938	0.00263155	0.00391626	0.00724038	0.00471828	0.808697	56.1007	87.9226	0.0219735	
364.946	3.7367e-05	0.00388553	0.00724042	0.00388571	0.865882	89.449	106.762	0.0219736	
364.954	-0.00186193	0.00200082	0.0072404	0.00273314	0.931231	132.941	151.783	0.0219735	
364.962	-0.00191431	-0.000846677	0.0072405	0.00209319	0.959073	203.859	198.191	0.0219739	
364.97	4.28792e-05	-0.0032923	0.00724028	0.00329258	0.901764	270.746	125.992	0.0219732	
364.978	0.00346037	-0.00406268	0.00724036	0.00533662	0.762134	310.423	77.735	0.0219734	
364.986	0.00694317	-0.00250118	0.00724034	0.00737994	0.594838	340.189	56.212	0.0219734	
364.994	0.00909431	0.000963327	0.00724042	0.00914519	0.450373	6.04658	45.3622	0.0219736	
365.002	0.00899597	0.00522371	0.00724041	0.0104026	0.356251	30.1425	39.8789	0.0219736	
365.01	0.00664546	0.00876605	0.00724034	0.0110003	0.315329	52.8346	37.7119	0.0219734	
365.018	0.00291147	0.0105337	0.00724046	0.0109286	0.320102	74.5494	37.9598	0.0219737	
365.026	-0.000897244	0.0101134	0.00724034	0.0101532	0.374101	95.0699	40.8583	0.0219734	
365.034	-0.00354229	0.00801202	0.00724036	0.00876016	0.480977	113.851	47.3556	0.0219734	
365.042	-0.00443037	0.0053835	0.00724035	0.0069721	0.628992	129.453	59.5002	0.0219734	
365.05	-0.0037869	0.00333789	0.00724046	0.00504799	0.784241	138.606	82.1808	0.0219737	
365.058	-0.00245553	0.00259319	0.00724038	0.00357131	0.885461	133.438	116.16	0.0219735	
365.066	-0.00146683	0.00313949	0.00724037	0.00346526	0.891785	115.043	119.715	0.0219735	
365.074	-0.00160947	0.00425519	0.0072403	0.0045494	0.820855	110.718	91.1853	0.0219733	
365.082	-0.00284563	0.00499497	0.00724034	0.00574868	0.729642	119.67	72.1628	0.0219734	
365.09	-0.00455537	0.00462819	0.00724035	0.00649396	0.66883	134.546	63.8812	0.0219734	
365.098	-0.00584834	0.00320037	0.00724036	0.00666674	0.65448	151.311	62.2256	0.0219734	
365.106	-0.00604617	0.00123718	0.00724024	0.00617145	0.695393	168.436	67.2184	0.0219731	
365.114	-0.00502559	-0.000317321	0.00724029	0.0050356	0.785168	183.613	82.3811	0.0219732	
365.122	-0.00339048	-0.000717862	0.00724028	0.00346564	0.89176	191.955	119.7	0.0219732	
365.13	-0.00218361	0.000144596	0.00724041	0.00218839	0.955351	176.211	189.566	0.0219736	
365.138	-0.0022195	0.00169145	0.00724035	0.00279055	0.928418	142.69	148.659	0.0219734	
365.146	-0.00370914	0.00282628	0.00724045	0.00466322	0.812694	142.693	88.9616	0.0219737	
365.154	-0.00606097	0.0025928	0.0072404	0.00659226	0.660677	156.839	62.929	0.0219736	
365.162	-0.00817389	0.000620772	0.00724042	0.00819743	0.526813	175.657	50.6068	0.0219736	
365.17	-0.00881521	-0.00261771	0.00724057	0.00919567	0.446429	196.539	45.1141	0.0219741	
365.178	-0.00747586	-0.00590001	0.00724071	0.00952358	0.421058	218.281	43.5616	0.0219745	
365.186	-0.00449142	-0.00797139	0.00724063	0.00914964	0.450045	240.601	45.3414	0.0219743	
365.194	-0.000951507	-0.00800379	0.00724069	0.00806015	0.538171	263.22	51.4706	0.0219744	
365.202	0.00174666	-0.00610792	0.00724058	0.00635275	0.680519	285.959	65.3032	0.0219741	
365.21	0.00251579	-0.00324732	0.00724041	0.00410783	0.851342	307.766	100.989	0.0219736	
365.218	0.00122928	-0.00102623	0.00724041	0.00160134	0.975839	320.144	259.062	0.0219736	
365.226	-0.00109155	-0.000591795	0.00724045	0.00124166	0.985403	208.465	334.108	0.0219737	
365.234	-0.00302868	-0.00225418	0.0072405	0.00377547	0.872887	216.659	109.88	0.0219739	
365.242	-0.00318282	-0.00524816	0.00724028	0.00613788	0.698143	238.765	67.5865	0.0219732	
365.25	-0.000879074	-0.00807497	0.00724034	0.00812267	0.532971	263.787	51.072	0.0219734	
365.258	0.00312812	-0.00899056	0.00724039	0.00951921	0.42136	289.185	43.5796	0.0219735	
365.266	0.00750588	-0.00731593	0.00724058	0.0104815	0.350717	315.734	39.5798	0.0219741	
365.274	0.0104208	-0.0032225	0.00724059	0.0109077	0.321513	342.816	38.0333	0.0219741	
365.282	0.0106754	0.00194451	0.00724056	0.010851	0.325312	10.3232	38.2317	0.021974	
365.29	0.0082153	0.00637369	0.00724059	0.0103978	0.356607	37.8055	39.8982	0.0219741	
365.298	0.00396469	0.0087236	0.00724055	0.00958227	0.416563	65.5592	43.2938	0.021974	
365.306	-0.000467203	0.00852194	0.00724058	0.00853473	0.49922	93.138	48.6078	0.0219741	
365.314	-0.00370261	0.00640329	0.0072405	0.00739672	0.593446	120.038	56.0856	0.0219739	
365.322	-0.00505261	0.00355237	0.00724055	0.00617643	0.695008	144.89	67.1672	0.021974	
365.33	-0.00484027	0.00126898	0.00724039	0.00500385	0.787564	165.309	82.9049	0.0219735	
365.338	-0.00408334	0.000112471	0.00724037	0.00408488	0.852868	178.422	101.556	0.0219735	
365.346	-0.00380546	-0.000170842	0.00724022	0.00380929	0.870745	182.571	108.901	0.021973	
365.354	-0.0043988	-0.000562128	0.00724027	0.00443457	0.828971	187.282	93.546	0.0219732	
365.362	-0.00535594	-0.00197349	0.00724039	0.00570796	0.732899	200.227	72.6781	0.0219735	
365.37	-0.00562496	-0.0046231	0.00724018	0.00728102	0.60311	219.416	56.9744	0.0219729	
365.378	-0.00412167	-0.00790632	0.00724026	0.00891617	0.468481	242.466	46.5263	0.0219731	
365.386	-0.000477844	-0.010349	0.0072403	0.01036	0.35926	267.356	40.0424	0.0219732	
365.394	0.00459271	-0.0105843	0.00724034	0.0115378	0.280919	293.457	35.955	0.0219734	
365.402	0.00952723	-0.0079049	0.00724032	0.0123796	0.231832	320.317	33.5098	0.0219733	
365.41	0.0124758	-0.00277472	0.00724031	0.0127807	0.21056	347.461	32.4583	0.0219733	
365.418	0.0122523	0.00322827	0.00724046	0.0126704	0.216285	14.761	32.7414	0.0219738	
365.426	0.00897517	0.00811862	0.00724057	0.0121023	0.247367	42.1314	34.279	0.0219741	
365.434	0.0038831	0.0103733	0.00724055	0.0110763	0.310343	69.4773	37.4542	0.021974	
365.442	-0.0010536	0.00966849	0.00724043	0.00972573	0.405691	96.2191	42.6545	0.0219737	
365.45	-0.00431867	0.00681466	0.00724046	0.00806787	0.537512	122.364	51.4198	0.0219737	
365.458	-0.00515431	0.00347422	0.00724037	0.00621588	0.691762	146.018	66.7392	0.0219735	
365.466	-0.00426245	0.0012629	0.00724044	0.0044456	0.828204	163.496	93.3162	0.0219737	
365.474	-0.00299272	0.00068201	0.00724054	0.00306945	0.914062	167.162	135.155	0.021974	
365.482	-0.00265395	0.00130456	0.00724042	0.00295725	0.919974	153.823	140.281	0.0219736	
365.49	-0.00381787	0.00173896	0.00724025	0.00419524	0.845462	155.512	98.8823	0.0219731	
365.498	-0.0058445	0.000756117	0.00724032	0.0058932	0.718025	172.628	70.3929	0.0219733	
365.506	-0.00728369	-0.00216766	0.0072404	0.0075994	0.576482	196.573	54.5891	0.0219736	
365.514	-0.00664728	-0.00627276	0.00724049	0.00913968	0.450813	223.34	45.3899	0.0219738	
365.522	-0.00327798	-0.00982698	0.00724046	0.0103593	0.359327	251.553	40.046	0.0219737	
365.53	0.00205533	-0.0110406	0.00724045	0.0112303	0.300329	280.546	36.94	0.0219737	
365.538	0.00752484	-0.00887786	0.00724028	0.0116379	0.274767	310.285	35.6455	0.0219732	
365.546	0.0108827	-0.00387416	0.00724048	0.0115517	0.280073	340.405	35.9123	0.0219738	
365.554	0.0107798	0.00215725	0.00724045	0.0109935	0.315784	11.3165	37.7355	0.0219737	
365.562	0.00723172	0.00686075	0.00724041	0.00996833	0.387617	43.4921	41.6163	0.0219736	
365.57	0.00187095	0.00832373	0.00724051	0.00853141	0.499483	77.332	48.6262	0.0219739	
365.578	-0.00289386	0.0062976	0.00724039	0.00693067	0.63246	114.68	59.8563	0.0219735	
365.586	-0.00503054	0.00197252	0.00724051	0.00540344	0.756944	158.589	76.7753	0.0219739	
365.594	-0.0037056	-0.00235892	0.00724041	0.00439272	0.831903	212.48	94.4391	0.0219736	
365.602	6.7863e-05	-0.00444768	0.00724052	0.00444819	0.828026	270.874	93.2629	0.0219739	
365.61	0.00418236	-0.00325765	0.00724047	0.00530136	0.764872	322.085	78.2532	0.0219738	
365.618	0.00635044	0.000560744	0.00724044	0.00637515	0.678661	5.04613	65.0724	0.0219737	
365.626	0.00528829	0.00498106	0.00724055	0.00726477	0.604501	43.2864	57.1047	0.021974	
365.634	0.00138229	0.00767177	0.00724039	0.00779531	0.560134	79.7861	53.2171	0.0219735	
365.642	-0.00348994	0.00708646	0.00724044	0.00789921	0.551494	116.219	52.5175	0.0219737	
365.65	-0.00685909	0.00336448	0.00724041	0.00763982	0.573106	153.871	54.3004	0.0219736	
365.658	-0.00709649	-0.00180228	0.00724042	0.00732178	0.599716	194.25	56.6592	0.0219736	
365.666	-0.00381735	-0.00599646	0.00724036	0.00710842	0.617582	237.519	58.3593	0.0219734	
365.674	0.00154884	-0.00712183	0.00724031	0.00728831	0.60251	282.27	56.9184	0.0219733	
365.682	0.0065034	-0.00455008	0.00724036	0.00793709	0.548341	325.022	52.2663	0.0219735	
365.69	0.00890946	0.00064289	0.00724029	0.00893263	0.467173	4.1272	46.4408	0.0219732	
365.698	0.00755799	0.00635944	0.0072404	0.00987753	0.394335	40.0779	41.9988	0.0219735	
365.706	0.00313657	0.0101737	0.00724043	0.0106462	0.339252	72.8653	38.9666	0.0219737	
365.714	-0.00254992	0.0107003	0.00724041	0.0109999	0.31536	103.404	37.7135	0.0219736	
365.722	-0.00731206	0.00806455	0.00724023	0.0108859	0.322935	132.198	38.1074	0.021973	
365.73	-0.00958582	0.0036495	0.00724042	0.010257	0.366621	159.157	40.445	0.0219736	
365.738	-0.0090896	-0.000632921	0.00724045	0.00911161	0.453017	183.983	45.5295	0.0219737	
365.746	-0.00690661	-0.0033125	0.0072403	0.00765989	0.57142	205.623	54.1573	0.0219733	
365.754	-0.00456549	-0.00414194	0.00724045	0.00616437	0.695988	222.215	67.2977	0.0219737	
365.762	-0.0031594	-0.0038762	0.00724038	0.00500067	0.787802	230.817	82.9575	0.0219735	
365.77	-0.00285202	-0.00371058	0.00724044	0.00468	0.811478	232.453	88.6423	0.0219737	
365.778	-0.00287668	-0.0045182	0.00724053	0.00535625	0.76062	237.516	77.4519	0.021974	
365.786	-0.00203228	-0.00619136	0.00724043	0.00651637	0.666978	251.828	63.6622	0.0219737	
365.794	0.000420714	-0.00774087	0.00724029	0.0077523	0.563709	273.111	53.5116	0.0219732	
365.802	0.00421244	-0.00777289	0.00724037	0.00884096	0.474497	298.455	46.9228	0.0219735	
365.81	0.00807504	-0.00532646	0.00724038	0.00967355	0.409622	326.59	42.8843	0.0219735	
365.818	0.0102205	-0.000624673	0.00724028	0.0102396	0.367862	356.502	40.5133	0.0219732	
365.826	0.00939831	0.00489874	0.0072403	0.0105984	0.342541	27.5302	39.1417	0.0219733	
365.834	0.00543625	0.00926014	0.00724023	0.0107379	0.332944	59.5845	38.6327	0.021973	
365.842	-0.000284237	0.0106926	0.00724034	0.0106964	0.335794	91.5227	38.7833	0.0219734	
365.85	-0.00574748	0.00869365	0.00724045	0.0104218	0.354904	123.469	39.8059	0.0219737	
365.858	-0.00895771	0.00418354	0.00724043	0.00988649	0.393673	154.966	41.9609	0.0219737	
365.866	-0.00890209	-0.000918342	0.00724042	0.00894933	0.465857	185.89	46.3549	0.0219736	
365.874	-0.0061986	-0.00454162	0.00724033	0.00768433	0.569382	216.23	53.9852	0.0219733	
365.882	-0.00252719	-0.00552491	0.00724031	0.00607547	0.703239	245.42	68.281	0.0219733	
365.89	0.000246981	-0.00411561	0.00724039	0.00412301	0.850327	273.434	100.617	0.0219735	
365.898	0.00086381	-0.00164353	0.00724032	0.00185671	0.967654	297.726	223.427	0.0219733	
365.906	-0.000664545	-8.30328e-05	0.00724029	0.000669713	0.995731	187.122	619.427	0.0219732	
365.914	-0.0029211	-0.000585348	0.00724027	0.00297918	0.918829	191.331	139.245	0.0219732	
365.922	-0.00413906	-0.00316749	0.00724031	0.00521199	0.771748	217.426	79.5932	0.0219733	
365.93	-0.00304521	-0.00651463	0.00724021	0.00719122	0.610634	244.947	57.6861	0.021973	
365.938	0.000520327	-0.00873483	0.00724027	0.00875032	0.481759	273.409	47.4082	0.0219732	
365.946	0.00531254	-0.00833811	0.00724015	0.00988671	0.393628	302.503	41.9583	0.0219728	
365.954	0.00931998	-0.00489607	0.00724015	0.0105277	0.347437	332.286	39.4035	0.0219728	
365.962	0.0107426	0.000539915	0.00724011	0.0107561	0.331691	2.87723	38.5666	0.0219727	
365.97	0.00881443	0.00597215	0.00724024	0.0106471	0.339171	34.1193	38.9623	0.0219731	
365.978	0.00415202	0.00943366	0.00724027	0.010307	0.363033	66.2443	40.2482	0.0219732	
365.986	-0.00148905	0.00969621	0.00724033	0.00980988	0.399369	98.7307	42.288	0.0219733	
365.994	-0.00609466	0.00696531	0.00724021	0.00925529	0.441734	131.186	44.8212	0.021973	
366.002	-0.00831211	0.00251159	0.00724025	0.00868327	0.487158	163.187	47.7742	0.0219731	
366.01	-0.00777778	-0.00186674	0.00724028	0.00799866	0.543226	193.496	51.8633	0.0219732	
366.018	-0.00538271	-0.00472677	0.00724035	0.00716352	0.612967	221.288	57.9103	0.0219734	
366.026	-0.00249871	-0.00567821	0.00724031	0.00620368	0.692758	246.248	66.8699	0.0219733	
366.034	-0.000330134	-0.00508553	0.00724034	0.00509623	0.780583	266.286	81.4015	0.0219734	
366.042	0.000639086	-0.00400553	0.00724044	0.0040562	0.854773	279.065	102.275	0.0219737	
366.05	0.000698248	-0.00338008	0.00724042	0.00345145	0.892599	281.672	120.195	0.0219736	
366.058	0.000606458	-0.0034655	0.00724045	0.00351816	0.888651	279.926	117.916	0.0219737	
366.066	0.00100166	-0.0039542	0.00724046	0.0040791	0.853256	284.215	101.701	0.0219737	
366.074	0.00211775	-0.00432697	0.00724024	0.00481742	0.80143	296.079	86.1114	0.0219731	
366.082	0.00339209	-0.00393414	0.00724036	0.00519459	0.773085	310.769	79.8604	0.0219734	
366.09	0.00433263	-0.00288798	0.00724035	0.00520693	0.772138	326.314	79.6711	0.0219734	
366.098	0.00453438	-0.00156896	0.00724029	0.00479814	0.802851	340.914	86.458	0.0219732	
366.106	0.00412136	-0.000707701	0.00724036	0.00418168	0.846383	350.256	99.2047	0.0219734	
366.114	0.00364878	-0.000490388	0.00724032	0.00368158	0.87873	352.345	112.68	0.0219733	
366.122	0.00376364	-0.000704045	0.0072406	0.00382892	0.869513	349.404	108.348	0.0219742	
366.13	0.00457921	-0.000544177	0.00724039	0.00461143	0.816423	353.223	89.9599	0.0219735	
366.138	0.00557694	0.000669961	0.00724038	0.00561704	0.740131	6.85014	73.8544	0.0219735	
366.146	0.00566598	0.00295321	0.00724027	0.00638942	0.677471	27.5293	64.9256	0.0219732	
366.154	0.00391059	0.00542334	0.00724032	0.0066862	0.652857	54.2058	62.0441	0.0219733	
366.162	0.000296693	0.00660188	0.00724034	0.00660854	0.65932	87.4268	62.7734	0.0219734	
366.17	-0.00415103	0.00499069	0.00724051	0.00649139	0.669055	129.752	63.9079	0.0219739	
366.178	-0.00724629	0.00012483	0.00724037	0.00724737	0.605944	179.013	57.2405	0.0219735	
366.186	-0.00675218	-0.00682061	0.00724045	0.00959753	0.415392	225.289	43.2244	0.0219737	
366.194	-0.00148329	-0.0132847	0.00724045	0.0133672	0.181916	263.629	31.0346	0.0219737	
366.202	0.00792659	-0.0160469	0.00724044	0.0178979	0.0471118	296.288	23.1785	0.0219737	
366.21	0.0187708	-0.0128129	0.0072404	0.0227269	0.00725281	325.683	18.2534	0.0219736	
366.218	0.0271881	-0.00319766	0.00724031	0.0273755	0.000786481	353.292	15.1536	0.0219733	
366.226	0.0295608	0.0107794	0.00724023	0.0314648	7.92336e-05	20.0345	13.1841	0.0219731	
366.234	0.023992	0.02485	0.00724032	0.0345418	1.14209e-05	46.0063	12.0098	0.0219733	
366.242	0.0114639	0.0345577	0.00724036	0.0364095	3.22738e-06	71.6477	11.3938	0.0219734	
366.25	-0.00456868	0.0365901	0.00724037	0.0368743	2.33229e-06	97.1172	11.2502	0.0219735	
366.258	-0.0193724	0.0301518	0.00724042	0.0358388	4.78329e-06	122.721	11.5753	0.0219736	
366.266	-0.0284622	0.0174389	0.00724045	0.0333798	2.42544e-05	148.504	12.4281	0.0219737	
366.274	-0.029513	0.00271351	0.0072406	0.0296375	0.00023003	174.747	13.9977	0.0219742	
366.282	-0.0230703	-0.00935316	0.00724036	0.0248942	0.00271007	202.069	16.6642	0.0219734	
366.29	-0.0122916	-0.0152539	0.00724046	0.0195899	0.0257277	231.138	21.1766	0.0219737	
366.298	-0.0015093	-0.0141248	0.00724044	0.0142052	0.145938	263.901	29.2038	0.0219737	
366.306	0.00550558	-0.00776399	0.00724032	0.00951793	0.421451	305.341	43.5851	0.0219733	
366.314	0.00693225	0.000392422	0.00724042	0.00694335	0.631402	3.23995	59.7472	0.0219736	
366.322	0.00324495	0.00678709	0.00724042	0.00752292	0.582878	64.4473	55.1442	0.0219736	
366.33	-0.00310089	0.00899029	0.00724031	0.00951004	0.422055	109.03	43.6212	0.0219733	
366.338	-0.00895079	0.00672497	0.0072404	0.0111956	0.30256	143.081	37.0542	0.0219736	
366.346	-0.011853	0.00154983	0.00724032	0.0119538	0.255913	172.551	34.7035	0.0219733	
366.354	-0.0110068	-0.00394127	0.00724046	0.0116911	0.271548	199.701	35.484	0.0219737	
366.362	-0.00726799	-0.00748858	0.00724027	0.0104356	0.353908	225.856	39.752	0.0219732	
366.37	-0.00260029	-0.0079496	0.0072403	0.00836407	0.513115	251.887	49.5977	0.0219733	
366.378	0.000893275	-0.00575733	0.00724049	0.00582621	0.723433	278.819	71.204	0.0219738	
366.386	0.0019889	-0.00226322	0.0072404	0.00301295	0.91706	311.309	137.687	0.0219736	
366.394	0.000682626	0.000624001	0.00724029	0.000924854	0.991875	42.431	448.544	0.0219732	
366.402	-0.00198013	0.00175577	0.00724037	0.00264643	0.935383	138.437	156.755	0.0219735	
366.41	-0.00450522	0.000817653	0.00724027	0.00457882	0.818754	169.713	90.5991	0.0219732	
366.418	-0.00579455	-0.00149091	0.00724041	0.00598328	0.710742	194.429	69.3341	0.0219736	
366.426	-0.00541217	-0.0039771	0.00724032	0.00671632	0.650349	216.31	61.766	0.0219733	
366.434	-0.00372657	-0.00567373	0.00724032	0.00678812	0.644362	236.703	61.1126	0.0219733	
366.442	-0.00165935	-0.00609031	0.00724037	0.00631231	0.683837	254.759	65.7196	0.0219735	
366.45	3.29395e-05	-0.00549134	0.00724032	0.00549144	0.750042	270.344	75.543	0.0219733	
366.458	0.00085719	-0.00440472	0.00724028	0.00448736	0.825256	281.013	92.4459	0.0219732	
366.466	0.000883081	-0.00353757	0.00724037	0.00364613	0.880912	284.016	113.776	0.0219735	
366.474	0.000675708	-0.00319091	0.00724033	0.00326167	0.903509	281.956	127.186	0.0219733	
366.482	0.000638917	-0.00337988	0.00724027	0.00343974	0.893282	280.705	120.601	0.0219732	
366.49	0.00104186	-0.00363262	0.00724042	0.00377907	0.872658	286.003	109.775	0.0219736	
366.498	0.00182769	-0.00365017	0.00724038	0.00408218	0.853048	296.598	101.623	0.0219735	
366.506	0.00270704	-0.00316199	0.00724034	0.00416248	0.847677	310.568	99.6619	0.0219734	
366.514	0.0032574	-0.00224701	0.00724036	0.00395724	0.861259	325.401	104.831	0.0219734	
366.522	0.00292561	-0.00133171	0.00724036	0.00321444	0.906149	335.526	129.056	0.0219734	
366.53	0.0031579	-0.000286147	0.00724032	0.00317083	0.908558	354.822	130.83	0.0219733	
366.538	0.00274288	0.000232147	0.00724026	0.00275269	0.930277	4.83777	150.703	0.0219731	
366.546	0.00229798	0.000706708	0.00724028	0.0024042	0.946361	17.0944	172.547	0.0219732	
366.554	0.00191372	0.00107228	0.00724038	0.00219365	0.955141	29.2624	189.111	0.0219735	
366.562	0.00147792	0.00152472	0.00724033	0.00212344	0.957905	45.8928	195.362	0.0219734	
366.57	0.000818511	0.00200917	0.00724042	0.0021695	0.956101	67.8346	191.217	0.0219736	
366.578	-0.000117422	0.00223671	0.00724045	0.00223979	0.95328	93.0051	185.217	0.0219737	
366.586	-0.0012627	0.00210638	0.00724032	0.00245586	0.944098	120.941	168.918	0.0219733	
366.594	-0.00229021	0.00139098	0.00724036	0.00267954	0.933811	148.727	154.819	0.0219734	
366.602	-0.00294805	0.000269372	0.00724036	0.00296033	0.919813	174.779	140.134	0.0219734	
366.61	-0.00297552	-0.000893098	0.00724043	0.00310666	0.912059	196.707	133.535	0.0219737	
366.618	-0.00257067	-0.00178285	0.00724044	0.0031284	0.91088	214.743	132.607	0.0219737	
366.626	-0.00204095	-0.00227767	0.00724042	0.00305831	0.914655	228.137	135.645	0.0219736	
366.634	-0.00176381	-0.00247012	0.00724041	0.00303521	0.915883	234.471	136.677	0.0219736	
366.642	-0.0018992	-0.00275255	0.00724033	0.00334418	0.898825	235.395	124.049	0.0219734	
366.65	-0.00217197	-0.00355845	0.00724043	0.00416894	0.847246	238.601	99.5089	0.0219737	
366.658	-0.00212819	-0.00503127	0.00724055	0.00546287	0.752298	247.072	75.9405	0.021974	
366.666	-0.00107785	-0.00690043	0.00724047	0.00698411	0.627998	261.122	59.399	0.0219738	
366.674	0.0012768	-0.00842739	0.00724042	0.00852356	0.500112	278.615	48.6704	0.0219736	
366.682	0.00467986	-0.00876397	0.00724032	0.0099352	0.390053	298.102	41.7545	0.0219733	
366.69	0.00823292	-0.00719759	0.00724035	0.0109356	0.319629	318.839	37.9351	0.0219734	
366.698	0.0108425	-0.00384326	0.00724037	0.0115035	0.283047	340.483	36.0623	0.0219735	
366.706	0.0115187	0.000625437	0.0072404	0.0115357	0.281053	3.10796	35.9618	0.0219736	
366.714	0.0098624	0.00486428	0.00724031	0.0109967	0.31556	26.2532	37.7239	0.0219733	
366.722	0.00633447	0.00759626	0.00724031	0.00989083	0.393338	50.1755	41.9418	0.0219733	
366.73	0.00213714	0.00802039	0.00724028	0.00830024	0.518345	75.0795	49.979	0.0219732	
366.738	-0.00126019	0.00626493	0.00724025	0.00639042	0.677387	101.373	64.9153	0.0219731	
366.746	-0.002764	0.00320799	0.00724034	0.00423449	0.842802	130.748	97.9672	0.0219734	
366.754	-0.0021332	0.000409034	0.00724027	0.00217206	0.955998	169.145	190.988	0.0219732	
366.762	-0.000125465	-0.000856139	0.00724043	0.000865284	0.992884	261.663	479.434	0.0219737	
366.77	0.00187001	-0.000191912	0.00724041	0.00187983	0.966858	354.14	220.682	0.0219736	
366.778	0.00242586	0.00183473	0.00724039	0.00304156	0.915546	37.101	136.392	0.0219735	
366.786	0.000893951	0.00373493	0.00724051	0.00384043	0.868779	76.5396	108.022	0.0219739	
366.794	-0.00218103	0.00394684	0.00724043	0.00450937	0.823705	118.925	91.9965	0.0219737	
366.802	-0.00516852	0.00147023	0.00724037	0.00537357	0.759264	164.121	77.2006	0.0219735	
366.81	-0.00608771	-0.00322362	0.00724029	0.00688854	0.635974	207.903	60.2215	0.0219732	
366.818	-0.00350302	-0.0084221	0.00724033	0.00912156	0.452222	247.416	45.4791	0.0219734	
366.826	0.00258473	-0.0116075	0.00724043	0.0118918	0.259563	282.554	34.8852	0.0219736	
366.834	0.0105442	-0.0106428	0.00724047	0.0149816	0.117573	314.733	27.6905	0.0219738	
366.842	0.0174467	-0.00470892	0.00724033	0.018071	0.0443916	344.896	22.9562	0.0219734	
366.85	0.0202653	0.00502875	0.00724037	0.0208799	0.0156354	13.9362	19.868	0.0219735	
366.858	0.0171134	0.0156765	0.00724042	0.0232083	0.00587407	42.4909	17.8749	0.0219736	
366.866	0.00812869	0.023505	0.00724055	0.0248709	0.00274101	70.9232	16.6803	0.021974	
366.874	-0.00430313	0.0254327	0.00724054	0.0257942	0.00175445	99.6033	16.0832	0.021974	
366.882	-0.0163051	0.0202867	0.00724047	0.026027	0.00156358	128.79	15.9392	0.0219738	
366.89	-0.0238362	0.00918204	0.00724032	0.0255436	0.00198277	158.933	16.2405	0.0219733	
366.898	-0.0241911	-0.00430313	0.00724035	0.0245708	0.00315665	190.086	16.8835	0.0219734	
366.906	-0.0172064	-0.015796	0.00724029	0.0233575	0.00549627	222.553	17.7604	0.0219732	
366.914	-0.00528094	-0.0215482	0.00724048	0.0221859	0.00914556	256.23	18.6988	0.0219738	
366.922	0.00756288	-0.0198252	0.00724027	0.0212188	0.013645	290.881	19.5505	0.0219732	
366.93	0.0170962	-0.0116269	0.00724039	0.0206752	0.0169576	325.781	20.0648	0.0219735	
366.938	0.0204332	3.41507e-05	0.00724015	0.0204332	0.0186404	0.0957604	20.3018	0.0219728	
366.946	0.0169483	0.0110683	0.00724019	0.0202423	0.020074	33.147	20.4933	0.0219729	
366.954	0.0085743	0.0179766	0.00724038	0.0199168	0.0227447	64.5003	20.8288	0.0219735	
366.962	-0.00140536	0.0191404	0.00724018	0.0191919	0.0297999	94.1993	21.6149	0.0219729	
366.97	-0.00959787	0.0151365	0.00724022	0.0179229	0.0467017	122.378	23.1454	0.021973	
366.978	-0.0137923	0.00828934	0.00724028	0.0160916	0.0846022	148.994	25.7797	0.0219732	
366.986	-0.0136716	0.00150101	0.00724038	0.0137538	0.164601	173.735	30.1621	0.0219735	
366.994	-0.0106364	-0.00312008	0.0072401	0.0110846	0.309756	196.349	37.4239	0.0219727	
367.002	-0.00680044	-0.00471537	0.00724034	0.0082753	0.520399	214.737	50.13	0.0219734	
367.01	-0.00412413	-0.00412176	0.00724031	0.00583073	0.723058	224.984	71.1471	0.0219733	
367.018	-0.00333771	-0.00294522	0.00724035	0.00445136	0.827796	221.425	93.1943	0.0219734	
367.026	-0.00386667	-0.00265072	0.0072402	0.00468801	0.810887	214.432	88.488	0.0219729	
367.034	-0.00441946	-0.00383963	0.00724043	0.00585443	0.721158	220.984	70.8602	0.0219736	
367.042	-0.00366837	-0.005974	0.00724046	0.00701039	0.625796	238.448	59.1761	0.0219737	
367.05	-0.00109704	-0.00777257	0.00724038	0.0078496	0.555614	261.966	52.849	0.0219735	
367.058	0.0026997	-0.00780078	0.00724049	0.00825473	0.522103	289.09	50.2559	0.0219738	
367.066	0.00629712	-0.00547492	0.00724044	0.00834437	0.514742	318.995	49.7158	0.0219737	
367.074	0.00813489	-0.00123965	0.00724042	0.0082288	0.524229	351.336	50.4138	0.0219736	
367.082	0.00728986	0.00350793	0.00724029	0.00808997	0.535668	25.6972	51.278	0.0219732	
367.09	0.0039531	0.00703394	0.00724032	0.00806867	0.537433	60.6638	51.4137	0.0219733	
367.098	-0.000698514	0.008111	0.00724035	0.00814102	0.531457	94.9221	50.9569	0.0219734	
367.106	-0.00501775	0.0065613	0.00724024	0.00826005	0.521642	127.407	50.2219	0.0219731	
367.114	-0.00764471	0.00315505	0.00724024	0.00827019	0.52081	157.574	50.1603	0.0219731	
367.122	-0.00802632	-0.000682628	0.00724027	0.0080553	0.538534	184.861	51.4987	0.0219732	
367.13	-0.00654233	-0.00364509	0.00724031	0.00748925	0.585685	209.125	55.3913	0.0219733	
367.138	-0.00432371	-0.00505325	0.00724045	0.00665055	0.655835	229.449	62.3779	0.0219737	
367.146	-0.00246811	-0.0051088	0.00724034	0.00567375	0.735623	244.214	73.1159	0.0219734	
367.154	-0.00162298	-0.00460752	0.00724029	0.00488501	0.796436	250.595	84.9206	0.0219732	
367.162	-0.00162156	-0.00445542	0.00724039	0.00474133	0.807017	250.001	87.4951	0.0219735	
367.17	-0.00182932	-0.00530251	0.00724032	0.00560919	0.74075	250.966	73.9571	0.0219733	
367.178	-0.00133766	-0.0069638	0.00724034	0.00709111	0.61903	259.127	58.5016	0.0219734	
367.186	0.000457149	-0.00879343	0.00724034	0.0088053	0.47735	272.976	47.1126	0.0219734	
367.194	0.00352307	-0.00981697	0.00724025	0.01043	0.354302	289.742	39.7733	0.0219731	
367.202	0.00734777	-0.0094071	0.0072404	0.0119366	0.256927	307.993	34.7539	0.0219736	
367.21	0.0110416	-0.00726317	0.00724031	0.0132163	0.189	326.663	31.3884	0.0219733	
367.218	0.0138015	-0.00360904	0.00724034	0.0142655	0.143558	345.345	29.0799	0.0219734	
367.226	0.0151262	0.0010297	0.00724045	0.0151612	0.111657	3.89435	27.3625	0.0219737	
367.234	0.0147523	0.00604314	0.00724047	0.0159421	0.0885695	22.276	26.0222	0.0219738	
367.242	0.0126711	0.0108471	0.0072403	0.0166798	0.0703963	40.5653	24.8707	0.0219733	
