363.25	-258.483	1458.21	0.000651027	0.000684545	0.575331	190.052	54.4904	0.00197577	3.73355e-10
363.27	-463.796	-413.659	0.000651027	0.000287264	0.907239	311.73	129.85	0.00197577	1.56675e-10
363.29	480.8	478.131	0.000651027	0.000313427	0.890573	134.841	119.01	0.00197577	1.70945e-10
363.31	-1255.3	475.867	0.000651027	0.000620539	0.634914	249.239	60.1108	0.00197577	3.38445e-10
363.33	-425.944	-1778.54	0.000651027	0.000845353	0.4304	346.532	44.1249	0.00197577	4.6106e-10
363.35	1992.38	-362.584	0.000651027	0.000936074	0.355691	79.6859	39.8485	0.00197577	5.1054e-10
363.37	314.143	1880.75	0.000651027	0.000881393	0.399935	170.517	42.3206	0.00197577	4.80717e-10
363.39	-1467.15	298.69	0.000651027	0.000692078	0.568336	258.493	53.8973	0.00197577	3.77463e-10
363.41	-318.97	-809.399	0.000651027	0.000402136	0.82632	338.491	92.7574	0.00197577	2.19327e-10
363.43	-9.78233	-360.538	0.000651027	0.000166714	0.967743	358.446	223.743	0.00197577	9.0927e-11
363.45	393.613	-894.942	0.000651027	0.000451917	0.785898	23.7408	82.5398	0.00197577	2.46478e-10
363.47	1750.65	378.462	0.000651027	0.000827904	0.445483	102.199	45.0549	0.00197577	4.51543e-10
363.49	-273.435	2492.96	0.000651027	0.00115924	0.20488	186.259	32.1771	0.00197577	6.32257e-10
363.51	-3057.97	-44.2409	0.000651027	0.00141365	0.0946554	270.829	26.3864	0.00197577	7.71011e-10
363.53	-327.296	-3406.43	0.000651027	0.00158182	0.0522452	354.512	23.5811	0.00197577	8.62735e-10
363.55	3524.15	-836.713	0.000651027	0.00167427	0.0366289	76.644	22.279	0.00197577	9.13157e-10
363.57	1454.03	3418.65	0.000651027	0.00171721	0.0308466	156.959	21.7219	0.00197577	9.36578e-10
363.59	-3113.2	2125.32	0.000651027	0.00174239	0.0278348	235.679	21.408	0.00197577	9.50308e-10
363.61	-2778.74	-2639.71	0.000651027	0.0017716	0.02466	313.53	21.055	0.00197577	9.66241e-10
363.63	2032.1	-3334.23	0.000651027	0.00180488	0.0214296	31.3608	20.6668	0.00197577	9.84391e-10
363.65	3715.5	1321.36	0.000651027	0.00182281	0.019847	109.577	20.4636	0.00197577	9.94169e-10
363.67	-533.412	3862.12	0.000651027	0.00180216	0.0216795	187.864	20.6981	0.00197577	9.82905e-10
363.69	-3739.98	310.313	0.000651027	0.00173469	0.0287277	265.257	21.503	0.00197577	9.46109e-10
363.71	-1189.74	-3347.87	0.000651027	0.00164231	0.0415074	340.436	22.7125	0.00197577	8.95727e-10
363.73	2719.25	-2081.72	0.000651027	0.00158297	0.0520226	52.5642	23.564	0.00197577	8.63359e-10
363.75	2955.55	1918.49	0.000651027	0.00162874	0.04374	122.988	22.9019	0.00197577	8.88322e-10
363.77	-1032.14	3770.01	0.000651027	0.00180676	0.0212588	195.311	20.6453	0.00197577	9.85415e-10
363.79	-4473.01	-156.475	0.000651027	0.00206885	0.00641398	272.004	18.0299	0.00197577	1.12836e-09
363.81	-616.709	-5004.62	0.000651027	0.00233081	0.00164679	352.975	16.0035	0.00197577	1.27124e-09
363.83	5303.33	-1213.69	0.000651027	0.00251476	0.000575397	77.1096	14.8329	0.00197577	1.37156e-09
363.85	1589.61	5314.91	0.000651027	0.00256427	0.000427709	163.349	14.5465	0.00197577	1.39856e-09
363.87	-5002.35	1734.68	0.000651027	0.00244734	0.00085382	250.875	15.2415	0.00197577	1.33479e-09
363.89	-1674.58	-4355.07	0.000651027	0.00215675	0.00413828	338.968	17.295	0.00197577	1.1763e-09
363.91	3395.54	-1465.18	0.000651027	0.00170942	0.0318336	66.6597	21.8209	0.00197577	9.32328e-10
363.93	1182.32	2181.64	0.000651027	0.001147	0.211821	151.545	32.5207	0.00197577	6.25578e-10
363.95	-803.774	908.376	0.000651027	0.000560659	0.690164	221.504	66.5308	0.00197577	3.05786e-10
363.97	-718.007	623.337	0.000651027	0.000439508	0.79622	229.037	84.8701	0.00197577	2.3971e-10
363.99	-1973.53	-665.397	0.000651027	0.00096269	0.335104	288.632	38.7467	0.00197577	5.25056e-10
364.01	775.26	-3124.93	0.000651027	0.00148824	0.0733234	13.9331	25.0639	0.00197577	8.11695e-10
364.03	3976.32	1039.11	0.000651027	0.00189972	0.0141583	104.645	19.6351	0.00197577	1.03612e-09
364.05	-1417.41	4461.55	0.000651027	0.00216386	0.00399114	197.625	17.2383	0.00197577	1.18018e-09
364.07	-4559.58	-1847.25	0.000651027	0.002274	0.0022422	292.055	16.4033	0.00197577	1.24025e-09
364.09	2254.1	-4298.39	0.000651027	0.00224349	0.00263803	27.6727	16.6264	0.00197577	1.22361e-09
364.11	3751.73	2565.59	0.000651027	0.00210089	0.00547858	124.366	17.7549	0.00197577	1.14584e-09
364.13	-2724.9	3029.04	0.000651027	0.0018833	0.0152349	221.974	19.8063	0.00197577	1.02716e-09
364.15	-2259.84	-2701.25	0.000651027	0.00162794	0.043875	320.084	22.9131	0.00197577	8.87885e-10
364.17	2495.79	-1574.87	0.000651027	0.00136412	0.111336	57.7475	27.3445	0.00197577	7.43996e-10
364.19	1086.78	2141.7	0.000651027	0.00111013	0.233667	153.095	33.6006	0.00197577	6.05473e-10
364.21	-1698.59	873.495	0.000651027	0.000882881	0.398698	242.786	42.2493	0.00197577	4.81528e-10
364.23	-966.825	-1242.05	0.000651027	0.000727553	0.535554	322.102	51.2693	0.00197577	3.96811e-10
364.25	850.482	-1348.14	0.000651027	0.000736797	0.527069	32.246	50.626	0.00197577	4.01853e-10
364.27	1951.83	591.337	0.000651027	0.000942703	0.350503	106.855	39.5682	0.00197577	5.14155e-10
364.29	-509.398	2676.06	0.000651027	0.00125918	0.154053	190.778	29.6233	0.00197577	6.86764e-10
364.31	-3398.95	-619.155	0.000651027	0.00159697	0.0493605	280.324	23.3574	0.00197577	8.70996e-10
364.33	902.655	-3997.76	0.000651027	0.00189442	0.0144979	12.7235	19.69	0.00197577	1.03323e-09
364.35	4367.78	1313.18	0.000651027	0.00210822	0.00528298	106.734	17.6932	0.00197577	1.14983e-09
364.37	-1784.07	4438.11	0.000651027	0.002211	0.00312921	201.9	16.8707	0.00197577	1.20589e-09
364.39	-4181.64	-2240.91	0.000651027	0.00219295	0.00343677	298.187	17.0095	0.00197577	1.19605e-09
364.41	2614.99	-3617.89	0.000651027	0.00206342	0.00658598	35.8592	18.0773	0.00197577	1.1254e-09
364.43	2808.43	2855.24	0.000651027	0.00185123	0.0175464	135.474	20.1493	0.00197577	1.00967e-09
364.45	-2936.53	1845.72	0.000651027	0.00160322	0.0482086	237.849	23.2663	0.00197577	8.74407e-10
364.47	-837.652	-2862.72	0.000651027	0.00137874	0.106192	343.69	27.0546	0.00197577	7.5197e-10
364.49	2663.79	109.609	0.000651027	0.00123234	0.166699	92.3563	30.2685	0.00197577	6.72125e-10
364.51	-907.399	2387.7	0.000651027	0.00118069	0.193101	200.808	31.5926	0.00197577	6.43956e-10
364.53	-2088.53	-1496.34	0.000651027	0.00118759	0.189413	305.62	31.409	0.00197577	6.4772e-10
364.55	1852.25	-1813.29	0.000651027	0.00119815	0.18387	45.6089	31.1323	0.00197577	6.53476e-10
364.57	1590.14	1985.35	0.000651027	0.00117576	0.195764	141.308	31.725	0.00197577	6.41268e-10
364.59	-1933.44	1420.56	0.000651027	0.001109	0.234364	233.694	33.635	0.00197577	6.04852e-10
364.61	-1277.35	-1750.44	0.000651027	0.00100164	0.306182	323.881	37.24	0.00197577	5.463e-10
364.63	1492.95	-1109.3	0.000651027	0.000859738	0.418125	53.3869	43.3866	0.00197577	4.68906e-10
364.65	851.922	1207.54	0.000651027	0.000683097	0.576676	144.797	54.6059	0.00197577	3.72565e-10
364.67	-921.463	442.738	0.000651027	0.000472546	0.768414	244.337	78.9365	0.00197577	2.57729e-10
364.69	161.873	-638.676	0.000651027	0.000304553	0.896354	14.2222	122.478	0.00197577	1.66105e-10
364.71	342.102	971.345	0.000651027	0.000476023	0.76543	160.598	78.36	0.00197577	2.59625e-10
364.73	-1950.46	1.62035	0.000651027	0.000901572	0.383315	269.952	41.3734	0.00197577	4.91722e-10
364.75	413.808	-3016.33	0.000651027	0.00140731	0.0966723	7.81161	26.5052	0.00197577	7.67556e-10
364.77	4044.22	922.502	0.000651027	0.0019174	0.0130748	102.85	19.454	0.00197577	1.04576e-09
364.79	-1517.99	4882.23	0.000651027	0.0023633	0.0013756	197.272	15.7835	0.00197577	1.28896e-09
364.81	-5373.02	-2161.44	0.000651027	0.00267702	0.000212993	291.914	13.9338	0.00197577	1.46006e-09
364.83	2780.92	-5379.63	0.000651027	0.00279925	9.66988e-05	27.3361	13.3254	0.00197577	1.52673e-09
364.85	4811.3	3278.45	0.000651027	0.00269118	0.000194729	124.271	13.8605	0.00197577	1.46778e-09
364.87	-3544.48	3644.8	0.000651027	0.00235004	0.00148088	224.201	15.8725	0.00197577	1.28172e-09
364.89	-1937.5	-3477.95	0.000651027	0.00184026	0.0184055	330.879	20.2695	0.00197577	1.00369e-09
364.91	3008.59	170.874	0.000651027	0.00139292	0.10138	93.2506	26.7791	0.00197577	7.59705e-10
364.93	-2468.98	2117.59	0.000651027	0.00150351	0.0694765	229.381	24.8093	0.00197577	8.20023e-10
364.95	-852.608	-4696.33	0.000651027	0.00220629	0.00320684	349.71	16.9067	0.00197577	1.20333e-09
364.97	6574.99	666.477	0.000651027	0.00305477	1.65607e-05	95.788	12.2108	0.00197577	1.66609e-09
364.99	-2253.08	7846.05	0.000651027	0.00377329	5.07554e-08	196.022	9.88556	0.00197577	2.05797e-09
365.01	-8305.92	-3671.28	0.000651027	0.00419761	9.38982e-10	293.846	8.88628	0.00197577	2.2894e-09
365.03	4663.47	-7836.77	0.000651027	0.00421529	7.8783e-10	30.7558	8.849	0.00197577	2.29904e-09
365.05	6426.55	4984.89	0.000651027	0.00375947	5.73874e-08	127.8	9.9219	0.00197577	2.05044e-09
365.07	-4440.41	4175.09	0.000651027	0.00281731	8.57957e-05	226.764	13.24	0.00197577	1.53657e-09
365.09	-1285.01	-2918	0.000651027	0.0014738	0.0771198	336.233	25.3096	0.00197577	8.03816e-10
365.11	413.525	1961.65	0.000651027	0.000926671	0.363117	168.096	40.2528	0.00197577	5.05411e-10
365.13	-5238.08	-2957.39	0.000651027	0.00278048	0.000109421	299.449	13.4154	0.00197577	1.51649e-09
365.15	6963.21	-8213.8	0.000651027	0.00497741	2.02781e-13	40.2895	7.49408	0.00197577	2.71471e-09
365.17	10596.4	11276.4	0.000651027	0.00715256	6.15549e-27	136.781	5.21507	0.00197577	3.90105e-09
365.19	-15507.3	12167.9	0.000651027	0.00911127	2.93908e-43	231.88	4.09395	0.00197577	4.96933e-09
365.21	-12810.9	-19248.7	0.000651027	0.0106878	2.99088e-59	326.354	3.49005	0.00197577	5.8292e-09
365.23	22123.4	-12520.1	0.000651027	0.0117502	1.83322e-71	60.4936	3.17451	0.00197577	6.40861e-09
365.25	11398.6	23831.1	0.000651027	0.0122108	4.06062e-77	154.438	3.05476	0.00197577	6.65984e-09
365.27	-24186	9639.61	0.000651027	0.0120349	6.22694e-75	248.27	3.09942	0.00197577	6.56387e-09
365.29	-7495.92	-23140	0.000651027	0.0112433	1.71584e-65	342.051	3.31763	0.00197577	6.13216e-09
365.31	20789.7	-5242.63	0.000651027	0.00991057	4.77029e-51	75.8466	3.76377	0.00197577	5.40528e-09
365.33	3138.6	17364.9	0.000651027	0.00815675	8.18329e-35	169.755	4.57304	0.00197577	4.44873e-09
365.35	-13200.3	1392.23	0.000651027	0.00613549	5.16992e-20	263.979	6.07957	0.00197577	3.34633e-09
365.37	-136.533	-8694.36	0.000651027	0.00401933	5.28649e-09	359.1	9.28042	0.00197577	2.19217e-09
365.39	4261.86	583.085	0.000651027	0.00198833	0.00942954	97.7905	18.76	0.00197577	1.08445e-09
365.41	-807.163	285.222	0.000651027	0.000395708	0.831335	250.538	94.2643	0.00197577	2.15821e-10
365.43	2927.94	-647.53	0.000651027	0.0013861	0.103672	77.5294	26.9109	0.00197577	7.55985e-10
365.45	262.588	5175.96	0.000651027	0.00239559	0.00114758	177.096	15.5708	0.00197577	1.30657e-09
365.47	-6379.23	-173.088	0.000651027	0.00294979	3.48356e-05	271.554	12.6454	0.00197577	1.60883e-09
365.49	499.698	-6579.91	0.000651027	0.00305022	1.71114e-05	4.34288	12.229	0.00197577	1.66361e-09
365.51	5926.13	598.739	0.000651027	0.00275321	0.000130737	95.7692	13.5482	0.00197577	1.50162e-09
365.53	-411.013	4643.88	0.000651027	0.00215496	0.00417626	185.058	17.3094	0.00197577	1.17533e-09
365.55	-3001.27	56.3976	0.000651027	0.00138754	0.103186	268.923	26.883	0.00197577	7.5677e-10
365.57	-734.805	-1270.55	0.000651027	0.000678437	0.581009	329.958	54.981	0.00197577	3.70023e-10
365.59	-306.452	-1508.92	0.000651027	0.000711714	0.550151	348.52	52.4102	0.00197577	3.88173e-10
365.61	2239.21	-1545.15	0.000651027	0.00125755	0.154803	55.3926	29.6618	0.00197577	6.85872e-10
365.63	2334.08	2787.53	0.000651027	0.00168054	0.0357308	140.06	22.1959	0.00197577	9.16578e-10
365.65	-3041.59	2638.71	0.000651027	0.00186127	0.0167918	229.057	20.0407	0.00197577	1.01515e-09
365.67	-2493.99	-2934.13	0.000651027	0.00178	0.0238071	319.636	20.9557	0.00197577	9.70823e-10
365.69	2453.77	-1987.99	0.000651027	0.00145975	0.0809613	50.9863	25.5531	0.00197577	7.96155e-10
365.71	1240.36	1646.03	0.000651027	0.000952688	0.342764	143	39.1535	0.00197577	5.19601e-10
365.73	-604.754	379.408	0.000651027	0.000329997	0.879442	237.897	113.035	0.00197577	1.79982e-10
365.75	478.025	544.394	0.000651027	0.000334881	0.87608	138.714	111.386	0.00197577	1.82646e-10
365.77	-1665.04	1241.26	0.000651027	0.000959969	0.337179	233.296	38.8566	0.00197577	5.23572e-10
365.79	-1853.14	-2632.24	0.000651027	0.001488	0.0733865	324.854	25.068	0.00197577	8.11562e-10
365.81	3351.77	-2289.91	0.000651027	0.00187636	0.0157111	55.6594	19.8795	0.00197577	1.02338e-09
365.83	2554.83	3773.34	0.000651027	0.00210636	0.00533207	145.899	17.7088	0.00197577	1.14882e-09
365.85	-3895.9	2667.73	0.000651027	0.00218255	0.00362629	235.599	17.0906	0.00197577	1.19038e-09
365.87	-2653.25	-3764.24	0.000651027	0.00212875	0.00476757	324.822	17.5225	0.00197577	1.16103e-09
365.89	3458.03	-2530.71	0.000651027	0.00198075	0.00977056	53.802	18.8319	0.00197577	1.08031e-09
365.91	2307.61	3075.51	0.000651027	0.00177728	0.0240805	143.118	20.9877	0.00197577	9.69339e-10
365.93	-2714.74	1978.3	0.000651027	0.00155269	0.0581882	233.918	24.0236	0.00197577	8.46845e-10
365.95	-1527.71	-2456.09	0.000651027	0.00133699	0.121388	328.118	27.8993	0.00197577	7.29202e-10
365.97	2348.73	-939.193	0.000651027	0.00116925	0.199327	68.2049	31.9019	0.00197577	6.37713e-10
365.99	204.572	2403.55	0.000651027	0.00111502	0.230687	175.135	33.4532	0.00197577	6.08139e-10
366.01	-2593.39	-666.2	0.000651027	0.00123768	0.164127	284.407	30.138	0.00197577	6.75035e-10
366.03	1638.04	-2860.29	0.000651027	0.00152358	0.0646706	29.799	24.4825	0.00197577	8.30971e-10
366.05	3128.21	2648.41	0.000651027	0.00189459	0.0144873	130.252	19.6883	0.00197577	1.03332e-09
366.07	-3610.68	3318.64	0.000651027	0.00226686	0.00232963	227.413	16.455	0.00197577	1.23636e-09
366.09	-3366.21	-4423.1	0.000651027	0.00256926	0.000414961	322.727	14.5182	0.00197577	1.40129e-09
366.11	4982.15	-3231.42	0.000651027	0.00274491	0.000137969	57.0326	13.5892	0.00197577	1.49709e-09
366.13	2908.26	5198.08	0.000651027	0.00275323	0.00013072	150.774	13.5481	0.00197577	1.50163e-09
366.15	-5010.12	2425.39	0.000651027	0.00257295	0.000405792	244.168	14.4974	0.00197577	1.4033e-09
366.17	-1840.91	-4398.41	0.000651027	0.00220399	0.00324553	337.289	16.9244	0.00197577	1.20207e-09
366.19	3390.48	-1231.73	0.000651027	0.00166742	0.0376323	70.0343	22.3706	0.00197577	9.09418e-10
366.21	679.727	2060.93	0.000651027	0.00100311	0.305122	161.747	37.1855	0.00197577	5.47101e-10
366.23	-523.77	257.11	0.000651027	0.000269702	0.917768	243.854	138.305	0.00197577	1.47097e-10
366.25	-13.9021	1081.26	0.000651027	0.00049984	0.744728	180.737	74.6261	0.00197577	2.72615e-10
366.27	-2606.76	30.3935	0.000651027	0.00120502	0.180324	269.332	30.9549	0.00197577	6.57223e-10
366.29	110.608	-3917.01	0.000651027	0.0018113	0.0208507	1.61748	20.5936	0.00197577	9.87893e-10
366.31	4905.86	393.63	0.000651027	0.00227495	0.00223078	94.5874	16.3965	0.00197577	1.24077e-09
366.33	-754.529	5510.14	0.000651027	0.00257075	0.00041124	187.797	14.5098	0.00197577	1.4021e-09
366.35	-5716.6	-1120.69	0.000651027	0.00269271	0.000192841	281.092	13.8526	0.00197577	1.46862e-09
366.37	1424.69	-5561.38	0.000651027	0.00265367	0.000246675	14.3688	14.0564	0.00197577	1.44733e-09
366.39	5122.1	1616.74	0.000651027	0.00248276	0.000694882	107.518	15.0241	0.00197577	1.35411e-09
366.41	-1673.46	4504.14	0.000651027	0.00222103	0.00296933	200.382	16.7945	0.00197577	1.21136e-09
366.43	-3823.22	-1601.63	0.000651027	0.00191603	0.013156	292.73	19.4679	0.00197577	1.04501e-09
366.45	1436.03	-3187.29	0.000651027	0.00161591	0.0459415	24.2539	23.0837	0.00197577	8.81325e-10
366.47	2680.7	1231.99	0.000651027	0.00136371	0.111483	114.682	27.3528	0.00197577	7.43772e-10
366.49	-1053.87	2352.85	0.000651027	0.00119169	0.18725	204.128	31.3011	0.00197577	6.49952e-10
366.51	-2213.37	-961.809	0.000651027	0.00111552	0.230387	293.487	33.4384	0.00197577	6.08409e-10
366.53	998.946	-2233.92	0.000651027	0.00113113	0.221046	24.0929	32.9768	0.00197577	6.16926e-10
366.55	2356.39	1181.69	0.000651027	0.00121849	0.173509	116.633	30.6125	0.00197577	6.64572e-10
366.57	-1494.65	2505.62	0.000651027	0.00134859	0.117006	210.817	27.6592	0.00197577	7.35531e-10
366.59	-2604.33	-1891.34	0.000651027	0.00148778	0.0734437	305.988	25.0717	0.00197577	8.11441e-10
366.61	2300.46	-2587.74	0.000651027	0.00160046	0.0487146	41.6367	23.3065	0.00197577	8.72901e-10
366.63	2415.19	2636.8	0.000651027	0.00165283	0.0398452	137.512	22.5681	0.00197577	9.01461e-10
366.65	-2814.86	2077.17	0.000651027	0.00161703	0.0457446	233.575	23.0676	0.00197577	8.8194e-10
366.67	-1596.45	-2762.91	0.000651027	0.00147498	0.0768026	329.98	25.2892	0.00197577	8.04462e-10
366.69	2435.04	-1023.52	0.000651027	0.00122095	0.172285	67.2015	30.5508	0.00197577	6.65914e-10
366.71	427.402	1819.24	0.000651027	0.000863812	0.414676	166.779	43.182	0.00197577	4.71128e-10
366.73	-940.127	-116.616	0.000651027	0.00043789	0.797555	277.071	85.1837	0.00197577	2.38828e-10
366.75	539.818	143.967	0.000651027	0.000258244	0.924341	104.933	144.441	0.00197577	1.40848e-10
366.77	-1349.09	791.426	0.000651027	0.000722982	0.539759	239.603	51.5934	0.00197577	3.94318e-10
366.79	-846.497	-2577.47	0.000651027	0.001254	0.156436	341.819	29.7456	0.00197577	6.8394e-10
366.81	3730.92	-709.176	0.000651027	0.00175544	0.026375	79.2376	21.2488	0.00197577	9.57428e-10
366.83	410.956	4723.84	0.000651027	0.00219177	0.00345779	175.028	17.0187	0.00197577	1.1954e-09
366.85	-5493.42	4.4674	0.000651027	0.00253925	0.000497226	269.953	14.6898	0.00197577	1.38492e-09
366.87	445.894	-6005.78	0.000651027	0.00278372	0.000107113	4.24609	13.3997	0.00197577	1.51826e-09
366.89	6257.17	874.714	0.000651027	0.00292041	4.26958e-05	97.958	12.7726	0.00197577	1.59281e-09
366.91	-1225.75	6270.3	0.000651027	0.00295321	3.40149e-05	191.061	12.6307	0.00197577	1.6107e-09
366.93	-6086.8	-1459.81	0.000651027	0.00289332	5.14139e-05	283.487	12.8922	0.00197577	1.57803e-09
366.95	1559.16	-5757.4	0.000651027	0.00275713	0.000127445	15.1528	13.529	0.00197577	1.50376e-09
366.97	5331.75	1527.76	0.000651027	0.0025637	0.000429176	105.989	14.5497	0.00197577	1.39826e-09
366.99	-1387.83	4849.64	0.000651027	0.00233166	0.00163912	195.97	15.9977	0.00197577	1.2717e-09
367.01	-4335.4	-1173.48	0.000651027	0.00207609	0.00619095	285.146	17.967	0.00197577	1.13231e-09
367.03	922.831	-3796.09	0.000651027	0.00180579	0.0213467	13.6636	20.6564	0.00197577	9.84888e-10
367.05	3223.83	670.351	0.000651027	0.00152204	0.0650301	101.746	24.5073	0.00197577	8.30129e-10
367.07	-440.84	2601.5	0.000651027	0.00121965	0.172934	189.618	30.5836	0.00197577	6.65201e-10
367.09	-1910.56	-246.105	0.000651027	0.000890426	0.392455	277.34	41.8913	0.00197577	4.85643e-10
367.11	84.9165	-1139.41	0.000651027	0.000528135	0.719607	4.26219	70.628	0.00197577	2.88048e-10
367.13	290.392	-53.9949	0.000651027	0.00013653	0.97825	79.4668	273.208	0.00197577	7.44642e-11
367.15	186.664	-615.785	0.000651027	0.000297428	0.900901	16.8637	125.412	0.00197577	1.62219e-10
367.17	1539.35	327.601	0.000651027	0.000727477	0.535623	102.014	51.2746	0.00197577	3.9677e-10
367.19	-483.927	2424.63	0.000651027	0.00114285	0.214205	191.287	32.6386	0.00197577	6.23318e-10
367.21	-3206.61	-651.282	0.000651027	0.00151247	0.0672966	281.481	24.6624	0.00197577	8.2491e-10
367.23	812.499	-3819.84	0.000651027	0.00180516	0.0214038	12.0081	20.6636	0.00197577	9.84546e-10
