363	0.00381836	-0.00172908	0.00263594	0.00419161	0.282428	335.637	36.0311	0.00799969	
363.008	0.00384032	0.0012382	0.00263601	0.00403499	0.309884	17.8704	37.4305	0.00799989	
363.016	0.00189995	0.00337877	0.00263602	0.00387632	0.339184	60.65	38.963	0.00799995	
363.024	-0.000883602	0.00362016	0.00263605	0.00372644	0.368175	103.716	40.5305	0.00800002	
363.032	-0.00302256	0.00191777	0.00263626	0.00357962	0.397775	147.605	42.1962	0.00800066	
363.04	-0.00336687	-0.000703579	0.00263624	0.0034396	0.426916	191.803	43.9137	0.0080006	
363.048	-0.00184649	-0.00277961	0.0026362	0.00333703	0.448796	236.404	45.2627	0.00800048	
363.056	0.000656592	-0.00317663	0.0026364	0.00324377	0.469111	281.678	46.5676	0.0080011	
363.064	0.00270781	-0.00175618	0.00263619	0.00322745	0.472633	327.034	46.7994	0.00800045	
363.072	0.00314751	0.000747346	0.00263597	0.00323502	0.470911	13.357	46.6858	0.00799978	
363.08	0.00172184	0.00282612	0.00263605	0.00330934	0.454739	58.6477	45.639	0.00800004	
363.088	-0.000818868	0.00331488	0.00263607	0.00341452	0.432181	103.876	44.2333	0.00800009	
363.096	-0.00301102	0.0018701	0.00263615	0.00354451	0.404969	148.156	42.6125	0.00800033	
363.104	-0.00365676	-0.000752965	0.00263617	0.00373348	0.366821	191.635	40.456	0.0080004	
363.112	-0.00227008	-0.0031748	0.00263613	0.00390289	0.334205	234.434	38.6992	0.00800026	
363.12	0.000447334	-0.00405849	0.00263607	0.00408306	0.301322	276.29	36.9908	0.0080001	
363.128	0.00312936	-0.00287756	0.00263598	0.00425126	0.272388	317.4	35.5261	0.00799982	
363.136	0.0043671	-0.000148183	0.00263594	0.00436962	0.253092	358.057	34.5632	0.00799968	
363.144	0.00351468	0.00278246	0.00263598	0.00448275	0.235505	38.3676	33.6915	0.00799981	
363.152	0.000936411	0.00446306	0.00263606	0.00456024	0.223945	78.1505	33.12	0.00800006	
363.16	-0.00210833	0.00407089	0.0026361	0.00458446	0.220415	117.38	32.9456	0.00800019	
363.168	-0.0041954	0.00183079	0.0026361	0.00457747	0.221434	156.424	32.9959	0.00800019	
363.176	-0.00433336	-0.00118756	0.00263598	0.00449314	0.23393	195.326	33.6136	0.00799981	
363.184	-0.00258409	-0.00353935	0.00263596	0.0043823	0.251086	233.867	34.4635	0.00799975	
363.192	0.000150545	-0.00421731	0.00263561	0.00421999	0.277528	272.044	35.7842	0.00799868	
363.2	0.00259709	-0.00307367	0.0026361	0.00402397	0.311898	310.196	37.5344	0.00800017	
363.208	0.00368311	-0.000782388	0.00263616	0.00376529	0.360574	348.007	40.1139	0.00800036	
363.216	0.00315221	0.00150193	0.00263613	0.00349173	0.415928	25.4764	43.2561	0.00800026	
363.224	0.00142832	0.00279071	0.00263616	0.00313499	0.493058	62.8961	48.1791	0.00800036	
363.232	-0.00044845	0.00272135	0.00263637	0.00275805	0.578556	99.3576	54.768	0.008001	
363.24	-0.00172021	0.00167212	0.00263624	0.00239898	0.660967	135.812	62.9623	0.0080006	
363.248	-0.00199438	0.00028137	0.002636	0.00201413	0.746834	171.97	74.9861	0.00799987	
363.256	-0.00141517	-0.000687707	0.00263655	0.00157342	0.836885	205.918	96.0096	0.00800156	
363.264	-0.000626641	-0.000974869	0.0026364	0.0011589	0.907906	237.267	130.343	0.00800108	
363.272	-9.76493e-05	-0.000782352	0.00263617	0.000788422	0.956261	262.885	191.574	0.00800039	
363.28	-1.67416e-05	-0.000510819	0.00263599	0.000511093	0.981379	268.123	295.506	0.00799985	
363.288	-0.000101876	-0.000527932	0.00263567	0.000537672	0.979407	259.078	280.864	0.00799888	
363.296	1.30612e-05	-0.000801288	0.00263595	0.000801394	0.954836	270.934	188.457	0.00799971	
363.304	0.000544374	-0.00103019	0.00263585	0.00116517	0.906918	297.853	129.614	0.00799942	
363.312	0.00130996	-0.000762412	0.00263606	0.00151567	0.847639	329.8	99.6486	0.00800005	
363.32	0.00183308	0.0001766	0.00263607	0.00184157	0.78347	5.50292	82.0149	0.0080001	
363.328	0.00158413	0.00142747	0.00263605	0.00213241	0.720945	42.0223	70.8281	0.00800002	
363.336	0.000450978	0.00237947	0.00263613	0.00242183	0.655727	79.2681	62.3657	0.00800028	
363.344	-0.00121694	0.00233572	0.00263594	0.00263372	0.60704	117.52	57.3439	0.00799969	
363.352	-0.00260233	0.0011531	0.00263602	0.00284636	0.558234	156.102	53.0618	0.00799995	
363.36	-0.00291492	-0.000774983	0.00263586	0.00301619	0.519597	194.889	50.071	0.00799944	
363.368	-0.00188105	-0.00255089	0.00263577	0.00316944	0.485309	233.595	47.6483	0.00799919	
363.376	0.000162181	-0.00328058	0.00263583	0.00328458	0.460052	272.83	45.9791	0.00799937	
363.384	0.00227613	-0.00248681	0.00263584	0.0033712	0.441357	312.467	44.7978	0.00799939	
363.392	0.00340865	-0.000480798	0.00263603	0.00344239	0.426268	351.971	43.8746	0.00799996	
363.4	0.002973	0.0018383	0.00263615	0.00349544	0.415161	31.7299	43.2107	0.00800033	
363.408	0.0011295	0.00333486	0.0026361	0.00352095	0.409835	71.2891	42.8968	0.00800017	
363.416	-0.00126887	0.00330417	0.00263608	0.00353943	0.405998	111.008	42.6724	0.00800011	
363.424	-0.00310949	0.00172154	0.00263601	0.00355424	0.402923	151.029	42.4936	0.00799991	
363.432	-0.00348028	-0.000636075	0.00263601	0.00353793	0.406289	190.357	42.6894	0.0079999	
363.44	-0.0022817	-0.00268559	0.00263603	0.003524	0.409183	229.649	42.8586	0.00799997	
363.448	-5.72908e-05	-0.00344998	0.00263612	0.00345046	0.42459	269.049	43.7735	0.00800023	
363.456	0.00208774	-0.00269019	0.00263597	0.00340526	0.434122	307.813	44.352	0.00799979	
363.464	0.00325218	-0.00080851	0.00263596	0.00335118	0.445687	346.039	45.0676	0.00799976	
363.472	0.00298711	0.00131905	0.002636	0.00326538	0.464279	23.8254	46.2523	0.00799987	
363.48	0.0015146	0.00274449	0.00263664	0.00313468	0.493253	61.107	48.1925	0.00800181	
363.488	-0.000375325	0.00300136	0.00263595	0.00302474	0.517694	97.1279	49.9313	0.00799972	
363.496	-0.00192001	0.00210177	0.002636	0.00284673	0.558143	132.412	53.0543	0.00799986	
363.504	-0.0026338	0.000587182	0.00263608	0.00269846	0.59218	167.432	55.9712	0.00800012	
363.512	-0.00240813	-0.000877486	0.0026362	0.00256302	0.623363	200.021	58.9316	0.00800048	
363.52	-0.0015227	-0.00190513	0.00263642	0.00243888	0.651888	231.366	61.9363	0.00800114	
363.528	-0.000361659	-0.00230352	0.00263634	0.00233174	0.676288	261.077	64.7804	0.0080009	
363.536	0.000761174	-0.00217714	0.00263625	0.00230637	0.68202	289.271	65.4908	0.00800062	
363.544	0.00170707	-0.00160052	0.00263605	0.00234003	0.674347	316.845	64.5437	0.00800002	
363.552	0.00237516	-0.000652482	0.00263601	0.00246315	0.646246	344.639	61.3167	0.00799991	
363.56	0.00259528	0.000603661	0.00263598	0.00266456	0.599956	13.0942	56.6813	0.00799983	
363.568	0.00214489	0.00200396	0.00263594	0.00293538	0.537919	43.0545	51.4511	0.00799971	
363.576	0.000898152	0.0031602	0.00263597	0.00328535	0.459921	74.1345	45.9706	0.00799977	
363.584	-0.00105802	0.0034956	0.00263596	0.00365221	0.38295	106.84	41.3529	0.00799975	
363.592	-0.00311074	0.00256913	0.00263608	0.00403449	0.309994	140.447	37.4362	0.00800011	
363.6	-0.0044121	0.000395816	0.00263617	0.00442982	0.243687	174.874	34.0965	0.00800039	
363.608	-0.00413623	-0.00241339	0.00263614	0.00478882	0.192046	210.263	31.5401	0.00800031	
363.616	-0.00208918	-0.00471146	0.00263648	0.00515389	0.147978	246.086	29.3097	0.00800133	
363.624	0.00115744	-0.00535872	0.0026364	0.00548229	0.115086	282.188	27.5532	0.0080011	
363.632	0.00433618	-0.00381702	0.00263599	0.00577686	0.0905899	318.643	26.1441	0.00799984	
363.64	0.00600643	-0.000411121	0.00263629	0.00602048	0.0737086	356.084	25.089	0.00800075	
363.648	0.00523438	0.00341432	0.00263611	0.0062495	0.0601942	33.1159	24.168	0.00800021	
363.656	0.00209522	0.00604176	0.00263601	0.00639475	0.0527313	70.874	23.6182	0.0079999	
363.664	-0.00208872	0.00612787	0.00263599	0.00647407	0.0489954	108.822	23.3287	0.00799986	
363.672	-0.00550338	0.0035416	0.00263605	0.00654447	0.0458743	147.237	23.0782	0.00800003	
363.68	-0.00651569	-0.000641552	0.00263613	0.0065472	0.0457655	185.623	23.0693	0.00800028	
363.688	-0.00463019	-0.00452654	0.00263624	0.0064752	0.048971	224.351	23.3267	0.0080006	
363.696	-0.000701243	-0.00636201	0.00263628	0.00640054	0.0524828	263.71	23.5992	0.00800072	
363.704	0.00344741	-0.00522603	0.00263633	0.00626067	0.0596207	303.411	24.1269	0.00800089	
363.712	0.00582982	-0.0017979	0.00263624	0.00610076	0.0687179	342.86	24.7584	0.00800059	
363.72	0.00542984	0.00234116	0.00263643	0.00591305	0.0808524	23.3241	25.5463	0.00800119	
363.728	0.00254228	0.00510481	0.00263606	0.00570283	0.0963143	63.5259	26.4842	0.00800005	
363.736	-0.00139302	0.0052892	0.00263648	0.00546957	0.116261	104.755	27.6182	0.00800135	
363.744	-0.00434794	0.00292433	0.00263664	0.00523987	0.138798	146.076	28.8305	0.00800182	
363.752	-0.00499897	-0.000695418	0.00263642	0.00504711	0.160025	187.92	29.9291	0.00800115	
363.76	-0.00311215	-0.00368469	0.00263658	0.00482311	0.18765	229.815	31.3211	0.00800165	
363.768	0.000190213	-0.00462466	0.00263663	0.00462857	0.214195	272.355	32.6381	0.00800178	
363.776	0.0031467	-0.00319073	0.00263686	0.00448135	0.235947	314.602	33.7133	0.0080025	
363.784	0.00432056	-0.000193526	0.00263689	0.00432489	0.260528	357.435	34.9333	0.00800257	
363.792	0.00320776	0.00266206	0.00263651	0.00416849	0.28654	39.6886	36.2388	0.00800143	
363.8	0.000582648	0.00400281	0.00263642	0.004045	0.308201	81.7182	37.3438	0.00800115	
363.808	-0.00217579	0.0031983	0.00263609	0.00386822	0.340736	124.227	39.0455	0.00800014	
363.816	-0.0035971	0.000895097	0.00263591	0.0037068	0.372026	166.026	40.7432	0.00799961	
363.824	-0.00312462	-0.00167062	0.00263582	0.00354319	0.405149	208.132	42.623	0.00799933	
363.832	-0.00119433	-0.00308903	0.00263573	0.00331188	0.454101	248.862	45.5984	0.00799905	
363.84	0.00100404	-0.00283665	0.00263567	0.0030091	0.521148	289.492	50.1853	0.00799886	
363.848	0.00240679	-0.00135654	0.00263551	0.00276276	0.577269	330.593	54.6569	0.00799839	
363.856	0.00238475	0.000526664	0.00263541	0.00244221	0.650913	12.4537	61.8283	0.00799807	
363.864	0.00123252	0.0016819	0.00263554	0.00208516	0.731269	53.7656	72.4192	0.00799849	
363.872	-0.000146737	0.00164206	0.00263543	0.0016486	0.822293	95.1065	91.5921	0.00799814	
363.88	-0.000951692	0.000745577	0.00263584	0.00120897	0.900156	141.924	124.918	0.00799938	
363.888	-0.000793905	-0.000223139	0.00263571	0.000824667	0.952231	195.699	183.123	0.00799901	
363.896	-3.36936e-05	-0.000536481	0.0026357	0.000537538	0.979418	266.406	280.938	0.00799897	
363.904	0.000624377	5.12438e-05	0.00263575	0.000626476	0.972148	4.69186	241.059	0.00799912	
363.912	0.000447094	0.00100161	0.00263587	0.00109687	0.91706	65.9453	137.687	0.00799949	
363.92	-0.000671659	0.00150248	0.00263575	0.00164577	0.822884	114.086	91.7608	0.00799911	
363.928	-0.0019297	0.000916487	0.00263595	0.00213628	0.72007	154.595	70.6971	0.00799972	
363.936	-0.0025099	-0.000750117	0.0026361	0.00261959	0.610329	196.639	57.6569	0.00800019	
363.944	-0.00182065	-0.00266915	0.00263602	0.00323096	0.471815	235.702	46.7454	0.00799992	
363.952	0.000216427	-0.00367228	0.00263603	0.00367865	0.377665	273.373	41.0567	0.00799997	
363.96	0.00277329	-0.00291499	0.00263626	0.00402347	0.312032	313.573	37.5414	0.00800066	
363.968	0.00441984	-0.000675687	0.00263592	0.00447119	0.237252	351.308	33.7779	0.00799964	
363.976	0.00400697	0.00238265	0.00263608	0.00466185	0.209349	30.7368	32.3984	0.00800013	
363.984	0.00159247	0.00494893	0.00263599	0.00519883	0.143004	72.1628	29.051	0.00799986	
363.992	-0.00132897	0.00481289	0.002636	0.004993	0.166306	105.436	30.2486	0.00799986	
364	-0.0044278	0.00315079	0.00263616	0.00543441	0.11945	144.565	27.7934	0.00800037	
364.008	-0.00541752	-0.000213092	0.00263607	0.00542171	0.120622	182.253	27.8576	0.00800008	
364.016	-0.00427218	-0.00353811	0.00263618	0.00554705	0.10928	219.631	27.2292	0.00800041	
364.024	-0.0011379	-0.0052908	0.00263611	0.00541178	0.121568	257.862	27.9091	0.00800022	
364.032	0.00242611	-0.00476666	0.00263609	0.00534856	0.127661	296.975	28.2388	0.00800014	
364.04	0.00471024	-0.00219766	0.00263609	0.0051977	0.143145	334.988	29.0584	0.00800014	
364.048	0.00480072	0.00116508	0.002636	0.00494007	0.172719	13.6414	30.5727	0.00799986	
364.056	0.00275819	0.00373485	0.0026359	0.00464292	0.211972	53.5541	32.5282	0.00799956	
364.064	-0.000251334	0.00438723	0.00263582	0.00439443	0.249132	93.2788	34.3666	0.00799933	
364.072	-0.00280485	0.00293617	0.00263608	0.00406058	0.305322	133.69	37.1958	0.00800013	
364.08	-0.00375513	0.000320498	0.00263606	0.00376878	0.359865	175.122	40.0753	0.00800006	
364.088	-0.00274845	-0.00204981	0.00263602	0.00342866	0.429168	216.716	44.05	0.00799992	
364.096	-0.000481161	-0.00317391	0.00263601	0.00321017	0.476382	261.38	47.048	0.00799991	
364.104	0.00179132	-0.0024268	0.00263597	0.00301632	0.519596	306.432	50.0709	0.00799978	
364.112	0.00287191	-0.000400786	0.00263594	0.00289974	0.546026	352.055	52.0833	0.00799968	
364.12	0.00229757	0.00178523	0.00263609	0.00290962	0.543815	37.8474	51.9095	0.00800015	
364.128	0.0003839	0.00297401	0.00263638	0.00299868	0.523684	82.6446	50.3732	0.00800102	
364.136	-0.00189827	0.00248722	0.00263617	0.00312885	0.494425	127.351	48.2737	0.00800038	
364.144	-0.00331371	0.000602482	0.00263623	0.00336803	0.442142	169.695	44.8466	0.00800057	
364.152	-0.00309896	-0.00186257	0.00263645	0.00361562	0.390485	211.007	41.7791	0.00800124	
364.16	-0.00125834	-0.00369518	0.00263632	0.00390356	0.334133	251.194	38.6954	0.00800084	
364.168	0.00141669	-0.00394219	0.00263635	0.00418901	0.282981	289.767	36.059	0.00800093	
364.176	0.00379161	-0.00239526	0.0026363	0.00448481	0.235274	327.718	33.68	0.00800077	
364.184	0.0047305	0.000380207	0.00263628	0.00474575	0.197837	4.59519	31.8279	0.00800072	
364.192	0.00378235	0.00329927	0.0026364	0.0050191	0.163299	41.0976	30.0959	0.00800108	
364.2	0.00116564	0.00510488	0.00263626	0.00523627	0.139096	77.1377	28.8462	0.00800066	
364.208	-0.00214339	0.0050114	0.00263602	0.00545053	0.117923	113.157	27.7097	0.00799993	
364.216	-0.00483311	0.00299399	0.00263628	0.00568533	0.0977437	148.223	26.568	0.00800072	
364.224	-0.00585398	-0.000312013	0.00263616	0.00586228	0.0843623	183.051	25.7649	0.00800036	
364.232	-0.00474118	-0.00369027	0.00263625	0.00600807	0.0744993	217.895	25.1405	0.00800064	
364.24	-0.00176682	-0.00581884	0.00263633	0.00608117	0.0699212	253.11	24.8391	0.00800087	
364.248	0.00186492	-0.00591287	0.00263634	0.00619999	0.0629537	287.505	24.3631	0.00800089	
364.256	0.00494186	-0.00380531	0.00263673	0.00623717	0.0609455	322.403	24.2215	0.0080021	
364.264	0.00623359	-0.000290352	0.00263644	0.00624035	0.0607345	357.333	24.2065	0.00800123	
364.272	0.00527788	0.00325396	0.00263613	0.00620035	0.0629071	31.655	24.3598	0.00800028	
364.28	0.00245848	0.00561425	0.00263596	0.00612894	0.0669967	66.3514	24.642	0.00799975	
364.288	-0.00119186	0.0058873	0.00263583	0.00600673	0.0745229	101.445	25.1421	0.00799935	
364.296	-0.00420628	0.00407422	0.00263589	0.00585594	0.0847716	135.914	25.7901	0.00799954	
364.304	-0.00551838	0.000903934	0.00263555	0.00559192	0.105307	170.697	27.0042	0.0079985	
364.312	-0.00477608	-0.00230535	0.00263573	0.00530336	0.13209	205.766	28.4756	0.00799907	
364.32	-0.00245239	-0.00431623	0.00263588	0.00496428	0.169739	240.396	30.4223	0.00799953	
364.328	0.000379785	-0.00454805	0.00263593	0.00456388	0.223378	274.773	33.092	0.00799967	
364.336	0.00260802	-0.00319668	0.00263625	0.0041256	0.293894	309.209	36.6119	0.00800063	
364.344	0.00345354	-0.00103196	0.00263636	0.00360443	0.392736	343.363	41.9074	0.00800095	
364.352	0.00296387	0.00086723	0.00263619	0.00308815	0.503515	16.3095	48.9104	0.00800044	
364.36	0.00164639	0.00190188	0.002636	0.00251551	0.634236	49.1184	60.0403	0.00799987	
364.368	0.000348209	0.00191535	0.00263603	0.00194674	0.76132	79.6962	77.5826	0.00799996	
364.376	-0.000348256	0.00136409	0.00263592	0.00140784	0.867074	104.322	107.276	0.00799963	
364.384	-0.000427469	0.000814236	0.00263604	0.000919625	0.940961	117.699	164.235	0.00800001	
364.392	-0.000285515	0.000735167	0.00263597	0.000788663	0.956229	111.225	191.501	0.00799978	
364.4	-0.000411773	0.00101275	0.00263597	0.00109326	0.917588	112.126	138.147	0.0079998	
364.408	-0.00110105	0.00116524	0.00263588	0.00160315	0.831141	133.377	94.2048	0.0079995	
364.416	-0.00202905	0.000688478	0.00263598	0.00214267	0.718661	161.257	70.4872	0.00799983	
364.424	-0.00257477	-0.000602196	0.00263642	0.00264425	0.604729	193.164	57.1261	0.00800116	
364.432	-0.00213067	-0.00231424	0.00263617	0.0031457	0.49068	227.365	48.0152	0.0080004	
364.44	-0.000496798	-0.0035185	0.00263623	0.0035534	0.403156	261.963	42.5071	0.00800056	
364.448	0.00181039	-0.00348594	0.00263609	0.00392801	0.329497	297.445	38.4511	0.00800014	
364.456	0.00374946	-0.00190773	0.00263607	0.00420689	0.279867	333.033	35.902	0.00800008	
364.464	0.0043856	0.000732094	0.00263597	0.00444629	0.241086	9.47707	33.9677	0.00799979	
364.472	0.00315706	0.00325132	0.00263585	0.0045319	0.228082	45.8426	33.3245	0.00799943	
364.48	0.000599756	0.00451924	0.00263578	0.00455886	0.224076	82.4404	33.1265	0.00799921	
364.488	-0.00223278	0.00389695	0.00263569	0.00449127	0.234137	119.811	33.6238	0.00799892	
364.496	-0.00401464	0.00168189	0.00263576	0.00435271	0.255746	157.269	34.6951	0.00799915	
364.504	-0.00396079	-0.00104594	0.00263576	0.00409657	0.298852	194.793	36.8645	0.00799915	
364.512	-0.00227415	-0.00303451	0.00263561	0.0037921	0.355204	233.151	39.8221	0.00799869	
364.52	0.000100599	-0.00341517	0.00263586	0.00341665	0.431673	271.687	44.2024	0.00799946	
364.528	0.00197717	-0.00220811	0.00263616	0.00296395	0.531488	311.842	50.9593	0.00800035	
364.536	0.00244714	-0.000288297	0.00263624	0.00246407	0.646087	353.281	61.2993	0.00800061	
364.544	0.00151992	0.00119049	0.00263627	0.00193065	0.764783	38.07	78.2363	0.00800069	
364.552	1.84933e-05	0.00141816	0.00263614	0.00141828	0.865256	89.2529	106.495	0.0080003	
364.56	-0.000999877	0.000473304	0.0026361	0.00110624	0.915712	154.669	136.532	0.00800017	
364.568	-0.000734154	-0.000861751	0.00263593	0.00113208	0.911899	229.571	133.408	0.00799968	
364.576	0.000567829	-0.00141587	0.00263573	0.00152549	0.845786	291.853	98.9952	0.00799904	
364.584	0.00201358	-0.000637941	0.00263588	0.00211222	0.725373	342.421	71.5004	0.00799952	
364.592	0.00246571	0.00126695	0.00263576	0.00277217	0.57517	27.1953	54.4766	0.00799916	
364.6	0.00118642	0.00318787	0.00263579	0.00340149	0.434876	69.5864	44.3981	0.00799924	
364.608	-0.00137041	0.003774	0.00263602	0.00401511	0.313479	109.957	37.6161	0.00799993	
364.616	-0.00388044	0.00233865	0.00263602	0.00453069	0.228306	148.924	33.3355	0.00799994	
364.624	-0.00507358	-0.000771371	0.00263608	0.00513188	0.150321	188.645	29.431	0.00800013	
364.632	-0.00373495	-0.00416808	0.00263623	0.00559667	0.105028	228.137	26.9883	0.00800056	
364.64	-0.000356552	-0.00604984	0.0026363	0.00606033	0.0712014	266.627	24.9242	0.00800079	
364.648	0.00372391	-0.00520323	0.00263638	0.00639852	0.0525914	305.591	23.6075	0.00800101	
364.656	0.00642681	-0.00179456	0.00263648	0.00667266	0.0406512	344.399	22.6385	0.00800132	
364.664	0.00634703	0.00272053	0.00263659	0.00690551	0.0323917	23.2015	21.8761	0.00800168	
364.672	0.00328528	0.00618248	0.00263641	0.00700115	0.0294226	62.0145	21.5758	0.00800113	
364.68	-0.0013535	0.00693494	0.00263635	0.00706579	0.0275549	101.044	21.3779	0.00800094	
364.688	-0.00539054	0.00450711	0.00263595	0.00702651	0.0286429	140.1	21.4941	0.00799971	
364.696	-0.00692989	3.71969e-05	0.00263592	0.00692999	0.0315567	179.692	21.7933	0.00799965	
364.704	-0.00525619	-0.00428802	0.00263543	0.00678341	0.036423	219.208	22.26	0.00799815	
364.712	-0.0012437	-0.00645064	0.00263555	0.00656944	0.0447535	259.087	22.9861	0.00799852	
364.72	0.00306892	-0.00551856	0.00263525	0.00631449	0.0566538	299.079	23.9115	0.0079976	
364.728	0.00566534	-0.00212027	0.00263525	0.0060491	0.0717506	339.482	24.9605	0.0079976	
364.736	0.00536979	0.00201283	0.00263536	0.00573465	0.0937087	20.5482	26.3304	0.00799795	
364.744	0.00255265	0.00476536	0.00263532	0.00540598	0.121963	61.8234	27.9306	0.0079978	
364.752	-0.00121979	0.0049159	0.00263518	0.00506497	0.157685	103.935	29.8096	0.00799738	
364.76	-0.00394093	0.00263386	0.00263531	0.00474006	0.198373	146.244	31.8545	0.00799779	
364.768	-0.00438221	-0.000710647	0.00263521	0.00443946	0.241941	189.211	34.01	0.00799747	
364.776	-0.00253881	-0.00331997	0.00263545	0.00417944	0.284372	232.595	36.1292	0.0079982	
364.784	0.000445858	-0.00392511	0.0026359	0.00395036	0.3253	276.48	38.231	0.00799959	
364.792	0.00291571	-0.00233172	0.00263619	0.0037334	0.366841	321.35	40.4571	0.00800045	
364.8	0.0035535	0.000375128	0.00263649	0.00357324	0.399148	6.02615	42.2752	0.00800136	
364.808	0.00218284	0.00268897	0.00263674	0.00346343	0.422031	50.9312	43.6198	0.00800212	
364.816	-0.000314949	0.00333691	0.00263673	0.00335174	0.445776	95.3918	45.0732	0.0080021	
364.824	-0.00245387	0.00213557	0.00263652	0.00325302	0.467121	138.967	46.4374	0.00800146	
364.832	-0.00318018	-0.000239704	0.00263604	0.0031892	0.481013	184.31	47.358	0.00800001	
364.84	-0.00213576	-0.00229933	0.00263613	0.00313822	0.492333	227.112	48.129	0.00800027	
364.848	1.95451e-06	-0.00306642	0.00263622	0.00306642	0.508392	270.037	49.2576	0.00800055	
364.856	0.00204859	-0.00215724	0.00263628	0.00297497	0.529023	313.52	50.7729	0.00800072	
364.864	0.00288903	-0.00020154	0.00263632	0.00289605	0.546964	356.01	52.1572	0.00800085	
364.872	0.00218199	0.00171816	0.0026362	0.00277726	0.574107	38.2179	54.3857	0.00800048	
364.88	0.000428663	0.0026086	0.00263614	0.00264359	0.604815	80.6682	57.1342	0.00800029	
364.888	-0.00132733	0.0020935	0.00263595	0.00247882	0.642643	122.376	60.9277	0.00799971	
364.896	-0.00226588	0.000639724	0.00263534	0.00235446	0.670926	164.234	64.1311	0.00799787	
364.904	-0.0019867	-0.000967182	0.00263546	0.00220962	0.70365	205.958	68.3378	0.00799823	
364.912	-0.000763679	-0.00189459	0.00263558	0.00204271	0.740556	248.046	73.9249	0.0079986	
364.92	0.00064701	-0.00179624	0.00263573	0.00190921	0.769243	289.809	79.0986	0.00799904	
364.928	0.00151536	-0.000821774	0.00263554	0.00172384	0.807423	331.529	87.598	0.00799848	
364.936	0.00155877	0.000331767	0.00263566	0.00159369	0.832927	12.0154	94.7563	0.00799884	
364.944	0.0008867	0.00116869	0.00263546	0.001467	0.856481	52.812	102.932	0.00799824	
364.952	-8.96614e-05	0.00127568	0.00263533	0.00127882	0.888928	94.0205	118.072	0.00799785	
364.96	-0.000762063	0.000830489	0.00263497	0.00112714	0.91257	132.54	133.943	0.00799675	
364.968	-0.00097303	0.000155766	0.00263498	0.000985419	0.93246	170.905	153.207	0.00799679	
364.976	-0.000741363	-0.00035203	0.0026351	0.000820697	0.952657	205.4	183.966	0.00799716	
364.984	-0.000379163	-0.000559762	0.00263493	0.000676091	0.967617	235.888	223.299	0.00799662	
364.992	-5.10821e-05	-0.00056032	0.00263512	0.000562644	0.977463	264.791	268.343	0.00799721	
365	0.000100984	-0.000559883	0.00263527	0.000568917	0.976966	280.224	265.399	0.00799766	
365.008	0.00027981	-0.000524827	0.0026356	0.000594758	0.974859	298.064	253.9	0.00799867	
365.016	0.000580146	-0.000432342	0.00263583	0.000723525	0.963027	323.305	208.731	0.00799936	
365.024	0.000894289	-9.49322e-05	0.00263597	0.000899313	0.943463	353.941	167.939	0.00799979	
365.032	0.00101367	0.000470718	0.00263596	0.00111764	0.914035	24.9087	135.133	0.00799975	
365.04	0.000675029	0.00117133	0.00263592	0.00135192	0.876758	60.0455	111.713	0.00799964	
365.048	-0.000160191	0.00156655	0.00263599	0.00157472	0.836576	95.8386	95.91	0.00799984	
365.056	-0.00121664	0.0012884	0.00263591	0.00177206	0.797736	133.359	85.2265	0.0079996	
365.064	-0.00198241	0.00031732	0.00263593	0.00200765	0.748224	170.906	75.2262	0.00799967	
365.072	-0.00194251	-0.00107494	0.00263601	0.0022201	0.701407	208.959	68.0294	0.00799991	
365.08	-0.000980648	-0.00222119	0.00263621	0.00242803	0.654326	246.179	62.2083	0.00800051	
365.088	0.00064637	-0.00247293	0.00263597	0.00255601	0.624923	284.648	59.0881	0.00799978	
365.096	0.00216669	-0.00161005	0.00263562	0.00269941	0.591853	323.384	55.9417	0.00799872	
365.104	0.00279083	8.34269e-05	0.00263555	0.00279208	0.57055	1.71225	54.0837	0.0079985	
365.112	0.00218276	0.00187155	0.00263576	0.00287527	0.551566	40.6106	52.5232	0.00799916	
365.12	0.000552425	0.00284269	0.00263565	0.00289587	0.546839	79.0027	52.1474	0.00799882	
365.128	-0.00139827	0.00253291	0.00263559	0.00289324	0.547423	118.901	52.1935	0.00799864	
365.136	-0.00266654	0.00106611	0.00263532	0.00287176	0.552256	158.208	52.5785	0.00799782	
365.144	-0.00263444	-0.000869195	0.00263508	0.00277413	0.574554	198.26	54.4239	0.00799707	
365.152	-0.00136596	-0.00226527	0.00263496	0.00264524	0.604164	238.91	57.0731	0.00799672	
365.16	0.000421729	-0.00254349	0.00263495	0.00257822	0.619587	279.414	58.5565	0.00799668	
365.168	0.00188616	-0.00149563	0.00263513	0.00240717	0.658865	321.587	62.7215	0.00799722	
365.176	0.00224717	0.000168492	0.00263489	0.00225347	0.693696	4.28801	66.9934	0.0079965	
365.184	0.00142827	0.00155683	0.00263479	0.00211274	0.725066	47.466	71.4532	0.0079962	
365.192	-0.00010052	0.0019795	0.00263479	0.00198205	0.753558	92.907	76.1646	0.00799619	
365.2	-0.00144296	0.00127336	0.00263493	0.00192447	0.765889	138.573	78.4479	0.00799663	
365.208	-0.00181507	-0.000183135	0.00263526	0.00182429	0.786932	185.761	82.7661	0.00799762	
365.216	-0.00111591	-0.0014476	0.00263527	0.00182778	0.786211	232.373	82.6082	0.00799766	
365.224	0.000279358	-0.00182429	0.0026358	0.00184556	0.782602	278.706	81.8292	0.00799928	
365.232	0.00155408	-0.00111822	0.0026362	0.00191457	0.768182	324.264	78.8913	0.00800049	
365.24	0.00200862	0.000287156	0.00263622	0.00202904	0.743637	8.13599	74.4411	0.00800054	
365.248	0.001307	0.00163992	0.00263636	0.00209704	0.7288	51.4454	72.0311	0.00800098	
365.256	-0.000140806	0.00222013	0.00263625	0.00222459	0.700447	93.629	67.8985	0.00800065	
365.264	-0.00164405	0.00165291	0.00263632	0.00233131	0.676382	134.846	64.7919	0.00800083	
365.272	-0.00233532	0.000195008	0.00263647	0.00234345	0.673658	175.227	64.4602	0.00800132	
365.28	-0.00199827	-0.0013501	0.00263616	0.00241161	0.658069	214.044	62.6309	0.00800037	
365.288	-0.000716263	-0.00228599	0.00263632	0.00239557	0.661762	252.603	63.0539	0.00800086	
365.296	0.000836039	-0.00218037	0.00263625	0.00233516	0.675495	290.979	64.6835	0.00800065	
365.304	0.00195321	-0.00121835	0.00263666	0.00230204	0.683079	328.045	65.624	0.00800187	
365.312	0.00216619	0.000189895	0.00263646	0.0021745	0.711678	5.00993	69.468	0.00800128	
365.32	0.00149954	0.00135708	0.00263635	0.00202245	0.745089	42.1451	74.6876	0.00800094	
365.328	0.000421394	0.00181778	0.00263615	0.00186598	0.778396	76.9483	80.9443	0.00800034	
365.336	-0.000565267	0.00156193	0.00263611	0.00166107	0.819939	109.895	90.9284	0.00800021	
365.344	-0.00116793	0.000885496	0.00263603	0.00146566	0.85678	142.832	103.048	0.00799998	
365.352	-0.0012479	0.000121839	0.00263596	0.00125383	0.893036	174.424	120.454	0.00799975	
365.36	-0.000975497	-0.000403262	0.00263598	0.00105556	0.922952	202.46	143.081	0.00799983	
365.368	-0.000598233	-0.000640582	0.00263572	0.000876486	0.946209	226.958	172.297	0.00799902	
365.376	-0.000351394	-0.000714085	0.00263581	0.000795861	0.955439	243.799	189.757	0.00799929	
365.384	-0.000131231	-0.000754769	0.00263568	0.000766093	0.958637	260.137	197.121	0.0079989	
365.392	0.000120621	-0.000828731	0.00263575	0.000837463	0.950776	278.281	180.327	0.00799911	
365.4	0.000523076	-0.000833634	0.00263592	0.000984151	0.932674	302.107	153.459	0.00799962	
365.408	0.00102281	-0.000570958	0.00263604	0.00117138	0.905984	330.829	128.936	0.00799999	
365.416	0.0013064	2.17862e-05	0.00263598	0.00130658	0.8844	0.955402	115.592	0.00799981	
365.424	0.00120184	0.000771292	0.00263624	0.00142804	0.863538	32.6907	105.771	0.0080006	
365.432	0.000644456	0.00133891	0.00263618	0.00148594	0.853113	64.2972	101.647	0.00800042	
365.44	-0.000249964	0.00155933	0.00263614	0.00157924	0.835735	99.1072	95.6408	0.00800031	
365.448	-0.00108898	0.0011889	0.00263612	0.00161225	0.829421	132.488	93.6817	0.00800023	
365.456	-0.00154508	0.000354438	0.00263616	0.00158521	0.834601	167.08	95.2812	0.00800037	
365.464	-0.00141397	-0.000529837	0.00263604	0.00150998	0.84869	200.542	100.024	0.00800001	
365.472	-0.000778119	-0.0011187	0.00263588	0.0013627	0.87491	235.179	110.828	0.00799952	
365.48	-2.87132e-05	-0.0011988	0.00263587	0.00119914	0.901692	268.628	125.943	0.00799949	
365.488	0.000508617	-0.00084912	0.00263576	0.000989796	0.931919	300.921	152.575	0.00799915	
365.496	0.000660803	-0.000386909	0.00263595	0.000765741	0.958683	329.65	197.232	0.00799972	
365.504	0.000714197	-0.000206977	0.00263588	0.000743583	0.960991	343.838	203.104	0.0079995	
365.512	0.00035045	-4.92528e-05	0.00263583	0.000353894	0.991027	352	426.744	0.00799937	
365.52	0.000400356	-0.000200407	0.00263578	0.000447714	0.985677	333.409	337.311	0.00799919	
365.528	0.000703617	-0.000173038	0.00263572	0.000724582	0.962918	346.184	208.418	0.00799904	
365.536	0.00107655	0.000245614	0.00263558	0.00110422	0.915975	12.852	136.755	0.0079986	
365.544	0.00107309	0.00105014	0.00263615	0.00150143	0.850274	44.3806	100.597	0.00800033	
365.552	0.000402432	0.00182448	0.00263617	0.00186833	0.777907	77.5612	80.843	0.00800041	
365.56	-0.000798256	0.00211502	0.00263611	0.00226064	0.692318	110.678	66.812	0.00800021	
365.568	-0.00215031	0.00149932	0.00263619	0.00262141	0.60993	145.114	57.6187	0.00800044	
365.576	-0.00299226	-2.99694e-05	0.002636	0.00299241	0.525004	180.574	50.4716	0.00799987	
365.584	-0.00273937	-0.00195673	0.00263589	0.00336645	0.44239	215.538	44.862	0.00799955	
365.592	-0.00120859	-0.00343951	0.00263571	0.00364567	0.384197	250.639	41.4231	0.007999	
365.6	0.0011135	-0.00378561	0.00263586	0.00394598	0.326097	286.391	38.2728	0.00799945	
365.608	0.0032921	-0.00256663	0.0026362	0.00417439	0.285443	322.059	36.1833	0.00800049	
365.616	0.00438076	-0.000146865	0.00263612	0.00438322	0.25098	358.08	34.4583	0.00800023	
365.624	0.00376661	0.00251075	0.00263616	0.00452672	0.228933	33.6866	33.3665	0.00800036	
365.632	0.0015945	0.00429582	0.00263624	0.00458219	0.22078	69.6363	32.9636	0.0080006	
365.64	-0.00126083	0.0044561	0.0026363	0.00463104	0.213761	105.799	32.6166	0.00800079	
365.648	-0.00362255	0.00282872	0.0026363	0.00459614	0.218771	142.015	32.8643	0.00800079	
365.656	-0.00454408	0.000160145	0.00263626	0.0045469	0.225963	177.982	33.2197	0.00800067	
365.664	-0.00362185	-0.00246224	0.00263619	0.00437955	0.251581	214.209	34.4881	0.00800044	
365.672	-0.0014102	-0.00390636	0.0026362	0.00415311	0.289105	250.15	36.3687	0.00800048	
365.68	0.00117853	-0.00375967	0.00263632	0.00394006	0.327322	287.404	38.337	0.00800084	
365.688	0.00294628	-0.00216183	0.0026364	0.00365432	0.38265	323.731	41.336	0.0080011	
365.696	0.00331107	0.000108705	0.00263643	0.00331285	0.45408	1.88039	45.597	0.00800117	
365.704	0.00224585	0.00186034	0.00263623	0.00291629	0.542332	39.6365	51.7936	0.00800058	
365.712	0.000492084	0.00244022	0.0026362	0.00248934	0.640284	78.5989	60.676	0.00800048	
365.72	-0.000997237	0.00179712	0.00263625	0.00205527	0.737933	119.026	73.4921	0.00800065	
365.728	-0.00149972	0.000490973	0.00263611	0.00157804	0.835958	161.873	95.7121	0.0080002	
365.736	-0.000977488	-0.000624189	0.0026362	0.00115978	0.90776	212.561	130.234	0.00800049	
365.744	0.000100527	-0.000888087	0.00263624	0.000893759	0.94415	276.458	169	0.00800061	
365.752	0.000907422	-0.000182708	0.00263634	0.000925633	0.940224	348.616	163.187	0.00800092	
365.76	0.000782955	0.000943575	0.00263633	0.00122611	0.897492	50.315	123.195	0.00800088	
365.768	-0.000297947	0.00168384	0.00263629	0.00171	0.810287	100.034	88.3322	0.00800075	
365.776	-0.00179169	0.00131385	0.0026363	0.00222179	0.701081	143.747	67.985	0.00800077	
365.784	-0.00274638	-0.000203639	0.00263638	0.00275392	0.579506	184.241	54.8503	0.00800102	
365.792	-0.00239152	-0.00222958	0.00263622	0.00326962	0.463414	222.993	46.1962	0.00800053	
365.8	-0.000606658	-0.00372688	0.00263629	0.00377593	0.358535	260.755	40.0029	0.00800075	
365.808	0.00202736	-0.00371065	0.00263624	0.00422837	0.276287	298.65	35.7218	0.0080006	
365.816	0.00426379	-0.0019162	0.0026363	0.00467458	0.207618	335.8	32.3127	0.00800077	
365.824	0.00495502	0.00112447	0.00263605	0.00508101	0.15604	12.7859	29.7253	0.00800004	
365.832	0.0034898	0.00411093	0.00263582	0.00539244	0.123352	49.6718	28.0061	0.00799933	
365.84	0.000330307	0.00571232	0.00263569	0.00572186	0.0947567	86.6906	26.3924	0.00799893	
365.848	-0.00324785	0.00493499	0.00263572	0.00590785	0.0811017	123.35	25.5619	0.00799904	
365.856	-0.00570792	0.00205611	0.00263607	0.00606695	0.0707581	160.19	24.8948	0.00800008	
365.864	-0.00586037	-0.00183086	0.00263646	0.0061397	0.0664315	197.35	24.6035	0.00800127	
365.872	-0.0036372	-0.00496118	0.00263652	0.00615163	0.0657436	233.754	24.5564	0.00800147	
365.88	0.000108565	-0.00616854	0.00263678	0.0061695	0.0647451	271.008	24.4876	0.00800224	
365.888	0.0036464	-0.00473865	0.00263714	0.00597922	0.0765081	307.578	25.2703	0.00800332	
365.896	0.00562363	-0.0015321	0.00263713	0.0058286	0.0869433	344.76	25.9233	0.00800332	
365.904	0.00511139	0.00207087	0.00263716	0.00551496	0.112291	22.0552	27.3979	0.00800341	
365.912	0.00259074	0.00446159	0.00263703	0.00515923	0.147511	59.8572	29.2855	0.00800302	
365.92	-0.000662377	0.00472609	0.00263691	0.00477228	0.194429	97.9782	31.6586	0.00800264	
365.928	-0.0031275	0.00297571	0.00263662	0.00431695	0.261745	136.425	34.994	0.00800175	
365.936	-0.00381011	0.000282637	0.00263653	0.00382058	0.349961	175.758	39.5391	0.00800149	
365.944	-0.00269419	-0.00193425	0.00263612	0.00331662	0.453181	215.676	45.5399	0.00800025	
365.952	-0.000589487	-0.00272506	0.00263608	0.00278809	0.571592	257.794	54.1718	0.00800011	
365.96	0.00120437	-0.00189428	0.00263594	0.00224473	0.695865	302.448	67.2812	0.00799968	
365.968	0.00174814	-0.000184063	0.00263592	0.0017578	0.800632	353.989	85.9183	0.00799963	
365.976	0.000859821	0.00117921	0.00263583	0.00145939	0.857891	53.9023	103.483	0.00799935	
365.984	-0.000667313	0.00127861	0.00263565	0.00144228	0.860945	117.56	104.704	0.00799881	
365.992	-0.00172887	6.91489e-05	0.00263575	0.00173026	0.806164	177.71	87.2803	0.00799912	
366	-0.00151125	-0.00164374	0.00263561	0.00223288	0.698465	227.405	67.6299	0.00799868	
366.008	0.000157312	-0.00280433	0.00263586	0.00280874	0.566806	273.211	53.7692	0.00799946	
366.016	0.00242462	-0.00236077	0.00263585	0.00338409	0.438603	315.764	44.6274	0.00799942	
366.024	0.00396224	-0.00025806	0.00263583	0.00397064	0.32154	356.274	38.0347	0.00799936	
366.032	0.00367961	0.00259578	0.00263596	0.00450306	0.232428	35.201	33.5393	0.00799976	
366.04	0.00140515	0.00479816	0.00263598	0.00499968	0.165507	73.6773	30.2081	0.00799983	
366.048	-0.0020154	0.00505933	0.0026361	0.00544597	0.11836	111.72	27.7337	0.00800017	
366.056	-0.00502392	0.00296645	0.00263615	0.00583434	0.0863672	149.44	25.8881	0.00800032	
366.064	-0.00615101	-0.000737859	0.00263593	0.00619511	0.0631753	186.84	24.3786	0.00799967	
366.072	-0.00465402	-0.00445986	0.00263584	0.00644595	0.050275	223.78	23.429	0.00799938	
366.08	-0.00107004	-0.00657602	0.00263569	0.00666251	0.0409709	260.758	22.6662	0.00799894	
366.088	0.00313424	-0.00601827	0.0026358	0.0067855	0.0363822	297.51	22.2563	0.00799926	
366.096	0.00615966	-0.00297383	0.00263583	0.00683997	0.0344931	334.229	22.0793	0.00799936	
366.104	0.00671307	0.00123865	0.00263591	0.00682638	0.0349644	10.4542	22.124	0.00799962	
366.112	0.00462794	0.00490679	0.00263598	0.00674496	0.0378648	46.6752	22.3916	0.00799983	
366.12	0.000851241	0.00653262	0.00263598	0.00658784	0.0440252	82.5758	22.9257	0.00799983	
366.128	-0.00303962	0.00560663	0.00263623	0.00637759	0.0535964	118.464	23.6837	0.00800058	
366.136	-0.00551354	0.00272302	0.00263616	0.00614931	0.0658289	153.716	24.5622	0.00800035	
366.144	-0.00577888	-0.000899833	0.00263644	0.00584851	0.0853916	188.85	25.8283	0.00800122	
366.152	-0.00398299	-0.00377961	0.00263654	0.00549087	0.114334	223.499	27.5115	0.0080015	
366.16	-0.00109917	-0.00501808	0.00263665	0.00513705	0.14987	257.645	29.4077	0.00800184	
366.168	0.0016785	-0.00446049	0.00263672	0.00476585	0.195242	290.621	31.6991	0.00800206	
366.176	0.00351403	-0.00262583	0.00263662	0.00438673	0.250558	323.231	34.4373	0.00800177	
366.184	0.0040085	-0.000389249	0.00263663	0.00402735	0.311435	354.454	37.5105	0.0080018	
366.192	0.00337244	0.00157494	0.00263635	0.00372207	0.369123	25.0327	40.5828	0.00800095	
366.2	0.00199683	0.00280989	0.00263629	0.00344715	0.425336	54.6008	43.8184	0.00800076	
366.208	0.000437738	0.00325101	0.00263614	0.00328035	0.461055	82.3314	46.0437	0.00800029	
366.216	-0.00106971	0.00299928	0.00263595	0.00318433	0.482064	109.629	47.4288	0.00799972	
366.224	-0.00236207	0.00214841	0.00263562	0.00319297	0.480067	137.712	47.2944	0.00799871	
366.232	-0.00316446	0.00080985	0.00263559	0.00326645	0.463936	165.645	46.2301	0.00799863	
366.24	-0.00325971	-0.000870884	0.00263545	0.00337404	0.440641	194.958	44.7534	0.00799819	
366.248	-0.00252923	-0.00255327	0.00263546	0.0035939	0.394631	225.271	42.0157	0.00799823	
366.256	-0.00082033	-0.00371075	0.00263541	0.00380034	0.353551	257.534	39.7327	0.00799808	
366.264	0.00138238	-0.00379073	0.00263549	0.00403492	0.309757	290.036	37.424	0.00799834	
366.272	0.00340043	-0.00253453	0.00263571	0.00424108	0.274013	323.301	35.6076	0.00799899	
366.28	0.0044094	-0.000186362	0.00263571	0.00441334	0.246136	357.58	34.2179	0.007999	
366.288	0.00384168	0.00243783	0.00263588	0.00454989	0.225423	32.3982	33.193	0.0079995	
366.296	0.00177067	0.00433625	0.00263595	0.00468384	0.206243	67.7878	32.2446	0.00799972	
366.304	-0.00108205	0.00464318	0.002636	0.0047676	0.194835	103.118	31.6788	0.00799988	
366.312	-0.00361225	0.00313372	0.00263598	0.00478211	0.192898	139.058	31.5825	0.00799983	
366.32	-0.00478369	0.00040351	0.00263602	0.00480068	0.190453	175.178	31.4608	0.00799995	
366.328	-0.00406013	-0.00246101	0.00263602	0.00474776	0.197505	211.222	31.8114	0.00799995	
366.336	-0.00176989	-0.00432457	0.00263609	0.00467273	0.207826	247.742	32.323	0.00800014	
366.344	0.0010905	-0.00442503	0.00263606	0.00455742	0.22436	283.844	33.1405	0.00800006	
366.352	0.00335153	-0.00276838	0.00263604	0.00434703	0.256731	320.443	34.7442	0.00799999	
366.36	0.00416937	-0.000264163	0.00263613	0.00417773	0.284851	356.375	36.1534	0.00800026	
366.368	0.00334285	0.00213772	0.00263608	0.00396793	0.322107	32.5986	38.0642	0.00800013	
366.376	0.00135596	0.0034313	0.00263614	0.00368951	0.375529	68.4374	40.9377	0.00800032	
366.384	-0.000813117	0.00331709	0.00263619	0.00341529	0.432049	103.773	44.2253	0.00800044	
366.392	-0.00239052	0.002061	0.00263621	0.00315631	0.488335	139.234	47.8545	0.00800052	
366.4	-0.00277691	0.000358034	0.00263602	0.00279989	0.568872	172.653	53.9423	0.00799994	
366.408	-0.00232123	-0.00111717	0.00263589	0.00257608	0.62029	205.701	58.6259	0.00799953	
366.416	-0.0011901	-0.00189975	0.00263595	0.00224174	0.696539	237.935	67.3712	0.00799972	
366.424	-9.4623e-05	-0.00197641	0.00263594	0.00197867	0.754471	267.259	76.3282	0.00799969	
366.432	0.000710669	-0.00157732	0.00263582	0.00173003	0.806219	294.254	87.2941	0.00799933	
366.44	0.00127786	-0.0010622	0.00263583	0.00166168	0.819783	320.266	90.8848	0.00799935	
366.448	0.00153968	-0.000432531	0.00263567	0.00159928	0.831859	344.309	94.4256	0.00799889	
366.456	0.00164061	0.000293887	0.00263574	0.00166672	0.818783	10.1559	90.6071	0.00799909	
366.464	0.00146345	0.000958353	0.00263564	0.00174932	0.802309	33.2191	86.3253	0.00799877	
366.472	0.000916593	0.00176969	0.00263565	0.00199297	0.751346	62.6185	75.772	0.00799881	
366.48	-0.000205353	0.00216873	0.0026358	0.00217843	0.710679	95.4091	69.3251	0.00799927	
366.488	-0.00143561	0.00183216	0.00263608	0.00232762	0.677172	128.081	64.8888	0.00800013	
366.496	-0.00235322	0.0009845	0.00263617	0.00255086	0.626153	157.297	59.2121	0.00800041	
366.504	-0.002726	-0.000753641	0.00263603	0.00282826	0.562378	195.454	53.4016	0.00799997	
366.512	-0.00201043	-0.0021706	0.00263619	0.0029586	0.532709	227.194	51.0521	0.00800046	
366.52	-0.000230892	-0.00300089	0.00263618	0.00300976	0.521131	265.6	50.184	0.00800042	
366.528	0.00180392	-0.00273749	0.00263636	0.00327841	0.461538	303.384	46.0749	0.00800097	
366.536	0.00317607	-0.00119623	0.00263617	0.00339387	0.436604	339.362	44.5042	0.0080004	
366.544	0.00328596	0.000865159	0.00263634	0.00339795	0.435779	14.7506	44.4536	0.0080009	
366.552	0.00218224	0.00283404	0.00263636	0.00357686	0.398371	52.4033	42.2305	0.00800098	
366.56	7.28972e-06	0.00345998	0.00263628	0.00345999	0.422628	89.8793	43.6556	0.00800073	
366.568	-0.00214294	0.00276329	0.00263653	0.00349684	0.414974	127.794	43.1996	0.0080015	
366.576	-0.00325789	0.000786256	0.00263636	0.00335143	0.445742	166.432	45.0711	0.00800098	
366.584	-0.00295752	-0.00142934	0.00263655	0.00328481	0.460198	205.794	45.9885	0.00800155	
366.592	-0.00134453	-0.00281991	0.00263647	0.00312404	0.495576	244.508	48.3535	0.0080013	
366.6	0.000737334	-0.00284953	0.00263655	0.00294338	0.536255	284.507	51.3231	0.00800156	
366.608	0.00224759	-0.00164361	0.00263645	0.00278444	0.572519	323.823	54.2505	0.00800123	
366.616	0.00265039	0.000205822	0.00263644	0.00265837	0.601484	4.44051	56.823	0.0080012	
366.624	0.00165935	0.00176192	0.00263632	0.00242029	0.656118	46.7172	62.4099	0.00800083	
366.632	6.00604e-06	0.00226373	0.00263632	0.00226374	0.69166	89.848	66.7258	0.00800085	
366.64	-0.00142332	0.0015413	0.00263616	0.00209796	0.728564	132.721	71.9942	0.00800036	
366.648	-0.00200832	7.86948e-05	0.00263605	0.00200986	0.747764	177.756	75.1467	0.00800003	
366.656	-0.00138599	-0.00133554	0.00263612	0.00192475	0.766014	223.938	78.4719	0.00800024	
366.664	-1.14509e-05	-0.00193057	0.00263625	0.00193061	0.764789	269.66	78.2375	0.00800063	
366.672	0.00139771	-0.00136761	0.00263624	0.00195549	0.759486	315.624	77.2418	0.00800059	
366.68	0.00204417	-1.94706e-05	0.00263608	0.00204426	0.740304	359.454	73.883	0.00800012	
366.688	0.00159495	0.00142346	0.00263543	0.00213778	0.719644	41.7483	70.6335	0.00799814	
366.696	0.000211334	0.00233981	0.00263615	0.00234933	0.672256	84.839	64.2908	0.00800033	
366.704	-0.00144827	0.00201979	0.00263609	0.00248536	0.641173	125.642	60.7705	0.00800014	
366.712	-0.00252855	0.000679752	0.00263607	0.00261833	0.610613	164.953	57.6841	0.00800009	
366.72	-0.00251967	-0.00116992	0.00263609	0.00277803	0.573904	204.906	54.3684	0.00800016	
366.728	-0.00134759	-0.00259288	0.00263524	0.00292216	0.540747	242.538	51.6701	0.00799757	
366.736	0.000540979	-0.00294246	0.00263609	0.00299177	0.525171	280.418	50.4841	0.00800015	
366.744	0.0022905	-0.00209297	0.00263613	0.00310273	0.500242	317.58	48.6795	0.00800028	
366.752	0.00315197	-0.000296367	0.0026362	0.00316587	0.486213	354.629	47.7098	0.00800047	
366.76	0.00274694	0.0016241	0.00263627	0.00319114	0.480644	30.5933	47.3332	0.00800068	
366.768	0.00130427	0.00292158	0.00263614	0.0031995	0.478768	65.9427	47.2073	0.0080003	
366.776	-0.000641356	0.00311648	0.00263626	0.00318179	0.482709	101.629	47.4723	0.00800067	
366.784	-0.00229916	0.0021446	0.00263612	0.00314412	0.491018	136.992	48.0385	0.00800024	
366.792	-0.00298269	0.000450715	0.00263611	0.00301655	0.51958	171.407	50.0697	0.00800021	
366.8	-0.00262878	-0.00127232	0.00263606	0.0029205	0.541332	205.827	51.7156	0.00800006	
366.808	-0.00138855	-0.00240626	0.00263612	0.00277816	0.573882	240.013	54.3665	0.00800025	
366.816	0.000152593	-0.00256409	0.0026361	0.00256863	0.622051	273.406	58.8008	0.00800017	
366.824	0.00140654	-0.00194239	0.0026361	0.00239817	0.661123	305.909	62.9803	0.00800018	
366.832	0.0019962	-0.000807777	0.00263628	0.00215344	0.716325	337.969	70.1424	0.00800071	
366.84	0.00187695	0.000293502	0.00263622	0.00189976	0.771315	8.8875	79.5072	0.00800054	
366.848	0.00134332	0.000985918	0.00263625	0.0016663	0.818929	36.2764	90.6476	0.00800064	
366.856	0.00066404	0.00126021	0.002636	0.00142446	0.864151	62.214	106.028	0.00799989	
366.864	0.000159234	0.00120354	0.00263575	0.00121403	0.899355	82.4633	124.393	0.00799911	
366.872	-0.000168537	0.00112178	0.00263576	0.00113437	0.911548	98.5443	133.13	0.00799915	
366.88	-0.000425279	0.00112286	0.00263544	0.0012007	0.90142	110.744	125.76	0.00799818	
366.888	-0.00089495	0.0011099	0.00263572	0.00142577	0.863891	128.88	105.919	0.00799902	
366.896	-0.00151952	0.000819812	0.00263539	0.00172656	0.806858	151.652	87.4552	0.00799803	
366.904	-0.00209464	5.03366e-05	0.00263552	0.00209524	0.729049	178.623	72.07	0.00799842	
366.912	-0.00223887	-0.00119709	0.0026357	0.00253881	0.628818	208.133	59.4825	0.00799898	
366.92	-0.00151184	-0.00258072	0.0026359	0.00299095	0.525309	239.637	50.4944	0.00799957	
366.928	0.000141631	-0.00341029	0.00263576	0.00341323	0.432369	272.378	44.2448	0.00799913	
366.936	0.00224033	-0.00315236	0.00263563	0.00386736	0.340774	305.401	39.0475	0.00799877	
366.944	0.00399357	-0.0014727	0.00263581	0.00425646	0.271475	339.758	35.4803	0.00799929	
366.952	0.00450741	0.00109513	0.00263589	0.00463854	0.212591	13.6561	32.5588	0.00799954	
366.96	0.00331553	0.00369122	0.00263553	0.00496163	0.169978	48.0691	30.4344	0.00799844	
366.968	0.000634508	0.00521259	0.00263562	0.00525106	0.13742	83.0598	28.758	0.00799873	
366.976	-0.00255556	0.00483521	0.00263581	0.00546902	0.116184	117.858	27.6139	0.00799931	
366.984	-0.00503182	0.00255098	0.00263577	0.00564152	0.101207	153.116	26.7691	0.00799918	
366.992	-0.00567183	-0.000794115	0.00263522	0.00572715	0.0942654	187.97	26.3634	0.0079975	
