363	0.00976534	-0.00100921	0.0069714	0.00981735	0.370998	354.1	40.6863	0.0211572	
363.008	0.00818058	0.00649326	0.00697136	0.0104443	0.32554	38.4405	38.2436	0.0211571	
363.016	0.0023084	0.0113116	0.00697139	0.0115447	0.253803	78.4658	34.5985	0.0211571	
363.024	-0.00516464	0.0115196	0.00697138	0.0126244	0.194049	114.148	31.6397	0.0211571	
363.032	-0.0112212	0.00730073	0.00697122	0.0133872	0.158205	146.951	29.8362	0.0211566	
363.04	-0.013579	0.000630718	0.00697143	0.0135936	0.14941	177.341	29.3839	0.0211573	
363.048	-0.011869	-0.00585405	0.00697147	0.0132341	0.164997	206.254	30.1822	0.0211574	
363.056	-0.00723566	-0.0100475	0.00697151	0.0123817	0.20656	234.241	32.2604	0.0211575	
363.064	-0.00159458	-0.0109984	0.00697137	0.0111134	0.28065	261.751	35.9414	0.0211571	
363.072	0.00319094	-0.00909757	0.00697135	0.00964095	0.384328	289.328	41.4305	0.021157	
363.08	0.00603097	-0.00551779	0.00697136	0.00817427	0.502863	317.544	48.8642	0.021157	
363.088	0.00666697	-0.00147186	0.00697148	0.00682751	0.619055	347.551	58.504	0.0211574	
363.096	0.00545082	0.00199661	0.00697149	0.00580498	0.707036	20.1175	68.8094	0.0211575	
363.104	0.00295824	0.00437755	0.00697138	0.00528338	0.750375	55.9502	75.6013	0.0211571	
363.112	-0.000244034	0.00535727	0.00697149	0.00536283	0.743881	92.6081	74.4826	0.0211575	
363.12	-0.0036329	0.00469426	0.00697154	0.00593583	0.695954	127.736	67.293	0.0211576	
363.128	-0.00643082	0.00234847	0.00697162	0.00684622	0.617439	159.938	58.3453	0.0211579	
363.136	-0.00775974	-0.00139644	0.00697156	0.00788439	0.527552	190.202	50.6623	0.0211577	
363.144	-0.00684211	-0.00561081	0.00697143	0.00884848	0.446866	219.353	45.1415	0.0211573	
363.152	-0.00350464	-0.00891154	0.00697139	0.00957591	0.389306	248.532	41.7121	0.0211572	
363.16	0.00141543	-0.00991447	0.00697149	0.010015	0.356344	278.125	39.8839	0.0211575	
363.168	0.00635392	-0.00779728	0.00697142	0.0100583	0.353162	309.176	39.7117	0.0211572	
363.176	0.00934021	-0.00300633	0.00697144	0.00981211	0.371395	342.158	40.7083	0.0211573	
363.184	0.00892871	0.00287907	0.00697146	0.00938141	0.404365	17.872	42.5774	0.0211574	
363.192	0.00497515	0.00753605	0.00697136	0.00903018	0.432171	56.568	44.2327	0.0211571	
363.2	-0.00104282	0.00888416	0.00697143	0.00894515	0.439028	96.6947	44.6536	0.0211573	
363.208	-0.00678934	0.00642892	0.00697142	0.0093502	0.4068	136.562	42.7192	0.0211572	
363.216	-0.00988875	0.00105313	0.00697122	0.00994467	0.361499	173.921	40.1644	0.0211566	
363.224	-0.009247	-0.00503653	0.00697142	0.0105297	0.319608	208.576	37.9341	0.0211572	
363.232	-0.00522581	-0.00936333	0.00697142	0.0107229	0.306385	240.833	37.2504	0.0211573	
363.24	0.000231486	-0.010346	0.00697142	0.0103485	0.332287	271.282	38.598	0.0211573	
363.248	0.00464337	-0.00801049	0.00697134	0.00925899	0.413958	300.099	43.1395	0.021157	
363.256	0.0062653	-0.00398008	0.00697153	0.0074226	0.567341	327.574	53.8139	0.0211576	
363.264	0.0049548	-0.000550513	0.00697144	0.00498529	0.774386	353.66	80.1226	0.0211573	
363.272	0.00196992	0.00046424	0.00697147	0.00202388	0.958736	13.2606	197.361	0.0211574	
363.28	-0.000444112	-0.00134324	0.00697137	0.00141475	0.979619	251.705	282.332	0.0211571	
363.288	-0.000426238	-0.00467137	0.00697134	0.00469078	0.79742	264.787	85.1519	0.021157	
363.296	0.00250148	-0.00748592	0.00697136	0.00789281	0.526812	288.477	50.6068	0.0211571	
363.304	0.00739901	-0.00769434	0.00697136	0.0106747	0.309651	313.879	37.4185	0.0211571	
363.312	0.0120408	-0.00442363	0.00697133	0.0128277	0.183981	339.827	31.1379	0.021157	
363.32	0.0142154	0.00149477	0.00697152	0.0142938	0.122226	6.00269	27.945	0.0211575	
363.328	0.0126561	0.00801327	0.00697134	0.0149796	0.0994046	32.3401	26.6647	0.021157	
363.336	0.00764637	0.0128157	0.00697142	0.0149234	0.101145	59.1779	26.7656	0.0211573	
363.344	0.00083544	0.0141591	0.0069715	0.0141837	0.12623	86.6232	28.1617	0.0211575	
363.352	-0.00542385	0.0117489	0.00697155	0.0129405	0.178583	114.78	30.8676	0.0211576	
363.36	-0.00916752	0.00669248	0.00697152	0.0113505	0.265701	143.87	35.1914	0.0211575	
363.368	-0.00958839	0.00087558	0.00697154	0.00962828	0.385314	174.782	41.4861	0.0211576	
363.376	-0.00711472	-0.00367222	0.00697135	0.00800652	0.517102	207.3	49.8879	0.021157	
363.384	-0.0031362	-0.00580774	0.00697137	0.00660042	0.638774	241.631	60.5159	0.0211571	
363.392	0.000690819	-0.00549518	0.00697153	0.00553843	0.729377	277.165	72.1213	0.0211576	
363.4	0.00322049	-0.00354563	0.00697134	0.00478989	0.789748	312.249	83.3899	0.021157	
363.408	0.00405074	-0.00104329	0.00697142	0.00418293	0.835264	345.557	95.4911	0.0211572	
363.416	0.00346853	0.00098342	0.00697133	0.00360525	0.874832	15.8294	110.791	0.021157	
363.424	0.00215034	0.00197221	0.00697143	0.0029178	0.91614	42.5259	136.896	0.0211573	
363.432	0.000911573	0.00194938	0.00697155	0.00215198	0.953475	64.9382	185.615	0.0211576	
363.44	0.000195147	0.00129672	0.00697153	0.00131132	0.982465	81.4416	304.608	0.0211576	
363.448	0.000176326	0.000517415	0.00697141	0.000546634	0.996931	71.1818	730.712	0.0211572	
363.456	0.000675344	-7.61915e-05	0.00697134	0.000679629	0.995259	353.563	587.716	0.021157	
363.464	0.00149351	-0.000185797	0.00697134	0.00150503	0.976966	352.909	265.396	0.021157	
363.472	0.00234407	0.000202045	0.0069714	0.00235276	0.944642	4.92637	169.772	0.0211572	
363.48	0.002988	0.00100264	0.00697148	0.00315173	0.902856	18.5494	126.735	0.0211574	
363.488	0.0032076	0.00214623	0.00697135	0.00385941	0.857922	33.7868	103.495	0.021157	
363.496	0.00298166	0.00333917	0.00697136	0.00447665	0.813689	48.2372	89.2251	0.0211571	
363.504	0.00221437	0.0044327	0.0069714	0.00495503	0.776783	63.4554	80.6114	0.0211572	
363.512	0.00108966	0.00518033	0.00697146	0.00529369	0.749539	78.1212	75.455	0.0211574	
363.52	-0.000203637	0.00543289	0.00697154	0.00543671	0.737804	92.1466	73.4709	0.0211576	
363.528	-0.00137239	0.00523905	0.00697145	0.00541582	0.739521	104.679	73.7533	0.0211573	
363.536	-0.00226689	0.00472655	0.00697139	0.00524205	0.753743	115.623	76.1976	0.0211572	
363.544	-0.00285529	0.00417656	0.00697127	0.00505928	0.768477	124.358	78.9489	0.0211568	
363.552	-0.00321319	0.00373652	0.00697135	0.0049281	0.778911	130.694	81.0513	0.021157	
363.56	-0.00353835	0.00343093	0.00697136	0.00492861	0.778871	135.883	81.043	0.0211571	
363.568	-0.00397075	0.00325397	0.00697142	0.00513373	0.76251	140.666	77.8057	0.0211573	
363.576	-0.00451665	0.00308849	0.00697147	0.00547165	0.734912	145.636	73.001	0.0211574	
363.584	-0.00525787	0.00281122	0.00697146	0.00596222	0.693702	151.868	66.9943	0.0211574	
363.592	-0.00612261	0.00241327	0.0069715	0.00658105	0.640464	158.488	60.6951	0.0211575	
363.6	-0.00723316	0.00181158	0.0069714	0.00745657	0.564387	165.939	53.5678	0.0211572	
363.608	-0.00858188	0.000725592	0.00697134	0.0086125	0.466207	175.167	46.3778	0.021157	
363.616	-0.0100561	-0.00116025	0.00697141	0.0101228	0.348466	186.582	39.4587	0.0211572	
363.624	-0.0111036	-0.00417568	0.0069715	0.0118628	0.2351	200.61	33.6714	0.0211575	
363.632	-0.0109851	-0.00835505	0.00697141	0.0138014	0.14091	217.256	28.9415	0.0211572	
363.64	-0.00872275	-0.0130679	0.00697146	0.0157117	0.0788975	236.277	25.4229	0.0211574	
363.648	-0.0038578	-0.0170309	0.00697139	0.0174624	0.0434051	257.237	22.8738	0.0211571	
363.656	0.0032507	-0.0185811	0.0069714	0.0188634	0.0257137	279.923	21.175	0.0211572	
363.664	0.0111555	-0.0164064	0.00697152	0.0198397	0.0174335	304.214	20.1333	0.0211575	
363.672	0.0176319	-0.0100981	0.0069715	0.0203188	0.0143024	330.2	19.6585	0.0211575	
363.68	0.0202916	-0.00077904	0.00697147	0.0203065	0.0143757	357.801	19.6703	0.0211574	
363.688	0.017727	0.00904894	0.00697149	0.019903	0.0169876	27.0426	20.0692	0.0211574	
363.696	0.0101313	0.0163274	0.00697141	0.0192153	0.0224021	58.1801	20.7872	0.0211572	
363.704	-0.0002756	0.0184745	0.00697136	0.0184765	0.0298319	90.8547	21.6182	0.021157	
363.712	-0.0102424	0.0146294	0.00697131	0.0178586	0.0375829	124.997	22.3661	0.0211569	
363.72	-0.0163912	0.00600628	0.00697154	0.017457	0.0434945	159.876	22.8813	0.0211576	
363.728	-0.0166271	-0.00438072	0.00697152	0.0171946	0.0477601	194.76	23.2305	0.0211575	
363.736	-0.0111633	-0.0128834	0.00697152	0.0170471	0.050307	229.091	23.4315	0.0211575	
363.744	-0.00216454	-0.0166137	0.00697145	0.0167541	0.0556995	262.577	23.841	0.0211573	
363.752	0.00689148	-0.0145967	0.0069715	0.0161418	0.0685273	295.273	24.7456	0.0211575	
363.76	0.0126978	-0.00819259	0.00697149	0.0151113	0.0954439	327.17	26.433	0.0211575	
363.768	0.013601	-0.000270878	0.00697147	0.0136037	0.148992	358.859	29.3623	0.0211574	
363.776	0.00999773	0.00595742	0.0069712	0.0116381	0.248196	30.7898	34.3201	0.0211566	
363.784	0.00408508	0.00845032	0.00697138	0.00938593	0.404004	64.1998	42.5563	0.0211571	
363.792	-0.00130481	0.00684038	0.00697133	0.00696371	0.607194	100.8	57.3585	0.021157	
363.8	-0.00397862	0.00277574	0.00697137	0.0048512	0.784961	145.098	82.3362	0.0211571	
363.808	-0.00329896	-0.00140698	0.00697155	0.00358646	0.876056	203.098	111.374	0.0211576	
363.816	-0.000319671	-0.00361551	0.0069714	0.00362961	0.873249	264.947	110.048	0.0211572	
363.824	0.00296309	-0.00314513	0.00697139	0.00432109	0.825228	313.293	92.4377	0.0211572	
363.832	0.00477269	-0.000658951	0.00697144	0.00481796	0.787565	352.139	82.9052	0.0211573	
363.84	0.00427201	0.00208836	0.00697134	0.00475514	0.792447	26.0516	83.9993	0.021157	
363.848	0.00212146	0.00345142	0.00697144	0.00405128	0.844633	58.4224	98.5945	0.0211573	
363.856	-0.000117821	0.00276621	0.00697135	0.00276871	0.924163	92.4389	144.265	0.021157	
363.864	-0.000895604	0.000617611	0.00697142	0.00108791	0.987898	145.41	367.156	0.0211572	
363.872	0.000436361	-0.00148595	0.00697138	0.0015487	0.975626	286.365	257.913	0.0211571	
363.88	0.00328019	-0.00189364	0.00697138	0.00378755	0.862787	330.002	105.459	0.0211571	
363.888	0.00603351	0.000102422	0.0069713	0.00603438	0.68754	0.972532	66.1917	0.0211569	
363.896	0.00694206	0.00399489	0.00697141	0.00800945	0.51686	29.9188	49.8702	0.0211572	
363.904	0.00510289	0.00816481	0.00697133	0.00962827	0.385292	57.9952	41.4849	0.021157	
363.912	0.000780515	0.0106344	0.00697136	0.010663	0.310444	85.8023	37.4594	0.0211571	
363.92	-0.00453089	0.0101371	0.00697137	0.0111036	0.281279	114.083	35.9731	0.0211571	
363.928	-0.00865604	0.00663329	0.00697138	0.0109054	0.294189	142.536	36.6269	0.0211571	
363.936	-0.0100387	0.00139442	0.00697146	0.0101351	0.347578	172.092	39.4111	0.0211574	
363.944	-0.00829524	-0.0035447	0.00697144	0.00902086	0.432928	203.138	44.2789	0.0211573	
363.952	-0.00424492	-0.00635386	0.00697142	0.0076414	0.548416	236.254	52.2722	0.0211572	
363.96	0.00038357	-0.00618957	0.00697142	0.00620145	0.67324	273.546	64.4096	0.0211572	
363.968	0.00369933	-0.0035917	0.00697139	0.0051561	0.760704	315.846	77.4677	0.0211572	
363.976	0.00439163	0.000150741	0.00697146	0.00439422	0.819838	1.96588	90.9002	0.0211574	
363.984	0.00282255	0.00314432	0.00697148	0.00422535	0.832208	48.0867	94.5334	0.0211574	
363.992	9.48465e-05	0.00415355	0.00697132	0.00415463	0.83729	88.6919	96.1403	0.0211569	
364	-0.00248078	0.00317813	0.00697126	0.00403172	0.846	127.975	99.0702	0.0211567	
364.008	-0.00338812	0.000805913	0.00697127	0.00348265	0.882686	166.62	114.69	0.0211568	
364.016	-0.00242673	-0.00142882	0.00697142	0.00281612	0.921651	210.489	141.838	0.0211573	
364.024	3.56554e-06	-0.00221859	0.00697142	0.00221859	0.950622	270.092	180.039	0.0211573	
364.032	0.00250681	-0.00101207	0.00697138	0.0027034	0.927568	338.015	147.751	0.0211571	
364.04	0.00367835	0.0018842	0.00697133	0.00413286	0.838847	27.1233	96.6469	0.021157	
364.048	0.00264701	0.00529319	0.00697145	0.00591815	0.697449	63.4314	67.4932	0.0211573	
364.056	-0.000585654	0.00775552	0.00697147	0.0077776	0.536699	94.3185	51.3572	0.0211574	
364.064	-0.00510768	0.00799381	0.00697146	0.00948628	0.396216	122.577	42.1066	0.0211574	
364.072	-0.00940159	0.00551318	0.00697141	0.0108989	0.294625	149.612	36.649	0.0211572	
364.08	-0.0119155	0.000773215	0.00697146	0.0119405	0.230665	176.287	33.4521	0.0211574	
364.088	-0.01161	-0.00489398	0.00697138	0.0125993	0.195314	202.857	31.7026	0.0211571	
364.096	-0.00823639	-0.00985419	0.00697144	0.012843	0.183248	230.11	31.1012	0.0211573	
364.104	-0.00265628	-0.0124486	0.00697151	0.0127288	0.188842	257.955	31.3805	0.0211575	
364.112	0.0036598	-0.0117664	0.00697143	0.0123224	0.209689	287.278	32.4152	0.0211573	
364.12	0.00883914	-0.00786393	0.00697152	0.011831	0.236934	318.341	33.7621	0.0211575	
364.128	0.0112272	-0.00174336	0.00697131	0.0113618	0.264978	351.174	35.1553	0.0211569	
364.136	0.0100307	0.00481906	0.00697137	0.0111283	0.279692	25.661	35.8931	0.0211571	
364.144	0.00546181	0.00984157	0.00697141	0.0112556	0.271618	60.9709	35.4875	0.0211572	
364.152	-0.00113353	0.0116496	0.00697137	0.0117047	0.244277	95.5575	34.1258	0.0211571	
364.16	-0.007734	0.00964661	0.00697139	0.0123641	0.207474	128.72	32.3056	0.0211571	
364.168	-0.0122388	0.0044265	0.00697151	0.0130147	0.175074	160.116	30.6913	0.0211575	
364.176	-0.0131736	-0.00232064	0.00697163	0.0133764	0.158709	189.991	29.8619	0.0211579	
364.184	-0.0103855	-0.0083823	0.0069716	0.0133462	0.160029	218.908	29.9294	0.0211578	
364.192	-0.00488985	-0.0117758	0.00697158	0.0127507	0.187769	247.45	31.327	0.0211577	
364.2	0.00130045	-0.0115299	0.0069714	0.011603	0.250306	276.435	34.4248	0.0211572	
364.208	0.00585045	-0.00800027	0.0069715	0.00991121	0.364007	306.177	40.3016	0.0211575	
364.216	0.00729768	-0.00280419	0.00697128	0.00781791	0.533221	338.98	51.091	0.0211568	
364.224	0.00538965	0.00180602	0.00697144	0.0056842	0.717199	18.5255	70.271	0.0211573	
364.232	0.00119838	0.00387892	0.00697151	0.00405982	0.844034	72.8317	98.388	0.0211575	
364.24	-0.00312684	0.00274011	0.00697153	0.00415756	0.837089	138.771	96.0754	0.0211576	
364.248	-0.00560132	-0.00104892	0.00697153	0.00569869	0.715989	190.607	70.0932	0.0211576	
364.256	-0.00491517	-0.00557092	0.00697135	0.00742927	0.566746	228.578	53.7642	0.021157	
364.264	-0.00131666	-0.00868254	0.00697141	0.0087818	0.452301	261.377	45.4841	0.0211572	
364.272	0.00363922	-0.00879688	0.00697146	0.00951993	0.393618	292.475	41.9578	0.0211574	
364.28	0.00769713	-0.00564257	0.00697148	0.00954382	0.391781	323.756	41.8529	0.0211574	
364.288	0.00891295	-0.000479499	0.00697141	0.00892584	0.440587	356.921	44.7501	0.0211572	
364.296	0.00660096	0.00446991	0.00697129	0.007972	0.520039	34.1043	50.1035	0.0211568	
364.304	0.00153688	0.00697456	0.00697118	0.00714189	0.591681	77.5732	55.9263	0.0211565	
364.312	-0.00425234	0.00572426	0.00697116	0.00713089	0.592636	126.607	56.0124	0.0211565	
364.32	-0.0082405	0.00103526	0.00697116	0.00830527	0.491797	172.839	48.0921	0.0211565	
364.328	-0.00866117	-0.00541875	0.0069713	0.0102166	0.341681	212.032	39.0958	0.0211569	
364.336	-0.00512203	-0.0111383	0.00697144	0.0122596	0.213047	245.304	32.5814	0.0211573	
364.344	0.00120465	-0.0139743	0.00697137	0.0140262	0.132125	274.927	28.4775	0.0211571	
364.352	0.00816023	-0.0128439	0.00697127	0.0152169	0.0923371	302.429	26.2487	0.0211568	
364.36	0.013333	-0.00821321	0.00697129	0.0156597	0.0802214	328.367	25.5066	0.0211569	
364.368	0.0152105	-0.00177057	0.00697134	0.0153132	0.0895891	353.36	26.0839	0.021157	
364.376	0.0135195	0.0042211	0.00697137	0.0141632	0.126979	17.3395	28.202	0.0211571	
364.384	0.00938499	0.00798503	0.00697132	0.0123223	0.209685	40.3921	32.415	0.0211569	
364.392	0.00461337	0.00883676	0.00697137	0.00996853	0.359752	62.4325	40.0691	0.0211571	
364.4	0.000954677	0.00725276	0.00697122	0.00731532	0.576616	82.5013	54.6007	0.0211566	
364.408	-0.000570772	0.0046078	0.00697142	0.00464302	0.801089	97.0613	86.0288	0.0211572	
364.416	-0.000182083	0.0024533	0.00697128	0.00246005	0.939636	94.2447	162.365	0.0211568	
364.424	0.00123534	0.00170627	0.00697137	0.00210652	0.955374	54.0955	189.616	0.0211571	
364.432	0.00219694	0.00245905	0.00697129	0.00329749	0.894161	48.2221	121.13	0.0211568	
364.44	0.00198971	0.0039797	0.00697135	0.00444937	0.815729	63.4366	89.772	0.021157	
364.448	0.000406386	0.00500299	0.00697141	0.00501947	0.771664	85.3561	79.5766	0.0211572	
364.456	-0.00191193	0.00471048	0.0069714	0.00508371	0.766528	112.092	78.5709	0.0211572	
364.464	-0.00372168	0.00279574	0.00697126	0.00465479	0.800179	143.086	85.8092	0.0211568	
364.472	-0.00411941	3.16206e-05	0.00697139	0.00411953	0.839799	179.56	96.9605	0.0211572	
364.48	-0.00281644	-0.00264689	0.00697147	0.00386502	0.857544	223.222	103.346	0.0211574	
364.488	-0.000176947	-0.00403313	0.00697136	0.00403701	0.845633	267.488	98.9419	0.0211571	
364.496	0.00268938	-0.00366662	0.00697131	0.00454719	0.808375	306.259	87.8404	0.0211569	
364.504	0.00468321	-0.00185309	0.00697135	0.00503651	0.770302	338.412	79.3068	0.021157	
364.512	0.00524401	0.000474088	0.00697151	0.0052654	0.751849	5.16581	75.8609	0.0211575	
364.52	0.0044228	0.00220951	0.00697138	0.004944	0.777656	26.5454	80.7911	0.0211571	
364.528	0.00313048	0.00272165	0.00697156	0.00414816	0.837764	41.0038	96.2936	0.0211577	
364.536	0.00243584	0.0020799	0.00697138	0.00320302	0.899831	40.4931	124.705	0.0211571	
364.544	0.00314516	0.00120024	0.00697129	0.0033664	0.889947	20.8877	118.651	0.0211569	
364.552	0.00511052	0.00126687	0.00697125	0.00526521	0.751849	13.9227	75.8609	0.0211567	
364.56	0.00735292	0.00326072	0.00697129	0.00804349	0.51395	23.9154	49.6583	0.0211569	
364.568	0.00839656	0.00728837	0.00697138	0.0111186	0.280317	40.9586	35.9246	0.0211571	
364.576	0.0067944	0.0123043	0.00697125	0.0140556	0.130997	61.0927	28.4174	0.0211567	
364.584	0.00206637	0.0164511	0.00697153	0.0165804	0.0591218	82.8408	24.0911	0.0211576	
364.592	-0.00496976	0.017737	0.0069713	0.0184201	0.0304758	105.652	21.6842	0.0211569	
364.6	-0.0123666	0.0150517	0.00697135	0.0194804	0.0201572	129.407	20.5042	0.021157	
364.608	-0.0176339	0.00857284	0.00697125	0.0196073	0.0191519	154.073	20.3711	0.0211567	
364.616	-0.0188321	5.5392e-05	0.00697122	0.0188322	0.026021	179.831	21.2095	0.0211566	
364.624	-0.0153135	-0.00789043	0.00697135	0.0172268	0.0472113	207.26	23.1865	0.021157	
364.632	-0.00816295	-0.0125732	0.00697131	0.0149906	0.0990662	237.007	26.6451	0.0211569	
364.64	9.5062e-05	-0.0124668	0.00697133	0.0124672	0.202078	270.437	32.0383	0.021157	
364.648	0.00654533	-0.0078888	0.00697127	0.0102506	0.339241	309.682	38.966	0.0211568	
364.656	0.00890917	-0.000838835	0.0069713	0.00894858	0.438737	354.621	44.6357	0.0211569	
364.664	0.00670122	0.0058396	0.00697134	0.0088886	0.443597	41.0697	44.9372	0.021157	
364.672	0.00114085	0.0095824	0.0069715	0.00965007	0.383648	83.2105	41.3922	0.0211575	
364.68	-0.00522025	0.0090753	0.00697143	0.0104696	0.323785	119.908	38.1519	0.0211573	
364.688	-0.00958845	0.00486433	0.00697127	0.0107517	0.304424	153.101	37.1497	0.0211568	
364.696	-0.0103633	-0.000973017	0.00697135	0.0104089	0.328027	185.364	38.3739	0.021157	
364.704	-0.00731525	-0.00570001	0.00697138	0.00927378	0.412796	217.926	43.071	0.0211571	
364.712	-0.00207361	-0.00730624	0.00697145	0.0075948	0.552439	254.155	52.5931	0.0211573	
364.72	0.00284431	-0.00517343	0.00697133	0.00590377	0.698661	298.802	67.6564	0.021157	
364.728	0.00529614	-0.00035359	0.00697136	0.00530793	0.74837	356.18	75.2515	0.0211571	
364.736	0.00412368	0.00504395	0.00697132	0.00651507	0.646169	50.7323	61.3082	0.0211569	
364.744	-0.000155174	0.00867982	0.00697131	0.0086812	0.46054	91.0242	46.0105	0.0211569	
364.752	-0.00586013	0.00916438	0.00697128	0.0108778	0.296002	122.597	36.7192	0.0211568	
364.76	-0.0108341	0.0064517	0.00697138	0.0126096	0.194793	149.226	31.6767	0.0211571	
364.768	-0.0135088	0.00168803	0.00697157	0.0136138	0.148579	172.877	29.3409	0.0211577	
364.776	-0.0134665	-0.00335408	0.00697161	0.0138779	0.137888	193.986	28.7827	0.0211578	
364.784	-0.0113293	-0.00721193	0.00697161	0.01343	0.156376	212.48	29.7426	0.0211578	
364.792	-0.00845425	-0.00931945	0.00697136	0.0125828	0.196149	227.787	31.7441	0.021157	
364.8	-0.00590288	-0.0100777	0.00697137	0.0116792	0.245776	239.641	34.2001	0.0211571	
364.808	-0.00412238	-0.0103425	0.00697141	0.0111338	0.279343	248.269	35.8756	0.0211572	
364.816	-0.0026859	-0.0109039	0.00697143	0.0112298	0.273245	256.162	35.5691	0.0211573	
364.824	-0.000812005	-0.0118268	0.00697142	0.0118546	0.235561	266.072	33.6943	0.0211573	
364.832	0.00193712	-0.0125302	0.00697148	0.0126791	0.191313	278.788	31.5036	0.0211574	
364.84	0.00553962	-0.0119979	0.00697136	0.013215	0.165848	294.784	30.2254	0.0211571	
364.848	0.00910536	-0.00967665	0.00697157	0.013287	0.162642	313.258	30.0625	0.0211577	
364.856	0.0114333	-0.00562799	0.00697138	0.0127434	0.188111	333.791	31.3441	0.0211571	
364.864	0.0115461	-0.000776803	0.00697134	0.0115722	0.252147	356.151	34.5162	0.021157	
364.872	0.00920375	0.00344415	0.00697144	0.00982706	0.370275	20.5165	40.6464	0.0211573	
364.88	0.00517284	0.0056936	0.00697146	0.00769255	0.544012	47.7437	51.925	0.0211574	
364.888	0.000909432	0.00546277	0.00697131	0.00553795	0.729403	80.5482	72.1254	0.0211569	
364.896	-0.00208418	0.00310123	0.00697146	0.0037365	0.866206	123.903	106.901	0.0211574	
364.904	-0.00296024	-0.00013928	0.00697147	0.00296351	0.91361	182.694	134.785	0.0211574	
364.912	-0.00175053	-0.00284221	0.00697138	0.00333804	0.891692	238.371	119.66	0.0211571	
364.92	0.000589045	-0.00394734	0.00697141	0.00399105	0.848851	278.487	100.082	0.0211572	
364.928	0.0027667	-0.00323787	0.00697144	0.00425892	0.829771	310.513	93.7876	0.0211573	
364.936	0.00376908	-0.00128644	0.00697139	0.00398258	0.84944	341.155	100.295	0.0211571	
364.944	0.00311779	0.000703209	0.00697146	0.00319611	0.900243	12.7102	124.976	0.0211574	
364.952	0.00118506	0.00168074	0.00697142	0.00205652	0.957423	54.813	194.228	0.0211572	
364.96	-0.00099358	0.00102438	0.0069713	0.00142708	0.979265	134.126	279.891	0.0211569	
364.968	-0.00238465	-0.00104897	0.00697136	0.00260517	0.932557	203.744	153.322	0.021157	
364.976	-0.00219087	-0.00379953	0.00697132	0.00438592	0.820446	240.032	91.0703	0.0211569	
364.984	-0.000344769	-0.00613785	0.00697146	0.00614753	0.677871	266.785	64.9749	0.0211574	
364.992	0.00267963	-0.00716693	0.0069714	0.00765149	0.547544	290.5	52.2032	0.0211572	
365	0.00588912	-0.00648857	0.00697146	0.00876261	0.453876	312.227	45.584	0.0211574	
365.008	0.00836398	-0.00428514	0.0069713	0.0093978	0.40307	332.872	42.5021	0.0211569	
365.016	0.00946986	-0.00121301	0.00697148	0.00954723	0.391518	352.701	41.8379	0.0211574	
365.024	0.00902897	0.00184155	0.00697132	0.00921486	0.417442	11.5279	43.346	0.0211569	
365.032	0.00737185	0.00409848	0.00697136	0.00843456	0.480988	29.0725	47.3563	0.0211571	
365.04	0.00516478	0.00511525	0.00697133	0.00726916	0.580634	44.7239	54.9483	0.021157	
365.048	0.00320026	0.00497183	0.00697148	0.00591277	0.697908	57.2315	67.5549	0.0211574	
365.056	0.00199903	0.00401969	0.00697136	0.00448933	0.812737	63.5584	88.9731	0.0211571	
365.064	0.00179205	0.00302089	0.00697131	0.00351244	0.880797	59.3227	113.718	0.0211569	
365.072	0.00232082	0.00256317	0.00697139	0.00345775	0.88426	47.8408	115.518	0.0211572	
365.08	0.00295522	0.00291788	0.00697129	0.004153	0.837406	44.6357	96.1776	0.0211568	
365.088	0.00310918	0.00394536	0.00697131	0.00502323	0.771359	51.7598	79.5159	0.0211569	
365.096	0.00245706	0.00506286	0.00697135	0.00562758	0.721934	64.1122	70.977	0.021157	
365.104	0.00112089	0.00567497	0.00697133	0.0057846	0.708745	78.827	69.0501	0.021157	
365.112	-0.000403936	0.00541905	0.00697128	0.00543408	0.738004	94.2629	73.5037	0.0211568	
365.12	-0.00134524	0.00432869	0.00697126	0.0045329	0.809452	107.264	88.1165	0.0211567	
365.128	-0.00136147	0.00309013	0.00697123	0.00337676	0.889306	113.778	118.286	0.0211567	
365.136	-0.000500638	0.00243402	0.00697138	0.00248497	0.938446	101.623	160.738	0.0211571	
365.144	0.00054674	0.00289473	0.00697149	0.00294591	0.914589	79.3043	135.591	0.0211575	
365.152	0.000894343	0.00434454	0.00697147	0.00443564	0.81676	78.3679	90.0516	0.0211574	
365.16	-0.000114368	0.0061099	0.00697139	0.00611097	0.680999	91.0724	65.363	0.0211571	
365.168	-0.00247891	0.00708894	0.00697151	0.00750987	0.559784	109.274	53.1885	0.0211575	
365.176	-0.00540226	0.00641192	0.00697158	0.00838434	0.485207	130.115	47.6414	0.0211577	
365.184	-0.00764026	0.00399863	0.0069716	0.00862337	0.465335	152.374	46.321	0.0211578	
365.192	-0.00817097	0.000591457	0.00697161	0.00819234	0.50136	175.86	48.7582	0.0211578	
365.2	-0.00657417	-0.00245566	0.00697162	0.00701784	0.60251	200.482	56.9184	0.0211578	
365.208	-0.00356847	-0.00377082	0.00697137	0.00519163	0.757831	226.579	76.9373	0.0211571	
365.216	-0.000746707	-0.00280693	0.0069714	0.00290455	0.916866	255.103	137.519	0.0211572	
365.224	0.000420551	-0.000249664	0.0069715	0.000489076	0.997542	329.304	816.72	0.0211575	
365.232	-0.000810748	0.00232566	0.00697139	0.00246292	0.939501	109.219	162.178	0.0211572	
365.24	-0.00387465	0.00324942	0.00697134	0.00505685	0.768676	140.016	78.9876	0.021157	
365.248	-0.00720358	0.00151538	0.00697141	0.00736124	0.572649	168.12	54.2615	0.0211572	
365.256	-0.00882918	-0.00258049	0.00697138	0.00919855	0.41874	196.292	43.4232	0.0211571	
365.264	-0.00744549	-0.00744118	0.00697144	0.0105265	0.319831	224.983	37.9457	0.0211573	
365.272	-0.00308899	-0.010816	0.00697145	0.0112484	0.272072	254.061	35.5103	0.0211573	
365.28	0.00268122	-0.0111123	0.00697139	0.0114312	0.260706	283.565	34.9421	0.0211572	
365.288	0.00762166	-0.00806514	0.0069715	0.0110967	0.281736	313.381	35.9962	0.0211575	
365.296	0.00989375	-0.0028725	0.00697164	0.0103023	0.33559	343.81	38.7725	0.0211579	
365.304	0.00887523	0.00229944	0.00697156	0.00916827	0.421162	14.5251	43.5678	0.0211577	
365.312	0.00547046	0.00556784	0.0069715	0.00780556	0.534301	45.5055	51.1734	0.0211575	
365.32	0.00153576	0.00609693	0.00697151	0.00628738	0.665855	75.8618	63.5301	0.0211575	
365.328	-0.0010661	0.00449947	0.00697148	0.00462405	0.802542	103.33	86.3824	0.0211574	
365.336	-0.00157948	0.00246487	0.00697138	0.00292751	0.915603	122.652	136.44	0.0211571	
365.344	-0.000665434	0.00159628	0.00697127	0.00172943	0.969697	112.63	230.958	0.0211568	
365.352	0.000197047	0.00250979	0.00697135	0.00251751	0.936876	85.5108	158.66	0.021157	
365.36	-0.000579459	0.00443427	0.00697131	0.00447197	0.814037	97.4451	89.3177	0.0211569	
365.368	-0.00347337	0.00567087	0.00697132	0.00665004	0.634463	121.487	60.0639	0.021157	
365.376	-0.00752529	0.00451313	0.00697138	0.00877487	0.452865	149.048	45.5198	0.0211571	
365.384	-0.010612	0.000406779	0.00697131	0.0106198	0.313387	177.805	37.6114	0.0211569	
365.392	-0.0107753	-0.00547782	0.00697124	0.0120878	0.222397	206.947	33.0435	0.0211567	
365.4	-0.00721046	-0.0109256	0.00697144	0.0130904	0.171543	236.577	30.5134	0.0211573	
365.408	-0.000830976	-0.0135336	0.00697127	0.0135591	0.150844	266.486	29.458	0.0211568	
365.416	0.00597316	-0.0120144	0.00697146	0.0134173	0.156913	296.435	29.7701	0.0211574	
365.424	0.0105951	-0.00700484	0.00697158	0.0127013	0.190214	326.53	31.4489	0.0211577	
365.432	0.011439	-0.000658225	0.0069715	0.0114579	0.259083	356.707	34.8613	0.0211575	
365.44	0.00866945	0.00439576	0.00697144	0.00972019	0.378318	26.8868	41.0932	0.0211573	
365.448	0.0041547	0.00643369	0.00697133	0.00765858	0.546926	57.1467	52.1543	0.021157	
365.456	0.00036222	0.00531933	0.0069714	0.00533165	0.746432	86.1045	74.9171	0.0211572	
365.464	-0.00104155	0.00273066	0.00697141	0.00292256	0.915877	110.878	136.672	0.0211572	
365.472	2.05713e-05	0.000816026	0.00697143	0.000816285	0.993168	88.5559	489.331	0.0211573	
365.48	0.00207183	0.00112877	0.00697138	0.00235936	0.94434	28.5823	169.296	0.0211571	
365.488	0.00294031	0.00365567	0.00697135	0.00469141	0.797371	51.1897	85.1405	0.021157	
365.496	0.00117023	0.00678395	0.00697123	0.00688415	0.614107	80.2128	58.0205	0.0211567	
365.504	-0.00307798	0.00817125	0.00697144	0.00873174	0.456402	110.641	45.7451	0.0211573	
365.512	-0.00817598	0.00643144	0.00697154	0.0104024	0.328501	141.811	38.3988	0.0211576	
365.52	-0.0114731	0.00135515	0.00697158	0.0115528	0.253335	173.264	34.5753	0.0211577	
365.528	-0.0111057	-0.00517483	0.00697154	0.0122522	0.213455	204.984	32.6015	0.0211576	
365.536	-0.0067847	-0.0103461	0.00697138	0.0123723	0.207041	236.744	32.2842	0.0211571	
365.544	-0.000211657	-0.0119544	0.00697136	0.0119563	0.229762	268.986	33.4075	0.0211571	
365.552	0.00580511	-0.00939844	0.00697138	0.0110467	0.284948	301.702	36.1583	0.0211571	
365.56	0.00882293	-0.00397206	0.00697136	0.00967581	0.381676	335.763	41.2813	0.0211571	
365.568	0.00781156	0.00170184	0.00697149	0.0079948	0.518115	12.2905	49.9621	0.0211575	
365.576	0.00374495	0.00500263	0.00697149	0.00624908	0.669151	53.1816	63.9194	0.0211575	
365.584	-0.0010412	0.00469257	0.00697139	0.00480669	0.788442	102.51	83.099	0.0211572	
365.592	-0.00400178	0.00140949	0.00697144	0.00424274	0.830946	160.597	94.1452	0.0211573	
365.6	-0.00373565	-0.00281964	0.0069715	0.00468032	0.798232	217.045	85.3441	0.0211575	
365.608	-0.000598074	-0.00553471	0.00697146	0.00556693	0.727001	263.833	71.7514	0.0211574	
365.616	0.00357899	-0.00527218	0.00697146	0.00637221	0.658536	304.17	62.684	0.0211574	
365.624	0.00650495	-0.00221857	0.00697132	0.00687288	0.615095	341.168	58.1165	0.0211569	
365.632	0.00665724	0.00203286	0.00697148	0.0069607	0.607468	16.9806	57.3845	0.0211574	
365.64	0.00393614	0.00537734	0.0069713	0.00666401	0.633249	53.7964	59.9378	0.0211569	
365.648	-0.000196911	0.00608604	0.00697128	0.00608923	0.682852	91.8531	65.5954	0.0211568	
365.656	-0.0038058	0.00404015	0.00697137	0.0055504	0.728372	133.289	71.9642	0.0211571	
365.664	-0.00520597	0.000234604	0.00697149	0.00521125	0.756249	177.42	76.6489	0.0211574	
365.672	-0.00391832	-0.00353403	0.00697143	0.00527661	0.750931	222.048	75.699	0.0211573	
365.68	-0.000670725	-0.00569302	0.00697138	0.0057324	0.713147	263.281	69.6796	0.0211571	
365.688	0.00311047	-0.00551999	0.00697134	0.00633603	0.661649	299.401	63.0408	0.021157	
365.696	0.00601761	-0.00323711	0.00697125	0.00683304	0.618554	331.722	58.4547	0.0211567	
365.704	0.00715871	-1.02415e-05	0.00697141	0.00715872	0.590238	359.918	55.7966	0.0211572	
365.712	0.00656578	0.00304965	0.00697136	0.00723946	0.583216	24.9137	55.1739	0.0211571	
365.72	0.0048705	0.00526745	0.00697146	0.0071741	0.588906	47.2422	55.6774	0.0211574	
365.728	0.00278165	0.0064392	0.00697146	0.00701433	0.602801	66.6363	56.9456	0.0211574	
365.736	0.000732759	0.0068291	0.00697152	0.00686829	0.615511	83.8756	58.1569	0.0211576	
365.744	-0.00117365	0.0067368	0.00697146	0.00683827	0.618117	99.8826	58.4117	0.0211574	
365.752	-0.0030744	0.00629975	0.00697143	0.00700991	0.603183	116.013	56.9812	0.0211573	
365.76	-0.00499235	0.00529569	0.00697147	0.0072779	0.579887	133.311	54.8833	0.0211574	
365.768	-0.00669017	0.00353914	0.00697143	0.00756861	0.554699	152.121	52.775	0.0211573	
365.776	-0.00771877	0.000984025	0.00697152	0.00778124	0.536391	172.735	51.3335	0.0211575	
365.784	-0.0075715	-0.00196846	0.00697144	0.0078232	0.532782	194.573	51.0576	0.0211573	
365.792	-0.00611846	-0.00473224	0.00697146	0.00773496	0.540362	217.72	51.6402	0.0211574	
365.8	-0.00361091	-0.00662181	0.00697156	0.00754235	0.55698	241.396	52.9598	0.0211577	
365.808	-0.000509484	-0.00724205	0.00697141	0.00725994	0.581441	265.976	55.0186	0.0211572	
365.816	0.00247837	-0.00654202	0.00697132	0.00699574	0.604406	290.749	57.0958	0.0211569	
365.824	0.00484963	-0.00468444	0.00697127	0.00674261	0.626418	315.993	59.2388	0.0211568	
365.832	0.00621497	-0.00211575	0.00697119	0.00656523	0.641811	341.2	60.8387	0.0211565	
365.84	0.0064355	0.000712843	0.00697128	0.00647485	0.649647	6.32074	61.6886	0.0211568	
365.848	0.00553522	0.00334891	0.00697151	0.00646946	0.650133	31.1747	61.7421	0.0211575	
365.856	0.00363508	0.00538039	0.00697138	0.00649326	0.648063	55.9564	61.5147	0.0211571	
365.864	0.00105639	0.00638191	0.00697143	0.00646875	0.650187	80.6011	61.7481	0.0211573	
365.872	-0.0015963	0.00613698	0.00697141	0.0063412	0.661209	104.58	62.9901	0.0211572	
365.88	-0.00378541	0.00474355	0.00697146	0.00606882	0.68461	128.59	65.8176	0.0211574	
365.888	-0.00489537	0.0026639	0.00697123	0.00557324	0.726461	151.446	71.6679	0.0211567	
365.896	-0.00475671	0.000641114	0.00697132	0.00479972	0.788982	172.324	83.2189	0.021157	
365.904	-0.00379638	-0.000654092	0.00697135	0.00385231	0.858405	189.776	103.686	0.021157	
365.912	-0.00271962	-0.000905388	0.00697125	0.00286637	0.918944	198.413	139.348	0.0211567	
365.92	-0.00232202	-0.000428704	0.00697135	0.00236126	0.944252	190.46	169.159	0.021157	
365.928	-0.00293863	-5.48192e-05	0.00697123	0.00293914	0.914958	181.069	135.898	0.0211567	
365.936	-0.0041668	-0.000658285	0.00697129	0.00421848	0.832696	188.978	94.6846	0.0211568	
365.944	-0.00503691	-0.00264434	0.00697129	0.00568884	0.716799	207.699	70.2121	0.0211569	
365.952	-0.00434004	-0.0055506	0.00697137	0.00704592	0.600045	231.978	56.6895	0.0211571	
365.96	-0.00152037	-0.00802578	0.00697121	0.00816851	0.503335	259.273	48.8976	0.0211566	
365.968	0.00293368	-0.00856801	0.00697122	0.00905633	0.430058	288.901	44.1041	0.0211566	
365.976	0.00745247	-0.00619759	0.00697121	0.00969275	0.380374	320.253	41.2082	0.0211566	
365.984	0.0100649	-0.00126043	0.00697129	0.0101435	0.34695	352.862	39.3774	0.0211569	
365.992	0.00938252	0.00460925	0.00697118	0.0104536	0.324877	26.163	38.2089	0.0211565	
366	0.0053396	0.00922302	0.00697125	0.0106572	0.310829	59.9316	37.4793	0.0211567	
366.008	-0.000651584	0.0106651	0.00697127	0.010685	0.308942	93.4962	37.382	0.0211568	
366.016	-0.00617841	0.00843995	0.00697129	0.0104597	0.324459	126.206	38.1871	0.0211569	
366.024	-0.0092458	0.00369887	0.0069714	0.00995823	0.360515	158.196	40.1107	0.0211572	
366.032	-0.00886296	-0.00149924	0.00697138	0.00898887	0.435495	189.601	44.4361	0.0211571	
366.04	-0.00577524	-0.00484632	0.00697145	0.00753924	0.557238	220.002	52.9807	0.0211573	
366.048	-0.00193792	-0.00529313	0.00697147	0.00563673	0.721177	249.891	70.8631	0.0211574	
366.056	0.000550512	-0.00328884	0.00697143	0.0033346	0.891904	279.503	119.784	0.0211573	
366.064	0.00057523	-0.000552443	0.00697141	0.000797548	0.993477	316.158	500.826	0.0211572	
366.072	-0.00151847	0.000978427	0.00697146	0.0018064	0.966987	147.204	221.122	0.0211574	
366.08	-0.00417099	0.000191925	0.00697133	0.0041754	0.835802	177.365	95.6622	0.021157	
366.088	-0.00553342	-0.00255347	0.00697142	0.00609417	0.682439	204.772	65.5435	0.0211573	
366.096	-0.00462552	-0.00577033	0.00697147	0.00739541	0.569691	231.284	54.0113	0.0211574	
366.104	-0.0017568	-0.00774716	0.00697136	0.00794386	0.522449	257.223	50.2816	0.0211571	
366.112	0.0016851	-0.00755952	0.00697148	0.00774506	0.539496	282.566	51.573	0.0211574	
366.12	0.00408833	-0.00546347	0.00697145	0.00682378	0.619376	306.808	58.5357	0.0211573	
366.128	0.00459012	-0.00278619	0.00697139	0.00536955	0.743323	328.742	74.3881	0.0211571	
366.136	0.00359012	-0.000891734	0.0069713	0.00369921	0.868675	346.051	107.976	0.0211569	
366.144	0.00219716	-0.000379002	0.00697132	0.00222961	0.950141	350.213	179.147	0.0211569	
366.152	0.00156588	-0.000738285	0.00697136	0.00173119	0.969637	334.757	230.725	0.0211571	
366.16	0.00184102	-0.000796904	0.00697149	0.0020061	0.959443	336.594	199.112	0.0211574	
366.168	0.00212283	0.000271144	0.00697141	0.00214007	0.953975	7.27886	186.644	0.0211572	
366.176	0.000937373	0.00212945	0.0069713	0.00232663	0.94583	66.2411	171.676	0.0211569	
366.184	-0.00245453	0.00313137	0.00697138	0.00397872	0.849708	128.091	100.392	0.0211571	
366.192	-0.00720414	0.00122186	0.00697141	0.00730702	0.577354	170.374	54.6642	0.0211572	
366.2	-0.0108063	-0.00474036	0.00697152	0.0118003	0.238709	203.686	33.85	0.0211576	
366.208	-0.0101186	-0.0136288	0.0069714	0.0169744	0.051597	233.408	23.5314	0.0211572	
366.216	-0.00324508	-0.022166	0.00697131	0.0224023	0.00572286	261.671	17.8297	0.0211569	
366.224	0.00906697	-0.026126	0.00697129	0.0276546	0.000382701	289.139	14.4434	0.0211568	
366.232	0.0232976	-0.0221924	0.00697151	0.0321758	2.36863e-05	316.392	12.4142	0.0211575	
366.24	0.0341099	-0.0101044	0.00697132	0.035575	2.21435e-06	343.499	11.2278	0.021157	
366.248	0.0368209	0.00695096	0.00697143	0.0374713	5.32761e-07	10.6903	10.6597	0.0211573	
366.256	0.029589	0.0232946	0.00697151	0.0376583	4.61205e-07	38.2124	10.6069	0.0211575	
366.264	0.0145783	0.0329449	0.00697139	0.0360263	1.58843e-06	66.1303	11.0872	0.0211571	
366.272	-0.00273647	0.0326519	0.0069714	0.0327664	1.59583e-05	94.7906	12.1903	0.0211572	
366.28	-0.0160289	0.0231557	0.00697148	0.0281622	0.000286063	124.692	14.1834	0.0211574	
366.288	-0.0208658	0.0089113	0.00697136	0.0226891	0.0050103	156.874	17.6045	0.0211571	
366.296	-0.0166069	-0.00397152	0.00697146	0.0170752	0.0498107	193.45	23.3928	0.0211574	
366.304	-0.00640789	-0.0104835	0.00697147	0.0122867	0.211595	238.565	32.5095	0.0211574	
366.312	0.00426532	-0.00899503	0.00697127	0.00995507	0.360736	295.37	40.1227	0.0211568	
366.32	0.0104433	-0.00153813	0.00697138	0.010556	0.317782	351.622	37.8392	0.0211571	
366.328	0.0098863	0.0073552	0.00697139	0.0123223	0.209693	36.6485	32.4154	0.0211571	
366.336	0.00387964	0.0130842	0.00697151	0.0136472	0.147188	73.4842	29.2688	0.0211575	
366.344	-0.00392717	0.0132685	0.00697128	0.0138375	0.139459	106.487	28.8653	0.0211568	
366.352	-0.00945741	0.00856032	0.00697134	0.0127562	0.187476	137.85	31.3124	0.021157	
366.36	-0.0103523	0.00198556	0.00697137	0.010541	0.318819	169.143	37.893	0.0211571	
366.368	-0.00695181	-0.00289416	0.00697137	0.00753019	0.558014	202.603	53.0438	0.0211571	
366.376	-0.00180717	-0.00387759	0.00697152	0.00427803	0.828383	245.012	93.3696	0.0211575	
366.384	0.00197139	-0.00124614	0.00697133	0.00233222	0.945577	327.703	171.265	0.021157	
366.392	0.00248231	0.00290461	0.00697144	0.00382082	0.860546	49.4825	104.542	0.0211573	
366.4	-4.87756e-05	0.00588486	0.00697137	0.00588506	0.700251	90.4749	67.8719	0.0211571	
366.408	-0.00383096	0.00603258	0.00697137	0.00714621	0.591323	122.417	55.894	0.0211571	
366.416	-0.00646539	0.00358946	0.00697136	0.00739497	0.56972	150.962	54.0137	0.0211571	
366.424	-0.00659832	0.000280617	0.00697141	0.00660429	0.638441	177.565	60.4808	0.0211572	
366.432	-0.00459318	-0.00186714	0.0069713	0.00495818	0.776528	202.122	80.559	0.0211569	
366.44	-0.00202582	-0.0017515	0.00697131	0.002678	0.928872	220.846	149.151	0.0211569	
366.448	-0.000823603	0.000136236	0.00697136	0.000834795	0.992856	170.608	478.476	0.0211571	
366.456	-0.00177019	0.00217297	0.00697121	0.00280274	0.92236	129.168	142.511	0.0211566	
366.464	-0.00426629	0.00259621	0.00697129	0.00499415	0.773673	148.678	79.9786	0.0211568	
366.472	-0.00659424	0.000822854	0.00697138	0.00664538	0.634873	172.887	60.1066	0.0211571	
366.48	-0.00715323	-0.00249719	0.00697138	0.00757659	0.554005	199.244	52.7191	0.0211571	
366.488	-0.00525117	-0.00553325	0.00697134	0.00762835	0.549534	226.498	52.3611	0.021157	
366.496	-0.00172323	-0.00654041	0.00697141	0.00676361	0.624604	255.24	59.0561	0.0211572	
366.504	0.0014138	-0.00522878	0.00697129	0.00541654	0.739451	285.13	73.7418	0.0211569	
366.512	0.00268855	-0.00225798	0.00697131	0.00351095	0.880891	319.975	113.766	0.0211569	
366.52	0.00155986	0.000421239	0.0069713	0.00161574	0.973499	15.1122	247.209	0.0211569	
366.528	-0.000945862	0.00114965	0.0069713	0.00148874	0.977456	129.446	268.298	0.0211569	
366.536	-0.00301155	-0.000533928	0.00697139	0.00305851	0.908247	190.054	130.597	0.0211572	
366.544	-0.00303035	-0.00336429	0.00697142	0.00452786	0.80984	227.989	88.2166	0.0211572	
366.552	-0.00059293	-0.00548033	0.00697143	0.00551231	0.73154	263.825	72.4621	0.0211573	
366.56	0.00301044	-0.00532361	0.0069713	0.00611584	0.680574	299.488	65.31	0.0211569	
366.568	0.00587533	-0.00247505	0.00697138	0.00637537	0.658257	337.156	62.6522	0.0211571	
366.576	0.00625711	0.00172693	0.00697142	0.00649105	0.648257	15.4292	61.536	0.0211572	
366.584	0.00378526	0.00531394	0.00697136	0.00652427	0.645375	54.5367	61.2221	0.0211571	
366.592	-0.000341865	0.00646171	0.00697133	0.00647075	0.650007	93.0285	61.7282	0.021157	
366.6	-0.00401713	0.00474651	0.00697133	0.00621826	0.671789	130.242	64.2346	0.021157	
366.608	-0.00548601	0.00126418	0.00697136	0.00562979	0.721751	167.023	70.9494	0.0211571	
366.616	-0.00414758	-0.00183542	0.00697136	0.00453554	0.809258	203.871	88.0665	0.0211571	
366.624	-0.00120413	-0.0027571	0.00697147	0.00300858	0.911084	246.407	132.766	0.0211574	
366.632	0.00124368	-0.00103676	0.00697151	0.00161914	0.97339	320.185	246.698	0.0211575	
366.64	0.00141043	0.00225648	0.00697131	0.00266101	0.929739	57.9923	150.103	0.0211569	
366.648	-0.00135119	0.00494718	0.00697132	0.00512839	0.762934	105.276	77.8855	0.0211569	
366.656	-0.00582001	0.00506258	0.00697149	0.00771377	0.542188	138.981	51.7823	0.0211574	
366.664	-0.00985717	0.00189352	0.00697146	0.0100374	0.354699	169.126	39.7948	0.0211574	
366.672	-0.0112625	-0.0035825	0.00697139	0.0118185	0.237637	197.645	33.797	0.0211571	
366.68	-0.00910473	-0.00912848	0.00697138	0.0128928	0.180842	225.075	30.9808	0.0211571	
366.688	-0.00405061	-0.0125072	0.00697124	0.0131468	0.168938	252.055	30.3819	0.0211567	
366.696	0.00179697	-0.0124151	0.00697142	0.0125445	0.198108	278.236	31.8414	0.0211572	
366.704	0.00623088	-0.00927359	0.00697139	0.0111724	0.276877	303.897	35.7515	0.0211572	
366.712	0.00792199	-0.00479373	0.00697126	0.00925947	0.413911	328.821	43.1368	0.0211567	
366.72	0.00688673	-0.000915929	0.00697129	0.00694737	0.608612	352.424	57.493	0.0211568	
366.728	0.00432852	0.00104403	0.00697128	0.00445265	0.815481	13.5606	89.705	0.0211568	
366.736	0.00201467	0.000912621	0.00697135	0.00221173	0.950918	24.37	180.596	0.021157	
366.744	0.000990201	-0.000397239	0.00697128	0.00106691	0.988357	338.141	374.376	0.0211568	
366.752	0.00148068	-0.00156977	0.00697124	0.00215791	0.95322	313.327	185.097	0.0211567	
366.76	0.00283424	-0.00159096	0.0069715	0.00325024	0.897017	330.693	122.895	0.0211575	
366.768	0.00389291	-0.000338122	0.00697143	0.00390756	0.85463	355.036	102.221	0.0211573	
366.776	0.00379628	0.00164168	0.00697137	0.00413604	0.838621	23.3858	96.5731	0.0211571	
366.784	0.00235357	0.0034409	0.00697141	0.00416882	0.836277	55.628	95.8141	0.0211572	
366.792	-5.57754e-05	0.00425371	0.00697145	0.00425408	0.830124	90.7512	93.8945	0.0211573	
366.8	-0.00277912	0.00370234	0.00697138	0.00462935	0.802133	126.893	86.2823	0.0211571	
366.808	-0.00517839	0.00172925	0.00697132	0.00545949	0.735908	161.534	73.162	0.021157	
366.816	-0.00658601	-0.00135689	0.00697131	0.00672434	0.628009	191.642	59.4002	0.0211569	
366.824	-0.00652734	-0.00524734	0.00697135	0.008375	0.485966	218.796	47.693	0.021157	
366.832	-0.0045536	-0.00929226	0.00697138	0.010348	0.33232	243.893	38.5997	0.0211571	
366.84	-0.000423535	-0.0125941	0.00697128	0.0126012	0.195209	268.074	31.6974	0.0211568	
366.848	0.00573958	-0.0138506	0.00697139	0.0149928	0.0990068	292.509	26.6416	0.0211571	
366.856	0.012741	-0.0117461	0.00697142	0.0173293	0.0455238	317.327	23.0495	0.0211573	
366.864	0.0186217	-0.00565318	0.00697144	0.0194609	0.0203171	343.113	20.5249	0.0211573	
366.872	0.0208552	0.00362725	0.00697134	0.0211683	0.009951	9.8665	18.8692	0.021157	
366.88	0.0177466	0.0137017	0.00697151	0.0224205	0.00567675	37.671	17.8158	0.0211575	
366.888	0.00906942	0.0212009	0.00697125	0.0230593	0.00420834	66.8395	17.3215	0.0211567	
366.896	-0.00300102	0.0229483	0.00697118	0.0231437	0.00404237	97.4504	17.2582	0.0211565	
366.904	-0.014617	0.0175925	0.00697142	0.0228726	0.00459783	129.722	17.4634	0.0211573	
366.912	-0.021515	0.00636433	0.00697134	0.0224366	0.00563333	163.521	17.8026	0.021157	
366.92	-0.0208487	-0.00713029	0.00697122	0.0220343	0.00677056	198.881	18.1273	0.0211566	
366.928	-0.0126108	-0.0178619	0.00697134	0.0218651	0.00730956	234.777	18.2679	0.021157	
366.936	0.000224055	-0.0219961	0.00697132	0.0219973	0.00688609	270.584	18.158	0.021157	
366.944	0.0128378	-0.0180294	0.00697118	0.022133	0.0064733	305.453	18.0464	0.0211565	
366.952	0.020669	-0.00788707	0.00697121	0.0221227	0.00650404	339.114	18.0548	0.0211566	
366.96	0.0211583	0.00429647	0.0069713	0.0215901	0.00826537	11.4786	18.5005	0.0211569	
366.968	0.0149964	0.0138217	0.00697117	0.0203944	0.0138513	42.6657	19.5847	0.0211565	
366.976	0.0054131	0.0175523	0.00697135	0.018368	0.0310844	72.8603	21.7459	0.021157	
366.984	-0.00326647	0.0152519	0.00697125	0.0155977	0.081834	102.088	25.6078	0.0211567	
366.992	-0.0078922	0.0092882	0.00697117	0.0121884	0.21687	130.355	32.7704	0.0211565	
