0	0.99756483468307578
1	0.99863248755021564
2	0.99886641902747567
3	0.99908801454750089
4	0.99835107064969012
5	0.99758344682632725
6	0.99731087963007028
7	0.99737317572942012
8	0.99702459327310049
9	0.99772490098579758
10	0.99726058544627426
11	0.99871841580269711
12	0.997760723243855
13	0.99934600160667159
14	0.99737744297427449
15	0.99736273580194989
16	0.99916698912152997
17	1.0004086768106858
18	1.0019428799924341
19	1.0008689697570661
20	1.0011988318652476
21	1.0017277676698934
22	1.0022871528654006
23	1.0045270460414999
24	1.0019073541361731
25	1.0015644644699152
26	1.0010424917524366
27	1.0008822184393237
28	1.0023994420445462
29	1.0015373837119576
30	1.0030335910301317
31	1.0017226535631736
32	1.0019816192198571
33	1.0018755262465501
34	1.001904766504849
35	1.0020119368714817
36	0.99989805674139294
37	1.0017851425634317
38	1.0003958562608468
39	1.0011551399083137
40	1.0007580120331081
41	1.0008064007827321
42	1.0012931722769159
43	1.0012502034452409
44	1.0009406660218303
45	1.0008532887002009
46	1.0001514895669349
47	1.0016919783487989
48	1.0016702469290713
49	1.0033918418267998
50	1.0018048179851419
51	1.0022436429838072
52	1.0027254876281441
53	1.0021387450271189
54	1.0018840466174435
55	1.0026527619561779
56	1.0024890400310601
57	1.0032039796363128
58	1.003587918576951
59	1.0027174480830219
60	1.0042742295492347
61	1.0059188211745709
62	1.0058188726570174
63	1.0066349755586199
64	1.0082439525513003
65	1.009098768660493
66	1.0078661659189612
67	1.0070061353525023
68	1.0077750153537965
69	1.0085095927459001
70	1.0080018990575592
71	1.0087071468006763
72	1.0099699401668502
73	1.0099519255326259
74	1.009216096670179
75	1.0082613445996179
76	1.0078876432789805
77	1.0073545954869147
78	1.0082521232162965
79	1.0074962707737967
80	1.0072928874839289
81	1.0075183503432522
82	1.006674584227101
83	1.0067631942081052
84	1.006404068324145
85	1.0059810292943878
86	1.0057540641982156
87	1.0050515460338273
88	1.0057569388233393
89	1.0056540639284234
90	1.0070533290826361
91	1.0062116801233022
92	1.0068606585966585
93	1.0061378714053602
94	1.0065518410110024
95	1.0078405201170794
96	1.0090853176743554
97	1.0091703567185759
98	1.0093040526780218
99	1.008911527502974
100	1.0084248924448465
101	1.0064931440717091
102	1.0074396392383641
103	1.0079284008566395
104	1.0082826949312188
105	1.0083140899804765
106	1.0067884816431174
107	1.0067702043438717
108	1.0066540101876971
109	1.0069184898545029
110	1.0048505849132707
111	1.0037322483034215
112	1.0051049822124849
113	1.0062664861993566
114	1.0070057009575381
115	1.0068943213586819
116	1.00738267366484
117	1.0075979788825458
118	1.0062268107186627
119	1.0075728929508835
120	1.0073847437716222
121	1.0079017952789819
122	1.0092614602358592
123	1.0080961124379375
124	1.008455986389386
125	1.0080343197536468
126	1.0084748667029053
127	1.0065877338394461
128	1.0071456229139755
129	1.0072971594356533
130	1.007796417439072
131	1.0073748684208826
132	1.0070492406187979
133	1.0076076425185369
134	1.0071761711038802
135	1.0060186793627908
136	1.0068939732042877
137	1.0066073513921042
138	1.0066461447260984
139	1.0050877095303716
140	1.0044378211504431
141	1.0050656760618957
142	1.0044251295106218
143	1.0039848427335774
144	1.0050967088487121
145	1.0054508773008679
146	1.0042969864666947
147	1.0041505877152629
148	1.003318074512659
149	1.00399764775394
150	1.0037049704125723
151	1.0023029576636284
152	1.000967502132025
153	1.0027677516794811
154	1.0018130786524262
155	1.0017818727336992
156	0.99945572916870613
157	0.999110480711552
158	1.0002113681890375
159	0.99949434671198121
160	0.99923952284375217
161	0.99854540192387159
162	0.99819062405866503
163	0.99737310280120167
164	0.99852253745503259
165	0.99758007664838163
166	0.99632065190649683
167	0.99722080565827324
168	0.99602761963148516
169	0.99587782077785304
170	0.99545510967944704
171	0.99498228487224348
172	0.99533982825273721
173	0.99471203685420386
174	0.99508824046308591
175	0.99602905539887055
176	0.99664538029128888
177	0.99577619105374078
178	0.99468348048583912
179	0.99419908805511797
180	0.993502603783327
181	0.9941663497894203
182	0.9949180347280305
183	0.99473877820964294
184	0.99597985050827343
185	0.99551054008208712
186	0.99446605434421366
187	0.99443874667145457
188	0.99405225237041805
189	0.99519239350952415
190	0.99468523066457343
191	0.99508058266978301
192	0.99331343911857231
193	0.99436873486066378
194	0.99311194009979648
195	0.99221346200420619
196	0.99500581727934019
197	0.99456221692187792
198	0.9950880773945643
199	0.99649631143013537
200	0.99695663025413256
201	0.99617640230140499
202	0.99533751754731442
203	0.99427458659082101
204	0.99344034296973118
205	0.99369917844018385
206	0.99414413297742223
207	0.99433073823784975
208	0.99406204853756122
209	0.99283230334894547
210	0.99156381389490822
211	0.99180088266418669
212	0.99187628159835335
213	0.99377371404660598
214	0.99243920404437983
215	0.99304418174011775
216	0.99225606385939099
217	0.99394115510301203
218	0.99407918262578683
219	0.99424377728682554
220	0.99523992518703046
221	0.99546490190881989
222	0.99578465106305516
223	0.99498791010263037
224	0.99305403060277842
225	0.99327802227195684
226	0.9925334621199673
227	0.99355990022934833
228	0.99202040967790638
229	0.99362242297444375
230	0.99357261338210784
231	0.99234440787726906
232	0.99259837093030247
233	0.99290620992347105
234	0.99388860262005563
235	0.99344007634910418
236	0.9947716866509201
237	0.99526429208132243
238	0.99595354354374921
239	0.9961422620079797
240	0.99531213507308119
241	0.99574047309926642
242	0.99645829438855692
243	0.99657377576616039
244	0.99660114822299288
245	0.99405411236610294
246	0.99374887511589488
247	0.99407532625410967
248	0.995747746703456
249	0.99534364445085867
250	0.99473452352931921
251	0.9955301173178239
252	0.99478621974227864
253	0.99351824169899862
254	0.99271707273439267
255	0.99327880562033102
256	0.99541111910906563
257	0.99455334213512145
258	0.9953483007815344
259	0.99507913514545253
260	0.9945602252439054
261	0.99416739425152622
262	0.99357437452660109
263	0.99469915763485003
264	0.99448758801864134
265	0.99453901605523082
266	0.99471535151477134
267	0.99334962524221731
268	0.99496741995103445
269	0.99357066244904466
270	0.99425790026373077
271	0.9936540642268483
272	0.99327446780509031
273	0.99252697106661686
274	0.99367898548948984
275	0.99570844760868501
276	0.99550688036804478
277	0.99523576224632
278	0.99582599673896267
279	0.99420247785511745
280	0.99371284114524267
281	0.993307222542141
282	0.99385003747395764
283	0.99456322219165422
284	0.99587016528946003
285	0.99702734086765214
286	0.99631467837382958
287	0.99840779157581027
