0	0.998299968458702
1	0.99929688361405547
2	0.9995360866445987
3	0.99921251766723961
4	0.99875307223907011
5	0.99714697791064652
6	0.99719043135849732
7	0.99775083931511511
8	0.99799865691463589
9	0.99882580556947292
10	0.99833005244278706
11	1.0000143747690432
12	0.99824730541199872
13	0.99977283985554655
14	0.99784688612552391
15	0.997406529972513
16	0.99999541950037764
17	1.0017405262690059
18	1.0031272948647292
19	1.0018656706964332
20	1.0014932769014151
21	1.0021423714885145
22	1.0023074634987112
23	1.0048895181931962
24	1.0024794010601567
25	1.0024294880241816
26	1.0021740261398113
27	1.0019743096756083
28	1.0037474794576423
29	1.0020821928041111
30	1.0031746294282336
31	1.0024981204579922
32	1.0029649957563689
33	1.0032969809554604
34	1.0034271215131663
35	1.0037180280306978
36	1.0010106091208941
37	1.0021406828854788
38	1.0004841233724978
39	1.0009184182327456
40	1.0006719391884883
41	1.0010655450912274
42	1.0022201920809402
43	1.0015667124759668
44	1.0011569334868933
45	1.0011122149292601
46	0.99978831070018591
47	1.0012884892605818
48	1.0011029088331849
49	1.0029370238722537
50	1.0017489907371002
51	1.0025024411449298
52	1.0034260590331654
53	1.0030237324215281
54	1.0023886773817828
55	1.0022765325395713
56	1.0018551370162054
57	1.0024680203983302
58	1.0026152560752286
59	1.0018929724973691
60	1.0036718674587281
61	1.0057898987225399
62	1.0054622878169095
63	1.0056673981692432
64	1.007335778613217
65	1.0076824555917066
66	1.0063245541047873
67	1.0058228024068153
68	1.0068314359485286
69	1.0077189669943578
70	1.0069970479426574
71	1.0071332085131137
72	1.0083500551538195
73	1.0079406138876435
74	1.007117324903315
75	1.0061600088817845
76	1.0062183863874898
77	1.0056648507862005
78	1.0067057232924432
79	1.0058289028318048
80	1.00559728512188
81	1.0056553945957859
82	1.0043890369688491
83	1.0044781524547905
84	1.004975127817737
85	1.0045470438046801
86	1.0047939484829731
87	1.0039391933786259
88	1.0043454280611805
89	1.0038592919452977
90	1.0052094419261407
91	1.0047437513363499
92	1.0050478611407781
93	1.0046098529602029
94	1.0050506004377269
95	1.006596709061878
96	1.0072677608903195
97	1.0070252181731999
98	1.0070657822236275
99	1.0064884882166125
100	1.0065937499843994
101	1.005971517622453
102	1.0068277692651037
103	1.0073570050258642
104	1.0078037349933717
105	1.0074643145663653
106	1.0061801318590628
107	1.0062858180346836
108	1.0061293030641538
109	1.0068315592445142
110	1.0050455024561989
111	1.0043017076547077
112	1.0057495812509958
113	1.0064562010061302
114	1.0069471331378209
115	1.0070281129246498
116	1.0074900885854718
117	1.0072711220167241
118	1.0063252295456744
119	1.0079367434959939
120	1.0076753527306174
121	1.0082178989888676
122	1.0091804898919813
123	1.0073266476498181
124	1.0080945664612795
125	1.0072790772244813
126	1.0077639911114652
127	1.0063959043899926
128	1.0073469859706339
129	1.0075184142725602
130	1.0077336819891428
131	1.0067055624745087
132	1.0064066953788338
133	1.0067086502097704
134	1.0060725069574349
135	1.0056627697809754
136	1.0066746100661338
137	1.0063829300003174
138	1.0063465070517836
139	1.0039717139384543
140	1.0035738280976206
141	1.0048795768607176
142	1.0038781115866613
143	1.0038029407671615
144	1.0053467898815829
145	1.005399529586449
146	1.00397708675878
147	1.0038267367032204
148	1.002497615487911
149	1.0032382051536783
150	1.0031132033193908
151	1.0015617930085544
152	1.0008043312164995
153	1.0023374349067248
154	1.0015752294800655
155	1.0014266171872188
156	0.9988485161330251
157	0.99899999551719743
158	1.0000406750234102
159	0.99920381018108018
160	0.99986310252239909
161	0.99922633743161017
162	0.99872073233379481
163	0.99806612339807429
164	0.99912630857206136
165	0.99766242431085152
166	0.99675041652198448
167	0.99774094263662477
168	0.9960878193032507
169	0.99687272784398638
170	0.99647803909554126
171	0.99604554895744039
172	0.99671737613763873
173	0.99500943638919657
174	0.99637335713483792
175	0.99723009482831798
176	0.99698151869666378
177	0.99705423235395262
178	0.99602083259972091
179	0.99546301742310709
180	0.99492219552394523
181	0.99566019026038845
182	0.99494272161804865
183	0.99480076688348686
184	0.9966417714292713
185	0.99673428739110432
186	0.99631098433694582
187	0.99603365511510144
188	0.99560523638809038
189	0.996606586627202
190	0.9952888462401146
191	0.99605376758824371
192	0.99485638365195485
193	0.99541503063476712
194	0.99447696471990292
195	0.99381679502324288
196	0.99681835024655739
197	0.99672375081688363
198	0.99642940457711435
199	0.99710366383927237
200	0.99773466890730236
201	0.99692892533287883
202	0.99573025950795481
203	0.99563904607623312
204	0.99407203090611015
205	0.99471056677758458
206	0.99521658464303879
207	0.99451628424585271
208	0.99396713987441326
209	0.99316448066572359
210	0.99202284022402258
211	0.99218874614158428
212	0.99249878483011145
213	0.99458792845382632
214	0.99274172337896685
215	0.99320583611286218
216	0.99227365083346011
217	0.99390819505446437
218	0.99434486130539157
219	0.9941794020906931
220	0.99553645477273169
221	0.99516677706881003
222	0.99520511912353287
223	0.99402128964902529
224	0.990874292046389
225	0.99125805739451704
226	0.99079154217494201
227	0.99127538836700752
228	0.99003676768497027
229	0.99249530759034691
230	0.99268058781712754
231	0.9916435461936837
232	0.99180275596090146
233	0.99181653819841526
234	0.99293571911268471
235	0.99277144728409681
236	0.99421797107342416
237	0.99532309635617388
238	0.99588660277001239
239	0.99627976909778666
240	0.99495454614790772
241	0.99454554445506069
242	0.99513528322215575
243	0.99546193725362211
244	0.99601653962358345
245	0.99345071162768196
246	0.9935875797975408
247	0.99398784898967613
248	0.99585266448294212
249	0.99505477587323327
250	0.99440253297237606
251	0.99504364555091043
252	0.99410861912773218
253	0.99258518605728724
254	0.99270880269879537
255	0.99363050254318127
256	0.99611755575446537
257	0.99551156617076925
258	0.99556714541856639
259	0.99535796740133333
260	0.99532899843800806
261	0.99507739085744086
262	0.99445927547911521
263	0.99603354897282917
264	0.99588367049579556
265	0.99609188359069815
266	0.9955784403088101
267	0.99402597217820708
268	0.99598417200536082
269	0.99500108197290353
270	0.99563429295102215
271	0.99496547115755647
272	0.99425329241100873
273	0.99373824093505223
274	0.99448412210111208
275	0.99582305760067868
276	0.99585670641284935
277	0.99616523339775692
278	0.99700446496674892
279	0.99551416072699644
280	0.99550728837248589
281	0.99478824263240713
282	0.99509586366739508
283	0.99553134697956918
284	0.99632461631402098
285	0.99783748353917886
286	0.99716726261266925
287	0.99865902495460461
