0	0.99993147882657732
1	1.0000430398239219
2	0.99615205121743088
3	0.99751797617866813
4	0.9980554611265888
5	0.99889445959143978
6	0.99757764139064079
7	0.99677241004909321
8	0.99866994308428388
9	0.9990631955999234
10	0.99689218870918858
11	0.99683625879846629
12	0.99685110039543445
13	0.99808046274295798
14	0.99595871202471145
15	0.99698009279861408
16	0.99913451495179723
17	0.99935444948941933
18	1.0002454433476755
19	0.99701256501748401
20	0.99975019220589243
21	1.0003858906746896
22	0.99997520675321504
23	0.99985219083203601
24	1.0019610921139813
25	1.0011617376464009
26	0.99792214573233024
27	0.9977870174767285
28	0.99919149074686962
29	0.99952497844250313
30	1.0006335162455812
31	0.99963524453541421
32	0.99993815256481132
33	0.9996138288082454
34	1.0016882457878313
35	1.0011613392142676
36	1.0002606833767771
37	1.0020399816763892
38	1.0002984348214142
39	1.0017605811428611
40	0.99989044031683986
41	1.0003713479018215
42	1.0010314503387878
43	1.0027266794582582
44	1.0023988694205252
45	1.001497416718768
46	1.0021454665836998
47	1.0014851649306668
48	1.0019928670766178
49	1.0021128947567965
50	1.0017599834946611
51	1.0037386970770265
52	1.0018148675210332
53	1.00092068620571
54	1.0010997814496614
55	1.0030377553463894
56	1.0035235437250049
57	1.0022272447790747
58	1.0054840290372686
59	1.0066331073099174
60	1.0065379816380745
61	1.0058354461789039
62	1.0059026816014107
63	1.0084526472550002
64	1.0082856045830834
65	1.0111985419101761
66	1.0109437445608839
67	1.0114929832567391
68	1.0107572783224651
69	1.0091123512598332
70	1.0069578294986167
71	1.0087244775779942
72	1.0108638589181425
73	1.0131234671545362
74	1.0124353748602004
75	1.0134688082061376
76	1.0127357926887639
77	1.013595111192417
78	1.0128862008191124
79	1.0125691484489805
80	1.0132775408608157
81	1.0138610646414437
82	1.0125868786789156
83	1.0129312236501836
84	1.0141640722788741
85	1.0147976789789711
86	1.0124560933311358
87	1.011741007259764
88	1.0133707939013278
89	1.0136230014417531
90	1.0127438609394648
91	1.0127646790184335
92	1.0138978200057474
93	1.0139049917841481
94	1.0140254178964602
95	1.0119300633070496
96	1.0149024666300483
97	1.0146989674179279
98	1.0151934216954442
99	1.0142773266127855
100	1.0131572342778396
101	1.0112770529632733
102	1.0110668600900962
103	1.0112652792925162
104	1.0097167728061606
105	1.0110846899280647
106	1.0098448687370401
107	1.0081694616162051
108	1.0091982133845751
109	1.0097291540850091
110	1.0086382170211189
111	1.0082696672977485
112	1.0050437515684797
113	1.007517825862073
114	1.0089087624010907
115	1.0067326157352274
116	1.008129120362701
117	1.0103683089522594
118	1.0094313957906319
119	1.0111697551885399
120	1.0103887285990948
121	1.0099786423258202
122	1.0132267606851133
123	1.0122093642325444
124	1.0099547363978178
125	1.0113505437690581
126	1.0138492112854758
127	1.0114510482747015
128	1.0129825217873554
129	1.0097627917175652
130	1.0109082841010136
131	1.0104918229136051
132	1.0110150639127577
133	1.0121681265067402
134	1.0117431986364975
135	1.0120811686936315
136	1.0118830483153116
137	1.0104070564772299
138	1.009674539000023
139	1.0094037047573625
140	1.0089187730084417
141	1.0072249782440435
142	1.007618230759683
143	1.0077827832307662
144	1.0094877739375042
145	1.0097001382645922
146	1.0084416903713325
147	1.0108838801328445
148	1.0092339726685454
149	1.0106113525536171
150	1.0087099348051261
151	1.006635597510751
152	1.0070341292521577
153	1.0074466061182325
154	1.0051497245545457
155	1.0040235760523885
156	1.001922145372944
157	1.0011214960009302
158	1.0006334166375478
159	1.0011519760591333
160	0.9998749014636383
161	1.0006155867995794
162	0.99904377203342145
163	0.99609905974369222
164	0.99696903630691297
165	0.99794041384807724
166	0.99670935816398688
167	0.99631590643228067
168	0.99552721002426809
169	0.99582563569216474
170	0.99469618020208458
171	0.99309039909655656
172	0.99297923653134539
173	0.99452256339996714
174	0.9958786271659034
175	0.9964157136816907
176	0.99679392538429537
177	0.9960312266729854
178	0.99534243712241619
179	0.99446718133342824
180	0.99037418763531696
181	0.99236704555841721
182	0.99269276382744994
183	0.99284924804783233
184	0.9922385511954043
185	0.99052509380583212
186	0.99095530090184202
187	0.99081076964546083
188	0.99177308285559086
189	0.99201084723118142
190	0.99217669460669808
191	0.99175375889712225
192	0.99002536030254857
193	0.98875266846052069
194	0.98805850007615093
195	0.98849846875942848
196	0.98958429593090425
197	0.98646008996509032
198	0.98980004693112593
199	0.9912037731434512
200	0.99386246096300081
201	0.99028394275710789
202	0.99012287656719171
203	0.98970223184238277
204	0.98912032171159096
205	0.98903131197238739
206	0.98808997621468743
207	0.99046831722682642
208	0.9907252063448189
209	0.9898468627067973
210	0.98658848472006989
211	0.9886237756653744
212	0.98927282161063962
213	0.98955311861646779
214	0.98977673865132359
215	0.98995892174430856
216	0.9899920912194119
217	0.99127544112100752
218	0.98880277130129239
219	0.99111029100172426
220	0.98926734316880574
221	0.99052977538339926
222	0.98924134547210313
223	0.98963459798774264
224	0.99015318430354268
225	0.9900123116501806
226	0.98754641517673281
227	0.98632629645500752
228	0.98834397669971295
229	0.98864236252500423
230	0.98715818957971279
231	0.98523388519343969
232	0.98445169318878851
233	0.98692525948080373
234	0.9874149325727196
235	0.9870513632510164
236	0.98884014423661873
237	0.98939494105951856
238	0.99056126148272959
239	0.98979925006685919
240	0.99262762017364339
241	0.99244513825655839
242	0.99263050880661035
243	0.99250550072476445
244	0.99223914884360436
245	0.99092518939457824
246	0.99121727002953501
247	0.98978838283285326
248	0.98944154765771195
249	0.98868340402210115
250	0.99116750585850851
251	0.9923408586070592
252	0.99177856129742474
253	0.99236081009796175
254	0.99179013575059526
255	0.992212354282635
256	0.99061808786636943
257	0.99227600381594139
258	0.99282494368769655
259	0.99181601391796184
260	0.99203023095507799
261	0.99090958081453742
262	0.99275432159205612
263	0.99372171481188667
264	0.99376056194489057
265	0.99205507319798586
266	0.99328393750534268
267	0.9946725498895302
268	0.99415929290236397
269	0.99034278122361972
270	0.99281597896469565
271	0.99380946948926215
272	0.9946615166064811
273	0.9919048642837041
274	0.99563976710194607
275	0.99687699848410372
276	0.99565231771414733
277	0.99409604180119095
278	0.99306579591232076
279	0.9939051928093051
280	0.99142923592448964
281	0.99332537444721351
282	0.99358475376603957
283	0.99401157418891579
284	0.99760274261504331
285	0.99658614302674116
286	0.99697371788448011
287	0.99902713749185311
