0	1.2615096860083959
1	1.2622953164159103
2	1.2624236705355669
3	1.2606704088741453
4	0.00048299477655161198
5	1.2593634349302978
6	1.2588701007932806
7	1.2580543569236555
8	1.257872262265233
9	0.00032257725503877082
10	1.2562375380309007
11	1.2561472914514856
12	1.2553030758144189
13	1.257183793682548
14	0
15	1.2567781732205968
16	1.2635853439969093
17	1.2642777928655986
18	1.264177675979731
19	0.00048446895594730225
20	1.2644075407581376
21	1.2632744797684778
22	1.2633525141170667
23	1.2630739913747537
24	0.00032284528765616905
25	1.2618306349671244
26	1.262164409285164
27	1.2607728308462483
28	1.2611870283499112
29	0
30	1.2585836007281347
31	1.2586346352790547
32	1.259336685273241
33	1.2584686750442457
34	0.00048326280916901021
35	1.2574521144341919
36	1.2574638743693701
37	1.2577933936675636
38	1.2557562117569834
39	0.00032157213272352745
40	1.2545650413032334
41	1.254810311253871
42	1.2549510417753416
43	1.255910364017087
44	0
45	1.2523269287447015
46	1.2551835131674759
47	1.2541845488991634
48	1.2544629476768125
49	0.00047602592849925798
50	1.252355165979513
51	1.2516698378731251
52	1.2530670338054025
53	1.2513698780748897
54	0.00032177315718657613
55	1.2502748978267085
56	1.2504300150048482
57	1.2511009408484302
58	1.2499154995949445
59	0
60	1.2470994417010578
61	1.2484707166753404
62	1.247750519727481
63	1.2458786670404219
64	0.00047475277356661638
65	1.2428740079969388
66	1.2432676876070118
67	1.2433051585667196
68	1.2438413779184307
69	0.00032117008379743011
70	1.2422060707164274
71	1.2416539168243851
72	1.2404180050241354
73	1.2387816873410868
74	0
75	1.2373933373473996
76	1.2400054157131095
77	1.2404666596443952
78	1.2393798141826756
79	0.00047602592849925798
80	1.2389821207855886
81	1.2379781778152932
82	1.2379610237247123
83	1.2368098906421637
84	0
85	1.2349283485735317
86	1.2337458958780042
87	1.2338013719336935
88	1.2328226441331068
89	0
90	1.2317480142571073
91	1.2309849656016986
92	1.2303399652075131
93	1.2299995369815871
94	0.00047260851262743053
95	1.2269989855361253
96	1.2264814949625325
97	1.2265032123067886
98	1.2255606039069581
99	0
100	1.2263611014118171
101	1.2263250644272259
102	1.2252249178509578
103	1.2242863346329836
104	0
105	1.2235138847271804
106	1.22467695196345
107	1.222926236617006
108	1.2211798734487684
109	0.00044480012857236408
110	1.21978194597924
111	1.2190302351074326
112	1.2181569580391413
113	1.2174110433573482
114	0
115	1.2178493034957819
116	1.2162243289479074
117	1.2100625807142899
118	1.206270381531916
119	0
120	1.199215354293889
121	1.1958981089146571
122	1.2029655259589919
123	1.2138180661211249
124	0.00046624273796422255
125	1.214732861448395
126	1.2157371193547663
127	1.2148295140098198
128	1.2152299614414371
129	0.00032063401856263365
130	1.214264782688433
131	1.2153553940061776
132	1.2163167063919476
133	1.2159567385857593
134	0
135	1.2165611119326907
136	1.2211933923441001
137	1.2239182722430791
138	1.2248948959808709
139	0.00046423249333373582
140	1.2264898106718288
141	1.2282317131107027
142	1.2293266812973318
143	1.2286911223593537
144	0.0003219741816496248
145	1.2289510670911927
146	1.2294482796584659
147	1.2293661960067697
148	1.2296737413224205
149	0
150	1.2303143091311834
151	1.2302654836373694
152	1.2292151348362208
153	1.2335697870617111
154	0.00047200543923828452
155	1.232007755951253
156	1.2336067132391733
157	1.2345504058319841
158	1.2358977664820971
159	0.00032224221426702303
160	1.2367101175115225
161	1.2376212119784585
162	1.2395956662131044
163	1.2399124398898091
164	0
165	1.2398447589735285
166	1.2388345038340199
167	1.244301134270428
168	1.2440080808096271
169	0.00053083859875719619
170	1.2448889619668219
171	1.2457087611640997
172	1.2466671968924671
173	1.2478312971867302
174	0.00032519057305840357
175	1.2477958250621615
176	1.2482820315421277
177	1.2484748577743714
178	1.2498491749164076
179	0
180	1.251268308255519
181	1.2531091618311986
182	1.2535424444006665
183	1.2536010329785944
184	0.00054001871590308559
185	1.2523047066269967
186	1.2546765082245604
187	1.2536709389630053
188	1.2553956487181737
189	0.00032338135289096551
190	1.2556923608277983
191	1.2575348281681564
192	1.2578551294156241
193	1.2601102821502642
194	0
195	1.2563252874162002
196	1.2540975723160318
197	1.2501795318234959
198	1.2534584116812582
199	0
200	1.2574648202544438
201	1.2579893824702668
202	1.2586931914699345
203	1.2597995574967471
204	0.00032143811641482834
205	1.2620739516251677
206	1.2635914439567419
207	1.2639419421674786
208	1.2630427834643718
209	0
210	1.2593193960331426
211	1.2591502250256002
212	1.2592721217777887
213	1.2598110683611932
214	0
215	1.2571950365133383
216	1.253460021017776
217	1.2549998326280992
218	1.2552043984663795
219	0.00032465450782360711
220	1.2521730433741972
221	1.2513096299082583
222	1.2509001129241703
223	1.2515892180818933
224	0
225	1.2438625703853732
226	1.2465703453065494
227	1.2495787601615697
228	1.2511630205528229
229	0
230	1.2523937313830026
231	1.2538240629158634
232	1.2526507032336102
233	1.2511943904231317
234	0.00032485553228665578
235	1.2516746489870876
236	1.2529777700329455
237	1.2538606685425522
238	1.2539811201855739
239	0
240	1.2530778857774245
241	1.258143419672672
242	1.2581301252550343
243	1.259683998588656
244	0.00050041689668249698
245	1.2599920998723328
246	1.2604369379287337
247	1.2586776254308657
248	1.2591907683109998
249	0.00032438647520620888
250	1.2602087854816813
251	1.2628438476449721
252	1.2631403631535415
253	1.2647737401176126
254	0
255	1.2586105837744679
256	1.2590234433928335
257	1.2598860549762656
258	1.2590299319934429
259	0.00050818984258704568
260	1.2584318987567709
261	1.2600323694921411
262	1.2600586959263031
263	1.2601584911681284
264	0.00032639671983669561
265	1.2611229149486475
266	1.2623234397391088
267	1.2614431178963904
268	1.259890244325595
269	0
270	1.2567734022422566
271	1.2620616475911328
272	1.2637935450367652
273	1.2643706661675271
274	0.00050818984258704568
275	1.2634769918154159
276	1.2630979065825872
277	1.2641954130390053
278	1.2650929135571389
279	0.00032766987476933721
280	1.2658400745848771
281	1.2652325719552971
282	1.2655852492740877
283	1.2663187942389318
284	0
285	1.2638039044988591
286	1.2684314474298705
287	1.2686289539678832
288	1.2669140075723906
289	0.00050932898121098816
290	1.2661398100978891
291	1.267110080127107
292	1.2675103734448772
293	1.2682707283767754
294	0.00032746885030628853
295	1.2688733193043472
296	1.2704559648003011
297	1.2699171053226054
298	1.2684835730737525
299	0
300	1.2652509187912299
301	1.2687430219461696
302	1.2680925938976166
303	1.2670092127552275
304	0.00051060213614362976
305	1.2670727967945258
306	1.2663167183240402
307	1.2655831720213029
308	1.2654930259541193
309	0.00032351536919966463
310	1.2654926842080333
311	1.2649979496061115
312	1.2666355752886193
313	1.2667982911890084
314	0
315	1.2612487897604584
316	1.2655448500541495
317	1.265197767918292
318	1.2676086006979293
319	0.00049204087738880227
320	1.2691573869722633
321	1.2676192616936503
322	1.2666117940970946
323	1.20240432596509
324	0.0003232473365822664
325	1.2618735402875365
326	1.2680669029696031
327	1.2670106266317832
328	1.2646754527575861
329	0
330	1.2540066891538464
331	1.2567294113899486
332	1.2558334989618012
333	1.2580765480168205
334	0.00050885992413054126
335	1.2586696660001498
336	1.2594139166631296
337	1.2616740168046913
338	1.2619666548192296
339	0.00032204118980397436
340	1.2618983601074986
341	1.2637012346029242
342	1.2642827916712547
343	1.2639454257188004
344	0
345	1.2618807905706551
346	1.2669431427191287
347	1.2660467009310609
348	1.2660753268113271
349	0.00050524148379566514
350	1.2661664445008386
351	1.2669877634487011
352	1.2660646055076536
353	1.2659729182478077
354	0.00032224221426702303
355	1.2649198784071148
356	1.265674437127527
357	1.2665401958821272
358	1.2652773669064798
359	0
