1104623721	144	146.321	1020.44
1104796565	148	147.636	1008.09
1104969409	193	188.73	1294.62
1105142253	198	202.363	1399.25
1105315097	131	153.63	1066.41
1105487941	224	228.375	1557.28
1105660785	186	209.098	1435.15
1105833629	217	209.092	1465.62
1106006473	149	161.172	1119.22
1106179317	230	252.946	1784.01
1106352161	261	271.848	1869.55
1106525005	272	273.547	1915.84
1106697849	233	235.739	1686.65
1106870692	274	266.54	1856.89
1107043536	254	258.065	1845.52
1107216380	194	231.824	1820.84
1107389224	216	245.074	1807.21
1107562068	142	138.958	960.646
1107734912	204	181.976	1249.8
1107907756	179	199.023	1397.99
1108080600	245	244.898	1762.25
1108253444	143	179.334	1258.53
1108426288	238	253.838	1792.72
1108599132	259	266.312	1861.63
1108771976	210	219.426	1514.84
1108944820	235	230.481	1601.9
1109117663	220	208.905	1433.82
1109290507	46	47.1253	328.578
1109463351	130	124.449	852.253
1109636195	168	174.143	1296.1
1109809039	185	192.452	1366.76
1109981883	213	229.241	1614.07
1110154727	71	90.3873	644.315
1110327571	219	207.725	1552.25
1110500415	233	236.599	1614.59
1110673259	260	250.04	1842.17
1110846103	174	200.103	1411.16
1111018947	189	205.591	1438.7
1111191791	191	196.024	1414.45
1111364634	205	237.324	1702.1
1111537478	255	249.075	1855.12
1111710322	212	233.273	1706.05
1111883166	24	29.2853	207.608
1112056010	0	0	0
1112228854	0	0	0
1112401698	0	0	0
1112574542	0	0	0
1112747386	0	0	0
1112920230	142	159.398	1139.03
1113093074	16	15.1632	105.441
1113265918	104	102.071	779.605
1113438762	255	264.787	2006.78
1113611605	237	240.991	1802.43
1113784449	167	182.89	1330.11
1113957293	231	259.749	1946.27
1114130137	38	40.0585	318.961
1114302981	0	0	0
1114475825	0	0	0
1114648669	0	0	0
1114821513	0	0	0
1114994357	4	6.37925	32.1649
1115167201	250	240.108	1714.49
1115340045	238	262.404	2127.79
1115512889	291	278.208	2169.68
1115685733	317	291.391	2149.12
1115858576	231	248.528	1809.46
1116031420	230	258.569	1964.19
1116204264	214	218.985	1672.6
1116377108	265	269.872	2018.22
1116549952	197	215.888	1694.55
1116722796	164	141.262	1098.78
1116895640	197	221.985	1604.15
1117068484	243	253.157	1913.02
1117241328	259	261.752	1873.76
1117414172	239	235.084	1796.72
1117587016	188	194.734	1434.91
1117759860	270	305.123	2277.51
1117932704	208	232.132	1831.23
1118105547	285	299.732	2202.82
1118278391	281	314.914	2400.8
1118451235	181	172.551	1279
1118624079	131	140.4	1087.28
1118796923	281	300.57	2399.59
1118969767	188	212.728	1704.73
1119142611	298	304.832	2394.66
1119315455	242	270.195	2147.64
1119488299	272	309.568	2429.72
1119661143	315	328.701	2564.59
1119833987	79	74.3094	553.78
1120006831	191	223.626	1693.01
1120179675	151	145.191	1113.11
1120352518	0	0	0
1120525362	71	72.0457	619.99
1120698206	116	115.686	962.71
1120871050	0	0	0
1121043894	0	0	0
1121216738	136	129.121	942.2
1121389582	223	232.336	1899.55
1121562426	336	313.49	2512.57
1121735270	322	309.377	2501.99
1121908114	270	265.772	2093.19
1122080958	295	289.468	2433.43
1122253802	100	118.705	955.482
1122426646	251	265.351	2081.11
1122599489	326	342.468	2476.5
1122772333	167	224.004	1628.39
1122945177	100	91.2584	685.24
1123118021	322	327.649	2459.55
1123290865	252	263.693	2137.08
1123463709	262	267.419	2318.6
1123636553	295	307.975	2439.88
1123809397	317	325.297	2393.5
1123982241	304	324.908	2452.31
1124155085	321	322.625	2461.16
1124327929	184	177.176	1364.79
1124500773	319	304.752	2330.01
1124673617	268	321.775	2398.73
1124846460	303	318.633	2456.94
1125019304	312	332.021	2447.05
1125192148	338	334.493	2461.62
1125364992	268	289.42	2259.98
1125537836	270	283.212	2406.78
1125710680	266	299.342	2385.51
1125883524	283	294.015	2340.16
1126056368	214	213.913	1623.28
1126229212	156	159.418	1227.99
1126402056	232	274.14	2257.82
1126574900	277	260.408	2234.33
1126747744	256	279.864	2248.26
1126920588	306	298.863	2392.35
1127093431	203	220.119	1609.18
1127266275	304	297.142	2189.11
1127439119	305	335.801	2438.53
1127611963	315	327.405	2540.4
1127784807	321	335.434	2512.7
1127957651	323	349.672	2598.34
1128130495	315	338.702	2579.77
1128303339	332	338.689	2518.73
1128476183	290	306.365	2396.97
1128649027	321	346.749	2614.73
1128821871	348	340.756	2587.71
1128994715	347	362.128	2557.4
1129167559	347	347.957	2540.37
1129340402	297	342.607	2551.18
1129513246	177	183.594	1368.36
1129686090	330	336.281	2451.61
1129858934	344	355.26	2505.1
1130031778	326	333.824	2475.76
1130204622	332	329.511	2447.24
1130377466	327	337.1	2511.12
1130550310	310	332.617	2570.33
1130723154	315	340.835	2570.11
1130895998	334	356.964	2557.16
1131068842	326	357.531	2602.57
1131241686	351	347.126	2602.07
1131414530	390	355.588	2580.78
1131587373	323	334.828	2386.23
1131760217	380	370.526	2582.71
1131933061	339	362.667	2526.12
1132105905	366	363.806	2566.34
1132278749	305	326.172	2291.69
1132451593	282	292.844	2052.12
1132624437	349	350.786	2407.15
1132797281	367	370.981	2636.47
1132970125	419	376.155	2623.92
1133142969	415	384.728	2639.42
1133315813	377	370.455	2678.53
1133488657	391	388.382	2773.8
1133661501	318	344.173	2390.98
1133834344	402	372.922	2721.78
1134007188	389	394.44	2783.46
1134180032	406	387.153	2799.97
1134352876	329	306.87	2099
1134525720	325	323.393	2225.82
1134698564	415	396.676	2729.77
1134871408	417	409.691	2842.78
1135044252	372	410.795	2882.43
1135217096	452	436.299	3015.01
1135389940	414	411.506	2930.05
1135562784	451	423.841	2915.6
1135735628	378	368.092	2555.23
1135908472	424	415.54	2880.36
1136081315	170	175.649	1208.91
1136254159	244	250.392	1779.36
1136427003	345	343.213	2330.35
1136599847	335	373.559	2515.31
1136772691	210	238.683	1620.58
1136945535	245	253.694	1775.95
1137118379	255	251.002	1773.17
1137291223	221	228.442	1550.94
1137464067	251	246.943	1807.8
1137636911	300	268.469	1833.79
1137809755	273	260.172	1857.74
1137982599	253	255.389	1771.03
1138155443	245	279.411	1963.35
1138328286	441	432.932	2960.9
1138501130	420	430.613	2927.87
1138673974	418	422.168	2884.3
1138846818	401	414.001	2824.88
1139019662	408	400.891	2771.95
1139192506	414	378.493	2572.31
1139365350	385	393.314	2748.5
1139538194	417	392.605	2841.45
1139711038	300	282.74	2028.42
1139883882	341	340.871	2381.76
1140056726	395	382.731	2644.31
1140229570	439	412.122	2818.12
1140402414	406	374.245	2604.32
1140575257	374	375.46	2592.02
1140748101	421	382.862	2833.72
1140920945	376	359.616	2537.74
1141093789	39	31.5202	217.029
1141266633	31	31.5874	220.122
1141439477	321	317.678	2253.28
1141612321	417	422.336	2944.55
1141785165	157	162.366	1140.78
1141958009	311	304.283	2198.25
1142130853	250	254.915	1765.42
1142303697	338	370.952	2612.92
1142476541	369	383.151	2751.18
1142649385	381	370.427	2726.79
1142822228	432	383.146	2724.41
1142995072	379	385.052	2731.7
1143167916	348	376.72	2724.44
1143340760	350	360.474	2724.73
1143513604	367	363.471	2736.74
1143686448	393	387.052	2795.29
1143859292	402	396.801	2873.33
1144032136	398	396.63	2837.91
1144204980	372	375.065	2762.14
1144377824	385	376.978	2772.11
1144550668	371	363.376	2730.14
1144723512	400	382.182	2740.06
1144896356	347	381.011	2754.72
1145069199	343	353.174	2758.82
1145242043	334	342.536	2719.98
1145414887	373	381.531	2663.31
1145587731	378	360.894	2684.15
1145760575	367	362.618	2637.34
1145933419	354	362.742	2668.45
1146106263	320	298.43	2224.63
1146279107	324	322.719	2413.17
1146451951	223	238.358	1935.91
1146624795	363	314.237	2450.19
1146797639	389	378.065	2884.93
1146970483	327	360.097	2872
1147143327	365	355.845	2820.84
1147316170	361	359.937	2808.47
1147489014	419	366.309	2845.16
1147661858	406	380.537	2825.25
1147834702	366	371.822	2780.68
1148007546	373	341.725	2778.32
1148180390	348	335.363	2734.69
1148353234	311	345.626	2737.3
1148526078	382	369.824	2754.63
1148698922	339	361.599	2739.85
1148871766	343	352.295	2706.28
1149044610	331	331.802	2569.33
1149217454	343	324.239	2470.29
1149390298	280	269.047	2081.5
1149563141	368	352.071	2612.92
1149735985	352	378.253	2725.34
1149908829	312	343.288	2774.76
1150081673	334	305.3	2333.73
1150254517	359	356.715	2703.09
1150427361	280	296.47	2344.77
1150600205	403	365.418	2751.76
1150773049	332	333.908	2458.07
1150945893	369	356.819	2829.14
1151118737	348	359.099	2809.59
1151291581	322	313.213	2476.34
1151464425	336	334.237	2645.52
1151637269	354	347.305	2700.65
1151810112	333	339.158	2625.12
1151982956	334	343.695	2690.65
1152155800	361	324.807	2477.48
1152328644	338	361.087	2676.56
1152501488	375	359.909	2655.07
1152674332	324	311.448	2252.06
1152847176	313	320.367	2599.57
1153020020	303	310.134	2443.18
1153192864	342	340.289	2547.08
1153365708	343	342.976	2545.6
1153538552	352	348.747	2552.87
1153711396	307	332.573	2540.1
1153884240	331	346.285	2544.66
1154057083	306	332.631	2665.63
1154229927	296	319.425	2708.37
1154402771	345	332.177	2709
1154575615	339	337.76	2631.49
1154748459	362	358.286	2737.5
1154921303	340	359.234	2702.82
1155094147	346	357.608	2707.6
1155266991	355	374.031	2763.64
1155439835	390	364.826	2685.3
1155612679	323	336.012	2639.63
1155785523	312	330.254	2726.96
1155958367	342	357.64	2798.05
1156131211	342	353.971	2821.3
1156304054	189	187.061	1405.72
1156476898	423	398.986	2927.72
1156649742	387	381.823	2981.07
1156822586	355	370.756	2913.03
1156995430	403	397.132	2950.22
1157168274	323	348.967	2800.99
1157341118	193	209.782	1758.53
1157513962	374	381.906	2940.5
1157686806	423	391.469	2999.7
1157859650	428	428.69	3073.43
1158032494	392	395.878	3061.87
1158205338	412	393.93	3032.16
1158378182	410	392.744	3043.05
1158551025	430	394.72	2974.57
1158723869	415	379.504	2832.36
1158896713	425	413.16	3020.22
1159069557	371	394.377	3019.72
1159242401	399	422.231	3017.97
1159415245	397	390.027	3024.96
1159588089	434	408.459	2974.29
1159760933	450	414.594	3034.96
1159933777	411	391.453	2872.09
1160106621	411	394.249	2984.31
1160279465	428	399.304	2925.9
1160452309	388	385.354	2807.47
1160625153	374	370.508	2659.27
1160797996	393	388.498	2841.99
1160970840	381	391.375	2913.31
1161143684	270	261.885	1941.2
1161316528	264	258.099	1909.08
1161489372	381	385.82	2761.16
1161662216	415	400.194	2783.78
1161835060	391	378.19	2833.69
1162007904	410	396.329	2855.3
1162180748	433	385.069	2811.87
1162353592	422	367.954	2747.54
1162526436	370	379.555	2787.7
1162699280	408	402.108	2830.22
1162872124	363	378.806	2847.63
1163044967	416	385.106	2885.84
1163217811	393	382.143	2705.96
1163390655	424	414.274	2835.86
1163563499	430	413.061	2830.38
1163736343	366	380.874	2813.21
1163909187	308	338.231	2522.27
1164082031	439	390.755	2748.46
1164254875	412	400.888	2767.6
1164427719	379	394.935	2769.91
1164600563	396	374.52	2727.31
1164773407	425	402.877	2855.65
1164946251	389	417.888	2847.44
1165119095	367	349.891	2514.85
1165291938	410	358.892	2501.56
1165464782	376	356.783	2475.14
1165637626	369	371.204	2619.24
1165810470	355	369.798	2607.81
1165983314	394	388.126	2709.36
1166156158	442	435.727	3013.76
1166329002	429	449.526	3076.49
1166501846	459	455.083	3096.69
1166674690	502	478.434	3290.88
1166847534	513	520.586	3522.28
1167020378	507	503.407	3525.08
1167193222	522	520.247	3521.17
1167366066	453	478.178	3207.96
1167538909	23	19.7975	133.812
1167711753	0	0	0
1167884597	0	0	0
1168057441	0	0	0
1168230285	0	0	0
1168403129	122	139.71	934.675
1168575973	447	467.353	3244.09
1168748817	481	457.638	3231.75
1168921661	412	389.476	2716.29
1169094505	363	356.956	2450.65
1169267349	412	392.165	2724.73
1169440193	513	493.696	3384.18
1169613037	438	460.06	3159.44
1169785880	472	485.704	3373.78
1169958724	507	471.708	3329.66
1170131568	500	469.2	3342.02
1170304412	476	462.698	3244.39
1170477256	520	498.694	3420.06
1170650100	517	498.71	3434.79
1170822944	500	496.17	3518.85
1170995788	493	492.896	3547.22
1171168632	454	459.657	3325.45
1171341476	487	483.924	3323.79
1171514320	457	473.65	3220.94
1171687164	495	442.544	3270.77
1171860008	488	445.295	3231.53
1172032851	458	443.851	3271.05
1172205695	482	469.689	3313.8
1172378539	517	492.033	3343.8
1172551383	525	478.02	3321.38
1172724227	502	485.586	3426.68
1172897071	400	370.704	2748.57
1173069915	525	494.731	3512.55
1173242759	508	509.474	3581.89
1173415603	502	491.503	3491.31
1173588447	550	503.011	3580.26
1173761291	478	506.163	3560.97
1173934135	433	501.561	3602.35
1174106979	436	480.771	3499.61
1174279822	456	463.033	3287.06
1174452666	481	462.508	3255.42
1174625510	439	431.647	3159.84
1174798354	502	463.984	3311.68
1174971198	463	442.711	3263.6
1175144042	452	457.776	3374.57
1175316886	360	392.2	2990.84
1175489730	475	451.109	3284.42
1175662574	485	448.495	3320.62
1175835418	458	447.074	3321.23
1176008262	476	452.266	3361.93
1176181106	477	462.383	3380.48
1176353950	493	469.107	3485.77
1176526793	501	496.974	3512.65
1176699637	488	488.382	3473.53
1176872481	540	514.605	3601.69
1177045325	487	491.36	3682.7
1177218169	498	487.919	3695.42
1177391013	501	473.064	3576.83
1177563857	463	469.881	3673.24
1177736701	511	485.295	3739.99
1177909545	541	505.843	3722.73
1178082389	492	496.927	3730.46
1178255233	572	514.454	3749.77
1178428077	509	484.844	3738.31
1178600920	420	444.491	3656.11
1178773764	498	471.003	3754.27
1178946608	506	475.054	3812.7
1179119452	526	487.464	3810.14
1179292296	491	494.991	3819.49
1179465140	529	512.552	4031.97
1179637984	549	542.416	4105.24
1179810828	569	552.875	4419.36
1179983672	597	557.807	4501.71
1180156516	642	578.011	4510.8
1180329360	539	529.769	4458.1
1180502204	557	543.058	4419.23
1180675048	169	161.573	1266.75
1180847891	444	439.705	3473.43
1181020735	354	328.267	2607.33
1181193579	633	566.006	4474.31
1181366423	605	582.763	4445.15
1181539267	575	577.079	4372.51
1181712111	507	568.947	4305.78
1181884955	477	469.54	3914.24
1182057799	563	560.114	4446.23
1182230643	615	561.158	4323.65
1182403487	587	592.675	4445.99
1182576331	630	600.628	4633.14
1182749175	605	564.519	4609.16
1182922019	590	578.377	4646.31
1183094862	669	597.297	4762.31
1183267706	642	600.538	4781.33
1183440550	658	620.553	4794.28
1183613394	689	645.115	4681.97
1183786238	625	591.971	4577.41
1183959082	543	523.771	4732.55
1184131926	571	531.23	4598.12
1184304770	597	597.042	4658.8
1184477614	570	587.994	4679.77
1184650458	628	604.827	4639.09
1184823302	582	562.206	4100.37
1184996146	666	611.547	4701.88
1185168990	551	583.71	4533.75
1185341833	559	563.726	4397.11
1185514677	597	572.959	4648.98
1185687521	597	569.705	4694.16
1185860365	646	604.867	4717.94
1186033209	455	471.984	4076.34
1186206053	541	522.654	4459.29
1186378897	484	521.59	4145.82
1186551741	620	618.469	4659.42
1186724585	550	570.412	4735.42
1186897429	622	613.944	4675.13
1187070273	646	615.44	4509.93
1187243117	315	314.871	2589.04
1187415961	422	443.378	3827.1
1187588804	481	470.61	4157.69
1187761648	611	574.04	4606.45
1187934492	599	588.105	4692.28
1188107336	577	556.361	4640.27
1188280180	604	566.205	4581.4
1188453024	587	556.91	4605.04
1188625868	633	600.014	4644.15
1188798712	652	633.066	4601.65
1188971556	619	613.463	4606.31
1189144400	698	640.436	4717.26
1189317244	692	665.78	4741.64
1189490088	605	579.88	4418.56
1189662932	642	625.124	4712.19
1189835775	575	584.403	4725.12
1190008619	601	588.339	4564.47
1190181463	627	626.479	4747.7
1190354307	561	617.581	4789.59
1190527151	570	548.212	4385.52
1190699995	493	506.454	4035.06
1190872839	590	542.936	4129.01
1191045683	657	664.417	4936.2
1191218527	712	683.05	4861.42
1191391371	677	669.685	4856.01
1191564215	692	667.814	4829.6
1191737059	649	635.298	4837.58
1191909903	667	666.31	4819.52
1192082746	608	628.027	4827.03
1192255590	623	636.756	4781.9
1192428434	400	404.708	3148.95
1192601278	519	491.398	3571.26
1192774122	708	655.012	4748.75
1192946966	12	22.6622	157.062
1193119810	0	0	0
1193292654	0	0	0
1193465498	0	0	0
1193638342	0	0	0
1193811186	0	0	0
1193984030	0	0	0
1194156874	0	0	0
1194329717	0	0	0
1194502561	0	0	0
1194675405	0	0	0
1194848249	0	0	0
1195021093	173	160.123	1244.84
1195193937	15	22.3266	146.696
1195366781	0	0	0
1195539625	0	0	0
1195712469	578	570.282	4055.05
1195885313	154	161.443	1182.62
1196058157	248	230.444	1602.77
1196231001	572	589.183	4101.78
1196403845	689	702.224	4845.43
1196576688	644	600.927	4315.18
1196749532	629	615.499	4325.65
1196922376	471	471.526	3457.4
1197095220	3	3.21834	27.343
1197268064	596	590.61	4068.06
1197440908	685	674.327	4714.52
1197613752	691	679.782	4791.42
1197786596	672	665.459	4776.76
1197959440	678	681.34	4751.22
1198132284	725	692.046	4721.6
1198305128	274	258.856	1797.11
1198477972	639	634.006	4548.31
1198650816	377	396.838	2838.12
1198823659	344	316.001	2212.13
1198996503	324	273.828	1908.22
1199169347	0	0	0
1199342191	516	487.421	3409.37
1199515035	564	541.199	3727.73
1199687879	668	656.63	4437.66
1199860723	721	661.85	4480.55
1200033567	701	624.04	4431.92
1200206411	679	651.165	4452.75
1200379255	686	661.916	4527.43
1200552099	692	674.628	4656.94
1200724943	709	689.195	4843.01
1200897787	687	689.779	4796.66
1201070630	579	562.258	4072.8
1201243474	657	636.985	4534.33
1201416318	532	470.631	3415.04
1201589162	550	564.897	4099.77
1201762006	595	606.768	4303.86
1201934850	585	548.525	3876.86
1202107694	549	539.091	3750.38
1202280538	495	474.454	3351.06
1202453382	465	418.021	2989.19
1202626226	578	559.294	4068.15
1202799070	621	582.735	4116.93
1202971914	649	643.862	4417.47
1203144758	646	643.28	4458.18
1203317601	625	576.211	4030.99
1203490445	588	604.245	4263.68
1203663289	577	599.845	4266.04
1203836133	646	601.569	4360.69
1204008977	547	574.011	4123.65
1204181821	606	560.11	3944.67
1204354665	640	618.527	4336.03
1204527509	546	554.026	3998.05
1204700353	661	600.438	4287.67
1204873197	547	540.643	3962.06
1205046041	575	584.984	4273.56
1205218885	594	579.843	4274.46
1205391729	634	604.172	4416.95
1205564572	532	517.6	3655.94
1205737416	596	581.7	4219.71
1205910260	672	620.4	4393.4
1206083104	574	605.042	4359.06
1206255948	603	587.445	4340.22
1206428792	637	605.761	4304.77
1206601636	597	599.163	4382.2
1206774480	591	585.541	4378.36
1206947324	659	611.906	4437.74
1207120168	634	602.362	4493.39
1207293012	610	622.135	4562.41
1207465856	704	656.115	4576.11
1207638700	532	539.939	3925.59
1207811543	681	649.73	4545.61
1207984387	607	630.645	4634.11
1208157231	501	521.132	4112.82
1208330075	648	622.217	4665.37
1208502919	629	624.137	4660.84
1208675763	691	669.969	4890.87
1208848607	680	661.858	4839.92
1209021451	709	665.234	4855.74
1209194295	662	656.469	4780.11
1209367139	627	628.43	4718.87
1209539983	597	587.026	4670.33
1209712827	546	545.101	4299.62
1209885671	508	511.852	4022.03
1210058514	605	602.686	4588.19
1210231358	631	589.962	4612.22
1210404202	594	592.883	4620.62
1210577046	337	356.418	2772.86
1210749890	578	560.367	4306.07
1210922734	737	644.954	4870.15
1211095578	674	707	4864.97
1211268422	703	678.481	4837.26
1211441266	690	671.818	4806.95
1211614110	585	622.803	4838.67
1211786954	641	636.814	4742.62
1211959798	528	516.33	4182.81
1212132642	520	540.516	4617.16
1212305485	539	573.659	4657.2
1212478329	621	612.751	4723.09
1212651173	625	603.684	4610.55
1212824017	639	598.238	4652.91
1212996861	580	592.201	4744.28
1213169705	644	628.364	4800.88
1213342549	616	621.7	4837.72
1213515393	423	441.007	3478.89
1213688237	562	555.16	4257.49
1213861081	612	645.271	5025.38
1214033925	616	583.602	4780.62
1214206769	599	575.714	4712.33
1214379613	652	636.183	5040.13
1214552456	720	680.248	5310.86
1214725300	746	698.644	5341.27
1214898144	686	662.088	5090.2
1215070988	746	691.801	5435.57
1215243832	764	777.441	5564.2
1215416676	735	715.987	5529.89
1215589520	764	733.286	5592.45
1215762364	621	620.83	4869.49
1215935208	723	655.182	5034
1216108052	746	748.465	5533.33
1216280896	775	766.418	5657.71
1216453740	635	622.388	4979.7
1216626584	770	711.91	5632.93
1216799427	645	640.856	5050.1
1216972271	740	697.287	5502.85
1217145115	572	537.241	4260.27
1217317959	567	542.875	4280.66
1217490803	359	371.833	2818.61
1217663647	751	764.799	5818.93
1217836491	805	759.759	5715.7
1218009335	697	734.518	5380.31
1218182179	719	706.97	5628.73
1218355023	705	715.988	5267.53
1218527867	748	734.896	5674.36
1218700711	783	749.113	5832.14
1218873555	800	775.7	5768.91
1219046398	707	687.924	5415.15
1219219242	767	734.37	5818.07
1219392086	671	688.747	5519.81
1219564930	612	602.33	4529.09
1219737774	834	817.117	5891.52
1219910618	741	713.095	5512.56
1220083462	854	797.615	5919.52
1220256306	865	811.96	5751.98
1220429150	665	727.045	5684.97
1220601994	722	720.171	5882.16
1220774838	754	737.385	5754.76
1220947682	722	696.32	5326.82
1221120526	721	717.484	5695.55
1221293369	796	727.613	5766.21
1221466213	805	749.986	5766.23
1221639057	770	767.473	5709.14
1221811901	677	692.262	5607.32
1221984745	761	732.067	5683.36
1222157589	808	776.199	5739.17
1222330433	808	783.03	5793.89
1222503277	773	807.113	5860.53
1222676121	763	775.842	5899.37
1222848965	812	804.095	5929.49
1223021809	822	789.5	5901.74
1223194653	292	288.81	2257.48
1223367497	764	752.49	5802.9
1223540340	803	800.315	5854.63
1223713184	818	796.665	5635.11
1223886028	759	770.22	5811.06
1224058872	811	736.172	5641.07
1224231716	730	772.731	5805.28
1224404560	794	809.477	5789.51
1224577404	818	802.598	5808.6
1224750248	846	782.168	5756.53
1224923092	759	802.778	5787.38
1225095936	796	789.367	5754.42
1225268780	761	770.622	5779.09
1225441624	898	827.138	5863.28
1225614468	832	812.782	5826.48
1225787311	835	818.236	5826.64
1225960155	859	837.093	5888.51
1226132999	243	207.19	1503.09
1226305843	374	424.579	3023.27
1226478687	704	728.777	5150.7
1226651531	829	832.493	5776.98
1226824375	683	684.314	5077.91
1226997219	668	632.575	4577.4
1227170063	830	818.061	5728.18
1227342907	878	836.423	5751.82
1227515751	855	827.288	5777.34
1227688595	779	769.772	5364.24
1227861439	837	817.31	5674.51
1228034282	700	657.921	4857.51
1228207126	786	754.876	5592.73
1228379970	825	794.69	5675.5
1228552814	463	439.918	3241.45
1228725658	487	452.885	3131.69
1228898502	693	656.326	4754.1
1229071346	790	789.688	5614.7
1229244190	750	776.483	5446.76
1229417034	815	787.53	5358.8
1229589878	772	773.482	5453.71
1229762722	794	812.306	5564.17
1229935566	771	750.035	5391.25
1230108410	856	775.391	5391.79
1230281253	820	771.819	5389.9
1230454097	632	615.392	4288.38
1230626941	711	665.646	4632.54
1230799785	109	118.13	896.64
1230972629	623	588.7	4184.84
1231145473	787	743.858	5096.69
1231318317	717	705.716	4974.68
1231491161	810	743.84	5298.21
1231664005	629	634.046	4478.65
1231836849	715	684.078	4737.34
1232009693	825	739.972	5165.79
1232182537	608	595.96	4134.07
1232355381	794	721.618	5168.78
1232528224	768	740.482	5176.95
1232701068	763	730.54	5031.3
1232873912	744	730.368	5147.15
1233046756	736	724.444	5146.12
1233219600	740	745.129	5163.56
1233392444	749	727.504	5104.85
1233565288	709	699.371	4835.38
1233738132	775	754.928	5254.87
1233910976	753	747.19	5266.41
1234083820	745	742.002	5241.61
1234256664	761	777.615	5340.52
1234429508	815	782.689	5477.77
1234602352	811	745.344	5163.52
1234775195	845	784.014	5364.05
1234948039	762	709.409	4813.77
1235120883	648	640.663	4513.07
1235293727	762	721.58	5256.47
1235466571	719	699.768	5015.01
1235639415	751	759.837	5325.82
1235812259	726	725.329	5100.88
1235985103	753	753.923	5264.52
1236157947	814	745.55	5350.12
1236330791	811	773.818	5457.29
1236503635	767	765.273	5558.26
1236676479	752	772.643	5551.59
1236849323	769	759.808	5330.83
1237022166	804	773.724	5469.51
1237195010	811	777.428	5574.71
1237367854	808	773.873	5655.7
1237540698	577	624.035	4371.53
1237713542	691	653.16	4637.88
1237886386	818	770.359	5515.87
1238059230	775	758.91	5351.89
1238232074	847	809.636	5587.57
1238404918	767	792.948	5589.84
1238577762	682	718.715	5355.88
1238750606	804	776.28	5442.49
1238923450	761	755.343	5463.96
1239096294	729	764.523	5629.77
1239269137	753	749.818	5581.41
1239441981	800	767.979	5509.86
1239614825	752	760.363	5524.07
1239787669	790	771.187	5507.61
1239960513	241	220.856	1620.93
1240133357	0	0	0
1240306201	0	0	0
1240479045	0	0	0
1240651889	0	0	0
1240824733	0	0	0
1240997577	0	0	0
1241170421	0	0	0
1241343265	0	0	0
1241516108	0	0	0
1241688952	0	0	0
1241861796	0	0	0
1242034640	0	0	0
1242207484	0	0	0
1242380328	0	0	0
1242553172	0	0	0
1242726016	0	0	0
1242898860	0	0	0
1243071704	0	0	0
1243244548	0	0	0
1243417392	0	0	0
1243590236	0	0	0
1243763079	0	0	0
1243935923	0	0	0
1244108767	0	0	0
1244281611	0	0	0
1244454455	369	364.382	2890.62
1244627299	560	552.916	4460.78
1244800143	574	565.19	4542.91
1244972987	523	572.206	4173.9
1245145831	573	586.653	4544.6
1245318675	623	617.43	4383.83
1245491519	546	581.601	4419.39
1245664363	557	534.322	4327.91
1245837207	437	431.845	3603.25
1246010050	546	529.376	4305.27
1246182894	531	578.279	4365.31
1246355738	526	545.486	4230.95
1246528582	553	574.486	4439.59
1246701426	556	580.744	4280.02
1246874270	553	606.734	4519.5
1247047114	510	547.807	4501.03
1247219958	574	567.243	4465.56
1247392802	598	581.324	4498.05
1247565646	550	534.638	4439.27
1247738490	589	555.472	4407.93
1247911334	510	544.552	4369.59
1248084178	503	549.094	4164.75
1248257021	510	537.886	4254.18
1248429865	560	507.923	4223.34
1248602709	464	481.496	3899.61
1248775553	386	386.301	3128.75
1248948397	593	566.136	4571.1
1249121241	588	596.432	4781.71
1249294085	607	643.758	4791.75
1249466929	585	629.052	4807.28
1249639773	606	596.963	4890
1249812617	585	611.158	4961.63
1249985461	708	681.841	5023.96
1250158305	420	499.975	3666.52
1250331149	392	448.96	3288.47
1250503992	429	522.504	4101.34
1250676836	508	570.267	4416.09
1250849680	611	618.36	4717.46
1251022524	644	637.761	4781.41
1251195368	354	328.558	2433.93
1251368212	656	670.563	4927.07
1251541056	671	721.878	5062.34
1251713900	606	645.806	4815.46
1251886744	584	579.589	4471.86
1252059588	670	677.836	5266.58
1252232432	642	701.685	5214.91
1252405276	620	658.34	5272.23
1252578120	611	678.779	5530.49
1252750963	700	710.509	5506.48
1252923807	760	770.082	5628.63
1253096651	723	693.065	5366.21
1253269495	740	763.392	5827.49
1253442339	795	765.045	5800.6
1253615183	681	751.15	5817.87
1253788027	720	767.806	5797.93
1253960871	751	773.496	5872.42
1254133715	270	282.031	2294.48
1254306559	706	725.576	5807.53
1254479403	730	786.522	5829.18
1254652247	751	812.357	5855.2
1254825091	727	766.864	5862.54
1254997934	750	794.798	5999.52
1255170778	844	856.766	6043.75
1255343622	495	535.602	3910.31
1255516466	766	804.326	6012.61
1255689310	778	798.713	5956.07
1255862154	781	811.835	5972.71
1256034998	780	808.374	5934.81
1256207842	820	850.64	5976.5
1256380686	819	829.729	6005.62
1256553530	756	822.818	5979.66
1256726374	814	826.706	5850.08
1256899218	826	873.445	5990.37
1257072062	820	859.781	5958.59
1257244905	763	824.442	5982.92
1257417749	799	844.375	6055.4
1257590593	741	814.985	6014.94
1257763437	803	820.529	5989.88
1257936281	715	753.717	5432.61
1258109125	826	759.531	5331.74
1258281969	800	736.645	5325.73
1258454813	783	805.917	5596.05
1258627657	794	760.434	5414.06
1258800501	762	783.038	5483.6
1258973345	820	807.099	5499.98
1259146189	797	799.119	5555.76
1259319033	813	790.488	5572.53
1259491876	807	791.48	5486.81
1259664720	828	781.348	5416.2
1259837564	453	492.219	3538.12
1260010408	754	762.498	5325.18
1260183252	693	694.086	5133.54
1260356096	670	653.915	4695.75
1260528940	697	688.76	4980.32
1260701784	781	743.748	5208.08
1260874628	727	749.687	5269.2
1261047472	797	768.869	5263.04
1261220316	781	739.419	5193.12
1261393160	706	640.692	4521.57
1261566004	753	737.156	5054.18
1261738847	692	729.304	5057.89
1261911691	771	751.368	5105.75
1262084535	621	612.815	4262.39
1262257379	721	700.105	4887.54
1262430223	747	713.486	4955.46
1262603067	799	732.388	4955.23
1262775911	709	749.621	5281.89
1262948755	790	767.815	5331.49
1263121599	770	753.055	5197.63
1263294443	770	756.629	5319.72
1263467287	780	737.036	5254.49
1263640131	773	772.257	5274.67
1263812975	701	707.589	4916.85
1263985818	641	650.288	4527.9
1264158662	727	729	5016.31
1264331506	745	710.758	4899.78
1264504350	674	691.992	4773.13
1264677194	643	649.443	4334.34
1264850038	717	699.847	4859.94
1265022882	794	728.184	4931.26
1265195726	778	707.591	4718.79
1265368570	719	694.339	4777.23
1265541414	668	652.723	4448.05
1265714258	752	712.391	4836.55
1265887102	757	720.718	4972.24
1266059946	681	667.415	4599.81
1266232789	660	643.137	4534.54
1266405633	742	709.767	4889.6
1266578477	712	719.239	4961.35
1266751321	663	685.349	4788.06
1266924165	715	693.474	4857.71
1267097009	601	622.512	4588.06
1267269853	673	658.332	4754.21
1267442697	698	674.125	4773.35
1267615541	671	672.782	4757.84
1267788385	689	675.769	4775.93
1267961229	738	696.095	4738.76
1268134073	617	657.138	4713.56
1268306917	700	628.916	4437.03
1268479760	610	612.426	4146.05
1268652604	525	500.783	3585.36
1268825448	585	589.774	4150.3
1268998292	662	658.835	4676.63
1269171136	673	671.137	4721.27
1269343980	693	678.83	4829.3
1269516824	704	655.583	4737.62
1269689668	573	543.365	3846.51
1269862512	436	433.838	3056.47
1270035356	493	469.222	3274.01
1270208200	467	450.898	3367.29
1270381044	409	407.436	3251.11
1270553888	445	432.356	3240.94
1270726731	432	428.001	3181.63
1270899575	555	544.157	3934
1271072419	567	563.474	4156.2
1271245263	536	514.201	4085.32
1271418107	570	523.215	3835.67
1271590951	597	522.723	3843.4
1271763795	574	531.725	3964.74
1271936639	454	493.516	3909.25
1272109483	539	512.087	3947.95
1272282327	563	555.137	4244.76
1272455171	539	526.743	4063.46
1272628015	538	535.463	4105.7
1272800859	645	567.775	4188.4
1272973702	587	547.081	4046.29
1273146546	545	527.378	4020.16
1273319390	561	549.131	4448.45
1273492234	556	572.053	4553.67
1273665078	638	608.702	4631.41
1273837922	597	600.617	4414.71
1274010766	474	485.394	3927.81
1274183610	596	593.735	4564.83
1274356454	615	587.98	4635.81
1274529298	555	542.05	4104.16
1274702142	601	559.377	4395.71
1274874986	416	419.24	3286.63
1275047830	482	505.205	3900.38
1275220673	539	523.219	4209.05
1275393517	574	568.873	4554.09
1275566361	634	582.796	4604.37
1275739205	624	584.773	4664.77
1275912049	587	584.501	4641.67
1276084893	506	488.836	3898.82
1276257737	437	403.975	3101.58
1276430581	586	570.251	4370.81
1276603425	611	307.721	2347.89
1276776269	595	609.345	4651.84
1276949113	592	587.531	4476.12
1277121957	571	600.944	4617.85
1277294801	647	656.66	4671.83
1277467644	549	573.508	4584.3
1277640488	608	565.647	4648.68
1277813332	601	577.171	4465.55
1277986176	617	578.406	4270.79
1278159020	670	617.749	4743.25
1278331864	664	644.134	4861.19
1278504708	622	621.049	4746.49
1278677552	649	612.725	4787.48
1278850396	569	583.699	4435.34
1279023240	560	522.226	4382.38
1279196084	434	449.785	4008.19
1279368928	431	439.267	4032.65
1279541772	532	546.252	4599.33
1279714615	547	571.958	4629.3
1279887459	642	597.079	4777.36
1280060303	514	557.733	4574.41
1280233147	574	600.492	4733.09
1280405991	680	647.401	5037.1
1280578835	611	652.188	5192.75
1280751679	515	540.837	4736.46
1280924523	434	440.885	3880.61
1281097367	543	518.801	4200.61
1281270211	481	504.982	4085.57
1281443055	639	643.154	5139.25
1281615899	652	639.637	5008.05
1281788743	566	600.845	5087.05
1281961586	679	692.866	5221.39
1282134430	686	702.171	5276.33
1282307274	680	695.808	5304.72
1282480118	682	715.294	5299.62
1282652962	726	703.113	5392.52
1282825806	742	758.22	5535.14
1282998650	771	755.26	5552.37
1283171494	685	709.528	5491.12
1283344338	643	662.297	5429.89
1283517182	635	654.591	5325.96
1283690026	710	711.049	5557.38
1283862870	714	727.792	5553.98
1284035714	762	759.994	5636.25
1284208557	780	748.003	5660.57
1284381401	713	711.562	5535.24
1284554245	706	725.146	5514.37
1284727089	703	718.484	5602.76
1284899933	765	739.832	5478.71
1285072777	724	747.824	5549.5
1285245621	771	730.325	5551.36
1285418465	697	740.623	5369.57
1285591309	649	678.223	4956.31
1285764153	733	716.23	5355.88
1285936997	680	706.509	5542.89
1286109841	760	742.236	5495.37
1286282685	776	750.223	5519.53
1286455528	715	749.294	5707.65
1286628372	730	770.002	5870.2
1286801216	847	809.606	5878.19
1286974060	772	816.78	5845.47
1287146904	755	797.458	6050.62
1287319748	827	811.413	6147.8
1287492592	799	833.922	6016.79
1287665436	950	869.968	6292.47
1287838280	877	883.422	6454.03
1288011124	873	880.034	6459.99
1288183968	882	916.723	6437.18
1288356812	737	762.403	5522.36
1288529656	799	796.54	5865.05
1288702499	835	902.949	6368.05
1288875343	880	895.866	6466.13
1289048187	908	942.828	6499.93
1289221031	724	754.561	5605.98
1289393875	790	843.808	6310.53
1289566719	871	888.9	6380.65
1289739563	831	853.699	6268.5
1289912407	837	860.047	6272.3
1290085251	892	897.916	6265.03
1290258095	761	797.693	5624.85
1290430939	898	856.656	6209.5
1290603783	886	901.002	6283.94
1290776627	624	695.38	4900.36
1290949470	871	873.845	6292.97
1291122314	869	878.329	6194.53
1291295158	850	887.611	6182.03
1291468002	887	876.718	6264.08
1291640846	892	868.473	6070.02
1291813690	878	886.882	6189.28
1291986534	908	894.167	6143.88
1292159378	791	831.473	6185.03
1292332222	897	891.508	6151.48
1292505066	864	885.317	6059.99
1292677910	870	866.989	6116.15
1292850754	890	880.175	6183.53
1293023598	987	933.188	6356.53
1293196441	977	923.921	6412.85
1293369285	961	937.967	6400.37
1293542129	930	892.146	6295.43
1293714973	819	801.098	5694.55
1293887817	784	826.127	5800.84
1294060661	838	815.215	5704.67
1294233505	818	815.789	5953.66
1294406349	882	852.318	5981.31
1294579193	807	862.518	6191.04
1294752037	767	804.936	5495.36
1294924881	977	903.046	6144.37
1295097725	874	915.972	6261.63
1295270569	811	842.634	5900.09
1295443412	957	893.25	6153.68
1295616256	844	895.059	6222.28
1295789100	1006	921.416	6321.92
1295961944	921	889.865	6138.62
1296134788	789	745.759	5154.53
1296307632	953	864.475	6053.75
1296480476	933	924.864	6533.15
1296653320	913	933.089	6412.33
1296826164	999	914.191	6346.24
1296999008	863	889.347	6331.06
1297171852	903	880.662	6240.77
1297344696	790	797.542	5779.8
1297517540	909	868.931	6189.83
1297690383	781	825.437	5835.72
1297863227	848	852.313	5912.09
1298036071	832	818.201	6021.38
1298208915	820	810.007	5900.11
1298381759	853	831.129	5775.32
1298554603	677	629.912	4648.71
1298727447	823	818.072	5873.11
1298900291	901	856.298	6033.93
1299073135	741	758.162	5241.6
1299245979	862	854.58	6113.99
1299418823	769	807.175	5727.97
1299591667	795	811.485	5695.49
1299764511	812	781.617	5436.35
1299937354	713	738.246	5376.57
1300110198	671	680.553	4952.88
1300283042	654	655.932	4767.12
1300455886	767	772.249	5708.15
1300628730	709	685.22	4880.32
1300801574	786	805.034	5697.65
1300974418	739	748.797	5503.67
1301147262	803	821.163	6024.45
1301320106	800	788.687	5914.67
1301492950	849	838.526	6031.2
1301665794	800	817.608	6047.47
1301838638	853	825.729	6025.27
1302011482	794	803.408	5868.43
1302184325	786	782.069	5727.07
1302357169	839	161.933	1246.91
1302530013	774	642.333	4574.65
1302702857	764	734.679	5217.01
1302875701	731	699.79	5371.39
1303048545	803	781.714	5900.36
1303221389	802	782.108	5864.14
1303394233	812	825.945	5864.35
1303567077	652	669.661	5054.58
1303739921	708	652.594	4952.2
1303912765	658	679.163	5073.59
1304085609	645	656.185	5269.44
1304258453	708	723.179	5803.62
1304431296	769	756.277	5845.71
1304604140	772	742.021	5576.49
1304776984	652	649.35	4881.89
1304949828	578	545.956	4128.31
1305122672	801	738.332	5620.59
1305295516	741	709.882	5473.66
1305468360	689	647.927	4965.07
1305641204	731	742.153	5570.96
1305814048	756	781.654	5675.47
1305986892	740	747.201	5714.8
1306159736	725	718.244	5653.93
1306332580	703	716.916	5658.34
1306505424	750	729.18	5791.3
1306678267	749	748.853	5908.4
1306851111	730	732.693	5830.57
1307023955	769	763.702	5994.92
1307196799	732	747.745	5971.07
1307369643	751	775.151	5892.59
1307542487	761	795.189	5891.12
1307715331	744	729.519	5411.07
1307888175	768	768.653	5900.65
1308061019	809	758.732	5963.34
1308233863	740	768.682	5925.9
1308406707	619	619.483	4742.76
1308579551	455	507.727	3964.85
1308752395	620	596.265	4880
1308925238	677	144.403	1096.06
1309098082	674	535.109	4644.78
1309270926	808	767.778	5852.23
1309443770	722	732.955	5800.47
1309616614	397	422.65	3590.87
1309789458	732	679.274	5739.74
1309962302	735	719.654	5866.2
1310135146	755	753.31	5826.3
1310307990	829	810.344	5994.24
1310480834	623	663.542	5069.62
1310653678	811	830.999	5990.34
1310826522	746	764.101	6018.31
1310999366	639	673.446	5553.5
1311172209	742	717.882	5822.89
1311345053	823	760.593	5995.77
1311517897	786	794.594	5958.92
1311690741	781	768.061	5957.49
1311863585	835	817.266	6089.1
1312036429	632	621.472	5188.42
1312209273	655	637.668	5331.78
1312382117	737	741.674	6014.18
1312554961	787	786.32	5931.05
1312727805	760	748.595	5781.97
1312900649	720	802.543	5988.88
1313073493	819	820.642	5947.8
1313246337	744	781.434	6060.45
1313419180	748	801.407	6072.73
1313592024	789	795.372	6066.05
1313764868	672	676.713	5690.48
1313937712	605	639.966	5393.66
1314110556	774	780.924	6007.37
1314283400	748	770.554	6046.57
1314456244	805	825.465	6135.23
1314629088	784	789.242	6125.28
1314801932	742	771.776	6169.05
1314974776	848	870.211	6330.65
1315147620	646	701.862	5407.22
1315320464	749	787.437	6158.17
1315493308	816	826.081	6286.3
1315666151	840	847.315	6349.43
1315838995	774	841.312	6312.11
1316011839	821	840.065	6280.81
1316184683	817	851.821	6207.11
1316357527	820	766.232	6080.96
1316530371	729	763.743	5731.53
1316703215	812	784.613	5991.11
1316876059	830	784.69	5857.01
1317048903	731	761.899	5723.38
1317221747	789	824.601	5829.26
1317394591	581	605.963	4381.63
1317567435	776	773.729	5867.81
1317740279	753	780.39	5672.8
1317913122	851	887.243	6369.08
1318085966	701	757.482	5820.28
1318258810	817	867.158	6337.05
1318431654	648	699.301	5072.88
1318604498	864	876.54	6577.08
1318777342	869	888.553	6551.2
1318950186	825	830.689	6208.53
1319123030	896	857.632	6122.9
1319295874	830	613.435	4470.78
1319468718	877	272.863	2051.11
1319641562	847	873.251	6514.34
1319814406	863	913.841	6579.99
1319987250	848	878.739	6482.77
1320160093	929	928.107	6590.18
1320332937	994	957.321	6758.54
1320505781	870	953.075	6791.62
1320678625	941	991.821	6791.64
1320851469	874	936.629	6741.16
1321024313	940	933.075	6727.89
1321197157	851	888.132	6461.15
1321370001	915	833.809	6065.93
1321542845	884	901.734	6469.21
1321715689	892	917.796	6499.63
1321888533	930	900.104	6449.95
1322061377	950	943.001	6499.84
1322234220	939	950.965	6649.14
1322407064	969	931.743	6483.42
1322579908	916	892.758	6387.6
1322752752	935	947.395	6695.79
1322925596	940	959.506	6651.14
1323098440	960	941.445	6648.51
1323271284	843	845.608	5950.28
1323444128	947	936.593	6477.09
1323616972	948	943.306	6627.5
1323789816	909	930.255	6674.52
1323962660	953	924.442	6544.41
1324135504	930	916.559	6351.44
1324308348	885	870.165	5934.95
1324481191	944	960.95	6575.05
1324654035	873	893.335	6570.89
1324826879	819	822.125	5945.5
1324999723	890	892.133	6189.56
1325172567	927	957.103	6568.28
1325345411	645	642.819	4371.93
1325518255	356	351.639	2467.59
1325691099	888	937.797	6463.81
1325863943	968	924.593	6457.79
1326036787	934	951.056	6238.62
1326209631	485	534.004	3627.87
1326382475	562	563.127	3946.43
1326555319	635	638.462	4362.91
1326728162	447	456.507	3244.12
1326901006	649	684.973	4752.64
1327073850	566	553.146	3841.59
1327246694	749	764.777	5330.9
1327419538	464	476.885	3449.24
1327592382	405	403.799	2718.07
1327765226	815	867.896	5859.62
1327938070	951	875.193	5967.04
1328110914	573	593.959	4190.02
1328283758	801	858.105	5914.77
1328456602	763	789.651	5373.09
1328629446	703	744.527	5104.25
1328802290	801	836.385	6030.95
1328975133	955	923.686	6311.07
1329147977	59	51.6717	371.302
1329320821	564	620.109	4275.88
1329493665	852	900.998	6119.67
1329666509	823	802.199	5621.21
1329839353	860	860.049	6064.3
1330012197	852	878.155	6257.24
1330185041	903	899.923	6237.79
1330357885	896	901.88	6232.08
1330530729	789	813.674	5940.19
1330703573	861	876.182	6148.97
1330876417	903	903.924	6175.93
1331049261	883	871.592	6125.44
1331222104	703	681.154	4737.61
1331394948	880	883.648	6012.13
1331567792	880	897.351	6271.15
1331740636	851	849.261	6213.3
1331913480	905	898.201	6248.16
1332086324	912	905.064	6278.2
1332259168	854	857.275	6210.79
1332432012	912	869.344	6319.07
1332604856	859	879.821	6311.41
1332777700	799	807.975	6183.9
1332950544	828	858.762	6290.53
1333123388	911	895.32	6539.28
1333296232	547	536.703	3788.28
1333469075	374	386.332	2696.7
1333641919	889	862.134	6262.18
1333814763	894	894.772	6381.14
1333987607	687	711.387	5181.13
1334160451	500	483.128	3538.71
1334333295	814	846.392	6133.19
1334506139	842	864.511	6331.66
1334678983	885	857.713	6303.85
1334851827	835	856.808	6292.13
1335024671	789	815.28	6303.04
1335197515	825	831.898	6374.7
1335370359	872	869.946	6506.26
1335543203	763	802.624	6263.71
1335716046	736	802.654	6215.8
1335888890	858	847.15	6146.17
1336061734	891	870.779	6357.07
1336234578	827	857.505	6375.35
1336407422	851	860.395	6349.09
1336580266	856	848.312	6302.64
1336753110	762	827.327	6206.16
1336925954	789	833.267	6213.97
1337098798	803	843.821	6217.14
1337271642	801	826.881	6343.9
1337444486	870	858.152	6430.13
1337617330	818	793.214	6272.29
1337790174	897	831.379	6574.6
1337963017	886	857.521	6544.61
1338135861	915	889.651	6406.88
1338308705	883	881.49	6545.84
1338481549	836	848.358	6553.09
1338654393	877	890.081	6538.28
1338827237	798	820.37	6517.04
1339000081	763	776.728	6516.46
1339172925	803	797.133	6515.89
1339345769	825	818.659	6330.94
1339518613	859	909.815	6462.05
1339691457	788	785.988	6058.45
1339864301	704	740.416	5884.98
1340037145	701	751.267	5791.64
1340209988	731	773.486	5876.33
1340382832	468	515.19	3691.14
1340555676	793	797.697	6235.4
1340728520	887	858.327	6521.33
1340901364	817	850.71	6284.21
1341074208	761	775.979	5768.44
1341247052	682	677.05	5467.51
1341419896	796	818.75	6372.29
1341592740	722	779.655	6471.93
1341765584	798	797.052	6296.37
1341938428	792	801.815	6363.64
1342111272	808	838.093	6340.98
1342284116	735	753.542	6179.89
1342456959	731	672.215	5574.88
1342629803	819	809.541	6360.88
1342802647	882	857.229	6333.88
1342975491	747	736.383	5690.48
1343148335	774	753.712	6136.4
1343321179	601	602.475	4789.72
1343494023	779	787.502	6113.74
1343666867	785	750.395	6248.28
1343839711	823	802.625	6261.19
1344012555	739	773.512	6113.63
1344185399	791	785.477	6277.87
1344358243	710	757.237	5826.07
1344531087	94	103.341	797.486
1344703930	0	0	0
1344876774	649	648.795	5026.77
1345049618	803	823.794	6244.62
1345222462	834	844.438	6509.43
1345395306	826	795.916	6206.26
1345568150	863	838.878	6175.61
1345740994	785	804.61	6395.42
1345913838	757	762.706	6381.44
1346086682	768	779.261	6342.03
1346259526	867	838.367	6365.12
1346432370	852	837.425	6316.04
1346605214	847	823.288	6259.9
1346778058	772	827.076	6295.8
1346950901	792	790.922	6001.98
1347123745	208	232.947	1701.55
1347296589	559	510.449	3827.01
1347469433	787	843.042	6300.54
1347642277	887	895.207	6287.05
1347815121	838	836.988	6191.51
1347987965	784	789.962	6058.05
1348160809	800	840.679	6151.49
1348333653	817	818.73	6150.77
1348506497	523	522.176	3970.47
1348679341	731	790.693	6128.15
1348852185	806	789.177	5864.94
1349025029	767	814.364	6036.27
1349197872	829	786.366	5997.01
1349370716	892	836.644	6040
1349543560	807	806.406	6024
1349716404	709	752.789	5794.71
1349889248	744	792.622	6045.88
1350062092	835	828.601	5992.26
1350234936	725	769.459	5574.29
1350407780	826	813.852	5963.38
1350580624	832	829.366	5901.68
1350753468	778	825.262	5935.09
1350926312	761	803.832	5913.72
1351099156	816	819.337	5949.34
1351272000	761	740.659	5302.9
1351444843	836	806.864	5760.25
1351617687	750	726.191	5239.35
1351790531	716	748.299	5386.82
1351963375	899	881.449	6330.34
1352136219	921	891.066	6230.4
1352309063	930	923.641	6234.43
1352481907	851	878.047	6383.17
1352654751	792	832.805	6289.44
1352827595	816	860.605	6210.49
1353000439	807	800.734	5572.48
1353173283	830	814.564	5990.94
1353346127	901	890.936	6239.36
1353518971	836	877.622	6088.86
1353691814	817	832.586	6170.78
1353864658	828	860.869	6165.63
1354037502	899	890.056	6195.94
1354210346	408	410.326	2845.35
1354383190	895	832.107	5936.2
1354556034	707	707.074	4882.47
1354728878	877	887.064	5969.81
1354901722	767	803.547	5734.46
1355074566	861	888.208	6060.8
1355247410	508	477.126	3323.6
1355420254	833	842.475	5785.36
1355593098	867	871.951	5954.79
1355765942	864	852.512	5877.48
1355938785	803	839.769	5863.01
1356111629	793	814.613	5840.34
1356284473	862	882.734	5844.89
1356457317	802	819.651	5779.58
1356630161	825	813.68	5788.23
1356803005	842	838.017	5770.37
1356975849	847	816.579	5749.1
1357148693	808	802.671	5693.69
1357321537	796	851.737	5871.77
1357494381	849	847.132	5726.17
1357667225	865	908.869	6283.45
1357840069	982	926.648	6248.14
1358012913	631	643.983	4364.12
1358185756	851	859.403	5913.48
1358358600	858	819.057	5662.14
1358531444	608	630.006	4483.66
1358704288	814	853.369	6179.87
1358877132	886	885.259	6178.67
1359049976	916	890.327	6180.36
1359222820	925	915.999	6401.83
1359395664	758	706.788	5093.87
1359568508	866	844.332	5893.63
1359741352	866	843.034	5798.53
1359914196	848	880.987	6203.07
1360087040	541	588.772	4030.78
1360259884	195	169.797	1172.82
1360432727	660	597.91	4162.57
1360605571	457	422.878	2894.02
1360778415	437	437.667	3019.4
1360951259	855	867.883	5955.03
1361124103	876	852.689	6139.57
1361296947	806	808.126	5926.68
1361469791	839	908.271	6429.86
1361642635	856	918.522	6383.83
1361815479	889	887.911	6488.09
1361988323	924	908.784	6337.94
1362161167	833	907.992	6382.05
1362334011	884	880.996	6453.66
1362506855	904	936.11	6520.75
1362679698	938	916.876	6494.12
1362852542	879	916.765	6454.33
1363025386	861	911.386	6449.22
1363198230	774	817.304	6234.97
1363371074	721	772.637	5952.95
1363543918	731	804.736	5984.92
1363716762	857	878.251	6346
1363889606	892	871.033	6392.56
1364062450	906	883.625	6374.76
1364235294	876	866.486	6351.11
1364408138	818	860.424	6238.75
1364580982	882	891.658	6301.58
1364753826	770	742.72	5586.05
1364926669	508	500.336	3771.69
1365099513	617	658.728	4745.03
1365272357	794	797.214	5816.02
1365445201	831	847.037	6222.86
1365618045	851	882.42	6314.09
1365790889	850	824.368	6326.95
1365963733	848	847.135	6294.48
1366136577	854	860.273	6227.34
1366309421	825	869.455	6241.32
1366482265	866	859.148	6200.03
1366655109	840	851.097	6225.44
1366827953	832	853.604	6193.34
1367000797	757	732.337	5427.8
1367173640	743	789.893	5957.76
1367346484	837	843.044	6152.35
1367519328	773	835.159	6135.99
1367692172	785	801.648	6120.64
1367865016	763	777.716	5985.04
1368037860	905	823.646	6089.26
1368210704	836	833.327	6046.45
1368383548	770	792.609	6048.52
1368556392	700	763.164	5947.26
1368729236	754	704.686	5711.96
1368902080	730	718.173	5609.77
1369074924	751	730.292	5536.68
1369247768	686	710.657	5472.22
1369420611	817	802.81	6140.8
1369593455	849	812.434	6000.27
1369766299	757	756.677	5596.78
1369939143	822	826.856	6018.14
1370111987	798	821.764	6118.02
1370284831	813	780.263	6017.44
1370457675	859	824.94	6210.43
1370630519	636	643.811	4921.99
1370803363	801	797.75	6231.76
1370976207	831	811.342	6220.25
1371149051	827	783.419	6179.18
1371321895	698	745.787	5638.32
1371494739	780	789.596	6082.27
1371667582	611	634.23	5357.21
1371840426	815	798.869	5997.93
1372013270	686	732.688	5844.73
1372186114	858	786.523	6189.14
1372358958	868	830.085	6134.03
1372531802	726	736.635	5795.67
1372704646	808	754.145	5839.86
1372877490	851	833.708	6081.34
1373050334	749	761.79	5966.14
1373223178	652	666.751	5453.37
1373396022	461	467.28	3600.47
1373568866	494	484.164	3784.82
1373741710	761	752.709	5734.93
1373914553	797	781.944	5960.56
1374087397	829	802.806	6081.07
1374260241	646	683.463	5436.63
1374433085	671	717.483	6141.65
1374605929	770	736.345	6017.41
1374778773	822	768.871	5919.16
1374951617	793	772.076	6112.8
1375124461	807	796.791	6068.72
1375297305	828	788.961	6134.34
1375470149	733	737.66	5792.48
1375642993	802	832.321	6258.81
1375815837	833	851.575	6295.57
1375988681	748	749.395	6065.45
1376161524	760	805.027	6159.73
1376334368	691	708.116	5633.37
1376507212	761	762.787	6158.62
1376680056	855	823.672	6531.6
1376852900	869	876.762	6485.27
1377025744	752	778.564	5839.03
1377198588	742	730.823	5850.46
1377371432	62	74.9206	608.924
1377544276	292	298.79	2364.47
1377717120	685	683.92	5134.11
1377889964	775	778.797	5643.55
1378062808	800	779.224	5782.96
1378235652	727	764.406	5931.63
1378408495	750	715.585	5277.1
1378581339	799	820.435	5905.88
1378754183	677	590.724	4107.48
1378927027	824	802.378	5903.03
1379099871	698	739.153	5947.12
1379272715	641	682.422	5576.9
1379445559	564	588.615	4752.26
1379618403	733	712.187	5357.12
1379791247	783	770.446	6143.67
1379964091	729	733.725	6124.48
1380136935	806	815.413	6198.02
1380309779	806	791.708	6243.99
1380482623	789	776.421	6233.39
1380655466	669	687.372	5137.62
1380828310	757	754.815	5904.64
1381001154	848	819.899	6186.53
1381173998	794	832.324	6053.49
1381346842	800	821.902	6062.16
1381519686	714	714.842	5292.65
1381692530	161	152.797	1135.39
1381865374	62	78.7163	572.455
1382038218	565	628.833	4502.73
1382211062	932	920.089	6374.38
1382383906	892	884.376	6401.68
1382556750	781	839.363	6304.46
1382729594	865	865.214	6359.06
1382902437	883	890.875	6380.07
1383075281	797	781.001	5462.12
1383248125	617	655.2	4688.22
1383420969	857	865.471	6209.96
1383593813	830	877.973	6168.86
1383766657	849	873.147	6125.41
1383939501	837	880.992	6298.45
1384112345	866	873.232	6296.06
1384285189	954	898.963	6333.87
1384458033	936	909.772	6329.5
1384630877	883	884.517	6275.87
1384803721	848	880.217	6241.17
1384976565	895	868.01	6196.54
1385149408	864	868.196	5946.42
1385322252	877	875.862	6175.95
1385495096	816	808.96	5987.96
1385667940	791	833.689	5928.76
1385840784	712	731.028	5143.38
1386013628	833	848.199	6008.64
1386186472	933	901.152	6252.76
1386359316	954	911.637	6333.43
1386532160	869	862.652	6008.68
1386705004	851	867.643	6183.34
1386877848	885	893.23	6191.19
1387050692	750	747.859	5101.46
1387223536	748	785.655	5410.86
1387396379	736	720.066	5018.54
1387569223	764	799.464	5496.7
1387742067	812	805.207	5587.75
1387914911	788	780.546	5228.15
1388087755	792	795.407	5465.72
1388260599	733	726.54	4928.77
1388433443	956	903.556	6105.19
1388606287	886	893.523	6102.5
1388779131	874	849.935	6078.76
1388951975	446	447.047	3016.98
1389124819	877	875.107	6035.48
1389297663	886	885.256	6029.16
1389470507	838	847.875	6021.18
1389643350	891	876.909	6005.88
1389816194	861	903.982	6117.74
1389989038	933	909.872	6236.57
1390161882	826	859.696	5831.29
1390334726	945	932.68	6183.99
1390507570	736	758.3	5266.49
1390680414	818	813.223	5878.79
1390853258	796	847.094	5886.96
1391026102	849	837.192	5844.94
1391198946	922	892.272	6098.22
1391371790	844	873.185	5980.45
1391544634	861	887.42	5989.55
1391717478	681	697.247	4863.08
1391890321	874	885.369	6043.03
1392063165	739	782.905	5452.93
1392236009	850	837.034	5934.88
1392408853	483	476.112	3642.18
1392581697	304	335.926	2483.08
1392754541	664	669.374	4730.07
1392927385	660	679.243	4835.57
1393100229	807	814.649	5810.08
1393273073	687	733.465	5450.15
1393445917	794	761.278	5648.65
1393618761	657	635.207	4572.55
1393791605	815	790.822	5819.11
1393964449	809	816.99	5832.8
1394137292	774	802.529	5842.1
1394310136	844	838.704	5858.93
1394482980	698	770.675	5525.91
1394655824	810	805.551	5718.54
1394828668	808	821.658	5854.98
1395001512	816	830.14	5789.49
1395174356	760	791.693	5851.46
1395347200	873	857.562	6087.25
1395520044	898	842.64	6305.51
1395692888	901	856.347	6273.35
1395865732	842	860.205	6321.12
1396038576	807	822.628	5719.22
1396211420	864	875.656	6229.84
1396384263	808	829.28	6258.79
1396557107	838	841.331	6082.72
1396729951	807	850.818	6020.32
1396902795	626	668.903	4844.61
1397075639	853	871.801	6352.98
1397248483	841	868.984	6494.3
1397421327	764	734.593	5727.72
1397594171	306	301.705	2247.97
1397767015	834	853.504	6363.38
1397939859	831	818.841	6284.46
1398112703	817	829.232	6281.36
1398285547	594	613.704	4517.39
1398458391	866	829.864	6043.92
1398631234	874	845.8	6344.15
1398804078	777	845.325	6386.89
1398976922	844	898.161	6465.47
1399149766	856	869.052	6330.41
1399322610	864	843.171	6268.89
1399495454	887	851.223	6388.02
1399668298	836	869.813	6387.95
1399841142	829	812.442	6151.76
1400013986	832	837.287	6134.91
1400186830	787	745.391	5547.91
1400359674	802	819.683	6370.62
1400532518	808	816.466	6281.17
1400705362	791	814.173	6290.99
1400878205	792	771.704	6296.11
1401051049	785	765.193	5984.28
1401223893	811	798.613	6130.69
1401396737	880	884.429	6481.6
1401569581	874	846.976	6597.42
1401742425	923	931.206	6632.1
1401915269	875	899.27	6634
1402088113	863	869.427	6639.58
1402260957	883	879.987	6588
1402433801	903	912.728	6606.99
1402606645	823	815.289	6337.76
1402779489	852	828.192	6521.42
1402952333	850	812.641	6511.76
1403125176	813	790.975	6492.21
1403298020	955	836.539	6403.86
1403470864	829	807.006	6164.16
1403643708	824	818.983	6448.67
1403816552	829	792.2	6536.82
1403989396	808	789.938	6507.27
1404162240	777	834.021	6456.29
1404335084	827	830.536	6422.69
1404507928	818	825.179	6394.54
1404680772	803	803.129	6405.68
1404853616	842	787.001	6420.75
1405026460	781	791.262	6289.11
1405199304	839	817.659	6370.99
1405372147	810	815.941	6184.42
1405544991	830	805.001	6272.55
1405717835	776	782.591	6249.8
1405890679	783	701.771	5305.28
1406063523	782	764.849	6084.24
1406236367	747	749.02	6105.17
1406409211	741	764.565	6162.29
1406582055	757	820.411	6083.39
1406754899	784	808.536	6090.83
1406927743	817	877.521	6199.94
1407100587	778	810.24	6257.43
1407273431	814	839.405	6244.84
1407446275	802	757.1	6248.36
1407619118	834	825.612	6245.95
1407791962	767	787.717	6267.44
1407964806	803	774.766	6369.21
1408137650	847	826.246	6373.16
1408310494	846	842.919	6288.58
1408483338	911	861.737	6280.54
1408656182	925	869.263	6362.01
1408829026	768	804.025	5923.88
1409001870	833	800.418	6378.13
1409174714	796	826.802	6433.51
1409347558	914	879.652	6493.08
1409520402	922	882.116	6508.64
1409693246	851	889.151	6552.9
1409866089	833	836.364	6165.22
1410038933	853	872.904	6581.06
1410211777	947	896.634	6536.22
1410384621	812	823.02	6390.17
1410557465	899	881.078	6627.33
1410730309	825	816.877	6204.03
1410903153	838	874.955	6448.45
1411075997	831	859.714	6355.77
1411248841	937	897.061	6649.83
1411421685	890	871.527	6495.24
1411594529	862	902.818	6615.14
1411767373	864	878.345	6638.14
1411940217	940	930.626	6626.84
1412113060	872	884.063	6487.3
1412285904	811	892.508	6525.24
1412458748	793	833.838	6081.84
1412631592	946	857.825	6228.66
1412804436	885	933.075	6724.04
1412977280	702	700.259	5421.38
1413150124	396	406.383	2998.01
1413322968	699	688.956	4858.12
1413495812	963	950.783	6802.55
1413668656	903	911.839	6647.26
1413841500	917	942.953	6804.99
1414014344	944	956.759	6743.56
1414187188	944	972.956	6795.09
1414360031	949	979.657	6752.62
1414532875	1017	978.335	6813.62
1414705719	910	940.051	6821.11
1414878563	818	852.33	6726.44
1415051407	921	904.828	6730.73
1415224251	925	916.409	6563
1415397095	940	938.618	6709.99
1415569939	973	933.637	6583.45
1415742783	938	937.43	6718.56
1415915627	849	875.918	6339.94
1416088471	1025	965.09	6781.06
1416261315	950	925.5	6288.6
1416434159	920	945.134	6733.23
1416607002	778	790.307	5748.56
1416779846	869	922.504	6410.24
1416952690	884	877.086	6317.02
1417125534	931	925.194	6486.02
1417298378	783	806.449	5961.66
1417471222	771	824.826	6081.05
1417644066	935	949.358	6522.32
1417816910	958	961.503	6497.19
1417989754	940	930.882	6529.62
1418162598	908	898.115	6135.47
1418335442	800	803.547	5758.14
1418508286	855	858.098	6048.19
1418681130	701	730.274	5199.65
1418853973	830	845.965	6066.28
1419026817	891	939.176	6437.09
1419199661	755	750.082	5603.98
1419372505	793	816.9	5806.78
1419545349	870	788.24	5464.58
1419718193	926	907.865	6258.56
1419891037	877	894.997	6111.65
1420063881	789	819.509	5702.94
1420236725	860	887.138	6310.02
1420409569	968	914.591	6282.68
1420582413	941	915.148	6284.37
1420755257	945	927.946	6405.94
1420928101	838	846.121	5857.3
1421100944	787	817.194	5626.61
1421273788	707	781.991	5455.4
1421446632	530	499.016	3430.7
1421619476	0	0	0
1421792320	0	0	0
1421965164	0	0	0
1422138008	0	0	0
1422310852	0	0	0
1422483696	0	0	0
1422656540	0	0	0
1422829384	0	0	0
1423002228	0	0	0
1423175072	0	0	0
1423347915	0	0	0
1423520759	0	0	0
1423693603	0	0	0
1423866447	0	0	0
1424039291	809	791.526	5562.72
1424212135	828	822.099	5721.69
1424384979	815	833.534	6109.94
1424557823	795	812.889	5914.63
1424730667	805	802.392	5610.15
1424903511	776	781.794	5774.83
1425076355	767	758.205	5512.98
1425249199	792	750.805	5255.39
1425422043	404	419.425	2988.57
1425594886	0	0	0
1425767730	0	0	0
1425940574	0	0	0
1426113418	571	557.087	3754.35
1426286262	782	773.295	5504.4
1426459106	824	834.42	5804.03
1426631950	705	740.573	5144.09
1426804794	465	477.493	3303.05
1426977638	581	587.972	4445.52
1427150482	362	402.95	2928.22
1427323326	568	579.363	4432.54
1427496170	769	776.472	5712.77
1427669014	803	802.483	5803.09
1427841857	769	789.649	5781.31
1428014701	827	814.846	5750.29
1428187545	771	794.909	5753.76
1428360389	817	804.333	5811.09
1428533233	790	795.53	5716.87
1428706077	809	791.367	5734.48
1428878921	811	777.239	5467.37
1429051765	742	772.31	5591.22
1429224609	686	733.555	5402.27
1429397453	868	804.271	5720.3
1429570297	789	776.949	5884.38
1429743141	820	834.858	6281.06
1429915985	866	834.647	6227.65
1430088828	891	854.1	6249.23
1430261672	811	853.944	6321.26
1430434516	831	851.3	6203.32
1430607360	896	862.226	6386.46
1430780204	805	818.907	6316.75
1430953048	805	817.457	6470.91
1431125892	893	871.419	6541.16
1431298736	820	847.463	6470.73
1431471580	876	849.18	6424.49
1431644424	878	877.271	6484.32
1431817268	878	831.028	6135.13
1431990112	836	815.541	6133.76
1432162956	905	853.352	6210.43
1432335799	773	847.085	6393.04
1432508643	836	794.037	6360.16
1432681487	807	800.179	6350.2
1432854331	909	849.968	6375.74
1433027175	798	829.795	6404.7
1433200019	894	848.399	6258.35
1433372863	823	798.847	5865.93
1433545707	941	913.274	6438.92
1433718551	852	844.51	6424.7
1433891395	910	833.484	6402.27
1434064239	828	796.924	6302.33
1434237083	165	166.351	1287.69
1434409927	504	535.453	4050.7
1434582770	581	595.674	4808.61
1434755614	888	841.677	6486.71
1434928458	875	810.075	6468.49
1435101302	828	769.928	6412.26
1435274146	816	798.831	6356.39
1435446990	771	791.016	6231.81
1435619834	884	835.16	6361.83
1435792678	810	827.076	6419.35
1435965522	771	774.18	6394.12
1436138366	884	839.008	6361.01
1436311210	743	755.612	5841.21
1436484054	798	834.886	6242.6
1436656898	798	832.867	6237.35
1436829741	781	796.768	6159.63
1437002585	774	806.263	6371.07
1437175429	798	815.603	6231.06
1437348273	807	785.426	6354.04
1437521117	808	777.899	6281.15
1437693961	802	790.272	6310.47
1437866805	857	800.694	5989.29
1438039649	779	807.635	5840.44
1438212493	865	806.63	6265.29
1438385337	772	829.953	6199.93
1438558181	769	791.706	5924.44
1438731025	781	824.837	6117.97
1438903869	864	821.982	5969.34
1439076712	493	501.283	3790.92
1439249556	126	111.637	854.111
1439422400	404	414.129	3434.11
1439595244	705	719.877	5619.35
1439768088	618	676.37	5265.14
1439940932	764	772.699	5913.14
1440113776	807	807.671	5979.4
1440286620	726	797.702	6021.3
1440459464	799	815.673	5964.78
1440632308	762	781.166	5865.95
1440805152	809	815.945	5663.52
1440977996	535	541.113	4018.61
1441150840	648	662.14	5185.76
1441323683	733	768.045	5950.93
1441496527	746	723.579	5355.96
1441669371	68	69.4079	572.295
1441842215	568	583.146	4387.51
1442015059	740	768.858	5988.6
1442187903	796	800.948	5970.29
1442360747	794	810.18	5969.83
1442533591	798	786.663	5947.42
1442706435	788	803.617	5968.75
1442879279	361	347.365	2552.07
1443052123	679	676.253	5039.8
1443224967	809	791.638	6057.49
1443397811	798	842.392	6128.73
1443570654	821	848.874	6181.8
1443743498	732	700.261	5296
1443916342	422	364.695	2809.07
1444089186	359	380.395	2810.67
1444262030	729	723.121	5583.07
1444434874	611	607.718	5003.02
1444607718	592	652.757	5149.28
1444780562	642	661.923	4777.9
1444953406	782	830.864	6317.57
1445126250	824	846.65	6383.39
1445299094	755	804.518	5872.84
1445471938	805	853.582	6373.71
1445644782	802	783.606	6099.47
1445817625	769	823.83	6123.6
1445990469	854	835.909	6018.85
1446163313	771	782.686	5777.37
1446336157	686	693.753	5265.77
1446509001	583	556.399	4070.95
1446681845	833	820.012	6252.28
1446854689	889	866.607	6287.8
1447027533	756	755.853	5349.27
1447200377	839	858.484	6320.31
1447373221	909	864.311	6173.55
1447546065	955	907.739	6307.12
1447718909	788	835.953	5836.53
1447891753	824	866.204	6251.06
1448064596	877	874.233	6308.54
1448237440	805	808.057	5791.9
1448410284	925	895.769	6269.12
1448583128	722	749.134	5429.7
1448755972	716	709.379	5203.79
1448928816	631	621.215	4392.15
1449101660	762	810.081	5876.7
1449274504	720	753.486	5440.16
1449447348	856	850.602	5969.7
1449620192	768	779.187	5473.76
1449793036	737	781.713	5392.52
1449965880	832	868.032	5950.54
1450138724	592	621.376	4340.16
1450311567	892	880.38	6073.19
1450484411	866	856.792	6206.26
1450657255	823	849.004	5888.55
1450830099	872	825.557	5625.08
1451002943	805	813.903	5642.53
1451175787	872	878.461	5930.05
1451348631	398	404.597	2700.44
1451521475	0	0	0
1451694319	0	0	0
1451867163	134	135.188	954.948
1452040007	726	702.596	5102.83
1452212851	554	573.381	4034.44
1452385695	682	699.651	4998.46
1452558538	806	829.495	5670.32
1452731382	777	835.44	5819.81
1452904226	581	640.466	4425.48
1453077070	864	847.659	5893.94
1453249914	818	853.016	5772.01
1453422758	857	842.239	5704.43
1453595602	639	599.715	4095.33
1453768446	735	666.203	4766.79
1453941290	694	695.869	4827.69
1454114134	490	479.996	3435.42
1454286978	681	722.652	5212.48
1454459822	684	694.54	4827.82
1454632666	694	725.367	5040.69
1454805509	622	633.317	4390.92
1454978353	783	778.933	5404.03
1455151197	644	667.709	4609.97
1455324041	767	833.837	5539.35
1455496885	800	797.84	5492.77
1455669729	817	822.861	5540.69
1455842573	775	802.274	5630.42
1456015417	567	604.223	4158.98
1456188261	786	793.299	5414
1456361105	859	810.265	5604.85
1456533949	777	838.934	5930.06
1456706793	632	643.945	4511.91
1456879637	788	796.349	5757.17
1457052480	685	618.197	4347.19
1457225324	549	590.425	4135.99
1457398168	748	766.659	5511.21
1457571012	738	806.716	5961.61
1457743856	778	803.573	5851.62
1457916700	858	805.324	5686.16
1458089544	824	838.603	5872.99
1458262388	677	690.792	4931.17
1458435232	189	189.739	1392.09
1458608076	442	422.663	3011.71
1458780920	624	626.324	4502.58
1458953764	287	277.53	2060.33
1459126608	393	374.759	2683.12
1459299451	444	463.613	3192.13
1459472295	678	638.92	4656.72
1459645139	296	330.266	2397.52
1459817983	693	751.046	5503.27
1459990827	840	840.901	6031.03
1460163671	726	725.001	5391.43
1460336515	802	765.478	6010.2
1460509359	805	783.001	5903.95
1460682203	796	823.005	5886.03
1460855047	777	770.919	5729.7
1461027891	577	606.888	4567.44
1461200735	819	807.75	5925.5
1461373579	811	829.262	6020.7
1461546422	458	517.797	4071.09
1461719266	379	383.174	3069.68
1461892110	731	739.447	5859.94
1462064954	775	744.144	5695.85
1462237798	649	685.329	5281.29
1462410642	669	699.061	5281.32
1462583486	598	609.61	4654.12
1462756330	573	590.004	4450.98
1462929174	223	211.859	1621.49
1463102018	0	0	0
1463274862	0	0	0
1463447706	0	0	0
1463620550	0	0	0
1463793393	0	0	0
1463966237	168	180.265	1407.18
1464139081	273	303.545	2343.99
1464311925	637	625.021	5020.1
1464484769	260	263.948	2071.39
1464657613	225	213.755	1624.27
1464830457	345	341.899	2675.34
1465003301	431	417.96	3265.82
1465176145	321	300.608	2387.41
1465348989	311	301.894	2451.99
1465521833	391	398.67	3307.95
1465694677	695	672.425	5486.84
1465867520	707	710.837	5492.18
1466040364	672	669.612	5476.72
1466213208	684	688.622	5553.35
1466386052	683	681.908	5516.93
1466558896	656	690.832	5502.31
1466731740	687	675.436	5388.86
1466904584	653	632.132	5273.23
1467077428	373	336.222	2637.37
1467250272	742	701.52	5430.3
1467423116	711	705.708	5554.43
1467595960	665	689.354	5457.7
1467768804	713	719.896	5681.96
1467941648	776	731.463	5709.62
1468114491	710	751.792	5712.16
1468287335	549	610.891	4676.41
1468460179	696	758.76	5713.36
1468633023	686	696.193	5729.9
1468805867	714	721.376	5794.57
1468978711	785	736.369	5872.65
1469151555	819	772.744	5944.04
1469324399	798	777.569	5907.25
1469497243	720	723.274	5758.9
1469670087	755	744.459	5803.6
1469842931	750	750.229	5778.08
1470015775	752	734.089	5730.19
1470188619	763	745.012	5783.24
1470361462	753	761.115	5754.52
1470534306	777	746.79	5783.49
1470707150	747	738.562	5764.49
1470879994	775	754	5738.02
1471052838	773	794.054	5767.31
1471225682	794	796.682	5701.83
1471398526	727	723.58	5309.17
1471571370	654	689.359	5325.12
1471744214	670	690.411	5692.9
1471917058	765	731.59	5563.16
1472089902	775	775.52	5527.68
1472262746	696	725.201	5460.44
1472435590	702	693.347	5471.52
1472608433	753	726.75	5445.24
1472781277	632	658.012	5428.2
1472954121	589	642.321	5478.92
1473126965	666	665.887	5468.65
1473299809	723	730.792	5485.29
1473472653	757	741.834	5477.68
1473645497	691	716.852	5301.61
1473818341	491	498.12	3833.93
1473991185	713	739.379	5396.48
1474164029	696	710.382	5404.48
1474336873	740	718.944	5374.07
1474509717	713	731.133	5377.49
1474682561	676	670.846	5328.87
1474855404	724	724.025	5309.79
1475028248	671	711.694	5235.34
1475201092	741	686.97	5111.79
1475373936	664	680.679	5099.35
1475546780	664	704.173	5123.62
1475719624	649	664.462	5029.59
1475892468	665	680.85	5099.17
1476065312	676	684.336	5087.13
1476238156	717	718.46	5095.81
1476411000	627	696.687	5067.37
1476583844	535	567.892	4098.22
1476756688	458	500.717	3796.14
1476929532	505	515.98	4031.32
1477102375	608	639.188	4718.39
1477275219	579	626.307	4670.97
1477448063	657	689.411	5247.17
1477620907	388	356.571	2618.16
1477793751	666	676.085	4805.06
1477966595	689	714.301	5211.57
1478139439	637	712.185	5156.54
1478312283	691	723.832	5115.28
1478485127	706	718.33	5124.03
1478657971	691	718.773	5071.02
1478830815	716	708.572	5059.6
1479003659	666	721.999	5102.93
1479176503	701	732.495	5066.13
1479349346	638	664.555	5014.01
1479522190	638	639.738	4522.56
1479695034	257	268.69	2013.32
1479867878	610	633.689	4563.31
1480040722	467	441.575	3117.25
1480213566	395	365.666	2547.4
1480386410	184	183.922	1340.03
1480559254	721	699.08	4892.62
1480732098	685	709.828	4958.38
1480904942	621	615.911	4266.21
1481077786	656	688.255	4913.47
1481250630	709	730.217	5209.26
1481423474	738	749.156	5212.75
1481596317	726	743.484	5173.67
1481769161	727	740.533	5231.03
1481942005	758	759.301	5182.46
1482114849	712	762.31	5309.66
1482287693	793	744.52	5067.42
1482460537	731	763.377	5360.93
1482633381	755	726.254	4903.08
1482806225	687	726.298	5265.54
1482979069	790	777.986	5353.94
1483151913	815	835.776	5612.84
1483324757	717	779.923	5448.11
1483497601	839	821.772	5640.98
1483670445	825	825.861	5806.53
1483843288	752	781.128	5251.81
1484016132	691	700.331	4776.29
1484188976	837	866.785	5949.22
1484361820	798	813.31	5590.73
1484534664	679	748.241	5149.88
1484707508	880	866.295	5965.43
1484880352	813	843.87	5811
1485053196	839	794.549	5472.26
1485226040	767	747.06	5163.89
1485398884	799	810.624	5812.01
1485571728	869	866.761	5958.28
1485744572	906	886.823	5959.88
1485917416	759	717.013	5056
1486090259	763	771.986	5344.43
1486263103	613	602.46	4405.3
1486435947	762	786.055	5490.69
1486608791	762	757.531	5319.25
1486781635	794	805.787	5687.35
1486954479	714	696.966	4919.44
1487127323	555	579.467	4119.56
1487300167	714	717.789	4956.95
1487473011	805	821.491	5690.53
1487645855	801	815.203	5619.6
1487818699	812	838.974	5697.55
1487991543	587	576.146	4006.64
1488164387	387	439.226	3065.63
1488337230	473	486.298	3293.82
1488510074	766	792.793	5607.02
1488682918	781	788.657	5626.29
1488855762	764	775.15	5473.62
1489028606	750	797.287	5512.48
1489201450	720	755.011	5509.62
1489374294	750	763.816	5576.49
1489547138	768	769.381	5466.74
1489719982	763	742.585	5586.64
1489892826	700	702.987	5088.16
1490065670	659	661.149	4865.65
1490238514	499	502.768	3571.63
1490411358	619	637.731	4543.88
1490584201	669	732.394	5204.91
1490757045	746	782.316	5607.07
1490929889	615	657.215	4788.32
1491102733	546	544.239	3946.47
1491275577	687	726.496	5228.5
1491448421	754	749.094	5382.96
1491621265	710	745.2	5505.58
1491794109	606	677.288	5158.58
1491966953	556	567.67	4301.34
1492139797	717	716.404	5267.62
1492312641	660	694.332	5313.13
1492485485	665	698.685	5248.27
1492658329	706	713.576	5210.74
1492831172	716	708.893	5259.49
1493004016	613	650.703	4768.41
1493176860	726	700.925	5295.42
1493349704	691	672.728	5037.84
1493522548	769	723.981	5436.91
1493695392	769	742.71	5399.65
1493868236	725	722.325	5475.34
1494041080	790	773.501	5580.3
1494213924	675	694.477	5117.57
1494386768	705	726.8	5599.22
1494559612	724	751.53	5538.44
1494732456	757	748.075	5552.87
1494905300	746	729.199	5611.34
1495078143	635	588.966	4410.88
1495250987	724	746.891	5633.38
1495423831	765	773.228	5735.24
1495596675	739	741.144	5705.99
1495769519	710	720.958	5691.38
1495942363	689	688.044	5708.79
1496115207	700	681.426	5533.35
1496288051	582	558.284	4414.66
1496460895	801	779.071	5857.64
1496633739	675	730.86	5759.82
1496806583	662	706.846	5441.4
1496979427	708	769.55	5870.38
1497152271	779	758.639	5832.52
1497325114	769	743.206	5800.34
1497497958	767	803.963	5795.27
1497670802	783	800.04	5828.56
1497843646	720	700.574	5834.76
1498016490	691	746.962	5610.94
1498189334	463	505.957	3689.62
1498362178	494	500.043	3690.19
1498535022	248	235.088	1811.41
1498707866	351	431.461	3316.19
1498880710	743	754.159	5946.33
1499053554	843	782.957	5963.74
1499226398	765	770.734	5970.56
1499399242	696	743.065	5938.8
1499572085	747	772.303	5918.48
1499744929	760	727.759	5908.62
1499917773	749	796.05	5907.44
1500090617	746	767.148	5891.17
1500263461	658	680.598	5849.25
1500436305	781	746.795	5840
1500609149	744	761.368	5831.44
1500781993	760	774.944	5760.01
1500954837	748	722.839	5754.01
1501127681	718	742.684	5741.56
1501300525	780	750.51	5768.37
1501473369	679	694.209	5742.02
1501646213	714	706.069	5700.05
1501819056	698	666.097	5259.46
1501991900	441	429.892	3260.43
1502164744	409	429.739	3209.42
1502337588	733	779.9	5783.19
1502510432	749	744.83	5766.06
1502683276	669	754.375	5609.33
1502856120	723	737.23	5743.01
1503028964	803	793.921	5780.88
1503201808	688	712.08	5640.37
1503374652	716	763.31	5573.48
1503547496	537	535.279	3962.63
1503720340	666	681.425	5233.9
1503893184	744	734.687	5485
1504066027	701	670.726	5374.29
1504238871	710	755.366	5558.42
1504411715	537	580.933	4509.61
1504584559	689	711.355	5619.3
1504757403	716	754.266	5753.79
1504930247	748	762.516	5845.69
1505103091	722	744.777	5803.45
1505275935	804	772.576	5912.51
1505448779	737	742.591	5861.23
1505621623	716	763.078	5867.45
1505794467	812	787.426	5602.69
1505967311	748	759.928	5850.57
1506140155	732	762.176	5723.48
1506312998	800	784.557	5843.56
1506485842	744	756.809	5873.11
1506658686	785	772.822	5703.67
1506831530	781	803.631	5882.02
1507004374	813	857.321	6101.77
1507177218	865	878.306	6277.92
1507350062	689	738.126	5438.51
1507522906	770	781.412	5748.66
1507695750	733	779.14	6041.39
1507868594	629	616.608	4962.82
1508041438	717	695.842	5215.23
1508214282	551	580.964	4125.6
1508387126	842	857.973	6186.08
1508559969	868	828.327	6231.97
1508732813	803	842.871	6199.22
1508905657	877	860.548	6198.2
1509078501	850	860.749	6202.36
1509251345	862	867.816	6199.5
1509424189	857	861.488	6279.33
1509597033	885	890.38	6348.28
1509769877	846	880.652	6456.86
1509942721	832	871.782	6297.89
1510115565	763	776.668	5636.53
1510288409	860	893.019	6466.99
1510461253	955	911.681	6371.32
1510634097	875	866.25	5935.24
1510806940	837	891.27	6294.6
1510979784	895	880.217	6267.62
1511152628	834	842.866	5972.27
1511325472	812	882.619	6338.77
1511498316	857	882.551	6301.99
1511671160	843	892.194	6291.9
1511844004	819	863.931	6267.95
1512016848	922	908.103	6333.41
1512189692	660	708.376	5055.07
1512362536	564	599.104	4435.25
1512535380	846	867.313	6094.18
1512708224	639	615.114	4210.49
1512881068	702	749.832	5170.81
1513053911	852	866.232	6023.49
1513226755	846	894.636	6276.07
1513399599	799	812.695	5569.95
1513572443	841	812.996	5799.5
1513745287	947	920.951	6280.85
1513918131	946	917.549	6364.15
1514090975	916	897.461	6413.02
1514263819	729	779.019	5412.56
1514436663	923	897.666	6221.02
1514609507	886	888.137	6030.13
1514782351	662	698.009	4924.85
1514955195	851	880.108	6057.86
1515128039	946	911.8	6267.28
1515300882	766	810.28	5793.79
1515473726	636	627.9	4387.33
1515646570	660	704.995	4868.79
1515819414	874	853.807	5884.47
1515992258	824	768.62	5408.01
1516165102	786	782.59	5555.91
1516337946	829	879.273	6182.74
1516510790	856	848.39	5825.76
1516683634	704	730.027	5011.36
1516856478	778	754.259	5377.76
1517029322	833	872.96	6063.39
1517202166	804	791.704	5480.96
1517375010	759	826.296	5785.64
1517547853	781	785.853	5440.69
1517720697	782	804.728	5445.85
1517893541	883	890.197	5995.48
1518066385	786	829.938	5687.98
1518239229	816	832.708	5987.02
1518412073	832	824.141	6143.85
1518584917	850	857.893	6004.79
1518757761	814	804.404	5585.16
1518930605	783	760.837	5191.31
1519103449	714	762.762	5396.84
1519276293	700	722.608	5169.93
1519449137	685	656.693	4798.13
1519621981	782	745.838	5312.35
1519794824	729	700.18	5017.57
1519967668	890	889.325	6265.79
1520140512	808	811.573	5660.14
1520313356	830	859.438	6296.02
1520486200	812	826.517	5770.56
1520659044	857	898.707	6216.37
1520831888	846	870.625	6244.45
1521004732	821	852.97	6104.14
1521177576	875	889.105	6292.58
1521350420	895	900.808	6315.77
1521523264	895	855.306	6311.31
1521696108	917	882.583	6283.41
1521868952	865	875.654	6314.85
1522041795	799	842.482	6307.59
1522214639	882	881.695	6334.61
1522387483	844	844.823	6088.62
1522560327	832	878.258	6335.91
1522733171	838	874.662	6264.82
1522906015	846	867.02	6209.63
1523078859	598	647.682	4735.53
1523251703	806	851.978	6060.9
1523424547	767	865.303	6029.06
1523597391	687	690.961	5371.25
1523770235	781	794.884	5996.15
1523943079	832	811.366	6016.43
1524115923	802	823.334	6010.46
1524288766	842	839.006	6006.79
1524461610	832	836.298	6142.69
1524634454	824	866.312	6367.15
1524807298	877	887.439	6370.92
1524980142	894	842.246	6338.62
1525152986	841	830.766	6361.71
1525325830	789	871.215	6393.43
1525498674	873	844.315	6360.66
1525671518	820	848.867	6318
1525844362	766	844.119	6275.12
1526017206	770	815.734	6199.98
1526190050	823	829.489	6134.16
1526362894	739	812.315	6133.94
1526535737	807	796.807	6087.84
1526708581	785	759.619	6069.75
1526881425	809	776.451	6038.93
1527054269	794	771.362	6006.35
1527227113	812	792.658	6175.81
1527399957	829	826.346	6136.84
1527572801	791	839.275	6133
1527745645	711	749.347	6056.25
1527918489	691	709.09	6021.01
1528091333	683	709.948	5960.01
1528264177	745	727.836	5819.31
1528437021	793	797.537	5984.96
1528609865	849	848.315	6220.61
1528782708	785	771.558	6217.3
1528955552	739	730.76	6221.17
1529128396	792	761.193	6263.32
1529301240	888	806.173	6309.64
1529474084	849	830.471	6307.57
1529646928	800	825.414	6312.71
1529819772	728	794.465	6264.45
1529992616	830	848.681	6188.54
1530165460	792	836.817	6133.64
1530338304	817	811.362	6148.86
1530511148	685	715.557	5596.26
1530683992	712	741.839	5992.74
1530856836	703	743.286	5897.02
1531029679	642	689.122	5733.4
1531202523	721	688.334	5673.56
1531375367	788	771.01	5932.14
1531548211	827	823.454	5951.21
1531721055	726	746.718	5962.3
1531893899	745	750.844	5938.8
1532066743	712	704.884	5802.5
1532239587	743	761.777	5842.87
1532412431	662	688.545	5836.49
1532585275	725	719.956	5896.47
1532758119	777	765.32	6055.11
1532930963	797	754.954	6079.84
1533103807	731	752.373	6141.32
1533276650	812	787.981	6201.83
1533449494	655	664.302	5161.96
1533622338	778	779.345	5841.14
1533795182	816	762.876	6325.65
1533968026	875	824.552	6377.67
1534140870	743	818.306	6402.04
1534313714	847	804.169	6420.99
1534486558	938	859.252	6476.02
1534659402	746	768.668	6460.57
1534832246	805	788.317	6454.48
1535005090	894	865.046	6452.32
1535177934	787	799.232	6457.66
1535350778	640	653.974	4896.55
