363.25	0.000317644	0.00122403	0.00135969	0.00126457	0.64889	75.4522	61.6054	0.00412645	
363.26	-0.000599196	0.00115412	0.00135968	0.0013004	0.632958	117.437	59.9077	0.00412643	
363.27	-0.00127482	0.000485371	0.00135966	0.0013641	0.604552	159.156	57.1095	0.00412637	
363.28	-0.00134615	-0.000508984	0.00135964	0.00143916	0.571097	200.712	54.1299	0.00412631	
363.29	-0.000718083	-0.00131651	0.00135964	0.00149961	0.544302	241.39	51.9477	0.0041263	
363.3	0.000321932	-0.00151848	0.00135966	0.00155223	0.521178	281.97	50.1875	0.00412636	
363.31	0.00129273	-0.00100379	0.00135966	0.00163669	0.484564	322.171	47.5978	0.00412636	
363.32	0.00172349	5.89396e-05	0.00135966	0.00172449	0.447388	1.95863	45.1742	0.00412636	
363.33	0.00135869	0.00120383	0.00135965	0.00181528	0.410138	41.5418	42.9146	0.00412633	
363.34	0.000250368	0.00192984	0.00135964	0.00194601	0.35906	82.608	40.0315	0.00412631	
363.35	-0.0011507	0.00170857	0.00135962	0.00205993	0.317355	123.96	37.817	0.00412625	
363.36	-0.00212441	0.000600194	0.00135963	0.00220756	0.267639	164.224	35.2883	0.00412629	
363.37	-0.00210877	-0.000984878	0.00135964	0.00232743	0.231048	205.034	33.4711	0.0041263	
363.38	-0.000976619	-0.00226801	0.00135964	0.00246934	0.192195	246.703	31.5475	0.00412631	
363.39	0.000838588	-0.00249283	0.00135965	0.0026301	0.15398	288.593	29.6196	0.00412635	
363.4	0.00239812	-0.00134921	0.00135966	0.00275161	0.12902	330.637	28.3117	0.00412637	
363.41	0.00282609	0.000639908	0.00135966	0.00289763	0.103222	12.7583	26.8851	0.00412638	
363.42	0.00171595	0.00250607	0.00135966	0.00303724	0.0824963	55.5999	25.6491	0.00412636	
363.43	-0.000440612	0.0031026	0.00135966	0.00313373	0.0702264	98.0827	24.8594	0.00412637	
363.44	-0.0025352	0.00202187	0.00135966	0.00324271	0.0581948	141.427	24.024	0.00412638	
363.45	-0.00331838	-0.000284504	0.00135966	0.00333055	0.0497798	184.9	23.3903	0.00412637	
363.46	-0.00222055	-0.002514	0.00135965	0.00335426	0.0476894	228.547	23.2249	0.00412634	
363.47	9.83586e-05	-0.0033956	0.00135967	0.00339703	0.0441115	271.659	22.9329	0.00412641	
363.48	0.00243309	-0.00240664	0.00135974	0.00342226	0.0421188	315.313	22.7649	0.00412661	
363.49	0.00339987	-2.78195e-05	0.00135967	0.00339998	0.0438713	359.531	22.9128	0.0041264	
363.5	0.00242141	0.00230239	0.00135968	0.0033413	0.0488282	43.5567	23.3155	0.00412643	
363.51	9.76806e-05	0.00329452	0.00135968	0.00329597	0.0529672	88.3017	23.6361	0.00412642	
363.52	-0.00214805	0.0023503	0.00135968	0.00318403	0.064449	132.426	24.4671	0.00412644	
363.53	-0.00303317	0.000178288	0.00135966	0.00303841	0.0823397	176.636	25.6393	0.00412637	
363.54	-0.00216733	-0.00190178	0.00135966	0.00288342	0.105539	221.266	27.0175	0.00412637	
363.55	-0.000158619	-0.00269583	0.00135966	0.00270049	0.139122	266.633	28.8476	0.00412636	
363.56	0.00163605	-0.00186268	0.00135967	0.00247916	0.189699	311.294	31.4232	0.00412639	
363.57	0.00226307	-0.000126679	0.00135965	0.00226661	0.249192	356.796	34.3695	0.00412634	
363.58	0.00149915	0.00134819	0.00135964	0.0020162	0.333043	41.9651	38.6379	0.00412632	
363.59	3.83279e-05	0.00175186	0.00135965	0.00175228	0.435847	88.7467	44.4577	0.00412635	
363.6	-0.001053	0.00105893	0.00135965	0.00149337	0.547069	134.839	52.1656	0.00412635	
363.61	-0.00121828	-5.0449e-05	0.00135966	0.00121932	0.668904	182.371	63.89	0.00412637	
363.62	-0.000565204	-0.000767774	0.00135968	0.000953379	0.782058	233.641	81.7134	0.00412643	
363.63	0.00019962	-0.000635796	0.00135968	0.000666397	0.886827	287.431	116.903	0.00412644	
363.64	0.000431591	-7.30194e-05	0.00135969	0.000437725	0.9495	350.397	177.976	0.00412646	
363.65	0.000106367	0.000315682	0.00135969	0.00033312	0.970434	71.3791	233.863	0.00412646	
363.66	-0.000384976	0.000137257	0.00135969	0.000408712	0.955827	160.377	190.609	0.00412645	
363.67	-0.000398183	-0.000433473	0.00135968	0.000588599	0.910557	227.43	132.355	0.00412643	
363.68	0.000147131	-0.000781127	0.00135967	0.000794863	0.842924	280.667	98.0087	0.00412641	
363.69	0.000865026	-0.000494033	0.00135968	0.000996161	0.764614	330.268	78.2041	0.00412643	
363.7	0.00110921	0.000422958	0.00135968	0.00118711	0.683084	20.8726	65.6246	0.00412643	
363.71	0.000499655	0.001217	0.00135969	0.00131558	0.6262	67.6788	59.2168	0.00412646	
363.72	-0.000591237	0.0012753	0.00135967	0.00140568	0.58601	114.873	55.4201	0.00412639	
363.73	-0.00142306	0.000437661	0.00135968	0.00148884	0.549087	162.905	52.3255	0.00412644	
363.74	-0.00130634	-0.0007449	0.0013597	0.00150379	0.542487	209.693	51.8056	0.00412648	
363.75	-0.000327927	-0.00146622	0.0013597	0.00150244	0.543083	257.393	51.8522	0.00412648	
363.76	0.000870654	-0.00117248	0.0013597	0.00146039	0.561694	306.597	53.3452	0.00412648	
363.77	0.00137834	-8.0592e-05	0.00135971	0.00138069	0.597169	356.654	56.4248	0.00412651	
363.78	0.000858326	0.00089884	0.00135968	0.00124283	0.658521	46.3208	62.6822	0.00412642	
363.79	-0.000182437	0.00107304	0.00135967	0.00108843	0.725849	99.6491	71.5735	0.00412639	
363.8	-0.000833322	0.000412964	0.00135964	0.000930035	0.791403	153.639	83.7622	0.00412632	
363.81	-0.000611327	-0.000492045	0.00135964	0.000784748	0.846568	218.83	99.2694	0.0041263	
363.82	0.000185682	-0.000735235	0.00135962	0.000758319	0.855953	284.174	102.728	0.00412624	
363.83	0.000801148	-7.39334e-05	0.00135961	0.000804552	0.839384	354.727	96.8236	0.0041262	
363.84	0.000499596	0.000864109	0.00135959	0.000998138	0.763771	59.9651	78.0438	0.00412614	
363.85	-0.000580497	0.00113683	0.00135958	0.00127647	0.643562	117.05	61.0265	0.00412613	
363.86	-0.00157309	0.00020401	0.00135961	0.00158626	0.506316	172.611	49.1093	0.00412623	
363.87	-0.00137613	-0.00131235	0.00135963	0.00190158	0.376047	223.641	40.9665	0.00412627	
363.88	0.000151035	-0.00226247	0.00135965	0.00226751	0.248917	273.819	34.3559	0.00412634	
363.89	0.0020777	-0.00151575	0.00135967	0.00257183	0.167144	323.888	30.2911	0.00412641	
363.9	0.00290158	0.000567668	0.00135964	0.00295659	0.0940137	11.0696	26.3484	0.0041263	
363.91	0.00167006	0.00277674	0.00135965	0.00324027	0.05844	58.9753	24.0418	0.00412633	
363.92	-0.00105068	0.00339036	0.00135965	0.00354943	0.0331248	107.218	21.9478	0.00412634	
363.93	-0.00336588	0.00165463	0.00135963	0.00375059	0.0222638	153.822	20.7703	0.00412627	
363.94	-0.00363158	-0.00148688	0.00135964	0.00392418	0.0155293	202.266	19.8517	0.00412632	
363.95	-0.00149817	-0.00385938	0.00135966	0.00413997	0.00970037	248.784	18.8172	0.00412636	
363.96	0.00185033	-0.0037361	0.00135967	0.0041692	0.00908478	296.347	18.6855	0.00412641	
363.97	0.00414703	-0.00114914	0.00135967	0.0043033	0.00668109	344.512	18.1032	0.00412641	
363.98	0.00355966	0.00244377	0.00135968	0.00431777	0.00645971	34.4704	18.0426	0.00412642	
363.99	0.000988075	0.00409183	0.00135968	0.00420944	0.00829337	76.4244	18.507	0.00412644	
364	-0.00249616	0.00332035	0.00135969	0.00415398	0.00940255	126.935	18.7542	0.00412647	
364.01	-0.00397539	0.00041801	0.00135969	0.0039973	0.0132812	173.997	19.4893	0.00412646	
364.02	-0.00282482	-0.00251283	0.00135969	0.00378073	0.0209453	221.655	20.6056	0.00412645	
364.03	0.000113357	-0.00352849	0.00135968	0.00353031	0.0343657	271.84	22.0672	0.00412644	
364.04	0.00251378	-0.00210017	0.0013597	0.00327564	0.05492	320.122	23.7831	0.00412648	
364.05	0.00289046	0.00056228	0.00135969	0.00294464	0.0958418	11.0083	26.4564	0.00412647	
364.06	0.00124561	0.00230133	0.00135965	0.0026168	0.156914	61.5752	29.7701	0.00412635	
364.07	-0.000890499	0.00205459	0.00135967	0.00223927	0.257648	113.433	34.7898	0.00412641	
364.08	-0.00188861	0.000369431	0.00135967	0.0019244	0.367289	168.932	40.4817	0.00412639	
364.09	-0.00108152	-0.00127945	0.00135966	0.00167531	0.468087	229.792	46.5005	0.00412638	
364.1	0.000552836	-0.00140782	0.00135967	0.00151248	0.538643	291.439	51.5071	0.0041264	
364.11	0.00143482	-0.000156143	0.00135968	0.00144329	0.56928	353.789	53.9766	0.00412644	
364.12	0.000826604	0.00129971	0.00135969	0.0015403	0.526422	57.544	50.5776	0.00412646	
364.13	-0.000791157	0.00150147	0.00135969	0.00169716	0.458865	117.786	45.9028	0.00412646	
364.14	-0.00197756	0.000178829	0.0013597	0.00198563	0.344278	174.833	39.2344	0.00412648	
364.15	-0.00149858	-0.00166069	0.00135976	0.00223688	0.258438	227.937	34.8291	0.00412667	
364.16	0.000468151	-0.00244016	0.00135979	0.00248467	0.188359	280.86	31.3564	0.00412676	
364.17	0.00242502	-0.0013074	0.00135977	0.002755	0.128415	331.67	28.2792	0.00412672	
364.18	0.00273733	0.00106584	0.0013597	0.00293751	0.0969372	21.2746	26.5208	0.00412649	
364.19	0.00102797	0.00289255	0.00135991	0.00306978	0.0782532	70.4355	25.3819	0.00412712	
364.2	-0.00150971	0.00280882	0.00135965	0.00318884	0.0639087	118.258	24.4297	0.00412634	
364.21	-0.00314872	0.000741917	0.00135967	0.00323495	0.0589924	166.742	24.0817	0.00412639	
364.22	-0.00267473	-0.00187305	0.00135968	0.00326535	0.0559264	215.003	23.8578	0.00412644	
364.23	-0.000433256	-0.00320161	0.00135966	0.00323079	0.0594211	262.293	24.1126	0.00412637	
364.24	0.00203214	-0.00239493	0.00135968	0.00314091	0.0693819	310.315	24.803	0.00412643	
364.25	0.00300081	-0.000144384	0.00135968	0.00300428	0.0870701	357.245	25.931	0.00412644	
364.26	0.0019997	0.00199927	0.00135971	0.0028277	0.115043	44.9938	27.5508	0.00412651	
364.27	-0.000118874	0.00261916	0.00135972	0.00262186	0.155824	92.5987	29.7142	0.00412656	
364.28	-0.00183305	0.00149749	0.0013597	0.00236697	0.219765	140.753	32.9134	0.00412649	
364.29	-0.00207103	-0.000333591	0.00135966	0.00209773	0.304171	189.15	37.1368	0.00412637	
364.3	-0.000958336	-0.00150804	0.00135965	0.00178678	0.421686	237.565	43.5992	0.00412634	
364.31	0.000454539	-0.00140778	0.00135963	0.00147934	0.553263	287.894	52.6593	0.00412627	
364.32	0.00110347	-0.000449849	0.00135963	0.00119164	0.681076	337.821	65.3727	0.00412627	
364.33	0.000730317	0.000495776	0.00135959	0.000882699	0.809971	34.1706	88.2504	0.00412615	
364.34	-3.24538e-05	0.000601292	0.00135961	0.000602167	0.906578	93.0895	129.366	0.00412623	
364.35	-0.000442743	6.63868e-05	0.00135959	0.000447692	0.947229	171.472	174.001	0.00412617	
364.36	-9.74403e-05	-0.000476838	0.00135964	0.000486692	0.937943	258.451	160.064	0.00412631	
364.37	0.000559444	-0.000354318	0.0013596	0.000662208	0.888151	327.652	117.636	0.00412619	
364.38	0.000805955	0.000353079	0.00135958	0.000879903	0.81105	23.6577	88.5304	0.00412612	
364.39	0.000245787	0.00108016	0.00135962	0.00110777	0.717542	77.1808	70.3215	0.00412624	
364.4	-0.000761022	0.00101232	0.00135963	0.00126647	0.648022	126.934	61.5102	0.00412628	
364.41	-0.00143927	0.00013809	0.00135967	0.00144588	0.568128	174.52	53.8799	0.00412641	
364.42	-0.00118129	-0.00106443	0.00135967	0.00159011	0.50467	222.021	48.9922	0.0041264	
364.43	-2.70121e-05	-0.00168145	0.00135969	0.00168167	0.465408	269.08	46.3257	0.00412645	
364.44	0.00122639	-0.0012036	0.00135971	0.00171834	0.449989	315.537	45.3379	0.00412653	
364.45	0.00177802	3.00357e-05	0.00135968	0.00177827	0.425178	0.967793	43.8088	0.00412643	
364.46	0.00122467	0.00129119	0.00135968	0.0017796	0.424633	46.5147	43.776	0.00412643	
364.47	-5.6421e-05	0.00171534	0.00135967	0.00171627	0.450832	91.8839	45.3911	0.0041264	
364.48	-0.00121571	0.0011398	0.00135964	0.00166646	0.471837	136.846	46.7469	0.00412632	
364.49	-0.00157747	-3.06502e-05	0.00135964	0.00157777	0.510022	181.113	49.3745	0.00412631	
364.5	-0.00103557	-0.0010391	0.00135984	0.00146702	0.558821	225.097	53.1097	0.00412691	
364.51	-2.18677e-05	-0.00132389	0.00135966	0.00132407	0.622402	269.054	58.8358	0.00412636	
364.52	0.000785748	-0.000883755	0.00135966	0.00118255	0.685078	311.64	65.877	0.00412637	
364.53	0.00102127	-0.000112705	0.00135967	0.00102747	0.751619	353.702	75.8203	0.0041264	
364.54	0.000734258	0.000473928	0.00135967	0.000873924	0.813377	32.8403	89.1422	0.00412641	
364.55	0.000211697	0.000672008	0.00135966	0.000704564	0.874362	72.5144	110.569	0.00412637	
364.56	-0.000165433	0.000549162	0.00135967	0.000573539	0.914876	106.765	135.829	0.0041264	
364.57	-0.000292844	0.000299496	0.00135967	0.000418874	0.953655	134.357	185.983	0.0041264	
364.58	-0.000308108	0.000150543	0.00135967	0.000342919	0.968696	153.96	227.177	0.00412639	
364.59	-0.000361279	8.04104e-05	0.00135967	0.00037012	0.963628	167.452	210.482	0.00412641	
364.6	-0.000447386	-9.68535e-05	0.00135968	0.00045775	0.944905	192.215	170.188	0.00412642	
364.61	-0.000363334	-0.000382595	0.00135969	0.000527628	0.927473	226.479	147.65	0.00412645	
364.62	-0.000146066	-0.000573503	0.00135967	0.000591812	0.909622	255.711	131.635	0.00412639	
364.63	0.000396745	-0.000682143	0.00135965	0.000789129	0.844994	300.183	98.7195	0.00412635	
364.64	0.000819549	-0.000380432	0.00135968	0.000903543	0.801878	335.099	86.2204	0.00412642	
364.65	0.00100135	0.000262339	0.00135968	0.00103514	0.748412	14.6807	75.2588	0.00412642	
364.66	0.000629011	0.000923457	0.00135965	0.00111733	0.713437	55.7393	69.7215	0.00412633	
364.67	-0.000133009	0.00120416	0.00135965	0.00121148	0.67236	96.3032	64.3033	0.00412635	
364.68	-0.000939673	0.000874758	0.00135965	0.00128382	0.640324	137.049	60.6802	0.00412634	
364.69	-0.00135016	7.04534e-05	0.00135964	0.001352	0.609942	177.013	57.6199	0.00412632	
364.7	-0.00107242	-0.00088536	0.0013596	0.00139066	0.592674	219.542	56.0159	0.00412619	
364.71	-0.000270175	-0.00141263	0.0013596	0.00143823	0.571493	259.173	54.1634	0.0041262	
364.72	0.000722802	-0.0012851	0.00135959	0.00147443	0.555419	299.355	52.8332	0.00412616	
364.73	0.00140569	-0.000496963	0.00135957	0.00149095	0.548099	340.53	52.2471	0.00412611	
364.74	0.00140566	0.000520611	0.00135958	0.00149897	0.54456	20.323	51.9679	0.00412614	
364.75	0.000721204	0.00132321	0.00135961	0.00150699	0.541032	61.4078	51.6923	0.00412621	
364.76	-0.00029989	0.00147618	0.00135962	0.00150633	0.541331	101.484	51.7155	0.00412626	
364.77	-0.00116476	0.000963193	0.00135964	0.00151143	0.53909	140.411	51.5416	0.0041263	
364.78	-0.00148384	4.39027e-06	0.00135966	0.00148384	0.551286	179.83	52.5008	0.00412638	
364.79	-0.0011066	-0.000896073	0.00135966	0.0014239	0.577892	218.999	54.7106	0.00412636	
364.8	-0.000326429	-0.00138107	0.0013597	0.00141913	0.580036	256.702	54.8963	0.00412648	
364.81	0.000602071	-0.00128509	0.00135971	0.00141913	0.580042	295.103	54.8968	0.00412654	
364.82	0.00121999	-0.000676035	0.00135971	0.00139478	0.59089	331.008	55.8551	0.00412651	
364.83	0.00138821	0.000204961	0.00135967	0.00140326	0.587092	8.39867	55.516	0.00412641	
364.84	0.00105054	0.000947315	0.00135969	0.00141458	0.582055	42.0422	55.0722	0.00412645	
364.85	0.000251505	0.00141969	0.00135971	0.00144179	0.569958	79.954	54.0337	0.00412652	
364.86	-0.000612461	0.0013795	0.00135968	0.00150935	0.54003	113.94	51.6144	0.00412644	
364.87	-0.00141346	0.000758827	0.00135967	0.00160427	0.498537	151.771	48.56	0.00412641	
364.88	-0.00170444	-0.000256794	0.00135969	0.00172368	0.447745	188.568	45.1966	0.00412646	
364.89	-0.00126304	-0.00134136	0.00135964	0.00184242	0.399268	226.723	42.2822	0.00412629	
364.9	-0.00014638	-0.00198538	0.0013596	0.00199077	0.342331	265.783	39.1304	0.0041262	
364.91	0.00121859	-0.00172078	0.00135959	0.00210857	0.300404	305.305	36.9439	0.00412615	
364.92	0.00219412	-0.000567657	0.00135955	0.00226636	0.249216	345.495	34.3707	0.00412603	
364.93	0.00214218	0.00107448	0.00135955	0.00239655	0.211478	26.6375	32.5037	0.00412605	
364.94	0.000987614	0.00230853	0.00135956	0.00251092	0.181693	66.8382	31.0234	0.00412607	
364.95	-0.000804836	0.00244193	0.00135958	0.00257115	0.167264	108.242	30.2971	0.00412613	
364.96	-0.00229932	0.00136657	0.00135959	0.00267477	0.144397	149.275	29.1237	0.00412617	
364.97	-0.00269207	-0.000518482	0.0013596	0.00274155	0.130942	190.901	28.4144	0.00412619	
364.98	-0.00169642	-0.00219861	0.00135958	0.002777	0.124185	232.347	28.0513	0.00412613	
364.99	0.00016094	-0.00280195	0.00135961	0.00280657	0.118774	273.287	27.7564	0.00412623	
365	0.00198233	-0.00199097	0.00135963	0.00280956	0.11824	314.875	27.7271	0.00412627	
365.01	0.0027746	-0.00022535	0.00135965	0.00278374	0.122957	355.357	27.9847	0.00412633	
365.02	0.00223278	0.00161235	0.00135967	0.00275408	0.12855	35.8341	28.2865	0.0041264	
365.03	0.00066118	0.00264569	0.00135966	0.00272706	0.133802	75.9687	28.5666	0.00412638	
365.04	-0.00114046	0.00242623	0.00135968	0.00268091	0.143152	115.176	29.0587	0.00412642	
365.05	-0.00239695	0.00113717	0.00135966	0.00265302	0.149022	154.619	29.3638	0.00412638	
365.06	-0.00258907	-0.000622446	0.00135965	0.00266284	0.146927	193.518	29.2553	0.00412633	
365.07	-0.00165156	-0.00212625	0.00135964	0.00269232	0.140782	232.162	28.9348	0.0041263	
365.08	5.29511e-05	-0.00274183	0.00135966	0.00274234	0.130809	271.106	28.4073	0.00412637	
365.09	0.00178073	-0.00215799	0.00135967	0.00279784	0.120374	309.529	27.844	0.00412639	
365.1	0.00285875	-0.000533096	0.00135962	0.00290803	0.101537	349.437	26.7882	0.00412626	
365.11	0.00265989	0.00146145	0.00135964	0.00303494	0.0828042	28.7862	25.6683	0.00412631	
365.12	0.00112037	0.00295757	0.00135965	0.00316267	0.0668469	69.2526	24.6318	0.00412634	
365.13	-0.00118164	0.00308311	0.00135966	0.0033018	0.0524161	110.97	23.5941	0.00412638	
365.14	-0.00307571	0.00158479	0.00135963	0.00345999	0.0392425	152.74	22.5149	0.00412629	
365.15	-0.00349635	-0.000915088	0.00135961	0.00361412	0.0292166	194.667	21.5543	0.00412622	
365.16	-0.00197726	-0.00321584	0.00135956	0.00377507	0.0211739	238.415	20.6346	0.00412607	
365.17	0.000822138	-0.00380903	0.00135956	0.00389674	0.0164485	282.18	19.9902	0.00412605	
365.18	0.00332354	-0.00222597	0.00135952	0.00400011	0.0131867	326.187	19.4732	0.00412595	
365.19	0.0040135	0.000781376	0.00135952	0.00408886	0.010859	11.0169	19.0505	0.00412594	
365.2	0.00227709	0.0034349	0.00135953	0.00412113	0.0101091	56.4586	18.9015	0.00412599	
365.21	-0.000841199	0.00408347	0.00135957	0.00416921	0.00907801	101.64	18.684	0.00412611	
365.22	-0.0035414	0.00220949	0.00135966	0.00417413	0.00898303	148.04	18.6632	0.00412636	
365.23	-0.00404404	-0.00102026	0.0013597	0.00417075	0.0090543	194.16	18.6789	0.00412648	
365.24	-0.00197587	-0.00361758	0.00135966	0.00412201	0.0100979	241.357	18.8993	0.00412638	
365.25	0.00128112	-0.00382672	0.00135961	0.00403548	0.0122182	288.51	19.3038	0.00412623	
365.26	0.00367271	-0.00162838	0.00135972	0.00401752	0.0127142	336.089	19.3916	0.00412655	
365.27	0.00358493	0.00161218	0.00135975	0.00393075	0.0153241	24.2139	19.8201	0.00412665	
365.28	0.00112045	0.00364047	0.00135976	0.00380899	0.0197736	72.8929	20.4539	0.00412668	
365.29	-0.00196271	0.00315748	0.00135979	0.00371778	0.0238104	121.865	20.956	0.00412676	
365.3	-0.00356614	0.000575086	0.00135979	0.00361221	0.0293533	170.839	21.5686	0.00412677	
365.31	-0.00267483	-0.00229161	0.00135978	0.00352224	0.0349151	220.588	22.1193	0.00412674	
365.32	2.19726e-05	-0.00343194	0.00135974	0.00343201	0.0413648	270.367	22.7003	0.00412662	
365.33	0.00256449	-0.00212125	0.00135973	0.00332811	0.0500147	320.404	23.4087	0.00412658	
365.34	0.00319675	0.000582532	0.0013597	0.00324939	0.0575243	10.3275	23.9752	0.00412648	
365.35	0.00155681	0.00274452	0.00135968	0.00315532	0.0676998	60.4363	24.6897	0.00412644	
365.36	-0.00108734	0.00290463	0.00135967	0.00310148	0.0741532	110.523	25.118	0.00412639	
365.37	-0.00281584	0.00102528	0.00135967	0.00299669	0.0881449	159.993	25.9965	0.00412639	
365.38	-0.00251267	-0.0014405	0.00135966	0.0028963	0.103438	209.825	26.8975	0.00412638	
365.39	-0.00058271	-0.00273543	0.00135967	0.0027968	0.120566	257.974	27.8545	0.00412641	
365.4	0.00163715	-0.00209804	0.00135968	0.00266121	0.147286	307.966	29.2739	0.00412643	
365.41	0.00252543	-0.000123203	0.00135967	0.00252843	0.177454	357.207	30.8109	0.0041264	
365.42	0.00158912	0.00167201	0.00135968	0.00230671	0.237145	46.4561	33.7726	0.00412642	
365.43	-0.000214291	0.00212852	0.00135968	0.00213928	0.290039	95.749	36.4161	0.00412644	
365.44	-0.00156185	0.00109087	0.00135967	0.0019051	0.37471	145.068	40.8921	0.00412641	
365.45	-0.00161091	-0.000401986	0.00135966	0.00166031	0.474464	194.011	46.9206	0.00412637	
365.46	-0.000560329	-0.00125103	0.00135966	0.00137078	0.60157	245.873	56.831	0.00412637	
365.47	0.000528849	-0.000969469	0.00135965	0.00110433	0.719033	298.613	70.5425	0.00412635	
365.48	0.000845252	-6.73275e-05	0.00135965	0.000847929	0.823278	355.446	91.8737	0.00412635	
365.49	0.000297762	0.000554196	0.00135966	0.000629122	0.898482	61.7515	123.828	0.00412637	
365.5	-0.000426612	0.000347913	0.00135966	0.000550492	0.921307	140.802	141.514	0.00412636	
365.51	-0.000512472	-0.000440377	0.00135964	0.000675692	0.883834	220.673	115.292	0.00412631	
365.52	0.000251825	-0.000907193	0.00135966	0.000941497	0.786828	285.514	82.7433	0.00412636	
365.53	0.00115661	-0.000430746	0.00135963	0.00123422	0.662317	339.574	63.118	0.00412629	
365.54	0.00134186	0.000806871	0.00135966	0.00156577	0.515262	31.0189	49.7537	0.00412636	
365.55	0.000321843	0.00181956	0.00135967	0.0018478	0.397149	79.9693	42.1602	0.00412641	
365.56	-0.00132836	0.00170571	0.00135967	0.00216194	0.282488	127.91	36.0341	0.0041264	
365.57	-0.0023939	0.000234606	0.00135966	0.00240537	0.20912	174.403	32.3871	0.00412637	
365.58	-0.00201754	-0.00171157	0.00135967	0.00264574	0.150588	220.31	29.4448	0.00412639	
365.59	-0.000206577	-0.00286552	0.00135968	0.00287296	0.107279	265.877	27.1162	0.00412642	
365.6	0.00200842	-0.00230531	0.00135966	0.00305748	0.0797898	311.063	25.4793	0.00412636	
365.61	0.00317121	-0.000205174	0.00135966	0.00317784	0.0651323	356.298	24.5143	0.00412637	
365.62	0.00250143	0.00214555	0.00135966	0.00329554	0.0530039	40.6207	23.6389	0.00412637	
365.63	0.000301782	0.00332658	0.00135967	0.00334024	0.0489207	84.8164	23.3228	0.00412642	
365.64	-0.00208352	0.00262893	0.00135968	0.00335445	0.0476805	128.398	23.2242	0.00412645	
365.65	-0.00333759	0.000467141	0.0013597	0.00337012	0.0463428	172.032	23.1163	0.00412648	
365.66	-0.00271539	-0.00192338	0.00135968	0.00332757	0.0500522	215.311	23.4116	0.00412642	
365.67	-0.000674296	-0.00314194	0.00135965	0.00321348	0.0612395	257.887	24.2424	0.00412635	
365.68	0.00157108	-0.0027465	0.00135966	0.00316411	0.0666868	299.771	24.6209	0.00412638	
365.69	0.0029409	-0.000968136	0.00135966	0.00309616	0.0748167	341.779	25.1611	0.00412637	
365.7	0.00266187	0.00115342	0.00135966	0.00290102	0.102674	23.4278	26.8536	0.00412638	
365.71	0.00121847	0.00247178	0.00135966	0.00275579	0.128223	63.759	28.2689	0.00412638	
365.72	-0.000659348	0.00252206	0.00135967	0.00260682	0.159148	104.651	29.8844	0.00412639	
365.73	-0.00203154	0.00142737	0.00135967	0.00248285	0.188764	144.908	31.3766	0.00412641	
365.74	-0.0022969	-0.000166459	0.00135969	0.00230292	0.238277	184.145	33.8287	0.00412647	
365.75	-0.00157362	-0.00143497	0.0013597	0.00212965	0.29329	222.362	36.5812	0.0041265	
365.76	-0.000340047	-0.00196017	0.0013597	0.00198945	0.342872	260.158	39.1593	0.00412651	
365.77	0.000830248	-0.00164788	0.00135971	0.00184521	0.398195	296.74	42.2204	0.00412652	
365.78	0.00153499	-0.000790512	0.00135971	0.00172659	0.446544	332.752	45.1213	0.00412653	
365.79	0.00163003	0.000246494	0.00135969	0.00164857	0.479491	8.59913	47.2558	0.00412645	
365.8	0.00116443	0.00104355	0.00135969	0.00156361	0.516217	41.8663	49.8232	0.00412645	
365.81	0.00037395	0.00146803	0.00135969	0.00151491	0.537583	75.709	51.4253	0.00412647	
365.82	-0.000485902	0.00142353	0.00135968	0.00150417	0.542312	108.847	51.792	0.00412644	
365.83	-0.00120539	0.000926793	0.00135967	0.00152049	0.535115	142.444	51.2357	0.00412641	
365.84	-0.00158621	0.000153596	0.00135966	0.00159363	0.503142	174.469	48.8839	0.00412638	
365.85	-0.00145676	-0.000842964	0.00135967	0.00168308	0.4648	210.056	46.2862	0.00412639	
365.86	-0.000702389	-0.00164701	0.00135969	0.00179052	0.420184	246.903	43.5093	0.00412646	
365.87	0.000393368	-0.00192334	0.0013597	0.00196315	0.352645	281.559	39.6837	0.0041265	
365.88	0.00158153	-0.00137858	0.00135973	0.00209803	0.304106	318.922	37.1334	0.0041266	
365.89	0.00224948	-6.14465e-06	0.00135972	0.00224949	0.254495	359.844	34.6329	0.00412656	
365.9	0.00180677	0.0014742	0.00135972	0.00233188	0.229794	39.2121	33.4091	0.00412654	
365.91	0.00052593	0.00241148	0.00135969	0.00246817	0.192522	77.6968	31.5638	0.00412647	
365.92	-0.00122209	0.00221191	0.00135969	0.00252706	0.177795	118.921	30.828	0.00412645	
365.93	-0.00248199	0.000886508	0.00135969	0.00263556	0.152803	160.344	29.559	0.00412646	
365.94	-0.00246981	-0.000981629	0.00135967	0.00265774	0.148021	201.675	29.312	0.00412641	
365.95	-0.00116069	-0.0023998	0.00135966	0.00266576	0.146316	244.189	29.2235	0.00412637	
365.96	0.000732297	-0.00253732	0.00135963	0.00264088	0.151622	286.099	29.4981	0.00412628	
365.97	0.00219522	-0.00132664	0.00135963	0.00256495	0.16873	328.854	30.3714	0.00412627	
365.98	0.00239431	0.000464124	0.00135948	0.00243888	0.200051	10.9704	31.9378	0.00412582	
365.99	0.00134818	0.00182678	0.00135962	0.0022704	0.248017	53.5724	34.3112	0.00412623	
366	-0.00018262	0.00207501	0.00135961	0.00208303	0.309244	95.0296	37.3975	0.00412623	
366.01	-0.0013083	0.0012551	0.00135964	0.00181298	0.41106	136.189	42.9688	0.00412631	
366.02	-0.00155455	7.69539e-05	0.00135966	0.00155645	0.519335	177.166	50.0517	0.00412637	
366.03	-0.00101477	-0.000747314	0.00135966	0.00126025	0.650794	216.369	61.8152	0.00412637	
366.04	-0.000317597	-0.000860837	0.00135967	0.000917556	0.79636	249.749	84.9029	0.00412639	
366.05	3.20814e-05	-0.000638823	0.00135966	0.000639628	0.895249	272.875	121.794	0.00412636	
366.06	6.49776e-05	-0.000534966	0.00135965	0.000538898	0.924459	276.925	144.559	0.00412634	
366.07	0.000182806	-0.000709041	0.00135965	0.000732227	0.865012	284.457	106.391	0.00412635	
366.08	0.000708693	-0.000819511	0.00135965	0.00108344	0.727976	310.852	71.9026	0.00412634	
366.09	0.0014667	-0.000299975	0.00135963	0.00149706	0.545429	348.441	52.0362	0.00412629	
366.1	0.00169473	0.000901166	0.00135966	0.00191943	0.369192	28.0017	40.5866	0.00412638	
366.11	0.000801256	0.0021651	0.00135966	0.00230861	0.236577	69.6916	33.7445	0.00412637	
366.12	-0.0010076	0.00249221	0.00135967	0.00268819	0.141643	112.013	28.9798	0.0041264	
366.13	-0.00280355	0.00125403	0.00135966	0.00307123	0.0779922	155.901	25.3653	0.00412637	
366.14	-0.00319801	-0.00115295	0.00135965	0.0033995	0.0439078	199.825	22.9159	0.00412635	
366.15	-0.00166128	-0.00330323	0.00135968	0.00369746	0.0247868	243.301	21.0696	0.00412644	
366.16	0.00125071	-0.0037558	0.00135969	0.00395858	0.0144351	288.418	19.6799	0.00412645	
366.17	0.00368947	-0.00190649	0.0013597	0.00415294	0.00942493	332.673	18.759	0.00412649	
366.18	0.00411971	0.00128639	0.00135972	0.00431588	0.00649043	17.3412	18.0511	0.00412656	
366.19	0.00208242	0.00389949	0.00135974	0.00442069	0.00506728	61.8968	17.6233	0.0041266	
366.2	-0.00131288	0.0042754	0.00135971	0.00447244	0.00447346	107.071	17.4191	0.00412653	
366.21	-0.00394941	0.00213449	0.0013597	0.00448931	0.00429369	151.611	17.3534	0.00412648	
366.22	-0.00424969	-0.00127145	0.00135967	0.00443582	0.00488441	196.656	17.5623	0.0041264	
366.23	-0.0020077	-0.00381564	0.00135962	0.00431161	0.00655068	242.248	18.0677	0.00412626	
366.24	0.00125391	-0.00396591	0.00135959	0.00415941	0.009282	287.546	18.7284	0.00412617	
366.25	0.00357652	-0.0018249	0.00135956	0.0040152	0.0127655	332.967	19.4006	0.00412606	
366.26	0.00359761	0.00116545	0.00135959	0.00378168	0.0208932	17.9498	20.599	0.00412616	
366.27	0.00158781	0.00314106	0.00135961	0.00351958	0.035063	63.1833	22.1333	0.00412621	
366.28	-0.00103411	0.00309269	0.00135962	0.003261	0.0563415	108.489	23.8885	0.00412624	
366.29	-0.00267445	0.00126034	0.00135961	0.00295654	0.0940132	154.768	26.3484	0.00412623	
366.3	-0.00248966	-0.000961596	0.00135964	0.00266891	0.145642	201.118	29.1885	0.00412629	
366.31	-0.000914292	-0.00216841	0.00135966	0.00235328	0.223619	247.138	33.1039	0.00412637	
366.32	0.00082715	-0.00183604	0.00135966	0.00201376	0.333943	294.252	38.6854	0.00412638	
366.33	0.00160937	-0.000576232	0.00135966	0.00170942	0.453695	340.3	45.5725	0.00412637	
366.34	0.00126251	0.000718497	0.00135965	0.00145264	0.565111	29.6442	53.6279	0.00412635	
366.35	0.000230892	0.0011779	0.00135966	0.00120032	0.67728	78.9095	64.9021	0.00412638	
366.36	-0.00060311	0.000736106	0.00135967	0.000951627	0.782762	129.329	81.8634	0.0041264	
366.37	-0.000765042	-1.90257e-05	0.00135967	0.000765278	0.853512	181.425	101.797	0.00412639	
366.38	-0.000272026	-0.000554764	0.00135966	0.000617868	0.901899	243.879	126.083	0.00412638	
366.39	0.000255858	-0.000418601	0.00135967	0.000490602	0.936976	301.434	158.791	0.00412639	
366.4	0.000517125	2.16055e-05	0.00135966	0.000517576	0.930109	2.39243	150.515	0.00412637	
366.41	0.000270951	0.000376451	0.00135967	0.000463821	0.943476	54.2555	167.96	0.00412639	
366.42	-0.000146169	0.000450848	0.00135966	0.000473951	0.941054	107.963	164.369	0.00412637	
366.43	-0.000433734	0.00013074	0.00135963	0.00045301	0.946006	163.226	171.963	0.00412627	
366.44	-0.000375717	-0.000265764	0.00135961	0.00046021	0.944323	215.274	169.27	0.00412622	
366.45	-9.88105e-05	-0.000459798	0.00135961	0.000470296	0.941929	257.872	165.64	0.00412621	
366.46	0.00020056	-0.000301328	0.00135961	0.000361971	0.965181	303.647	215.211	0.00412623	
366.47	0.000288198	-0.000148062	0.00135962	0.000324007	0.972004	332.808	240.428	0.00412624	
366.48	0.000258516	4.47828e-05	0.00135963	0.000262367	0.981554	9.82782	296.918	0.00412629	
366.49	0.000188251	0.000209707	0.00135964	0.000281808	0.978749	48.0862	276.435	0.0041263	
366.5	8.38464e-05	0.000264208	0.00135967	0.000277194	0.979433	72.3932	281.044	0.00412641	
366.51	-5.56603e-05	0.000282396	0.00135967	0.000287829	0.977843	101.15	270.658	0.0041264	
366.52	0.000108551	-8.67144e-05	0.00135967	0.000138934	0.994793	321.381	560.719	0.00412639	
366.53	-0.000427512	0.000165803	0.00135968	0.000458538	0.944721	158.802	169.897	0.00412644	
366.54	-0.000527251	-9.97939e-05	0.0013597	0.000536612	0.925079	190.718	145.179	0.00412648	
366.55	-0.000529169	-0.000423142	0.00135973	0.000677546	0.883248	218.647	114.984	0.00412658	
366.56	-4.72881e-05	-0.000825993	0.00135974	0.000827346	0.831012	266.723	94.1653	0.00412661	
366.57	0.000484435	-0.000723289	0.00135971	0.000870531	0.81469	303.813	89.4924	0.00412653	
366.58	0.000975588	-0.000273563	0.00135971	0.00101322	0.75757	344.336	76.8895	0.00412653	
366.59	0.000983265	0.00048288	0.00135969	0.00109544	0.722862	26.1556	71.1174	0.00412647	
366.6	0.00049749	0.00110209	0.00135969	0.00120917	0.673392	65.7052	64.4279	0.00412645	
366.61	-0.000407849	0.00122481	0.00135968	0.00129093	0.637172	108.417	60.3471	0.00412642	
366.62	-0.00117763	0.000725439	0.00135967	0.00138314	0.596059	148.366	56.3233	0.00412639	
366.63	-0.00144443	-0.00024927	0.00135967	0.00146578	0.559287	189.791	53.1478	0.00412639	
366.64	-0.000976199	-0.00123678	0.00135967	0.00157562	0.510973	231.716	49.443	0.00412641	
366.65	0.000123586	-0.00167956	0.00135967	0.0016841	0.46437	274.208	46.2583	0.0041264	
366.66	0.00129761	-0.00125055	0.00135968	0.00180213	0.415466	316.058	43.2288	0.00412642	
366.67	0.00188361	3.93894e-06	0.00135966	0.00188362	0.383044	0.119814	41.3582	0.00412638	
366.68	0.00144387	0.00132947	0.00135967	0.00196272	0.352787	42.638	39.6914	0.00412639	
366.69	0.00014124	0.00203382	0.00135965	0.00203872	0.324922	86.0274	38.2113	0.00412633	
366.7	-0.00138149	0.00160331	0.00135965	0.00211639	0.297764	130.75	36.809	0.00412635	
366.71	-0.00209735	0.00022934	0.00135965	0.00210985	0.299996	173.76	36.923	0.00412633	
366.72	-0.00172183	-0.0013878	0.00135964	0.00221149	0.266392	218.869	35.2259	0.00412632	
366.73	-0.000234434	-0.00222567	0.00135965	0.00223798	0.258037	263.987	34.8092	0.00412635	
366.74	0.00144731	-0.00174323	0.00135965	0.00226574	0.249459	309.701	34.3828	0.00412634	
366.75	0.00227237	-0.000179447	0.00135966	0.00227944	0.245295	355.485	34.1763	0.00412637	
366.76	0.00167824	0.00152724	0.00135966	0.00226912	0.248428	42.303	34.3316	0.00412636	
366.77	2.09322e-05	0.00224467	0.00135968	0.00224477	0.255935	89.4657	34.7046	0.00412642	
366.78	-0.00162505	0.00153855	0.00135966	0.00223784	0.258087	136.566	34.8117	0.00412637	
366.79	-0.00222557	-0.000201709	0.00135966	0.0022347	0.259068	185.179	34.8605	0.00412636	
366.8	-0.00135381	-0.00175803	0.00135965	0.00221889	0.264043	232.401	35.1086	0.00412633	
366.81	0.000415756	-0.00217326	0.00135965	0.00221267	0.266018	280.83	35.2073	0.00412634	
366.82	0.00190123	-0.00111548	0.00135966	0.00220431	0.268695	329.599	35.3411	0.00412637	
366.83	0.00209531	0.000710154	0.00135967	0.00221238	0.266122	18.7228	35.2125	0.00412641	
366.84	0.000834145	0.00204428	0.00135967	0.00220792	0.267545	67.8027	35.2836	0.00412639	
366.85	-0.000990754	0.00197828	0.00135966	0.00221251	0.266074	116.602	35.2101	0.00412636	
366.86	-0.00213672	0.000574673	0.00135965	0.00221265	0.266023	164.946	35.2075	0.00412632	
366.87	-0.00187387	-0.00122755	0.00135964	0.00224015	0.257353	213.228	34.7751	0.0041263	
366.88	-0.000331338	-0.0022119	0.00135963	0.00223658	0.258465	261.481	34.8305	0.00412629	
366.89	0.00141095	-0.00176404	0.00135963	0.0022589	0.251544	308.654	34.4863	0.00412627	
366.9	0.00223471	-0.000185097	0.00135964	0.00224237	0.256663	355.265	34.7408	0.0041263	
366.91	0.00169927	0.00150303	0.00135963	0.00226861	0.248569	41.4933	34.3386	0.00412628	
366.92	0.000109714	0.0022318	0.00135963	0.0022345	0.259114	87.1856	34.8628	0.00412627	
366.93	-0.00146948	0.00162258	0.00135962	0.0021891	0.273574	132.165	35.5856	0.00412625	
366.94	-0.00215201	0.000124784	0.00135961	0.00215563	0.284544	176.681	36.1379	0.00412621	
366.95	-0.00161269	-0.00133439	0.00135961	0.00209318	0.30572	219.605	37.2162	0.00412623	
366.96	-0.000256971	-0.0020355	0.00135965	0.00205166	0.320302	262.805	37.9702	0.00412632	
366.97	0.00111825	-0.0016297	0.0013596	0.00197646	0.347627	304.457	39.4137	0.0041262	
366.98	0.00187281	-0.000471186	0.00135961	0.00193117	0.364673	345.878	40.3381	0.00412621	
366.99	0.00169813	0.000816731	0.00135958	0.00188433	0.382724	25.6857	41.3402	0.00412614	
367	0.000767434	0.0017031	0.00135958	0.00186802	0.389107	65.7432	41.7008	0.00412611	
367.01	-0.000501686	0.00182605	0.00135957	0.00189372	0.379063	105.362	41.1349	0.0041261	
367.02	-0.00154687	0.00109959	0.00135961	0.00189787	0.377469	144.593	41.0458	0.0041262	
367.03	-0.00191472	-0.000156257	0.0013596	0.00192109	0.368523	184.665	40.5497	0.0041262	
367.04	-0.00141541	-0.00138917	0.00135966	0.00198323	0.345148	224.464	39.2809	0.00412638	
367.05	-0.000174952	-0.0020623	0.00135967	0.00206971	0.313933	265.151	37.6396	0.00412639	
367.06	0.00127357	-0.00170957	0.00135968	0.00213181	0.292549	306.685	36.5435	0.00412643	
367.07	0.0021806	-0.000453018	0.00135969	0.00222716	0.261448	348.264	34.9791	0.00412645	
367.08	0.00196102	0.00120651	0.0013597	0.00230245	0.238418	31.6018	33.8356	0.00412648	
367.09	0.000601221	0.00226634	0.00135972	0.00234473	0.226091	75.1426	33.226	0.00412655	
367.1	-0.00114643	0.00206957	0.0013597	0.00236589	0.220068	118.984	32.9284	0.00412649	
367.11	-0.00230258	0.000655957	0.00135971	0.00239419	0.212199	164.099	32.5394	0.00412651	
367.12	-0.00206754	-0.00118446	0.00135968	0.00238278	0.215337	209.808	32.6946	0.00412644	
367.13	-0.000578856	-0.00227767	0.00135968	0.00235008	0.224541	255.741	33.1494	0.00412643	
367.14	0.001225	-0.00195253	0.00135967	0.002305	0.237652	302.104	33.7977	0.00412641	
367.15	0.00219381	-0.000400716	0.00135966	0.00223011	0.260507	349.649	34.9322	0.00412637	
367.16	0.00168732	0.00133412	0.00135966	0.00215103	0.2861	38.3326	36.2165	0.00412638	
367.17	9.95586e-05	0.00203828	0.00135967	0.00204071	0.32422	87.2036	38.1746	0.00412639	
367.18	-0.00144344	0.00132911	0.00135965	0.00196215	0.352989	137.361	39.7023	0.00412633	
367.19	-0.00185452	-0.000269049	0.00135964	0.00187394	0.386816	188.255	41.571	0.0041263	
367.2	-0.00090324	-0.00159408	0.00135891	0.00183219	0.402954	240.463	42.4954	0.00412409	
367.21	0.000695601	-0.00164851	0.00135962	0.00178926	0.420662	292.878	43.5379	0.00412625	
367.22	0.00171363	-0.000465409	0.00135963	0.00177571	0.426199	344.805	43.8704	0.00412628	
367.23	0.001453	0.0010914	0.00135962	0.00181724	0.409334	36.9115	42.8675	0.00412625	
367.24	3.05553e-05	0.00187423	0.00135961	0.00187448	0.386591	89.066	41.5582	0.00412623	
