363.25	0.000228192	0.00209705	0.00135967	0.00210942	0.300152	83.7897	36.931	0.00412639	
363.258	-0.00108792	0.00191887	0.00135967	0.00220582	0.268213	119.551	35.317	0.00412639	
363.266	-0.00207462	0.00096553	0.00135967	0.00228829	0.242631	155.043	34.0442	0.00412639	
363.274	-0.0023192	-0.000420575	0.00135967	0.00235703	0.222558	190.279	33.0514	0.00412639	
363.282	-0.001694	-0.00171798	0.00135967	0.0024127	0.207134	225.403	32.2888	0.00412639	
363.29	-0.000419691	-0.00241958	0.00135967	0.00245571	0.195729	260.16	31.7233	0.00412639	
363.298	0.00103863	-0.00225961	0.00135967	0.00248688	0.187741	294.686	31.3256	0.00412639	
363.306	0.00214907	-0.00129205	0.00135967	0.00250756	0.182568	328.985	31.0672	0.00412639	
363.314	0.00251499	0.000134586	0.00135967	0.00251858	0.179854	3.06318	30.9313	0.00412639	
363.322	0.0020157	0.0015144	0.00135967	0.0025212	0.179213	36.9176	30.8992	0.00412639	
363.33	0.000838101	0.00237327	0.00135967	0.00251691	0.180265	70.5497	30.9519	0.00412639	
363.338	-0.00061021	0.00243101	0.00135967	0.00250643	0.18285	104.091	31.0813	0.00412639	
363.346	-0.00183083	0.00169016	0.00135967	0.0024917	0.186528	137.288	31.2651	0.00412639	
363.354	-0.00243841	0.000417967	0.00135967	0.00247397	0.191021	170.273	31.4891	0.00412639	
363.362	-0.0022584	-0.000961136	0.00135967	0.00245442	0.196065	203.054	31.7399	0.00412639	
363.37	-0.00137402	-0.00200989	0.00135967	0.00243466	0.201254	235.642	31.9975	0.00412639	
363.378	-8.20946e-05	-0.00241452	0.00135967	0.00241591	0.206267	268.053	32.2458	0.00412639	
363.386	0.00121091	-0.00207183	0.00135967	0.00239975	0.210656	300.305	32.4631	0.00412639	
363.394	0.00211831	-0.00110042	0.00135967	0.00238708	0.214139	332.549	32.6353	0.00412639	
363.402	0.00237153	0.00018977	0.00135967	0.00237911	0.216349	4.57507	32.7446	0.00412639	
363.41	0.00190941	0.00141536	0.00135967	0.00237678	0.217	36.548	32.7768	0.00412639	
363.418	0.000872075	0.00221502	0.00135967	0.00238051	0.215961	68.5099	32.7254	0.00412639	
363.426	-0.000436407	0.00235047	0.00135967	0.00239064	0.213155	100.518	32.5867	0.00412639	
363.434	-0.00162994	0.00177105	0.00135967	0.00240693	0.208698	132.624	32.3662	0.00412639	
363.442	-0.00234466	0.000633508	0.00135967	0.00242874	0.20283	164.88	32.0756	0.00412639	
363.45	-0.00234214	-0.000736751	0.00135967	0.00245528	0.195841	197.462	31.7288	0.00412639	
363.458	-0.00159181	-0.00190807	0.00135967	0.00248487	0.18825	230.163	31.351	0.00412639	
363.466	-0.000300072	-0.00249789	0.00135967	0.00251585	0.180524	263.15	30.9649	0.00412639	
363.474	0.00113408	-0.00227977	0.00135967	0.00254627	0.17316	296.448	30.595	0.00412639	
363.482	0.00223091	-0.00128358	0.00135967	0.00257382	0.166679	330.086	30.2675	0.00412639	
363.49	0.00258959	0.000184663	0.00135967	0.00259617	0.16155	4.07884	30.0069	0.00412639	
363.498	0.00204513	0.00162346	0.00135967	0.00261116	0.158175	38.4432	29.8347	0.00412639	
363.506	0.000750531	0.00250645	0.00135967	0.00261641	0.157006	73.3302	29.7748	0.00412639	
363.514	-0.000827535	0.00247519	0.00135967	0.00260986	0.158465	108.486	29.8495	0.00412639	
363.522	-0.00209675	0.00151982	0.00135967	0.00258964	0.163037	144.064	30.0826	0.00412639	
363.53	-0.0025544	-3.96202e-06	0.00135967	0.0025544	0.171229	180.089	30.4976	0.00412639	
363.538	-0.00200976	-0.00149216	0.00135967	0.00250314	0.183667	216.592	31.1222	0.00412639	
363.546	-0.000686436	-0.00233658	0.00135967	0.00243533	0.201079	253.628	31.9888	0.00412639	
363.554	0.000852533	-0.00219141	0.00135967	0.0023514	0.224158	291.258	33.1306	0.00412639	
363.562	0.00194499	-0.00113532	0.00135967	0.0022521	0.253658	329.727	34.5913	0.00412639	
363.57	0.00211513	0.000329705	0.00135967	0.00214068	0.289561	8.85991	36.3918	0.00412639	
363.578	0.00132648	0.00152416	0.00135967	0.00202055	0.33148	48.967	38.5555	0.00412639	
363.586	-8.01044e-06	0.00189766	0.00135967	0.00189767	0.377579	90.2419	41.0519	0.00412639	
363.594	-0.00121203	0.00130412	0.00135967	0.00178038	0.424307	132.904	43.7564	0.00412639	
363.602	-0.00167775	8.42644e-05	0.00135967	0.00167986	0.46616	177.125	46.3747	0.00412639	
363.61	-0.0011788	-0.00109617	0.00135967	0.00160971	0.496183	222.92	48.3957	0.00412639	
363.618	4.49939e-06	-0.00158413	0.00135967	0.00158413	0.507267	270.163	49.1771	0.00412639	
363.626	0.00119597	-0.00108445	0.00135967	0.00161443	0.494144	317.8	48.2542	0.00412639	
363.634	0.00169719	0.00015219	0.00135967	0.001704	0.455974	5.12409	45.7177	0.00412639	
363.642	0.0011528	0.00144508	0.00135967	0.00184857	0.396839	51.4191	42.1424	0.00412639	
363.65	-0.000225294	0.00202577	0.00135967	0.00203826	0.325097	96.346	38.2205	0.00412639	
363.658	-0.00172949	0.00145649	0.00135967	0.00226108	0.250892	139.898	34.4539	0.00412639	
363.666	-0.00250368	-9.82223e-05	0.00135967	0.00250561	0.183054	182.247	31.0915	0.00412639	
363.674	-0.00199514	-0.00191121	0.00135967	0.00276285	0.126879	223.769	28.1967	0.00412639	
363.682	-0.000297175	-0.0030076	0.00135967	0.00302224	0.0845525	264.357	25.7766	0.00412639	
363.69	0.00184885	-0.00270609	0.00135967	0.00327738	0.0547444	304.342	23.77	0.00412639	
363.698	0.00338338	-0.00097931	0.00135967	0.00352226	0.0348944	343.857	22.1174	0.00412639	
363.706	0.00345272	0.00146621	0.00135967	0.00375114	0.022244	23.0086	20.7678	0.00412639	
363.714	0.00186652	0.0034919	0.00135967	0.00395945	0.0144061	61.8742	19.6752	0.00412639	
363.722	-0.000756016	0.00407331	0.00135967	0.00414288	0.00963785	100.515	18.8041	0.00412639	
363.73	-0.00325018	0.00281311	0.00135967	0.00429852	0.00675547	139.123	18.1232	0.00412639	
363.738	-0.00441783	0.000197552	0.00135967	0.00442224	0.00504571	177.44	17.6162	0.00412639	
363.746	-0.0036669	-0.0026292	0.00135967	0.00451207	0.00406119	215.641	17.2655	0.00412639	
363.754	-0.00127796	-0.00438362	0.00135967	0.0045661	0.00355667	253.747	17.0612	0.00412639	
363.762	0.00169999	-0.00425611	0.00135967	0.00458306	0.00341048	291.773	16.998	0.00412639	
363.77	0.00394024	-0.00229948	0.00135967	0.00456214	0.00359162	329.733	17.076	0.00412639	
363.778	0.00446138	0.000609367	0.00135967	0.00450281	0.00415398	7.77773	17.301	0.00412639	
363.786	0.00308109	0.00314909	0.00135967	0.00440567	0.00524944	45.6254	17.6825	0.00412639	
363.794	0.000489294	0.00424342	0.00135967	0.00427154	0.00719146	83.4225	18.2377	0.00412639	
363.802	-0.00212294	0.00350938	0.00135967	0.00410154	0.0105686	121.171	18.9936	0.00412639	
363.81	-0.00363554	0.00140543	0.00135967	0.00389774	0.0164249	158.864	19.9867	0.00412639	
363.818	-0.00351136	-0.00103991	0.00135967	0.00366211	0.0265913	196.497	21.2728	0.00412639	
363.826	-0.0019944	-0.00275057	0.00135967	0.00339754	0.0440682	234.055	22.9293	0.00412639	
363.834	8.98933e-05	-0.0031044	0.00135967	0.00310571	0.0736292	271.659	25.0839	0.00412639	
363.842	0.00175678	-0.00217039	0.00135967	0.00279229	0.121389	308.988	27.8994	0.00412639	
363.85	0.00238813	-0.000589946	0.00135967	0.00245992	0.194638	346.124	31.669	0.00412639	
363.858	0.00194496	0.000824421	0.00135967	0.00211247	0.299109	22.9709	36.8777	0.00412639	
363.866	0.000894557	0.00150908	0.00135967	0.00175429	0.435022	59.3412	44.4071	0.00412639	
363.874	-0.000117554	0.00138517	0.00135967	0.00139015	0.592936	94.8509	56.0395	0.00412639	
363.882	-0.000640087	0.000802125	0.00135967	0.00102621	0.752144	128.59	75.9131	0.00412639	
363.89	-0.000622898	0.000252629	0.00135967	0.000672178	0.88497	157.924	115.896	0.00412639	
363.898	-0.000364106	5.72095e-05	0.00135967	0.000368573	0.963926	171.071	211.364	0.00412639	
363.906	-0.00024947	0.000178328	0.00135967	0.000306654	0.974887	144.442	254.043	0.00412639	
363.914	-0.000464456	0.000304275	0.00135967	0.00055525	0.919998	146.77	140.303	0.00412639	
363.922	-0.000861275	0.000100919	0.00135967	0.000867168	0.815967	173.317	89.8363	0.00412639	
363.93	-0.0010585	-0.000520826	0.00135967	0.00117969	0.686332	206.199	66.0368	0.00412639	
363.938	-0.000709106	-0.00129854	0.00135967	0.00147954	0.553193	241.362	52.6537	0.00412639	
363.946	0.000236626	-0.00174663	0.00135967	0.00176259	0.431604	277.715	44.1981	0.00412639	
363.954	0.00141831	-0.00144368	0.00135967	0.00202381	0.330299	314.492	38.4933	0.00412639	
363.962	0.00223786	-0.000330873	0.00135967	0.00226219	0.250552	351.59	34.437	0.00412639	
363.97	0.00216853	0.00119633	0.00135967	0.00247663	0.190342	28.8846	31.4553	0.00412639	
363.978	0.00107197	0.00244125	0.00135967	0.00266624	0.146217	66.2935	29.2184	0.00412639	
363.986	-0.00067355	0.00274946	0.00135967	0.00283076	0.11449	103.765	27.5202	0.00412639	
363.994	-0.00231666	0.00185899	0.00135967	0.00297031	0.091977	141.255	26.2272	0.00412639	
364.002	-0.00308509	6.05424e-05	0.00135967	0.00308569	0.0761392	178.876	25.2466	0.00412639	
364.01	-0.00255971	-0.00188093	0.00135967	0.00317648	0.0652867	216.309	24.525	0.00412639	
364.018	-0.000912404	-0.0031136	0.00135967	0.00324453	0.0580094	253.667	24.0106	0.00412639	
364.026	0.00117527	-0.00307411	0.00135967	0.00329112	0.0534242	290.923	23.6707	0.00412639	
364.034	0.002815	-0.00175608	0.00135967	0.00331784	0.0509325	328.043	23.4801	0.00412639	
364.042	0.00331399	0.000289748	0.00135967	0.00332663	0.050134	4.99677	23.418	0.00412639	
364.05	0.00247697	0.00221069	0.00135967	0.00332002	0.0507336	41.7489	23.4647	0.00412639	
364.058	0.000663336	0.00323282	0.00135967	0.00330017	0.0525689	78.4045	23.6058	0.00412639	
364.066	-0.00136364	0.00297221	0.00135967	0.0032701	0.0554539	114.646	23.8228	0.00412639	
364.074	-0.00281626	0.00158818	0.00135967	0.00323321	0.0591721	150.58	24.0947	0.00412639	
364.082	-0.00317426	-0.000343368	0.00135967	0.00319278	0.0634794	186.174	24.3998	0.00412639	
364.09	-0.00236488	-0.00208514	0.00135967	0.00315285	0.0679824	221.403	24.7088	0.00412639	
364.098	-0.000740715	-0.00302845	0.00135967	0.00311772	0.072155	256.256	24.9872	0.00412639	
364.106	0.00109467	-0.00289128	0.00135967	0.00309157	0.075394	290.737	25.1985	0.00412639	
364.114	0.00252212	-0.00176604	0.00135967	0.00307896	0.0769979	325	25.3018	0.00412639	
364.122	0.00308358	-6.24425e-05	0.00135967	0.00308422	0.0763264	358.84	25.2586	0.00412639	
364.13	0.00262436	0.00166951	0.00135967	0.00311039	0.0730514	32.4629	25.0461	0.00412639	
364.138	0.00128726	0.00288637	0.00135967	0.0031604	0.0671105	65.9641	24.6497	0.00412639	
364.146	-0.000531236	0.00319174	0.00135967	0.00323565	0.0589202	99.4498	24.0765	0.00412639	
364.154	-0.00227608	0.00243926	0.00135967	0.00333625	0.0492723	133.018	23.3505	0.00412639	
364.162	-0.00336946	0.000792696	0.00135967	0.00346145	0.0391414	166.761	22.5059	0.00412639	
364.17	-0.00337285	-0.00128595	0.00135967	0.00360968	0.0294794	200.87	21.5817	0.00412639	
364.178	-0.00215955	-0.00309845	0.00135967	0.00377677	0.0211129	235.124	20.6269	0.00412639	
364.186	-2.27804e-05	-0.00395963	0.00135967	0.0039597	0.0143985	269.67	19.674	0.00412639	
364.194	0.00235369	-0.00342389	0.00135967	0.00415487	0.00938206	304.506	18.7498	0.00412639	
364.202	0.00408529	-0.00151772	0.00135967	0.00435811	0.00587584	339.62	17.8754	0.00412639	
364.21	0.00441014	0.00118023	0.00135967	0.00456533	0.00356342	14.9823	17.0641	0.00412639	
364.218	0.00303137	0.00368666	0.00135967	0.00477291	0.0021095	50.5711	16.3219	0.00412639	
364.226	0.000304798	0.00496849	0.00135967	0.00497783	0.00122882	86.4895	15.65	0.00412639	
364.234	-0.00277596	0.0043679	0.00135967	0.00517537	0.000714317	122.437	15.0526	0.00412639	
364.242	-0.00499049	0.00196321	0.00135967	0.00536276	0.000418736	158.526	14.5267	0.00412639	
364.25	-0.00535574	-0.00140768	0.00135967	0.00553764	0.000250054	194.726	14.0679	0.00412639	
364.258	-0.00358402	-0.00442846	0.00135967	0.00569706	0.000154051	231.016	13.6743	0.00412639	
364.266	-0.000267408	-0.00583342	0.00135967	0.00583955	9.87587e-05	267.375	13.3406	0.00412639	
364.274	0.00331567	-0.00495572	0.00135967	0.00596262	6.66742e-05	303.785	13.0652	0.00412639	
364.282	0.00571267	-0.00203782	0.00135967	0.00606525	4.7749e-05	340.368	12.8442	0.00412639	
364.29	0.00588319	0.00177971	0.00135967	0.00614649	3.65126e-05	16.831	12.6744	0.00412639	
364.298	0.0037082	0.00497498	0.00135967	0.00620494	3.0036e-05	53.3003	12.555	0.00412639	
364.306	2.57279e-05	0.00624079	0.00135967	0.00624085	2.66163e-05	89.7638	12.4828	0.00412639	
364.314	-0.00369476	0.0050461	0.00135967	0.00625414	2.54467e-05	126.212	12.4562	0.00412639	
364.322	-0.00596046	0.00186387	0.00135967	0.00624509	2.62378e-05	162.635	12.4743	0.00412639	
364.33	-0.00587476	-0.00202599	0.00135967	0.00621429	2.91069e-05	199.027	12.5361	0.00412639	
364.338	-0.00348904	-0.00508035	0.00135967	0.00616307	3.45515e-05	235.52	12.6403	0.00412639	
364.346	0.00019438	-0.00608854	0.00135967	0.00609164	4.37806e-05	271.829	12.7885	0.00412639	
364.354	0.00370303	-0.0047243	0.00135967	0.00600262	5.85789e-05	308.09	12.9782	0.00412639	
364.362	0.00567669	-0.00159525	0.00135967	0.00589658	8.24045e-05	344.304	13.2116	0.00412639	
364.37	0.00541108	0.00201969	0.00135967	0.00577572	0.000120685	20.4682	13.488	0.00412639	
364.378	0.00310683	0.00470867	0.00135967	0.00564128	0.00018279	56.5828	13.8095	0.00412639	
364.386	-0.000254263	0.00548903	0.00135967	0.00549492	0.000284051	92.6522	14.1773	0.00412639	
364.394	-0.00334589	0.00415861	0.00135967	0.00533751	0.000450487	128.819	14.5954	0.00412639	
364.402	-0.00499152	0.00135486	0.00135967	0.00517213	0.000720839	164.814	15.0621	0.00412639	
364.41	-0.00467379	-0.00177395	0.00135967	0.00499912	0.00116018	200.784	15.5833	0.00412639	
364.418	-0.00264298	-0.00403026	0.00135967	0.00481958	0.00186893	236.744	16.1639	0.00412639	
364.426	0.000218505	-0.00462938	0.00135967	0.00463453	0.00299979	272.702	16.8093	0.00412639	
364.434	0.00277778	-0.00346978	0.00135967	0.00444471	0.00478109	308.68	17.5272	0.00412639	
364.442	0.00409965	-0.00112237	0.00135967	0.00425051	0.00754871	344.689	18.328	0.00412639	
364.45	0.00378466	0.00144467	0.00135967	0.00405102	0.0118139	20.8927	19.2305	0.00412639	
364.458	0.0020943	0.00322881	0.00135967	0.00384854	0.0182081	57.0314	20.2422	0.00412639	
364.466	-0.000207758	0.00363572	0.00135967	0.00364165	0.0276876	93.2705	21.3922	0.00412639	
364.474	-0.00218807	0.00264158	0.00135967	0.0034301	0.0414965	129.636	22.7116	0.00412639	
364.482	-0.00312065	0.000769332	0.00135967	0.00321408	0.0611787	166.151	24.2381	0.00412639	
364.49	-0.00275807	-0.00116258	0.00135967	0.00299308	0.0886602	202.856	26.0277	0.00412639	
364.498	-0.00139247	-0.00239118	0.00135967	0.00276708	0.126079	239.786	28.1536	0.00412639	
364.506	0.000314943	-0.00251556	0.00135967	0.0025352	0.175816	277.136	30.7286	0.00412639	
364.514	0.0016171	-0.00163487	0.00135967	0.00229953	0.239272	314.687	33.8779	0.00412639	
364.522	0.00204285	-0.000262616	0.00135967	0.00205966	0.317476	352.675	37.8233	0.00412639	
364.53	0.0015533	0.000942107	0.00135967	0.00181667	0.409588	31.2377	42.8823	0.00412639	
364.538	0.000522241	0.00148293	0.00135967	0.00157221	0.512459	70.5994	49.5502	0.00412639	
364.546	-0.000479034	0.0012395	0.00135967	0.00132884	0.620277	111.13	58.6247	0.00412639	
364.554	-0.00097664	0.000487123	0.00135967	0.00109138	0.724589	153.491	71.3802	0.00412639	
364.562	-0.000819194	-0.000284043	0.00135967	0.00086704	0.816015	199.123	89.8495	0.00412639	
364.57	-0.0002308	-0.000633748	0.00135967	0.000674466	0.884233	249.989	115.503	0.00412639	
364.578	0.000345544	-0.000424044	0.00135967	0.000547004	0.922262	309.176	142.418	0.00412639	
364.586	0.000514065	0.000132711	0.00135967	0.000530919	0.926597	14.4755	146.733	0.00412639	
364.594	0.000157754	0.000609056	0.00135967	0.000629155	0.898473	75.4787	123.822	0.00412639	
364.602	-0.00049027	0.000624517	0.00135967	0.000793969	0.843247	128.133	98.1186	0.00412639	
364.61	-0.000981729	8.45438e-05	0.00135967	0.000985363	0.769048	175.078	79.0603	0.00412639	
364.618	-0.000919804	-0.000745172	0.00135967	0.00118377	0.684543	219.012	65.8091	0.00412639	
364.626	-0.000215036	-0.00136033	0.00135967	0.00137722	0.598698	261.017	56.5653	0.00412639	
364.634	0.000827408	-0.00132335	0.00135967	0.00156072	0.517469	302.015	49.9148	0.00412639	
364.642	0.0016495	-0.000522451	0.00135967	0.00173026	0.444989	342.425	45.024	0.00412639	
364.65	0.00173966	0.000720489	0.00135967	0.00188296	0.383303	22.4971	41.3727	0.00412639	
364.658	0.000934625	0.00178719	0.00135967	0.00201682	0.332831	62.3923	38.6267	0.00412639	
364.666	-0.000451034	0.00208184	0.00135967	0.00213014	0.293107	102.224	36.5719	0.00412639	
364.674	-0.0017567	0.00136112	0.00135967	0.0022223	0.262971	142.231	35.0551	0.00412639	
364.682	-0.00229023	-8.71911e-05	0.00135967	0.00229188	0.241553	182.18	33.9908	0.00412639	
364.69	-0.00173036	-0.00157413	0.00135967	0.00233924	0.227643	222.293	33.3028	0.00412639	
364.698	-0.000303222	-0.00234563	0.00135967	0.00236514	0.220262	262.634	32.938	0.00412639	
364.706	0.00130071	-0.00198202	0.00135967	0.0023707	0.218699	303.275	32.8608	0.00412639	
364.714	0.00227005	-0.000638637	0.00135967	0.00235818	0.222231	344.287	33.0353	0.00412639	
364.722	0.00209902	0.00101267	0.00135967	0.00233053	0.23016	25.7551	33.4272	0.00412639	
364.73	0.000861378	0.00212376	0.00135967	0.0022918	0.24158	67.923	33.9921	0.00412639	
364.738	-0.000789053	0.00210473	0.00135967	0.00224778	0.254995	110.551	34.6578	0.00412639	
364.746	-0.00197937	0.000971438	0.00135967	0.0022049	0.268508	153.859	35.3318	0.00412639	
364.754	-0.00206626	-0.000666076	0.00135967	0.00217096	0.279512	197.867	35.8841	0.00412639	
364.762	-0.000994131	-0.00191143	0.00135967	0.0021545	0.284949	242.521	36.1584	0.00412639	
364.77	0.00065685	-0.00206173	0.00135967	0.00216384	0.281857	287.671	36.0023	0.00412639	
364.778	0.00196996	-0.000993252	0.00135967	0.00220619	0.268095	333.243	35.3111	0.00412639	
364.786	0.00216664	0.000728255	0.00135967	0.00228576	0.243392	18.5786	34.0819	0.00412639	
364.794	0.00107064	0.00215186	0.00135967	0.00240349	0.209633	63.5478	32.4125	0.00412639	
364.802	-0.000786584	0.0024336	0.00135967	0.00255756	0.170483	107.912	30.4599	0.00412639	
364.81	-0.0024116	0.00130747	0.00135967	0.00274322	0.130641	151.535	28.3984	0.00412639	
364.818	-0.00286205	-0.000733553	0.00135967	0.00295456	0.0943281	194.376	26.3671	0.00412639	
364.826	-0.00175983	-0.00265451	0.00135967	0.00318487	0.0643512	236.457	24.4604	0.00412639	
364.834	0.000476842	-0.0033954	0.00135967	0.00342872	0.0416033	277.994	22.7208	0.00412639	
364.842	0.00276523	-0.00242485	0.00135967	0.00367782	0.0257744	318.752	21.1818	0.00412639	
364.85	0.00392709	-7.08916e-05	0.00135967	0.00392773	0.0154147	358.966	19.8341	0.00412639	
364.858	0.00325624	0.00260957	0.00135967	0.00417288	0.00900891	38.7089	18.6689	0.00412639	
364.866	0.000913535	0.00431313	0.00135967	0.00440881	0.00521026	78.0413	17.6699	0.00412639	
364.874	-0.00210393	0.00412606	0.00135967	0.00463151	0.0030226	117.018	16.8202	0.00412639	
364.882	-0.00440801	0.00199212	0.00135967	0.00483726	0.00178458	155.68	16.1048	0.00412639	
364.89	-0.00486958	-0.00123359	0.00135967	0.0050234	0.00108629	194.215	15.508	0.00412639	
364.898	-0.00316705	-0.00410644	0.00135967	0.00518586	0.00069364	232.359	15.0222	0.00412639	
364.906	2.6078e-05	-0.00532282	0.00135967	0.00532289	0.000469882	270.281	14.6355	0.00412639	
364.914	0.00334478	-0.0042807	0.00135967	0.00543249	0.000341605	308.003	14.3402	0.00412639	
364.922	0.00533899	-0.00137645	0.00135967	0.00551357	0.000268707	345.543	14.1293	0.00412639	
364.93	0.00512516	0.00216658	0.00135967	0.00556429	0.000230823	22.9155	14.0005	0.00412639	
364.938	0.00278135	0.00484262	0.00135967	0.00558452	0.000217163	60.1291	13.9498	0.00412639	
364.946	-0.00071169	0.00552751	0.00135967	0.00557314	0.000224753	97.3367	13.9783	0.00412639	
364.954	-0.00385998	0.0039607	0.00135967	0.00553051	0.000255447	134.262	14.0861	0.00412639	
364.962	-0.00538984	0.000848529	0.00135967	0.00545623	0.000318543	171.053	14.2778	0.00412639	
364.97	-0.00473713	-0.00248848	0.00135967	0.00535097	0.000433286	207.714	14.5587	0.00412639	
364.978	-0.002266	-0.00469719	0.00135967	0.0052152	0.000638684	244.247	14.9377	0.00412639	
364.986	0.000933489	-0.00496272	0.00135967	0.00504975	0.00101105	280.653	15.4271	0.00412639	
364.994	0.00354727	-0.00331614	0.00135967	0.00485592	0.0016994	316.929	16.0429	0.00412639	
365.002	0.00460108	-0.000548035	0.00135967	0.0046336	0.00300678	353.207	16.8126	0.00412639	
365.01	0.00382825	0.0021398	0.00135967	0.00438569	0.00550483	29.203	17.763	0.00412639	
365.018	0.00173571	0.0037286	0.00135967	0.0041128	0.0103075	65.0375	18.9416	0.00412639	
365.026	-0.000707791	0.00375059	0.00135967	0.00381679	0.0194472	100.687	20.4106	0.00412639	
365.034	-0.0025217	0.00242599	0.00135967	0.0034992	0.0364562	136.108	22.2631	0.00412639	
365.042	-0.00312511	0.00048221	0.00135967	0.00316209	0.0669169	171.228	24.6366	0.00412639	
365.05	-0.0025245	-0.00122854	0.00135967	0.00280756	0.118614	205.95	27.7476	0.00412639	
365.058	-0.00121115	-0.0021151	0.00135967	0.00243733	0.20055	240.204	31.9625	0.00412639	
365.066	0.000121943	-0.00205434	0.00135967	0.00205795	0.31808	273.397	37.8546	0.00412639	
365.074	0.000960505	-0.00137159	0.00135967	0.00167447	0.468448	305.003	46.5242	0.00412639	
365.082	0.00116316	-0.000577027	0.00135967	0.00129842	0.633831	333.615	59.9982	0.00412639	
365.09	0.000954907	-6.64892e-05	0.00135967	0.000957219	0.780504	356.017	81.3848	0.00412639	
365.098	0.000718833	7.82857e-05	0.00135967	0.000723083	0.868133	6.2154	107.737	0.00412639	
365.106	0.000720682	8.18713e-05	0.00135967	0.000725318	0.867373	6.48116	107.406	0.00412639	
365.114	0.000928845	0.000278443	0.00135967	0.000969682	0.775451	16.6873	80.3388	0.00412639	
365.122	0.00102962	0.000839444	0.00135967	0.00132845	0.620453	39.1902	58.6421	0.00412639	
365.13	0.00064801	0.00160406	0.00135967	0.00173001	0.445093	68.0022	45.0305	0.00412639	
365.138	-0.000368838	0.00211413	0.00135967	0.00214606	0.287758	99.8964	36.3005	0.00412639	
365.146	-0.00176355	0.00186126	0.00135967	0.00256406	0.168955	133.456	30.3827	0.00412639	
365.154	-0.00291152	0.000617832	0.00135967	0.00297635	0.0910874	168.019	26.174	0.00412639	
365.162	-0.00310355	-0.00133284	0.00135967	0.00337765	0.0457044	203.241	23.0643	0.00412639	
365.17	-0.00193522	-0.00322971	0.00135967	0.00376511	0.021621	239.07	20.6908	0.00412639	
365.178	0.000368933	-0.00411535	0.00135967	0.00413186	0.00987855	275.123	18.8543	0.00412639	
365.186	0.00296401	-0.00335444	0.00135967	0.00447633	0.00442982	311.464	17.4033	0.00412639	
365.194	0.00469105	-0.000992899	0.00135967	0.00479498	0.00199241	348.049	16.2468	0.00412639	
365.202	0.0046147	0.00213746	0.00135967	0.00508569	0.000916189	24.8529	15.3181	0.00412639	
365.21	0.00252161	0.00471358	0.00135967	0.00534568	0.00043997	61.8546	14.5731	0.00412639	
365.218	-0.000876158	0.00550365	0.00135967	0.00557295	0.000224878	99.0453	13.9788	0.00412639	
365.226	-0.00418745	0.00396517	0.00135967	0.00576691	0.000124051	136.562	13.5086	0.00412639	
365.234	-0.00589372	0.00060711	0.00135967	0.00592491	7.52695e-05	174.119	13.1484	0.00412639	
365.242	-0.0051363	-0.00319188	0.00135967	0.00604729	5.06437e-05	211.858	12.8823	0.00412639	
365.25	-0.00211959	-0.00575609	0.00135967	0.00613394	3.80665e-05	249.785	12.7003	0.00412639	
365.258	0.00190175	-0.00588599	0.00135967	0.00618559	3.20475e-05	287.905	12.5943	0.00412639	
365.266	0.0051566	-0.00344846	0.00135967	0.00620342	3.01894e-05	326.227	12.5581	0.00412639	
365.274	0.00616762	0.000513659	0.00135967	0.00618898	3.16868e-05	4.76079	12.5874	0.00412639	
365.282	0.00444528	0.00424262	0.00135967	0.00614494	3.67003e-05	43.6637	12.6776	0.00412639	
365.29	0.000776867	0.00602408	0.00135967	0.00607397	4.64024e-05	82.6517	12.8257	0.00412639	
365.298	-0.00315836	0.00507753	0.00135967	0.00597968	6.31006e-05	121.883	13.028	0.00412639	
365.306	-0.00555818	0.00187397	0.00135967	0.00586559	9.09438e-05	161.368	13.2814	0.00412639	
365.314	-0.00535078	-0.00206646	0.00135967	0.00573595	0.000136593	201.116	13.5815	0.00412639	
365.322	-0.00270154	-0.00489993	0.00135967	0.00559533	0.000210184	241.13	13.9229	0.00412639	
365.33	0.00107768	-0.00534013	0.00135967	0.00544778	0.000326575	281.409	14.3	0.00412639	
365.338	0.00418012	-0.00325363	0.00135967	0.00529713	0.000505968	322.104	14.7067	0.00412639	
365.346	0.00514176	0.000259485	0.00135967	0.00514831	0.0007704	2.88904	15.1318	0.00412639	
365.354	0.00360619	0.00346959	0.00135967	0.00500426	0.00114418	43.894	15.5674	0.00412639	
365.362	0.000416821	0.0048492	0.00135967	0.00486708	0.00165025	85.0871	16.0061	0.00412639	
365.37	-0.00281374	0.00381283	0.00135967	0.00473865	0.00230388	126.426	16.4399	0.00412639	
365.378	-0.00451591	0.000971306	0.00135967	0.00461919	0.0031172	167.861	16.8651	0.00412639	
365.386	-0.00392986	-0.00220952	0.00135967	0.00450842	0.00409758	209.346	17.2795	0.00412639	
365.394	-0.00143469	-0.00416371	0.00135967	0.00440395	0.00527092	250.988	17.6894	0.00412639	
365.402	0.00164213	-0.00397897	0.00135967	0.00430451	0.00666201	292.426	18.098	0.00412639	
365.41	0.00377357	-0.00185802	0.00135967	0.0042062	0.00835387	333.785	18.521	0.00412639	
365.418	0.00396517	0.00106544	0.00135967	0.00410581	0.0104687	15.0401	18.9739	0.00412639	
365.426	0.00222597	0.003323	0.00135967	0.00399966	0.0132117	56.1832	19.4774	0.00412639	
365.434	-0.000487797	0.00385393	0.00135967	0.00388468	0.0168827	97.2137	20.0539	0.00412639	
365.442	-0.00279912	0.00250715	0.00135967	0.00375777	0.0219464	138.149	20.7312	0.00412639	
365.45	-0.00361593	5.22015e-05	0.00135967	0.0036163	0.0291005	179.173	21.5422	0.00412639	
365.458	-0.00264991	-0.00222488	0.00135967	0.00346007	0.0392424	220.017	22.5149	0.00412639	
365.466	-0.000520332	-0.00324626	0.00135967	0.00328769	0.0537505	260.894	23.6954	0.00412639	
365.474	0.00163699	-0.00263219	0.00135967	0.0030997	0.0743747	301.878	25.1324	0.00412639	
365.482	0.00277203	-0.000843855	0.00135967	0.00289763	0.103223	343.069	26.8851	0.00412639	
365.49	0.00244065	0.00111709	0.00135967	0.00268415	0.142475	24.5935	29.0234	0.00412639	
365.498	0.000977339	0.00226074	0.00135967	0.00246295	0.193853	66.6207	31.63	0.00412639	
365.506	-0.0007488	0.00211035	0.00135967	0.00223926	0.257645	109.536	34.7896	0.00412639	
365.514	-0.00180645	0.000909108	0.00135967	0.00202231	0.33084	153.286	38.5218	0.00412639	
365.522	-0.00172895	-0.00057361	0.00135967	0.00182162	0.407599	198.354	42.7659	0.00412639	
365.53	-0.000696597	-0.00149601	0.00135967	0.00165024	0.478764	245.032	47.2071	0.00412639	
365.538	0.00060492	-0.00139828	0.00135967	0.00152352	0.533781	293.394	51.1337	0.00412639	
365.546	0.00139253	-0.000424685	0.00135967	0.00145585	0.563695	343.04	53.5105	0.00412639	
365.554	0.00122079	0.000791997	0.00135967	0.00145519	0.563987	32.9739	53.5346	0.00412639	
365.562	0.000206634	0.00150449	0.00135967	0.00151862	0.535938	82.1796	51.2987	0.00412639	
365.57	-0.00103748	0.0012609	0.00135967	0.00163286	0.486211	129.448	47.7096	0.00412639	
365.578	-0.00177381	0.000163698	0.00135967	0.00178134	0.423913	174.727	43.7327	0.00412639	
365.586	-0.00153172	-0.00120456	0.00135967	0.00194862	0.358088	218.182	39.9786	0.00412639	
365.594	-0.00036426	-0.00209102	0.00135967	0.00212251	0.295691	260.118	36.7033	0.00412639	
365.602	0.0011759	-0.00196961	0.00135967	0.00229393	0.240942	300.838	33.9606	0.00412639	
365.61	0.00231682	-0.000816285	0.00135967	0.00245641	0.195547	340.591	31.7142	0.00412639	
365.618	0.0024533	0.000879304	0.00135967	0.00260612	0.159304	19.7185	29.8923	0.00412639	
365.626	0.00144862	0.00232443	0.00135967	0.00273888	0.131485	58.0682	28.4434	0.00412639	
365.634	-0.000293308	0.00283842	0.00135967	0.00285353	0.110552	95.8997	27.3006	0.00412639	
365.642	-0.00202248	0.00214648	0.00135967	0.00294921	0.0951381	133.296	26.4149	0.00412639	
365.65	-0.00298251	0.000508353	0.00135967	0.00302553	0.0840993	170.327	25.7486	0.00412639	
365.658	-0.00274592	-0.00140174	0.00135967	0.00308301	0.0764804	207.043	25.2685	0.00412639	
365.666	-0.0013937	-0.00279401	0.00135967	0.00312232	0.0715973	243.489	24.9504	0.00412639	
365.674	0.000537992	-0.00309825	0.00135967	0.00314461	0.0689423	279.851	24.7735	0.00412639	
365.682	0.00226236	-0.00219294	0.00135967	0.00315075	0.0682257	315.893	24.7253	0.00412639	
365.69	0.00310998	-0.000448813	0.00135967	0.0031422	0.0692255	351.788	24.7925	0.00412639	
365.698	0.00276545	0.0014449	0.00135967	0.00312017	0.0718576	27.5862	24.9676	0.00412639	
365.706	0.00138503	0.00275732	0.00135967	0.00308563	0.0761462	63.3292	25.247	0.00412639	
365.714	-0.000479082	0.00300153	0.00135967	0.00303953	0.0821899	99.0686	25.63	0.00412639	
365.722	-0.00210383	0.00211449	0.00135967	0.00298282	0.0901437	134.855	26.1173	0.00412639	
365.73	-0.00287862	0.000462011	0.00135967	0.00291546	0.100369	170.882	26.7207	0.00412639	
365.738	-0.00253023	-0.00128585	0.00135967	0.00283821	0.113189	206.939	27.4479	0.00412639	
365.746	-0.00123918	-0.00245648	0.00135967	0.00275134	0.129075	243.231	28.3146	0.00412639	
365.754	0.000453447	-0.0026161	0.00135967	0.0026551	0.148579	279.833	29.3409	0.00412639	
365.762	0.00185989	-0.00174457	0.00135967	0.00255004	0.172264	316.832	30.5498	0.00412639	
365.77	0.00242533	-0.00024093	0.00135967	0.00243727	0.200564	354.327	31.9632	0.00412639	
365.778	0.00195311	0.00124806	0.00135967	0.00231782	0.233867	32.579	33.6105	0.00412639	
365.786	0.000698989	0.00208117	0.00135967	0.00219542	0.271556	71.4347	35.4844	0.00412639	
365.794	-0.00074945	0.00193351	0.00135967	0.00207368	0.312539	111.187	37.5675	0.00412639	
365.802	-0.00172893	0.000919547	0.00135967	0.00195826	0.354459	151.993	39.7818	0.00412639	
365.81	-0.00180176	-0.000448457	0.00135967	0.00185674	0.393605	193.977	41.957	0.00412639	
365.818	-0.000963843	-0.00149465	0.00135967	0.00177848	0.425086	237.184	43.8033	0.00412639	
365.826	0.000344961	-0.0016991	0.00135967	0.00173376	0.44353	281.477	44.933	0.00412639	
365.834	0.00144668	-0.000951624	0.00135967	0.00173161	0.444425	326.663	44.9888	0.00412639	
365.842	0.00173974	0.000364508	0.00135967	0.00177752	0.425477	11.8333	43.8269	0.00412639	
365.85	0.00103094	0.0015619	0.00135967	0.00187146	0.387802	56.573	41.6268	0.00412639	
365.858	-0.000364148	0.001975	0.00135967	0.00200829	0.335938	100.447	38.7909	0.00412639	
365.866	-0.00174645	0.00130406	0.00135967	0.0021796	0.276686	143.252	35.7419	0.00412639	
365.874	-0.00236708	-0.000206367	0.00135967	0.00237606	0.217201	184.983	32.7867	0.00412639	
365.882	-0.00180628	-0.00185349	0.00135967	0.00258806	0.163397	225.739	30.1009	0.00412639	
365.89	-0.00020498	-0.00280076	0.00135967	0.00280825	0.118489	265.814	27.7408	0.00412639	
365.898	0.00173852	-0.00247864	0.00135967	0.00302756	0.0838203	305.046	25.7313	0.00412639	
365.906	0.00311019	-0.000909041	0.00135967	0.00324032	0.0584401	343.708	24.0418	0.00412639	
365.914	0.00319257	0.00128357	0.00135967	0.00344094	0.040669	21.9026	22.64	0.00412639	
365.922	0.00182849	0.00312997	0.00135967	0.00362492	0.0286133	59.707	21.491	0.00412639	
365.93	-0.000473628	0.00375872	0.00135967	0.00378845	0.0206146	97.1819	20.5633	0.00412639	
365.938	-0.00274695	0.0028075	0.00135967	0.00392782	0.0154118	134.375	19.8337	0.00412639	
365.946	-0.00399613	0.000600114	0.00135967	0.00404094	0.0120773	171.46	19.2785	0.00412639	
365.954	-0.00363616	-0.00194788	0.00135967	0.00412503	0.0100304	208.178	18.8855	0.00412639	
365.962	-0.00178671	-0.00377798	0.00135967	0.00417917	0.00888189	244.689	18.6408	0.00412639	
365.97	0.00080225	-0.00412551	0.00135967	0.00420279	0.00841874	281.004	18.536	0.00412639	
365.978	0.00307477	-0.00285443	0.00135967	0.00419548	0.0085598	317.128	18.5683	0.00412639	
365.986	0.00412744	-0.000502366	0.00135967	0.0041579	0.00931825	353.06	18.7362	0.00412639	
365.994	0.00358516	0.00197072	0.00135967	0.0040911	0.0108159	28.7971	19.0421	0.00412639	
366.002	0.00172263	0.00360592	0.00135967	0.00399626	0.0133092	64.4651	19.494	0.00412639	
366.01	-0.000658683	0.00381975	0.00135967	0.00387612	0.0171887	99.784	20.0982	0.00412639	
366.018	-0.00263361	0.00264573	0.00135967	0.00373307	0.0230729	134.868	20.8684	0.00412639	
366.026	-0.00351221	0.000638252	0.00135967	0.00356973	0.0318572	169.7	21.8232	0.00412639	
366.034	-0.00309029	-0.00139233	0.00135967	0.00338946	0.0447267	204.254	22.9839	0.00412639	
366.042	-0.00167015	-0.0027248	0.00135967	0.00319593	0.063135	238.494	24.3758	0.00412639	
366.05	0.000124444	-0.00298994	0.00135967	0.00299253	0.0887396	272.383	26.0325	0.00412639	
366.058	0.00163556	-0.00225085	0.00135967	0.00278234	0.123223	306.004	27.9991	0.00412639	
366.066	0.00240054	-0.000919156	0.00135967	0.0025705	0.167451	339.048	30.3066	0.00412639	
366.074	0.00231246	0.000473671	0.00135967	0.00236048	0.22158	11.576	33.0031	0.00412639	
366.082	0.00156296	0.00148441	0.00135967	0.00215553	0.284606	43.5233	36.141	0.00412639	
366.09	0.00051385	0.00189088	0.00135967	0.00195945	0.354012	74.7969	39.7576	0.00412639	
366.098	-0.000469118	0.00171248	0.00135967	0.00177557	0.426273	105.32	43.8749	0.00412639	
366.106	-0.0011363	0.00113634	0.00135967	0.001607	0.497353	134.999	48.4773	0.00412639	
366.114	-0.00139884	0.00040459	0.00135967	0.00145617	0.563551	163.868	53.4985	0.00412639	
366.122	-0.00129936	-0.000268232	0.00135967	0.00132676	0.621206	191.664	58.7167	0.00412639	
366.13	-0.000955076	-0.000759868	0.00135967	0.00122048	0.668398	218.506	63.8299	0.00412639	
366.138	-0.00049014	-0.00102806	0.00135967	0.00113892	0.704107	244.51	68.401	0.00412639	
366.146	-2.24569e-06	-0.00108287	0.00135967	0.00108288	0.728223	269.881	71.941	0.00412639	
366.154	0.0004439	-0.000954409	0.00135967	0.00105259	0.741073	294.943	74.011	0.00412639	
366.162	0.000802408	-0.000671741	0.00135967	0.00104647	0.743653	320.065	74.4439	0.00412639	
366.17	0.00102971	-0.000262501	0.00135967	0.00106264	0.736822	345.698	73.3106	0.00412639	
366.178	0.00107474	0.000227194	0.00135967	0.00109849	0.721545	11.9363	70.9183	0.00412639	
366.186	0.000893597	0.000724883	0.00135967	0.00115064	0.699015	39.0488	67.7042	0.00412639	
366.194	0.000472886	0.00112084	0.00135967	0.00121651	0.670149	67.1249	64.0382	0.00412639	
366.202	-0.000139153	0.00128533	0.00135967	0.00129284	0.636315	96.1789	60.2572	0.00412639	
366.21	-0.000813164	0.00111148	0.00135967	0.00137718	0.59872	126.189	56.5673	0.00412639	
366.218	-0.00135113	0.000570505	0.00135967	0.00146664	0.558908	157.108	53.1168	0.00412639	
366.226	-0.00153968	-0.000244016	0.00135967	0.0015589	0.518265	189.006	49.9731	0.00412639	
366.234	-0.00123498	-0.00109578	0.00135967	0.00165103	0.478427	221.582	47.1846	0.00412639	
366.242	-0.00045326	-0.00168067	0.00135967	0.00174071	0.440642	254.907	44.7535	0.00412639	
366.25	0.000592862	-0.00172742	0.00135967	0.00182632	0.405712	288.943	42.6557	0.00412639	
366.258	0.00153481	-0.00112969	0.00135967	0.00190574	0.374459	323.645	40.8782	0.00412639	
366.266	0.0019774	-3.48664e-05	0.00135967	0.0019777	0.347198	358.99	39.3907	0.00412639	
366.274	0.00167299	0.00116979	0.00135967	0.0020414	0.323972	34.9622	38.1616	0.00412639	
366.282	0.000658742	0.00199075	0.00135967	0.00209691	0.304456	71.6905	37.1514	0.00412639	
366.29	-0.000693768	0.0020285	0.00135967	0.00214385	0.288497	108.881	36.3379	0.00412639	
366.298	-0.00182492	0.00119991	0.00135967	0.00218406	0.275233	146.675	35.6689	0.00412639	
366.306	-0.00221054	-0.00019573	0.00135967	0.00221919	0.263956	185.06	35.1043	0.00412639	
366.314	-0.00161939	-0.00156498	0.00135967	0.00225202	0.253683	224.021	34.5926	0.00412639	
366.322	-0.000257719	-0.00227142	0.00135967	0.002286	0.243321	263.527	34.0784	0.00412639	
366.33	0.00128396	-0.00193794	0.00135967	0.00232469	0.23186	303.526	33.5112	0.00412639	
366.338	0.00228154	-0.000650146	0.00135967	0.00237236	0.218234	344.095	32.8378	0.00412639	
366.346	0.0022074	0.00102095	0.00135967	0.00243207	0.201942	24.821	32.0316	0.00412639	
366.354	0.00103044	0.00228575	0.00135967	0.00250728	0.18264	65.7337	31.0708	0.00412639	
366.362	-0.000747069	0.0024899	0.00135967	0.00259956	0.160782	106.701	29.9678	0.00412639	
366.37	-0.00228764	0.00145232	0.00135967	0.00270971	0.137261	147.59	28.7496	0.00412639	
366.378	-0.00280722	-0.000409348	0.00135967	0.00283691	0.113416	188.296	27.4605	0.00412639	
366.386	-0.00196501	-0.00223913	0.00135967	0.00297909	0.0906873	228.731	26.15	0.00412639	
366.394	-5.50774e-05	-0.00313319	0.00135967	0.00313367	0.0702351	268.993	24.86	0.00412639	
366.402	0.00206304	-0.00257055	0.00135967	0.00329603	0.0529581	308.749	23.6354	0.00412639	
366.41	0.00338833	-0.000711148	0.00135967	0.00346215	0.0390898	348.147	22.5013	0.00412639	
366.418	0.00322684	0.00165779	0.00135967	0.00362777	0.0284537	27.1919	21.4741	0.00412639	
366.426	0.00154679	0.00345826	0.00135967	0.00378841	0.020616	65.9023	20.5635	0.00412639	
366.434	-0.000973142	0.003818	0.00135967	0.00394006	0.0150154	104.299	19.772	0.00412639	
366.442	-0.00323189	0.00248805	0.00135967	0.00407866	0.0111172	142.409	19.1002	0.00412639	
366.45	-0.00420104	-2.89314e-05	0.00135967	0.00420114	0.00845042	180.395	18.5433	0.00412639	
366.458	-0.00339168	-0.00264893	0.00135967	0.00430352	0.00667738	217.99	18.1022	0.00412639	
366.466	-0.00110832	-0.00424115	0.00135967	0.00438358	0.00553247	255.355	17.7716	0.00412639	
366.474	0.00169928	-0.00410142	0.00135967	0.00443951	0.00484118	292.505	17.5477	0.00412639	
366.482	0.00384901	-0.00227168	0.00135967	0.00446938	0.00450497	329.451	17.4304	0.00412639	
366.49	0.00444625	0.000482992	0.00135967	0.00447241	0.00447211	6.19967	17.4186	0.00412639	
366.498	0.00326613	0.00301973	0.00135967	0.00444819	0.00474121	42.7552	17.5134	0.00412639	
366.506	0.000819371	0.00431943	0.00135967	0.00439646	0.00536572	79.259	17.7195	0.00412639	
366.514	-0.00185402	0.00389985	0.00135967	0.00431813	0.00645379	115.427	18.041	0.00412639	
366.522	-0.0036998	0.00201792	0.00135967	0.00421432	0.00820075	151.391	18.4853	0.00412639	
366.53	-0.00405476	-0.000507981	0.00135967	0.00408646	0.0109275	187.141	19.0637	0.00412639	
366.538	-0.00289523	-0.00266773	0.00135967	0.0039369	0.015117	222.658	19.7879	0.00412639	
366.546	-0.000788549	-0.00368456	0.00135967	0.003768	0.0214944	257.92	20.6749	0.00412639	
366.554	0.00139386	-0.00330017	0.00135967	0.00358246	0.0310828	292.897	21.7457	0.00412639	
366.562	0.00285909	-0.00180881	0.00135967	0.00338322	0.0452411	327.68	23.0263	0.00412639	
366.57	0.00317335	0.000108491	0.00135967	0.00317521	0.0654297	1.95807	24.5348	0.00412639	
366.578	0.00240218	0.00173265	0.00135967	0.00296185	0.0932344	35.8023	26.3022	0.00412639	
366.586	0.000978525	0.00256762	0.00135967	0.00274776	0.129764	69.1381	28.3515	0.00412639	
366.594	-0.000522467	0.00248292	0.00135967	0.0025373	0.17531	101.883	30.7032	0.00412639	
366.602	-0.00162131	0.00168224	0.00135967	0.00233636	0.228473	133.943	33.3438	0.00412639	
366.61	-0.00207922	0.000547999	0.00135967	0.00215022	0.286371	165.235	36.2303	0.00412639	
366.618	-0.00190925	-0.000540473	0.00135967	0.00198427	0.344763	195.806	39.2603	0.00412639	
366.626	-0.00129514	-0.00131466	0.00135967	0.00184546	0.398075	225.429	42.2134	0.00412639	
366.634	-0.000469446	-0.00167338	0.00135967	0.00173798	0.441777	254.329	44.8239	0.00412639	
366.642	0.000367404	-0.00162418	0.00135967	0.00166521	0.472379	282.746	46.7826	0.00412639	
366.65	0.00106876	-0.00122783	0.00135967	0.00162782	0.488374	311.038	47.8572	0.00412639	
366.658	0.00152158	-0.000565827	0.00135967	0.00162338	0.490286	339.601	47.9881	0.00412639	
366.666	0.00162773	0.000251639	0.00135967	0.00164707	0.480122	8.78807	47.2981	0.00412639	
366.674	0.00131667	0.00106386	0.00135967	0.00169275	0.460711	38.938	46.0215	0.00412639	
366.682	0.000602194	0.00164704	0.00135967	0.00175368	0.435277	69.9165	44.4227	0.00412639	
366.69	-0.000374052	0.0017854	0.00135967	0.00182416	0.406579	101.833	42.7063	0.00412639	
366.698	-0.00133457	0.001352	0.00135967	0.00189974	0.376779	134.628	41.0073	0.00412639	
366.706	-0.00193549	0.000403832	0.00135967	0.00197717	0.347398	168.215	39.4014	0.00412639	
366.714	-0.00189773	-0.000786151	0.00135967	0.00205412	0.319439	202.502	37.9253	0.00412639	
366.722	-0.00114692	-0.00179467	0.00135967	0.00212985	0.293203	237.419	36.5767	0.00412639	
366.73	0.000115934	-0.00220138	0.00135967	0.00220443	0.26866	273.015	35.3394	0.00412639	
366.738	0.00143201	-0.00177108	0.00135967	0.00227758	0.245861	308.957	34.2043	0.00412639	
366.746	0.00227407	-0.000595624	0.00135967	0.00235078	0.224336	345.323	33.1393	0.00412639	
366.754	0.002248	0.000910489	0.00135967	0.00242539	0.203724	22.049	32.1199	0.00412639	
366.762	0.00128631	0.00214711	0.00135967	0.00250293	0.183718	59.0747	31.1248	0.00412639	
366.77	-0.000285764	0.00256929	0.00135967	0.00258514	0.164068	96.3465	30.135	0.00412639	
366.778	-0.00185564	0.00192528	0.00135967	0.00267397	0.144594	133.945	29.1339	0.00412639	
366.786	-0.00273971	0.000408374	0.00135967	0.00276997	0.125533	171.522	28.1241	0.00412639	
366.794	-0.00251031	-0.00140088	0.00135967	0.00287474	0.106978	209.164	27.0992	0.00412639	
366.802	-0.001177	-0.00274748	0.00135967	0.00298898	0.089251	246.81	26.0635	0.00412639	
366.81	0.000774878	-0.00301496	0.00135967	0.00311294	0.0727388	284.414	25.0256	0.00412639	
366.818	0.0025558	-0.00200159	0.00135967	0.0032463	0.0578294	321.934	23.9975	0.00412639	
366.826	0.00338834	-3.97033e-05	0.00135967	0.00338857	0.0448	359.329	22.99	0.00412639	
366.834	0.00283727	0.00211615	0.00135967	0.00353951	0.0337631	36.717	22.0096	0.00412639	
366.842	0.00103154	0.0035496	0.00135967	0.00369645	0.0248345	73.7958	21.0751	0.00412639	
366.85	-0.00136358	0.00360969	0.00135967	0.00385865	0.0178285	110.694	20.1892	0.00412639	
366.858	-0.0033905	0.00216754	0.00135967	0.00402415	0.0125279	147.409	19.3589	0.00412639	
366.866	-0.00418153	-0.000287822	0.00135967	0.00419142	0.00863887	183.938	18.5863	0.00412639	
366.874	-0.00332496	-0.00281826	0.00135967	0.00435867	0.0058681	220.285	17.8731	0.00412639	
366.882	-0.00105976	-0.00439819	0.00135967	0.00452406	0.00394393	256.453	17.2197	0.00412639	
366.89	0.00180002	-0.00432676	0.00135967	0.00468625	0.00263311	292.588	16.6238	0.00412639	
366.898	0.00412565	-0.00253568	0.00135967	0.00484258	0.0017599	328.425	16.0871	0.00412639	
366.906	0.00497912	0.000357727	0.00135967	0.00499196	0.00118287	4.10938	15.6057	0.00412639	
366.914	0.00395194	0.00327561	0.00135967	0.00513297	0.000803957	39.654	15.177	0.00412639	
366.922	0.00135695	0.0050871	0.00135967	0.00526497	0.000554654	75.0645	14.7965	0.00412639	
366.93	-0.00187339	0.00504958	0.00135967	0.00538589	0.000391505	110.355	14.4643	0.00412639	
366.938	-0.00453101	0.00310956	0.00135967	0.00549539	0.000283649	145.539	14.1761	0.00412639	
366.946	-0.005592	-7.3805e-05	0.00135967	0.00559249	0.000211994	180.756	13.9299	0.00412639	
366.954	-0.00460633	-0.00331664	0.00135967	0.00567613	0.000164295	215.755	13.7247	0.00412639	
366.962	-0.00190083	-0.00542194	0.00135967	0.00574549	0.000132609	250.68	13.559	0.00412639	
366.97	0.00155436	-0.00558808	0.00135967	0.00580023	0.000111771	285.544	13.431	0.00412639	
366.978	0.00449669	-0.00372515	0.00135967	0.00583926	9.88488e-05	320.361	13.3413	0.00412639	
366.986	0.00584122	-0.000496254	0.00135967	0.00586226	9.19079e-05	355.144	13.2889	0.00412639	
366.994	0.00508667	0.00292579	0.00135967	0.00586809	9.02253e-05	29.9069	13.2757	0.00412639	
367.002	0.00249369	0.00529838	0.00135967	0.00585587	9.3788e-05	64.7959	13.3034	0.00412639	
367.01	-0.000967331	0.00574387	0.00135967	0.00582476	0.000103477	99.5595	13.3745	0.00412639	
367.018	-0.0040359	0.00412911	0.00135967	0.00577391	0.000121371	134.346	13.4923	0.00412639	
367.026	-0.0056005	0.00107162	0.00135967	0.0057021	0.000151672	169.168	13.6622	0.00412639	
367.034	-0.0051222	-0.00228486	0.00135967	0.0056087	0.000201836	204.04	13.8897	0.00412639	
367.042	-0.00283054	-0.00470657	0.00135967	0.00549216	0.000286391	238.977	14.1844	0.00412639	
367.05	0.000372789	-0.00533896	0.00135967	0.00535196	0.000432051	273.994	14.556	0.00412639	
367.058	0.00328064	-0.00401667	0.00135967	0.00518616	0.000693052	309.24	15.0213	0.00412639	
367.066	0.00481357	-0.00133823	0.00135967	0.00499613	0.00116962	344.463	15.5927	0.00412639	
367.074	0.00449728	0.00162057	0.00135967	0.00478036	0.0020693	19.8164	16.2965	0.00412639	
367.082	0.00258241	0.00373282	0.00135967	0.00453903	0.00380189	55.3241	17.163	0.00412639	
367.09	-7.54295e-05	0.00427201	0.00135967	0.00427267	0.00717265	91.0116	18.2329	0.00412639	
367.098	-0.00239175	0.00318368	0.00135967	0.003982	0.0137251	126.916	19.5638	0.00412639	
367.106	-0.00350979	0.00106726	0.00135967	0.00366847	0.0262579	163.086	21.2358	0.00412639	
367.114	-0.003137	-0.00112573	0.00135967	0.00333287	0.0495736	199.741	23.3742	0.00412639	
367.122	-0.00163627	-0.00249144	0.00135967	0.00298071	0.0904501	236.705	26.1357	0.00412639	
367.13	0.000195878	-0.00260692	0.00135967	0.00261427	0.157481	274.297	29.7992	0.00412639	
367.138	0.00152134	-0.00164261	0.00135967	0.0022389	0.257758	312.805	34.7953	0.00412639	
367.146	0.00184715	-0.000235095	0.00135967	0.00186205	0.391505	352.747	41.8372	0.00412639	
367.154	0.00122357	0.000859906	0.00135967	0.00149551	0.546127	35.099	52.0912	0.00412639	
367.162	0.000166399	0.00114894	0.00135967	0.00116092	0.694535	81.7592	67.1044	0.00412639	
367.17	-0.000649605	0.000624088	0.00135967	0.000900818	0.802942	136.148	86.4804	0.00412639	
367.178	-0.000749738	-0.000259989	0.00135967	0.000793538	0.843403	199.125	98.1719	0.00412639	
367.186	-0.00012409	-0.000874655	0.00135967	0.000883413	0.809715	261.925	88.1842	0.00412639	
367.194	0.000796268	-0.000771296	0.00135967	0.00110858	0.717214	315.913	70.2732	0.00412639	
367.202	0.00138658	6.1828e-05	0.00135967	0.00138796	0.593911	2.55314	56.1278	0.00412639	
367.21	0.00118519	0.00118594	0.00135967	0.00167664	0.467527	45.018	46.4639	0.00412639	
367.218	0.000164846	0.00194565	0.00135967	0.00195262	0.356581	85.1572	39.8967	0.00412639	
367.226	-0.00123486	0.00182591	0.00135967	0.00220428	0.268708	124.07	35.3418	0.00412639	
367.234	-0.00230267	0.000749882	0.00135967	0.0024217	0.20471	161.962	32.1688	0.00412639	
367.242	-0.00245486	-0.000857586	0.00135967	0.00260034	0.160606	199.256	29.9588	0.00412639	
