1	4.77337e-05	1.501	3.58244e-05
2	9.54674e-05	3.00185	0.000143294
3	0.000143201	4.5024	0.000322398
4	0.000190935	6.00249	0.000573119
5	0.000238668	7.50198	0.00089543
6	0.000286402	9.00071	0.0012893
7	0.000334136	10.4985	0.00175469
8	0.000381869	11.9953	0.00229155
9	0.000429603	13.4908	0.00289983
10	0.000477337	14.985	0.00357946
11	0.000525071	16.4776	0.00433038
12	0.000572804	17.9685	0.00515251
13	0.000620538	19.4576	0.00604576
14	0.000668272	20.9446	0.00701004
15	0.000716005	22.4295	0.00804525
16	0.000763739	23.9121	0.00915129
17	0.000811473	25.3921	0.010328
18	0.000859206	26.8694	0.0115754
19	0.00090694	28.3439	0.0128931
20	0.000954674	29.8153	0.0142812
21	0.00100241	31.2836	0.0157395
22	0.00105014	32.7484	0.0172677
23	0.00109787	34.2097	0.0188658
24	0.00114561	35.6672	0.0205336
25	0.00119334	37.1208	0.0222708
26	0.00124108	38.5703	0.0240774
27	0.00128881	40.0154	0.025953
28	0.00133654	41.456	0.0278974
29	0.00138428	42.8919	0.0299106
30	0.00143201	44.3228	0.0319921
31	0.00147974	45.7486	0.0341419
32	0.00152748	47.1691	0.0363596
33	0.00157521	48.5841	0.0386449
34	0.00162295	49.9932	0.0409977
35	0.00167068	51.3964	0.0434175
36	0.00171841	52.7934	0.0459042
37	0.00176615	54.1839	0.0484575
38	0.00181388	55.5678	0.0510769
39	0.00186161	56.9448	0.0537623
40	0.00190935	58.3146	0.0565132
41	0.00195708	59.6771	0.0593293
42	0.00200481	61.032	0.0622103
43	0.00205255	62.3791	0.0651557
44	0.00210028	63.7181	0.0681653
45	0.00214802	65.0487	0.0712386
46	0.00219575	66.3708	0.0743752
47	0.00224348	67.684	0.0775747
48	0.00229122	68.9882	0.0808367
49	0.00233895	70.2829	0.0841607
50	0.00238668	71.5681	0.0875463
51	0.00243442	72.8434	0.0909929
52	0.00248215	74.1085	0.0945003
53	0.00252989	75.3633	0.0980677
54	0.00257762	76.6074	0.101695
55	0.00262535	77.8405	0.105381
56	0.00267309	79.0624	0.109126
57	0.00272082	80.2728	0.112929
58	0.00276855	81.4715	0.116789
59	0.00281629	82.6581	0.120706
60	0.00286402	83.8324	0.12468
61	0.00291175	84.9941	0.128709
62	0.00295949	86.1429	0.132794
63	0.00300722	87.2786	0.136933
64	0.00305496	88.4009	0.141126
65	0.00310269	89.5095	0.145372
66	0.00315042	90.6041	0.149671
67	0.00319816	91.6845	0.154022
68	0.00324589	92.7504	0.158424
69	0.00329362	93.8014	0.162876
70	0.00334136	94.8374	0.167378
71	0.00338909	95.858	0.17193
72	0.00343683	96.863	0.17653
73	0.00348456	97.8522	0.181177
74	0.00353229	98.8252	0.185871
75	0.00358003	99.7818	0.190611
76	0.00362776	100.722	0.195397
77	0.00367549	101.645	0.200227
78	0.00372323	102.551	0.2051
79	0.00377096	103.439	0.210016
80	0.00381869	104.31	0.214975
81	0.00386643	105.162	0.219974
82	0.00391416	105.997	0.225014
83	0.0039619	106.813	0.230093
84	0.00400963	107.611	0.235211
85	0.00405736	108.389	0.240366
86	0.0041051	109.149	0.245558
87	0.00415283	109.889	0.250786
88	0.00420056	110.61	0.256049
89	0.0042483	111.311	0.261346
90	0.00429603	111.993	0.266675
91	0.00434377	112.654	0.272037
92	0.0043915	113.294	0.27743
93	0.00443923	113.915	0.282852
94	0.00448697	114.514	0.288304
95	0.0045347	115.093	0.293785
96	0.00458243	115.651	0.299292
97	0.00463017	116.188	0.304825
98	0.0046779	116.703	0.310384
99	0.00472563	117.197	0.315966
100	0.00477337	117.669	0.321572
101	0.0048211	118.12	0.327199
102	0.00486884	118.549	0.332848
103	0.00491657	118.956	0.338517
104	0.0049643	119.341	0.344204
105	0.00501204	119.704	0.349909
106	0.00505977	120.045	0.355632
107	0.0051075	120.363	0.361369
108	0.00515524	120.66	0.367122
109	0.00520297	120.933	0.372888
110	0.00525071	121.185	0.378667
111	0.00529844	121.414	0.384457
112	0.00534617	121.62	0.390258
113	0.00539391	121.804	0.396067
114	0.00544164	121.966	0.401885
115	0.00548937	122.105	0.407711
116	0.00553711	122.221	0.413542
117	0.00558484	122.315	0.419379
118	0.00563257	122.387	0.425219
119	0.00568031	122.436	0.431062
120	0.00572804	122.463	0.436907
121	0.00577578	122.467	0.442753
122	0.00582351	122.449	0.448598
123	0.00587124	122.409	0.454442
124	0.00591898	122.347	0.460284
125	0.00596671	122.263	0.466122
126	0.00601444	122.157	0.471956
127	0.00606218	122.029	0.477784
128	0.00610991	121.88	0.483605
129	0.00615765	121.709	0.489419
130	0.00620538	121.517	0.495224
131	0.00625311	121.304	0.50102
132	0.00630085	121.069	0.506804
133	0.00634858	120.814	0.512578
134	0.00639631	120.537	0.518338
135	0.00644405	120.241	0.524085
136	0.00649178	119.924	0.529817
137	0.00653951	119.587	0.535533
138	0.00658725	119.23	0.541233
139	0.00663498	118.853	0.546915
140	0.00668272	118.457	0.552579
141	0.00673045	118.041	0.558224
142	0.00677818	117.607	0.563848
143	0.00682592	117.154	0.569451
144	0.00687365	116.682	0.575032
145	0.00692138	116.193	0.58059
146	0.00696912	115.685	0.586124
147	0.00701685	115.159	0.591634
148	0.00706459	114.617	0.597118
149	0.00711232	114.057	0.602576
150	0.00716005	113.48	0.608007
151	0.00720779	112.887	0.613409
152	0.00725552	112.278	0.618783
153	0.00730325	111.653	0.624128
154	0.00735099	111.012	0.629442
155	0.00739872	110.357	0.634726
156	0.00744646	109.686	0.639978
157	0.00749419	109.001	0.645197
158	0.00754192	108.302	0.650383
159	0.00758966	107.588	0.655536
160	0.00763739	106.862	0.660654
161	0.00768512	106.122	0.665738
162	0.00773286	105.37	0.670785
163	0.00778059	104.605	0.675797
164	0.00782832	103.828	0.680772
165	0.00787606	103.039	0.685709
166	0.00792379	102.239	0.690608
167	0.00797153	101.428	0.695469
168	0.00801926	100.607	0.700291
169	0.00806699	99.7752	0.705074
170	0.00811473	98.9338	0.709816
171	0.00816246	98.0829	0.714518
172	0.00821019	97.2229	0.71918
173	0.00825793	96.3543	0.7238
174	0.00830566	95.4774	0.728378
175	0.0083534	94.5925	0.732915
176	0.00840113	93.7001	0.737409
177	0.00844886	92.8006	0.74186
178	0.0084966	91.8942	0.746268
179	0.00854433	90.9815	0.750633
180	0.00859206	90.0627	0.754954
181	0.0086398	89.1382	0.759231
182	0.00868753	88.2085	0.763463
183	0.00873526	87.2739	0.767652
184	0.008783	86.3347	0.771795
185	0.00883073	85.3914	0.775894
186	0.00887847	84.4443	0.779947
187	0.0089262	83.4937	0.783955
188	0.00897393	82.5401	0.787918
189	0.00902167	81.5837	0.791835
190	0.0090694	80.625	0.795707
191	0.00911713	79.6643	0.799532
192	0.00916487	78.7019	0.803312
193	0.0092126	77.7381	0.807046
194	0.00926034	76.7735	0.810733
195	0.00930807	75.8081	0.814375
196	0.0093558	74.8425	0.817971
197	0.00940354	73.8769	0.82152
198	0.00945127	72.9116	0.825023
199	0.009499	71.947	0.828481
200	0.00954674	70.9833	0.831892
201	0.00959447	70.021	0.835257
202	0.0096422	69.0602	0.838577
203	0.00968994	68.1013	0.84185
204	0.00973767	67.1446	0.845078
205	0.00978541	66.1904	0.848261
206	0.00983314	65.239	0.851397
207	0.00988087	64.2905	0.854489
208	0.00992861	63.3454	0.857535
209	0.00997634	62.4039	0.860536
210	0.0100241	61.4661	0.863493
211	0.0100718	60.5325	0.866404
212	0.0101195	59.6032	0.869272
213	0.0101673	58.6784	0.872095
214	0.010215	57.7585	0.874874
215	0.0102627	56.8436	0.877609
216	0.0103105	55.9339	0.8803
217	0.0103582	55.0298	0.882949
218	0.0104059	54.1313	0.885554
219	0.0104537	53.2387	0.888117
220	0.0105014	52.3522	0.890637
221	0.0105491	51.472	0.893115
222	0.0105969	50.5982	0.895551
223	0.0106446	49.7311	0.897945
224	0.0106923	48.8708	0.900298
225	0.0107401	48.0174	0.902611
226	0.0107878	47.1712	0.904883
227	0.0108355	46.3323	0.907114
228	0.0108833	45.5009	0.909306
229	0.010931	44.677	0.911458
230	0.0109787	43.8608	0.913571
231	0.0110265	43.0524	0.915646
232	0.0110742	42.252	0.917682
233	0.0111219	41.4597	0.919679
234	0.0111697	40.6756	0.92164
235	0.0112174	39.8997	0.923563
236	0.0112651	39.1322	0.925449
237	0.0113129	38.3732	0.927299
238	0.0113606	37.6227	0.929112
239	0.0114084	36.8809	0.930891
240	0.0114561	36.1478	0.932634
241	0.0115038	35.4234	0.934342
242	0.0115516	34.7078	0.936015
243	0.0115993	34.0012	0.937655
244	0.011647	33.3035	0.939262
245	0.0116948	32.6147	0.940835
246	0.0117425	31.935	0.942375
247	0.0117902	31.2643	0.943884
248	0.011838	30.6027	0.94536
249	0.0118857	29.9502	0.946805
250	0.0119334	29.3068	0.94822
251	0.0119812	28.6725	0.949603
252	0.0120289	28.0474	0.950957
253	0.0120766	27.4315	0.952281
254	0.0121244	26.8246	0.953576
255	0.0121721	26.227	0.954842
256	0.0122198	25.6384	0.95608
257	0.0122676	25.059	0.95729
258	0.0123153	24.4886	0.958472
259	0.012363	23.9274	0.959628
260	0.0124108	23.3751	0.960757
261	0.0124585	22.8319	0.96186
262	0.0125062	22.2977	0.962937
263	0.012554	21.7725	0.963989
264	0.0126017	21.2561	0.965015
265	0.0126494	20.7486	0.966018
266	0.0126972	20.2499	0.966996
267	0.0127449	19.76	0.967951
268	0.0127926	19.2788	0.968883
269	0.0128404	18.8063	0.969792
270	0.0128881	18.3423	0.970679
271	0.0129358	17.8869	0.971543
272	0.0129836	17.44	0.972386
273	0.0130313	17.0014	0.973208
274	0.013079	16.5712	0.974009
275	0.0131268	16.1492	0.97479
276	0.0131745	15.7355	0.975551
277	0.0132222	15.3298	0.976293
278	0.01327	14.9322	0.977015
279	0.0133177	14.5425	0.977718
280	0.0133654	14.1607	0.978403
281	0.0134132	13.7866	0.97907
282	0.0134609	13.4203	0.97972
283	0.0135086	13.0616	0.980352
284	0.0135564	12.7104	0.980967
285	0.0136041	12.3666	0.981565
286	0.0136518	12.0302	0.982148
287	0.0136996	11.701	0.982714
288	0.0137473	11.379	0.983265
289	0.013795	11.0641	0.9838
290	0.0138428	10.7561	0.984321
291	0.0138905	10.455	0.984827
292	0.0139382	10.1607	0.985319
293	0.013986	9.87304	0.985797
294	0.0140337	9.592	0.986262
295	0.0140814	9.31744	0.986713
296	0.0141292	9.04928	0.987152
297	0.0141769	8.78741	0.987577
298	0.0142246	8.53173	0.987991
299	0.0142724	8.28216	0.988392
300	0.0143201	8.03858	0.988781
301	0.0143678	7.8009	0.989159
302	0.0144156	7.56902	0.989526
303	0.0144633	7.34284	0.989882
304	0.014511	7.12228	0.990227
305	0.0145588	6.90721	0.990562
306	0.0146065	6.69756	0.990887
307	0.0146542	6.49322	0.991202
308	0.014702	6.2941	0.991507
309	0.0147497	6.10009	0.991802
310	0.0147974	5.91111	0.992089
311	0.0148452	5.72706	0.992367
312	0.0148929	5.54784	0.992636
313	0.0149406	5.37336	0.992897
314	0.0149884	5.20353	0.993149
315	0.0150361	5.03825	0.993393
316	0.0150838	4.87743	0.99363
317	0.0151316	4.72098	0.993859
318	0.0151793	4.56882	0.994081
319	0.015227	4.42084	0.994295
320	0.0152748	4.27696	0.994503
321	0.0153225	4.1371	0.994704
322	0.0153702	4.00117	0.994898
323	0.015418	3.86907	0.995086
324	0.0154657	3.74074	0.995267
325	0.0155134	3.61608	0.995443
326	0.0155612	3.495	0.995613
327	0.0156089	3.37744	0.995777
328	0.0156566	3.2633	0.995935
329	0.0157044	3.15252	0.996088
330	0.0157521	3.045	0.996236
331	0.0157999	2.94067	0.996379
332	0.0158476	2.83947	0.996517
333	0.0158953	2.7413	0.99665
334	0.0159431	2.6461	0.996779
335	0.0159908	2.55379	0.996903
336	0.0160385	2.46431	0.997023
337	0.0160863	2.37758	0.997138
338	0.016134	2.29353	0.99725
339	0.0161817	2.2121	0.997357
340	0.0162295	2.13321	0.997461
341	0.0162772	2.05681	0.997561
342	0.0163249	1.98282	0.997657
343	0.0163727	1.91119	0.99775
344	0.0164204	1.84184	0.99784
345	0.0164681	1.77473	0.997926
346	0.0165159	1.70979	0.998009
347	0.0165636	1.64696	0.998089
348	0.0166113	1.58618	0.998166
349	0.0166591	1.5274	0.998241
350	0.0167068	1.47056	0.998312
351	0.0167545	1.41561	0.998381
352	0.0168023	1.36249	0.998447
353	0.01685	1.31116	0.998511
354	0.0168977	1.26155	0.998573
355	0.0169455	1.21363	0.998632
356	0.0169932	1.16734	0.998689
357	0.0170409	1.12264	0.998743
358	0.0170887	1.07947	0.998796
359	0.0171364	1.0378	0.998846
360	0.0171841	0.997572	0.998895
361	0.0172319	0.958752	0.998942
362	0.0172796	0.921294	0.998986
363	0.0173273	0.885158	0.99903
364	0.0173751	0.850302	0.999071
365	0.0174228	0.816688	0.999111
366	0.0174705	0.784277	0.999149
367	0.0175183	0.75303	0.999186
368	0.017566	0.722913	0.999221
369	0.0176137	0.693889	0.999255
370	0.0176615	0.665923	0.999287
371	0.0177092	0.638981	0.999318
372	0.0177569	0.613031	0.999348
373	0.0178047	0.588041	0.999377
374	0.0178524	0.563978	0.999404
375	0.0179001	0.540814	0.999431
376	0.0179479	0.518517	0.999456
377	0.0179956	0.49706	0.99948
378	0.0180433	0.476415	0.999503
379	0.0180911	0.456554	0.999526
380	0.0181388	0.43745	0.999547
381	0.0181865	0.419079	0.999567
382	0.0182343	0.401415	0.999587
383	0.018282	0.384433	0.999606
384	0.0183297	0.368111	0.999624
385	0.0183775	0.352426	0.999641
386	0.0184252	0.337355	0.999657
387	0.0184729	0.322876	0.999673
388	0.0185207	0.308969	0.999688
389	0.0185684	0.295614	0.999703
390	0.0186161	0.282791	0.999716
391	0.0186639	0.270481	0.99973
392	0.0187116	0.258665	0.999742
393	0.0187593	0.247325	0.999754
394	0.0188071	0.236445	0.999766
395	0.0188548	0.226007	0.999777
396	0.0189025	0.215996	0.999787
397	0.0189503	0.206395	0.999798
398	0.018998	0.197189	0.999807
399	0.0190457	0.188363	0.999816
400	0.0190935	0.179904	0.999825
401	0.0191412	0.171797	0.999834
402	0.0191889	0.164029	0.999842
403	0.0192367	0.156587	0.999849
404	0.0192844	0.149459	0.999857
405	0.0193321	0.142633	0.999863
406	0.0193799	0.136096	0.99987
407	0.0194276	0.129838	0.999876
408	0.0194753	0.123849	0.999883
409	0.0195231	0.118116	0.999888
410	0.0195708	0.112631	0.999894
411	0.0196185	0.107384	0.999899
412	0.0196663	0.102364	0.999904
413	0.019714	0.0975638	0.999909
414	0.0197617	0.0929736	0.999913
415	0.0198095	0.0885852	0.999918
416	0.0198572	0.0843904	0.999922
417	0.0199049	0.0803814	0.999926
418	0.0199527	0.0765506	0.99993
419	0.0200004	0.0728907	0.999933
420	0.0200481	0.0693947	0.999936
421	0.0200959	0.0660558	0.99994
422	0.0201436	0.0628675	0.999943
423	0.0201913	0.0598235	0.999946
424	0.0202391	0.0569178	0.999948
425	0.0202868	0.0541445	0.999951
426	0.0203346	0.0514982	0.999954
427	0.0203823	0.0489734	0.999956
428	0.02043	0.0465649	0.999958
429	0.0204778	0.0442678	0.999961
430	0.0205255	0.0420772	0.999963
431	0.0205732	0.0399887	0.999965
432	0.020621	0.0379978	0.999966
433	0.0206687	0.0361002	0.999968
434	0.0207164	0.0342919	0.99997
435	0.0207642	0.032569	0.999971
436	0.0208119	0.0309277	0.999973
437	0.0208596	0.0293644	0.999974
438	0.0209074	0.0278757	0.999976
439	0.0209551	0.0264583	0.999977
440	0.0210028	0.0251089	0.999978
441	0.0210506	0.0238245	0.999979
442	0.0210983	0.0226022	0.999981
443	0.021146	0.0214392	0.999982
444	0.0211938	0.0203328	0.999983
445	0.0212415	0.0192804	0.999984
446	0.0212892	0.0182795	0.999984
447	0.021337	0.0173279	0.999985
448	0.0213847	0.0164231	0.999986
449	0.0214324	0.0155632	0.999987
450	0.0214802	0.0147459	0.999988
451	0.0215279	0.0139692	0.999988
452	0.0215756	0.0132314	0.999989
453	0.0216234	0.0125306	0.99999
454	0.0216711	0.0118649	0.99999
455	0.0217188	0.0112329	0.999991
456	0.0217666	0.0106328	0.999991
457	0.0218143	0.0100632	0.999992
458	0.021862	0.00952253	0.999992
459	0.0219098	0.0090095	0.999993
460	0.0219575	0.00852275	0.999993
461	0.0220052	0.00806101	0.999993
462	0.022053	0.00762307	0.999994
463	0.0221007	0.00720778	0.999994
464	0.0221484	0.00681402	0.999994
465	0.0221962	0.00644075	0.999995
466	0.0222439	0.00608695	0.999995
467	0.0222916	0.00575167	0.999995
468	0.0223394	0.00543399	0.999996
469	0.0223871	0.00513304	0.999996
470	0.0224348	0.00484798	0.999996
471	0.0224826	0.00457802	0.999996
472	0.0225303	0.00432241	0.999997
473	0.022578	0.00408042	0.999997
474	0.0226258	0.00385136	0.999997
475	0.0226735	0.00363458	0.999997
476	0.0227212	0.00342945	0.999997
477	0.022769	0.00323539	0.999997
478	0.0228167	0.00305182	0.999998
479	0.0228644	0.00287821	0.999998
480	0.0229122	0.00271404	0.999998
481	0.0229599	0.00255883	0.999998
482	0.0230076	0.00241211	0.999998
483	0.0230554	0.00227344	0.999998
484	0.0231031	0.0021424	0.999998
485	0.0231508	0.00201859	0.999998
486	0.0231986	0.00190163	0.999999
487	0.0232463	0.00179117	0.999999
488	0.023294	0.00168685	0.999999
489	0.0233418	0.00158836	0.999999
490	0.0233895	0.00149537	0.999999
491	0.0234372	0.00140761	0.999999
492	0.023485	0.00132479	0.999999
493	0.0235327	0.00124664	0.999999
494	0.0235804	0.00117291	0.999999
495	0.0236282	0.00110337	0.999999
496	0.0236759	0.00103779	0.999999
497	0.0237236	0.000975948	0.999999
498	0.0237714	0.000917646	0.999999
499	0.0238191	0.00086269	0.999999
