364	-0.00164895	-0.0051098	0.00991339	0.00536928	0.863574	252.115	105.786	0.0300857	
364.012	0.00294007	-0.00457569	0.00991339	0.00543884	0.860277	302.722	104.433	0.0300857	
364.024	0.00546218	-0.000568548	0.00991339	0.00549169	0.857752	354.058	103.428	0.0300857	
364.036	0.00379846	0.0040425	0.00991339	0.00554708	0.855088	46.7827	102.395	0.0300857	
364.048	-0.000980579	0.00550975	0.00991339	0.00559633	0.852704	100.091	101.494	0.0300857	
364.06	-0.00511401	0.00246652	0.00991339	0.00567775	0.848731	154.252	100.039	0.0300857	
364.072	-0.00506712	-0.00281689	0.00991339	0.00579747	0.84282	209.07	97.973	0.0300857	
364.084	-0.000578494	-0.00593316	0.00991339	0.0059613	0.834599	264.431	95.2804	0.0300857	
364.096	0.0047286	-0.00396399	0.00991339	0.00617032	0.823901	320.027	92.0527	0.0300857	
364.108	0.00620019	0.00174624	0.00991339	0.0064414	0.809694	15.7295	88.1788	0.0300857	
364.12	0.00218905	0.0064174	0.00991339	0.00678049	0.791434	71.1649	83.7691	0.0300857	
364.132	-0.00422832	0.00575976	0.00991339	0.00714518	0.771246	126.283	79.4935	0.0300857	
364.144	-0.00759674	-0.000153795	0.00991339	0.0075983	0.745473	181.16	74.753	0.0300857	
364.156	-0.00455101	-0.00661971	0.00991339	0.00803319	0.72013	235.492	70.706	0.0300857	
364.168	0.00281749	-0.00804734	0.00991339	0.00852631	0.690825	289.296	66.6168	0.0300857	
364.18	0.00862393	-0.00269963	0.00991339	0.0090366	0.660032	342.618	62.855	0.0300857	
364.192	0.00776978	0.0055271	0.00991339	0.00953512	0.629663	35.4265	59.5688	0.0300857	
364.204	0.000352738	0.00998447	0.00991339	0.0099907	0.601801	87.9767	56.8524	0.0300857	
364.216	-0.00801032	0.00670619	0.00991339	0.0104469	0.573918	140.064	54.3696	0.0300857	
364.228	-0.0106196	-0.00221157	0.00991339	0.0108475	0.549547	191.764	52.3621	0.0300857	
364.24	-0.00508755	-0.010015	0.00991339	0.0112331	0.526245	243.07	50.5643	0.0300857	
364.252	0.00469246	-0.0105164	0.00991339	0.0115158	0.509308	294.047	49.3232	0.0300857	
364.264	0.0113319	-0.0031036	0.00991339	0.0117493	0.495425	344.683	48.3431	0.0300857	
364.276	0.00976939	0.00681035	0.00991339	0.0119089	0.485997	34.8808	47.6951	0.0300857	
364.288	0.00111022	0.0119892	0.00991339	0.0120405	0.478264	84.7094	47.1737	0.0300857	
364.3	-0.00843299	0.00867836	0.00991339	0.0121008	0.474736	134.178	46.9387	0.0300857	
364.312	-0.0120631	-0.000706923	0.00991339	0.0120838	0.475731	183.354	47.0047	0.0300857	
364.324	-0.00742285	-0.00948759	0.00991339	0.0120463	0.477926	231.961	47.1511	0.0300857	
364.336	0.0021015	-0.0117779	0.00991339	0.0119639	0.482758	280.117	47.4756	0.0300857	
364.348	0.010026	-0.00632228	0.00991339	0.0118529	0.489298	327.765	47.9204	0.0300857	
364.36	0.0113809	0.00298992	0.00991339	0.0117671	0.494367	14.7197	48.2696	0.0300857	
364.372	0.00555827	0.0102374	0.00991339	0.011649	0.501377	61.5007	48.7594	0.0300857	
364.384	-0.0035127	0.0110597	0.00991339	0.0116041	0.504041	107.62	48.9476	0.0300857	
364.396	-0.0103911	0.00523245	0.00991339	0.0116342	0.502255	153.272	48.8213	0.0300857	
364.408	-0.0111259	-0.00375301	0.00991339	0.0117418	0.495867	198.64	48.3738	0.0300857	
364.42	-0.00523498	-0.0107403	0.00991339	0.0119482	0.483686	244.015	47.5383	0.0300857	
364.432	0.00401001	-0.0115825	0.00991339	0.012257	0.465636	289.097	46.3405	0.0300857	
364.444	0.0114554	-0.00546642	0.00991339	0.0126929	0.440572	334.49	44.7492	0.0300857	
364.456	0.012454	0.00448962	0.00991339	0.0132386	0.409968	19.824	42.9046	0.0300857	
364.468	0.00569251	0.0126727	0.00991339	0.0138926	0.374579	65.8107	40.8849	0.0300857	
364.48	-0.00555386	0.0135334	0.00991339	0.0146287	0.336628	112.312	38.8274	0.0300857	
364.492	-0.0143876	0.00552929	0.00991339	0.0154135	0.298577	158.978	36.8505	0.0300857	
364.504	-0.0145991	-0.00712284	0.00991339	0.016244	0.261193	206.008	34.9664	0.0300857	
364.516	-0.00484973	-0.0163988	0.00991339	0.0171009	0.225853	253.525	33.2143	0.0300857	
364.528	0.00940435	-0.0153088	0.00991339	0.0179666	0.19353	301.563	31.6139	0.0300857	
364.54	0.0185172	-0.00334037	0.00991339	0.018816	0.165087	349.774	30.1868	0.0300857	
364.552	0.0154313	0.0121104	0.00991339	0.019616	0.141183	38.1248	28.9558	0.0300857	
364.564	0.00112436	0.0203632	0.00991339	0.0203943	0.120498	86.8396	27.8508	0.0300857	
364.576	-0.0150998	0.0147073	0.00991339	0.0210787	0.104294	135.754	26.9465	0.0300857	
364.588	-0.0216019	-0.00187447	0.00991339	0.0216831	0.0914437	184.959	26.1953	0.0300857	
364.6	-0.0130172	-0.0179909	0.00991339	0.0222063	0.0813598	234.113	25.5781	0.0300857	
364.612	0.00525789	-0.0220002	0.00991339	0.0226198	0.0740382	283.441	25.1105	0.0300857	
364.624	0.0203906	-0.0104462	0.00991339	0.0229107	0.069214	332.874	24.7917	0.0300857	
364.636	0.0213772	0.00879292	0.00991339	0.0231149	0.0659813	22.3585	24.5727	0.0300857	
364.648	0.00717069	0.0220484	0.00991339	0.0231851	0.0648993	71.9842	24.4983	0.0300857	
364.66	-0.0121049	0.0197129	0.00991339	0.0231328	0.065704	121.552	24.5537	0.0300857	
364.672	-0.0226914	0.00353996	0.00991339	0.0229659	0.0683274	171.133	24.7321	0.0300857	
364.684	-0.0171984	-0.0147679	0.00991339	0.0226688	0.0732065	220.652	25.0562	0.0300857	
364.696	0.000118287	-0.0222319	0.00991339	0.0222322	0.0808851	270.305	25.5483	0.0300857	
364.708	0.0165656	-0.0140045	0.00991339	0.021692	0.0912627	319.789	26.1845	0.0300857	
364.72	0.0207792	0.00336922	0.00991339	0.0210506	0.104924	9.21001	26.9824	0.0300857	
364.732	0.0106143	0.0173148	0.00991339	0.0203092	0.122638	58.4909	27.9674	0.0300857	
364.744	-0.00592279	0.0185453	0.00991339	0.0194681	0.145395	107.712	29.1756	0.0300857	
364.756	-0.0170428	0.00730702	0.00991339	0.0185431	0.173876	156.793	30.631	0.0300857	
364.768	-0.0158162	-0.00758851	0.00991339	0.0175425	0.208943	205.631	32.3783	0.0300857	
364.78	-0.00448761	-0.0158532	0.00991339	0.0164761	0.251293	254.195	34.4738	0.0300857	
364.792	0.0082864	-0.012975	0.00991339	0.0153953	0.299431	302.564	36.8941	0.0300857	
364.804	0.0140615	-0.00239443	0.00991339	0.014264	0.355171	350.336	39.8203	0.0300857	
364.816	0.0103666	0.00805046	0.00991339	0.0131254	0.416237	37.8321	43.2745	0.0300857	
364.828	0.00110507	0.0119616	0.00991339	0.0120125	0.479905	84.7217	47.2836	0.0300857	
364.84	-0.00713559	0.00826638	0.00991339	0.0109201	0.54514	130.801	52.0135	0.0300857	
364.852	-0.00988392	0.000703046	0.00991339	0.00990889	0.606806	175.931	57.3218	0.0300857	
364.864	-0.00685192	-0.00582397	0.00991339	0.00899264	0.662699	220.364	63.1623	0.0300857	
364.876	-0.000925992	-0.00814016	0.00991339	0.00819265	0.710712	263.51	69.3298	0.0300857	
364.888	0.00438304	-0.00611115	0.00991339	0.00752045	0.74995	305.649	75.5268	0.0300857	
364.9	0.00687687	-0.00162358	0.00991339	0.00706593	0.775678	346.716	80.385	0.0300857	
364.912	0.00599988	0.00312451	0.00991339	0.0067647	0.792295	27.5087	83.9646	0.0300857	
364.924	0.0024675	0.00616276	0.00991339	0.00663838	0.799149	68.1794	85.5623	0.0300857	
364.936	-0.00220954	0.00628188	0.00991339	0.00665913	0.798028	109.378	85.2957	0.0300857	
364.948	-0.0059538	0.00326186	0.00991339	0.00678878	0.790981	151.283	83.6668	0.0300857	
364.96	-0.00672896	-0.00171601	0.00991339	0.00694432	0.782431	194.307	81.7928	0.0300857	
364.972	-0.00377802	-0.00603946	0.00991339	0.0071238	0.772444	237.972	79.7321	0.0300857	
364.984	0.00159441	-0.00710827	0.00991339	0.00728489	0.763376	282.642	77.9689	0.0300857	
364.996	0.00625898	-0.00395084	0.00991339	0.00740162	0.756746	327.739	76.7393	0.0300857	
365.008	0.00725887	0.00171722	0.00991339	0.00745922	0.753458	13.3097	76.1467	0.0300857	
365.02	0.00384546	0.00636753	0.00991339	0.00743862	0.754635	58.8715	76.3576	0.0300857	
365.032	-0.00185669	0.00708345	0.00991339	0.00732274	0.761231	104.688	77.5659	0.0300857	
365.044	-0.00620857	0.00353275	0.00991339	0.0071433	0.771352	150.36	79.5145	0.0300857	
365.056	-0.00663712	-0.00187982	0.00991339	0.0068982	0.784977	195.814	82.3397	0.0300857	
365.068	-0.00327856	-0.00571519	0.00991339	0.00658881	0.80182	240.159	86.2061	0.0300857	
365.08	0.00152127	-0.0060558	0.00991339	0.00624395	0.820078	284.101	90.9673	0.0300857	
365.092	0.00491481	-0.00323507	0.00991339	0.00588396	0.838498	326.646	96.5328	0.0300857	
365.104	0.0054878	0.000771522	0.00991339	0.00554177	0.855345	8.00269	102.494	0.0300857	
365.116	0.00358306	0.00391948	0.00991339	0.00531043	0.86634	47.5675	106.958	0.0300857	
365.128	0.000337693	0.00519851	0.00991339	0.00520947	0.871034	86.2833	109.031	0.0300857	
365.14	-0.00297519	0.00440601	0.00991339	0.00531645	0.866058	124.029	106.837	0.0300857	
365.152	-0.00537393	0.00172393	0.00991339	0.00564367	0.850399	162.214	100.643	0.0300857	
365.164	-0.00570973	-0.00228907	0.00991339	0.00615149	0.824874	201.846	92.3346	0.0300857	
365.176	-0.00310704	-0.00608801	0.00991339	0.00683503	0.788449	242.962	83.1007	0.0300857	
365.188	0.00205803	-0.00734629	0.00991339	0.00762912	0.743695	285.65	74.451	0.0300857	
365.2	0.00736551	-0.00426048	0.00991339	0.00850896	0.691864	329.953	66.7526	0.0300857	
365.212	0.00908767	0.00247575	0.00991339	0.00941887	0.636761	15.2392	60.304	0.0300857	
365.224	0.00495801	0.009077	0.00991339	0.0103428	0.580273	61.3559	54.9169	0.0300857	
365.236	-0.00351481	0.0106786	0.00991339	0.0112422	0.525701	108.219	50.5236	0.0300857	
365.248	-0.0110067	0.00499025	0.00991339	0.0120851	0.475653	155.611	46.9995	0.0300857	
365.26	-0.0117969	-0.00516113	0.00991339	0.0128765	0.430172	203.629	44.111	0.0300857	
365.272	-0.00427188	-0.0128685	0.00991339	0.013559	0.39244	251.636	41.8905	0.0300857	
365.284	0.00708207	-0.0122638	0.00991339	0.0141618	0.360456	300.005	40.1075	0.0300857	
365.296	0.0143971	-0.00289615	0.00991339	0.0146855	0.33379	348.626	38.6773	0.0300857	
365.308	0.0119607	0.00913432	0.00991339	0.0150497	0.315895	37.3688	37.7413	0.0300857	
365.32	0.000979075	0.015255	0.00991339	0.0152864	0.304563	86.3278	37.1569	0.0300857	
365.332	-0.0109239	0.0108375	0.00991339	0.0153878	0.299783	135.227	36.9121	0.0300857	
365.344	-0.0153285	-0.00113155	0.00991339	0.0153703	0.300606	184.222	36.9542	0.0300857	
365.356	-0.00909751	-0.0121602	0.00991339	0.0151866	0.309311	233.198	37.401	0.0300857	
365.368	0.00316797	-0.0145367	0.00991339	0.0148779	0.324271	282.294	38.1772	0.0300857	
365.38	0.0126511	-0.00690912	0.00991339	0.0144148	0.34744	331.36	39.4036	0.0300857	
365.392	0.0129732	0.00479918	0.00991339	0.0138324	0.377772	20.301	41.0627	0.0300857	
365.404	0.00465473	0.0122618	0.00991339	0.0131156	0.416784	69.2126	43.3069	0.0300857	
365.416	-0.00573646	0.0108744	0.00991339	0.0122947	0.463449	117.813	46.1985	0.0300857	
365.428	-0.0110322	0.00267869	0.00991339	0.0113528	0.519058	166.352	50.0314	0.0300857	
365.44	-0.00849119	-0.00588546	0.00991339	0.0103315	0.580967	214.727	54.9773	0.0300857	
365.452	-0.00123672	-0.00913851	0.00991339	0.00922181	0.648773	262.293	61.5926	0.0300857	
365.464	0.00512602	-0.00625376	0.00991339	0.00808613	0.71701	309.34	70.2432	0.0300857	
365.476	0.00688413	-0.000543693	0.00991339	0.00690557	0.78457	355.484	82.2518	0.0300857	
365.488	0.00439181	0.00367228	0.00991339	0.00572482	0.846417	39.9012	99.2163	0.0300857	
365.5	0.000716442	0.00457008	0.00991339	0.0046259	0.896845	81.0904	122.786	0.0300857	
365.512	-0.00167712	0.00323792	0.00991339	0.00364649	0.934587	117.382	155.765	0.0300857	
365.524	-0.00252938	0.0016752	0.00991339	0.00303382	0.954252	146.484	187.221	0.0300857	
365.536	-0.00292139	0.000430763	0.00991339	0.00295298	0.956604	171.612	192.347	0.0300857	
365.548	-0.00318688	-0.00111237	0.00991339	0.00337544	0.94368	199.241	168.273	0.0300857	
365.56	-0.00238616	-0.00341343	0.00991339	0.00416476	0.915534	235.045	136.381	0.0300857	
365.572	0.00048904	-0.0050249	0.00991339	0.00504864	0.878376	275.559	112.505	0.0300857	
365.584	0.00455983	-0.00385684	0.00991339	0.00597221	0.834046	319.775	95.1064	0.0300857	
365.596	0.0068135	0.000707978	0.00991339	0.00685018	0.787617	5.93221	82.9168	0.0300857	
365.608	0.0045753	0.00612623	0.00991339	0.00764618	0.742709	53.2462	74.2849	0.0300857	
365.62	-0.00167256	0.0082167	0.00991339	0.0083852	0.699263	101.506	67.7378	0.0300857	
365.632	-0.00782651	0.00447431	0.00991339	0.00901519	0.661331	150.244	63.0042	0.0300857	
365.644	-0.00897469	-0.00318869	0.00991339	0.00952433	0.630322	199.56	59.6362	0.0300857	
365.656	-0.00351984	-0.00928049	0.00991339	0.00992556	0.605786	249.23	57.2255	0.0300857	
365.668	0.00494236	-0.00894867	0.00991339	0.0102228	0.587606	298.912	55.5616	0.0300857	
365.68	0.0102062	-0.00197556	0.00991339	0.0103956	0.577049	349.045	54.638	0.0300857	
365.692	0.00809227	0.00661854	0.00991339	0.0104542	0.573475	39.2792	54.3319	0.0300857	
365.704	8.77909e-06	0.0104136	0.00991339	0.0104136	0.575954	89.9517	54.5438	0.0300857	
365.716	-0.00794028	0.00649746	0.00991339	0.0102599	0.58534	140.707	55.3608	0.0300857	
365.728	-0.00979441	-0.00198268	0.00991339	0.00999308	0.601655	191.444	56.8389	0.0300857	
365.74	-0.00449358	-0.00856582	0.00991339	0.00967293	0.62124	242.319	58.7201	0.0300857	
365.752	0.00371504	-0.00846096	0.00991339	0.00924064	0.647627	293.705	61.4671	0.0300857	
365.764	0.00845855	-0.00227956	0.00991339	0.00876034	0.676751	344.917	64.8372	0.0300857	
365.776	0.00658189	0.00485826	0.00991339	0.00818071	0.71142	36.432	69.431	0.0300857	
365.788	0.000283824	0.00757599	0.00991339	0.00758131	0.746451	87.8545	74.9205	0.0300857	
365.8	-0.00524139	0.00450557	0.00991339	0.00691175	0.784229	139.317	82.1782	0.0300857	
365.812	-0.00604191	-0.00122326	0.00991339	0.0061645	0.824202	191.446	92.1398	0.0300857	
365.824	-0.00245601	-0.00485291	0.00991339	0.005439	0.860269	243.156	104.43	0.0300857	
365.836	0.00195957	-0.00421717	0.00991339	0.00465021	0.895816	294.923	122.144	0.0300857	
365.848	0.00371909	-0.000875088	0.00991339	0.00382066	0.928423	346.759	148.664	0.0300857	
365.86	0.00232886	0.00182764	0.00991339	0.00296038	0.956391	38.124	191.866	0.0300857	
365.872	5.7054e-05	0.00207044	0.00991339	0.00207123	0.97841	88.4215	274.231	0.0300857	
365.884	-0.000813268	0.000797931	0.00991339	0.00113934	0.993417	135.545	498.529	0.0300857	
365.896	-0.000213741	0.00018554	0.00991339	0.000283037	0.999592	139.04	2006.79	0.0300857	
365.908	4.94094e-05	0.000940096	0.00991339	0.000941393	0.995501	86.9914	603.356	0.0300857	
365.92	-0.00133206	0.00149171	0.00991339	0.00199989	0.979857	131.764	284.013	0.0300857	
365.932	-0.00314107	-6.15153e-05	0.00991339	0.00314167	0.951024	181.122	180.794	0.0300857	
365.944	-0.00262263	-0.00341597	0.00991339	0.00430663	0.909953	232.485	131.889	0.0300857	
365.956	0.00129891	-0.00541527	0.00991339	0.00556887	0.854035	283.488	101.995	0.0300857	
365.968	0.00624372	-0.00292445	0.00991339	0.00689466	0.785171	334.902	82.3819	0.0300857	
365.98	0.00740731	0.00366189	0.00991339	0.00826303	0.706537	26.306	68.7393	0.0300857	
365.992	0.00208865	0.0094759	0.00991339	0.00970336	0.619379	77.5698	58.536	0.0300857	
366.004	-0.00703504	0.00872736	0.00991339	0.0112098	0.527651	128.872	50.6697	0.0300857	
366.016	-0.0127356	3.56762e-05	0.00991339	0.0127357	0.438138	179.84	44.5988	0.0300857	
366.028	-0.00899864	-0.011141	0.00991339	0.0143212	0.352227	231.072	39.6612	0.0300857	
366.04	0.0033216	-0.0155778	0.00991339	0.015928	0.275058	282.037	35.6601	0.0300857	
366.052	0.0155908	-0.0080366	0.00991339	0.0175402	0.209026	332.73	32.3824	0.0300857	
366.064	0.0175608	0.00764666	0.00991339	0.0191535	0.154669	23.5302	29.655	0.0300857	
366.076	0.00573703	0.0199776	0.00991339	0.0207851	0.111024	73.9774	27.3271	0.0300857	
366.088	-0.0127053	0.0184102	0.00991339	0.0223687	0.0784183	124.61	25.3924	0.0300857	
366.1	-0.0238372	0.00203228	0.00991339	0.0239236	0.0543709	175.127	23.742	0.0300857	
366.112	-0.0178654	-0.0180942	0.00991339	0.0254278	0.0372689	225.365	22.3376	0.0300857	
366.124	0.00267905	-0.0267229	0.00991339	0.0268568	0.0254833	275.725	21.149	0.0300857	
366.136	0.023315	-0.0158188	0.00991339	0.0281749	0.0176189	325.844	20.1596	0.0300857	
366.148	0.0282884	0.00813926	0.00991339	0.0294361	0.0121741	16.0518	19.2959	0.0300857	
366.16	0.0123273	0.0279517	0.00991339	0.0305493	0.00866729	66.2014	18.5927	0.0300857	
366.172	-0.0139153	0.0283036	0.00991339	0.0315393	0.00633967	116.181	18.0091	0.0300857	
366.184	-0.0314375	0.00765484	0.00991339	0.0323561	0.00486134	166.315	17.5545	0.0300857	
366.196	-0.0266119	-0.0196083	0.00991339	0.0330557	0.0038515	216.384	17.183	0.0300857	
366.208	-0.00218864	-0.0334967	0.00991339	0.0335681	0.00323745	266.262	16.9207	0.0300857	
366.22	0.0245044	-0.023423	0.00991339	0.0338984	0.00289043	316.293	16.7558	0.0300857	
366.232	0.033867	0.00364372	0.00991339	0.0340625	0.00273104	6.14077	16.6751	0.0300857	
366.244	0.0189337	0.0282518	0.00991339	0.0340096	0.00278153	56.1709	16.701	0.0300857	
366.256	-0.00943075	0.0324431	0.00991339	0.033786	0.00300452	106.208	16.8116	0.0300857	
366.268	-0.0304993	0.0135287	0.00991339	0.0333651	0.00346913	156.079	17.0236	0.0300857	
366.28	-0.0294007	-0.0144527	0.00991339	0.032761	0.00425106	206.178	17.3376	0.0300857	
366.292	-0.0076852	-0.0310189	0.00991339	0.0319568	0.00553986	256.085	17.7739	0.0300857	
366.304	0.0183404	-0.0249609	0.00991339	0.0309745	0.00758726	306.307	18.3375	0.0300857	
366.316	0.0297484	-0.00181019	0.00991339	0.0298035	0.010898	356.518	19.058	0.0300857	
366.328	0.0195597	0.0207164	0.00991339	0.0284913	0.0160831	46.6451	19.9358	0.0300857	
366.34	-0.00331852	0.0268435	0.00991339	0.0270478	0.0241827	97.0474	20.9997	0.0300857	
366.352	-0.0214623	0.0137006	0.00991339	0.0254625	0.0369355	147.448	22.3071	0.0300857	
366.364	-0.0226203	-0.00739043	0.00991339	0.023797	0.0560687	198.093	23.8684	0.0300857	
366.376	-0.00791561	-0.0205184	0.00991339	0.0219923	0.0853706	248.904	25.827	0.0300857	
366.388	0.0100531	-0.0174849	0.00991339	0.0201689	0.126234	299.897	28.162	0.0300857	
366.4	0.0180584	-0.00276044	0.00991339	0.0182681	0.183067	351.309	31.0922	0.0300857	
366.412	0.0120134	0.0111423	0.00991339	0.0163851	0.255147	42.8455	34.6654	0.0300857	
366.424	-0.00129043	0.0144486	0.00991339	0.0145061	0.342801	95.1037	39.1555	0.0300857	
366.436	-0.0107516	0.00669101	0.00991339	0.0126636	0.44224	148.105	44.8527	0.0300857	
366.448	-0.0101661	-0.00403065	0.00991339	0.010936	0.54418	201.627	51.9381	0.0300857	
366.46	-0.00216536	-0.00903576	0.00991339	0.00929159	0.644523	256.524	61.13	0.0300857	
366.472	0.00532714	-0.00577664	0.00991339	0.00785799	0.730403	312.682	72.2825	0.0300857	
366.484	0.00644372	0.00123057	0.00991339	0.00656018	0.803357	10.8117	86.5823	0.0300857	
366.496	0.00177532	0.00525596	0.00991339	0.00554769	0.855059	71.3364	102.384	0.0300857	
366.508	-0.00331523	0.00349746	0.00991339	0.00481902	0.88856	133.468	117.865	0.0300857	
366.52	-0.00416413	-0.00127261	0.00991339	0.00435426	0.908045	196.994	130.446	0.0300857	
366.532	-0.000710992	-0.0040382	0.00991339	0.00410032	0.918018	260.014	138.525	0.0300857	
366.544	0.00309596	-0.00247648	0.00991339	0.00396458	0.923145	321.343	143.267	0.0300857	
366.556	0.00359131	0.00136792	0.00991339	0.00384301	0.927614	20.8517	147.799	0.0300857	
366.568	0.000721469	0.0035816	0.00991339	0.00365354	0.934342	78.6109	155.464	0.0300857	
366.58	-0.00232704	0.00237242	0.00991339	0.00332318	0.945363	134.447	170.919	0.0300857	
366.592	-0.00276869	-0.000522245	0.00991339	0.00281751	0.960416	190.682	201.595	0.0300857	
366.604	-0.000846872	-0.00196373	0.00991339	0.00213856	0.977	246.672	265.597	0.0300857	
366.616	0.000797883	-0.00100919	0.00991339	0.0012865	0.991615	308.331	441.505	0.0300857	
366.628	0.000302654	0.000361613	0.00991339	0.000471555	0.998869	50.0722	1204.52	0.0300857	
366.64	-0.00119223	-0.000206877	0.00991339	0.00121005	0.992578	189.844	469.4	0.0300857	
366.652	-0.000760616	-0.00249319	0.00991339	0.00260663	0.966022	253.034	217.904	0.0300857	
366.664	0.00256149	-0.00333597	0.00991339	0.00420594	0.913929	307.518	135.046	0.0300857	
366.676	0.00593226	1.93985e-05	0.00991339	0.00593229	0.836065	0.187357	95.7464	0.0300857	
366.688	0.00479541	0.0061393	0.00991339	0.00779019	0.734357	52.0066	72.9117	0.0300857	
366.7	-0.00223071	0.00947528	0.00991339	0.00973432	0.617486	103.248	58.3498	0.0300857	
366.712	-0.0105826	0.0050817	0.00991339	0.0117395	0.496003	154.35	48.3833	0.0300857	
366.724	-0.012502	-0.00582568	0.00991339	0.0137927	0.379885	204.985	41.1809	0.0300857	
366.736	-0.00399897	-0.0153069	0.00991339	0.0158207	0.279869	255.359	35.9021	0.0300857	
366.748	0.0104576	-0.0144591	0.00991339	0.0178445	0.197884	305.877	31.8302	0.0300857	
366.76	0.019737	-0.00124479	0.00991339	0.0197762	0.136721	356.391	28.7211	0.0300857	
366.772	0.0148437	0.0156962	0.00991339	0.0216033	0.0930632	46.599	26.292	0.0300857	
366.784	-0.00279381	0.0231647	0.00991339	0.0233326	0.0626737	96.877	24.3435	0.0300857	
366.796	-0.0208471	0.0135179	0.00991339	0.0248462	0.0432466	147.039	22.8605	0.0300857	
366.808	-0.025027	-0.00787831	0.00991339	0.0262378	0.0301218	197.474	21.648	0.0300857	
366.82	-0.0104409	-0.0253304	0.00991339	0.0273978	0.0219481	247.599	20.7314	0.0300857	
366.832	0.0131199	-0.0250624	0.00991339	0.0282887	0.017052	297.632	20.0785	0.0300857	
366.844	0.0283132	-0.00604885	0.00991339	0.0289521	0.0140563	347.941	19.6184	0.0300857	
366.856	0.0231142	0.0180832	0.00991339	0.0293473	0.0125015	38.0375	19.3542	0.0300857	
366.868	0.000845698	0.0294451	0.00991339	0.0294572	0.0120973	88.3549	19.2821	0.0300857	
366.88	-0.0219896	0.0193168	0.00991339	0.0292691	0.0127967	138.702	19.406	0.0300857	
366.892	-0.0284661	-0.00447178	0.00991339	0.0288152	0.0146337	188.928	19.7117	0.0300857	
366.904	-0.014282	-0.0241379	0.00991339	0.0280466	0.0182773	239.388	20.2518	0.0300857	
366.916	0.00912961	-0.0253944	0.00991339	0.0269856	0.0245997	289.774	21.0481	0.0300857	
366.928	0.0241829	-0.00857994	0.00991339	0.0256599	0.0350869	340.466	22.1355	0.0300857	
366.94	0.0205728	0.0125137	0.00991339	0.0240797	0.0523372	31.3106	23.5881	0.0300857	
366.952	0.00302181	0.0220342	0.00991339	0.0222404	0.0807349	82.191	25.5389	0.0300857	
366.964	-0.013936	0.0146222	0.00991339	0.0201995	0.125444	133.624	28.1193	0.0300857	
366.976	-0.0178573	-0.00169591	0.00991339	0.0179377	0.194557	185.425	31.665	0.0300857	
366.988	-0.00827857	-0.0131574	0.00991339	0.0155452	0.292448	237.822	36.5383	0.0300857	
367	0.0047527	-0.0121367	0.00991339	0.0130341	0.421325	291.385	43.5775	0.0300857	
367.012	0.0102458	-0.00239688	0.00991339	0.0105225	0.569312	346.833	53.9793	0.0300857	
367.024	0.00557446	0.00580815	0.00991339	0.00805041	0.719116	46.1762	70.5548	0.0300857	
367.036	-0.00235323	0.00546669	0.00991339	0.00595167	0.835086	113.29	95.4347	0.0300857	
367.048	-0.00468587	-0.00105066	0.00991339	0.00480222	0.889292	192.638	118.278	0.0300857	
367.06	0.000564902	-0.00528349	0.00991339	0.0053136	0.866192	276.103	106.895	0.0300857	
367.072	0.00690256	-0.00153755	0.00991339	0.00707173	0.775354	347.442	80.3191	0.0300857	
367.084	0.00610964	0.00711439	0.00991339	0.00937775	0.63927	49.3449	60.5684	0.0300857	
367.096	-0.00333155	0.0113109	0.00991339	0.0117913	0.492936	106.412	48.1707	0.0300857	
367.108	-0.0133578	0.00473191	0.00991339	0.0141711	0.359972	160.494	40.0811	0.0300857	
367.12	-0.0137425	-0.00909308	0.00991339	0.0164785	0.251193	213.492	34.4689	0.0300857	
367.132	-0.00145705	-0.0185757	0.00991339	0.0186327	0.170954	265.515	30.4837	0.0300857	
367.144	0.0151089	-0.0140148	0.00991339	0.0206081	0.11524	317.151	27.5618	0.0300857	
367.156	0.0221333	0.00328945	0.00991339	0.0223764	0.0782806	8.45341	25.3837	0.0300857	
367.168	0.0122034	0.0205618	0.00991339	0.0239105	0.0545455	59.3109	23.7551	0.0300857	
367.18	-0.00870522	0.0236374	0.00991339	0.0251894	0.0396286	110.218	22.549	0.0300857	
367.192	-0.0247975	0.00862199	0.00991339	0.0262537	0.0299938	160.828	21.6349	0.0300857	
367.204	-0.0230752	-0.0141223	0.00991339	0.0270537	0.0241432	211.467	20.9951	0.0300857	
367.216	-0.00381105	-0.0273336	0.00991339	0.027598	0.0207524	262.063	20.581	0.0300857	
367.228	0.0188095	-0.0205856	0.00991339	0.0278848	0.0191385	312.419	20.3693	0.0300857	
367.24	0.0279057	0.00141011	0.00991339	0.0279413	0.0188339	2.89277	20.3281	0.0300857	
367.252	0.0165679	0.022299	0.00991339	0.0277802	0.0197139	53.3881	20.446	0.0300857	
367.264	-0.00646109	0.0266032	0.00991339	0.0273766	0.0220786	103.651	20.7475	0.0300857	
367.276	-0.0240808	0.0117077	0.00991339	0.026776	0.0260511	154.072	21.2128	0.0300857	
367.288	-0.0237023	-0.0106986	0.00991339	0.026005	0.0320439	204.293	21.8418	0.0300857	
367.3	-0.00663694	-0.0241625	0.00991339	0.0250574	0.0409882	254.641	22.6677	0.0300857	
367.312	0.0137626	-0.0196335	0.00991339	0.0239767	0.0536719	305.03	23.6894	0.0300857	
367.324	0.0226837	-0.00190895	0.00991339	0.0227638	0.0716163	355.19	24.9517	0.0300857	
367.336	0.0150316	0.015285	0.00991339	0.0214379	0.0964973	45.4789	26.495	0.0300857	
367.348	-0.00193339	0.0199581	0.00991339	0.0200515	0.129303	95.5331	28.3268	0.0300857	
367.36	-0.0153706	0.0104717	0.00991339	0.0185987	0.172061	145.734	30.5396	0.0300857	
367.372	-0.0164419	-0.00466941	0.00991339	0.0170921	0.226201	195.854	33.2315	0.0300857	
367.384	-0.00644852	-0.0142048	0.00991339	0.0156	0.28992	245.583	36.41	0.0300857	
367.396	0.00603242	-0.012715	0.00991339	0.0140734	0.365062	295.381	40.3594	0.0300857	
367.408	0.012157	-0.00332009	0.00991339	0.0126022	0.445741	344.725	45.071	0.0300857	
367.42	0.00924932	0.00621128	0.00991339	0.0111414	0.531772	33.8829	50.9808	0.0300857	
367.432	0.00122643	0.00964888	0.00991339	0.00972651	0.617963	82.7562	58.3966	0.0300857	
367.444	-0.00545491	0.00638213	0.00991339	0.00839569	0.698637	130.521	67.6532	0.0300857	
367.456	-0.00713109	0.000268676	0.00991339	0.00713615	0.771752	177.842	79.5941	0.0300857	
367.468	-0.00436276	-0.00410369	0.00991339	0.00598949	0.83317	223.247	94.832	0.0300857	
367.48	-0.000269756	-0.00494251	0.00991339	0.00494987	0.882801	266.876	114.75	0.0300857	
367.492	0.00249439	-0.00323549	0.00991339	0.00408538	0.918589	307.63	139.031	0.0300857	
367.504	0.00333313	-0.000930258	0.00991339	0.00346051	0.940892	344.406	164.136	0.0300857	
367.516	0.00299014	0.000948394	0.00991339	0.00313694	0.951167	17.5976	181.067	0.0300857	
367.528	0.00196991	0.00241225	0.00991339	0.0031144	0.951849	50.764	182.377	0.0300857	
367.54	0.000233173	0.00338561	0.00991339	0.00339363	0.943089	86.0602	167.371	0.0300857	
367.552	-0.00215211	0.00312869	0.00991339	0.0037974	0.92926	124.523	149.575	0.0300857	
367.564	-0.00418023	0.00101326	0.00991339	0.00430128	0.910166	166.375	132.053	0.0300857	
367.576	-0.00417122	-0.00242246	0.00991339	0.00482363	0.88836	210.146	117.753	0.0300857	
367.588	-0.00132205	-0.00516822	0.00991339	0.00533463	0.865205	255.651	106.473	0.0300857	
367.6	0.0030653	-0.0049463	0.00991339	0.0058191	0.841743	301.787	97.6088	0.0300857	
367.612	0.00611169	-0.0012901	0.00991339	0.00624637	0.819952	348.081	90.9321	0.0300857	
367.624	0.00544254	0.00383166	0.00991339	0.00665603	0.798196	35.1463	85.3354	0.0300857	
367.636	0.000995416	0.00695211	0.00991339	0.00702301	0.778068	81.8517	80.8763	0.0300857	
367.648	-0.0045964	0.00571973	0.00991339	0.00733773	0.760381	128.786	77.4075	0.0300857	
367.66	-0.00761769	0.000635931	0.00991339	0.00764418	0.742825	175.228	74.3042	0.0300857	
367.672	-0.00591564	-0.00523534	0.00991339	0.0078996	0.727971	221.509	71.9018	0.0300857	
367.684	-0.000336756	-0.0081246	0.00991339	0.00813157	0.714327	267.627	69.8506	0.0300857	
367.696	0.00576445	-0.00608877	0.00991339	0.00838463	0.699298	313.433	67.7425	0.0300857	
367.708	0.00862191	-0.000165403	0.00991339	0.00862349	0.684992	358.901	65.866	0.0300857	
367.72	0.00637337	0.00616962	0.00991339	0.0088704	0.670102	44.0694	64.0326	0.0300857	
367.732	0.000157188	0.00914006	0.00991339	0.00914141	0.653665	89.0147	62.1343	0.0300857	
367.744	-0.00657869	0.0067924	0.00991339	0.009456	0.634495	134.084	60.0672	0.0300857	
367.756	-0.00981868	0.00019259	0.00991339	0.00982057	0.61221	178.876	57.8373	0.0300857	
367.768	-0.00737322	-0.00703959	0.00991339	0.0101941	0.589359	223.674	55.7179	0.0300857	
367.78	-0.000224575	-0.0106158	0.00991339	0.0106182	0.563478	268.788	53.4925	0.0300857	
367.792	0.00766868	-0.00799413	0.00991339	0.0110777	0.535614	313.81	51.2739	0.0300857	
367.804	0.0115644	-0.000161318	0.00991339	0.0115656	0.50634	359.201	49.111	0.0300857	
367.816	0.00855123	0.00849702	0.00991339	0.012055	0.477416	44.8178	47.117	0.0300857	
367.828	-8.93708e-05	0.0125583	0.00991339	0.0125586	0.448239	90.4077	45.2277	0.0300857	
367.84	-0.00944535	0.00896247	0.00991339	0.0130208	0.422072	136.503	43.6222	0.0300857	
367.852	-0.0134618	-0.000590132	0.00991339	0.0134747	0.397017	182.51	42.1526	0.0300857	
367.864	-0.00912126	-0.010452	0.00991339	0.0138724	0.375649	228.89	40.9444	0.0300857	
367.876	0.00134469	-0.0141649	0.00991339	0.0142285	0.356999	275.423	39.9195	0.0300857	
367.888	0.0114034	-0.00897245	0.00991339	0.0145101	0.342601	321.804	39.1448	0.0300857	
367.9	0.0145464	0.00216301	0.00991339	0.0147063	0.332753	8.45779	38.6226	0.0300857	
367.912	0.00849633	0.0121325	0.00991339	0.0148117	0.327529	54.9967	38.3478	0.0300857	
367.924	-0.00300318	0.014553	0.00991339	0.0148597	0.325163	101.66	38.2239	0.0300857	
367.936	-0.0125731	0.00775903	0.00991339	0.0147745	0.329366	148.321	38.4443	0.0300857	
367.948	-0.0141528	-0.00371395	0.00991339	0.0146319	0.336467	194.704	38.8188	0.0300857	
367.96	-0.00695348	-0.0126034	0.00991339	0.0143943	0.348483	241.114	39.4597	0.0300857	
367.972	0.00416533	-0.0134417	0.00991339	0.0140722	0.365124	287.217	40.3628	0.0300857	
367.984	0.0122416	-0.0061489	0.00991339	0.0136991	0.384891	333.33	41.4622	0.0300857	
367.996	0.0125074	0.00434178	0.00991339	0.0132396	0.409911	19.1438	42.9013	0.0300857	
368.008	0.00548528	0.0115017	0.00991339	0.0127427	0.43774	64.503	44.5742	0.0300857	
368.02	-0.00413164	0.0115085	0.00991339	0.0122277	0.467338	109.749	46.4516	0.0300857	
368.032	-0.0105456	0.00500901	0.00991339	0.0116748	0.499841	154.593	48.6514	0.0300857	
368.044	-0.0105252	-0.00360744	0.00991339	0.0111262	0.532683	198.919	51.05	0.0300857	
368.056	-0.00481375	-0.00947269	0.00991339	0.0106256	0.563027	243.062	53.4552	0.0300857	
368.068	0.00289241	-0.00970714	0.00991339	0.0101289	0.593347	286.592	56.0767	0.0300857	
368.08	0.0084122	-0.00486053	0.00991339	0.00971544	0.61864	329.981	58.4632	0.0300857	
368.092	0.00911385	0.00214868	0.00991339	0.00936371	0.640126	13.2658	60.6592	0.0300857	
368.104	0.00502764	0.00751389	0.00991339	0.00904078	0.659779	56.213	62.8259	0.0300857	
368.116	-0.00144652	0.00865951	0.00991339	0.0087795	0.675595	99.4834	64.6957	0.0300857	
368.128	-0.00679603	0.00518714	0.00991339	0.00854941	0.68944	142.647	66.4368	0.0300857	
368.14	-0.00831461	-0.000932615	0.00991339	0.00836675	0.700364	186.4	67.8872	0.0300857	
368.152	-0.00520749	-0.00629258	0.00991339	0.0081679	0.712178	230.39	69.54	0.0300857	
368.164	0.000664141	-0.00795161	0.00991339	0.0079793	0.723299	274.774	71.1836	0.0300857	
368.176	0.00591685	-0.00500417	0.00991339	0.00774925	0.736737	319.777	73.2968	0.0300857	
368.188	0.0074273	0.000681501	0.00991339	0.0074585	0.753499	5.24257	76.1541	0.0300857	
368.2	0.00445858	0.00555815	0.00991339	0.00712545	0.772352	51.2645	79.7136	0.0300857	
368.212	-0.000917702	0.00663944	0.00991339	0.00670257	0.795675	97.8696	84.743	0.0300857	
368.224	-0.00509204	0.00359694	0.00991339	0.00623432	0.820579	144.763	91.1078	0.0300857	
368.236	-0.00550786	-0.00125103	0.00991339	0.00564815	0.85018	192.797	100.563	0.0300857	
368.248	-0.00241451	-0.00440473	0.00991339	0.0050231	0.879526	241.27	113.077	0.0300857	
368.26	0.00153807	-0.00401955	0.00991339	0.00430377	0.910067	290.939	131.976	0.0300857	
368.272	0.00337599	-0.00103756	0.00991339	0.00353184	0.938508	342.916	160.821	0.0300857	
368.284	0.00220114	0.0016924	0.00991339	0.00277655	0.961537	37.5558	204.569	0.0300857	
368.296	-0.000350878	0.00203707	0.00991339	0.00206707	0.978496	99.7731	274.783	0.0300857	
368.308	-0.00158769	0.000148071	0.00991339	0.00159458	0.987147	174.672	356.204	0.0300857	
368.32	-0.000332588	-0.00167719	0.00991339	0.00170985	0.985236	258.784	332.19	0.0300857	
368.332	0.00201855	-0.00117111	0.00991339	0.00233368	0.972672	329.879	243.391	0.0300857	
368.344	0.00277364	0.00158952	0.00991339	0.00319682	0.949334	29.8162	177.675	0.0300857	
368.356	0.000446211	0.00414761	0.00991339	0.00417154	0.91527	83.8596	136.16	0.0300857	
368.368	-0.00368059	0.00360236	0.00991339	0.00515012	0.873763	135.615	110.288	0.0300857	
368.38	-0.00611269	-0.000567421	0.00991339	0.00613897	0.82552	185.303	92.5229	0.0300857	
368.392	-0.00412256	-0.00577203	0.00991339	0.00709308	0.774162	234.464	80.0774	0.0300857	
368.404	0.00174503	-0.0078261	0.00991339	0.00801829	0.721007	282.57	70.8375	0.0300857	
368.416	0.00771822	-0.00438669	0.00991339	0.00887773	0.669659	330.388	63.9798	0.0300857	
368.428	0.00923156	0.00305747	0.00991339	0.0097247	0.618074	18.3247	58.4075	0.0300857	
368.44	0.00435579	0.00955161	0.00991339	0.0104979	0.570808	65.4857	54.1055	0.0300857	
368.452	-0.00428789	0.0103549	0.00991339	0.0112076	0.527782	112.494	50.6796	0.0300857	
368.464	-0.0111246	0.00415875	0.00991339	0.0118765	0.487903	159.503	47.825	0.0300857	
368.476	-0.0111604	-0.0055186	0.00991339	0.0124502	0.45446	206.312	45.6212	0.0300857	
368.488	-0.00381215	-0.0124469	0.00991339	0.0130176	0.422249	252.972	43.6328	0.0300857	
368.5	0.00663543	-0.0117751	0.00991339	0.013516	0.394776	299.402	42.024	0.0300857	
368.512	0.013523	-0.00343546	0.00991339	0.0139526	0.371408	345.746	40.709	0.0300857	
368.524	0.0121257	0.00765535	0.00991339	0.01434	0.351261	32.2657	39.6091	0.0300857	
368.536	0.00288363	0.0143836	0.00991339	0.0146698	0.334572	78.6636	38.7186	0.0300857	
368.548	-0.00855917	0.0122439	0.00991339	0.014939	0.321278	124.956	38.021	0.0300857	
368.56	-0.0150163	0.00225707	0.00991339	0.015185	0.30939	171.452	37.4051	0.0300857	
368.572	-0.0120915	-0.00938418	0.00991339	0.0153058	0.303644	217.815	37.1097	0.0300857	
368.584	-0.00145445	-0.0153374	0.00991339	0.0154063	0.298917	264.583	36.8678	0.0300857	
368.596	0.010148	-0.0115932	0.00991339	0.0154073	0.298869	311.197	36.8654	0.0300857	
368.608	0.015332	-0.000575276	0.00991339	0.0153428	0.301898	357.851	37.0203	0.0300857	
368.62	0.0107548	0.0107082	0.00991339	0.0151767	0.309787	44.8758	37.4255	0.0300857	
368.632	-0.000481017	0.0148632	0.00991339	0.014871	0.324609	91.8536	38.1949	0.0300857	
368.644	-0.0109373	0.00946807	0.00991339	0.0144661	0.344829	139.118	39.2638	0.0300857	
368.656	-0.0138359	-0.00159199	0.00991339	0.0139272	0.372749	186.564	40.7833	0.0300857	
368.668	-0.00782826	-0.0107269	0.00991339	0.0132796	0.407703	233.879	42.7719	0.0300857	
368.68	0.00250461	-0.0122047	0.00991339	0.012459	0.453953	281.597	45.589	0.0300857	
368.692	0.00991416	-0.00588309	0.00991339	0.0115283	0.508562	329.315	49.2697	0.0300857	
368.704	0.00995978	0.00308596	0.00991339	0.0104269	0.57514	17.2152	54.474	0.0300857	
368.716	0.00382582	0.00832405	0.00991339	0.00916115	0.652465	65.316	62.0005	0.0300857	
368.728	-0.00309195	0.00715555	0.00991339	0.007795	0.734076	113.369	72.8666	0.0300857	
368.74	-0.00596448	0.0019725	0.00991339	0.00628218	0.818082	161.701	90.4137	0.0300857	
368.752	-0.00402094	-0.00231202	0.00991339	0.00463825	0.896323	209.899	122.459	0.0300857	
368.764	-0.000621356	-0.00283302	0.00991339	0.00290036	0.958104	257.629	195.836	0.0300857	
368.776	0.000583047	-0.000876888	0.00991339	0.00105303	0.994374	303.62	539.39	0.0300857	
368.788	-0.000871432	-5.33153e-05	0.00991339	0.000873061	0.996129	183.501	650.579	0.0300857	
368.8	-0.00191947	-0.00213232	0.00991339	0.002869	0.958987	228.007	197.977	0.0300857	
368.812	0.000544818	-0.0048294	0.00991339	0.00486004	0.886767	276.436	116.871	0.0300857	
368.824	0.0056625	-0.00394269	0.00991339	0.00689991	0.784882	325.151	82.3193	0.0300857	
368.836	0.00864598	0.00222211	0.00991339	0.00892697	0.666679	14.4137	63.6269	0.0300857	
368.848	0.00486002	0.00976241	0.00991339	0.0109052	0.546043	63.5345	52.0846	0.0300857	
368.86	-0.00503341	0.0118098	0.00991339	0.0128377	0.432361	113.084	44.2443	0.0300857	
368.872	-0.0140391	0.00437461	0.00991339	0.0147049	0.332825	162.693	38.6264	0.0300857	
368.884	-0.0139264	-0.00878898	0.00991339	0.0164679	0.25164	212.256	34.4911	0.0300857	
368.896	-0.00248539	-0.0179234	0.00991339	0.0180949	0.189028	262.105	31.3898	0.0300857	
368.908	0.0130692	-0.0145438	0.00991339	0.0195531	0.142962	311.943	29.0488	0.0300857	
368.92	0.0208723	0.000741275	0.00991339	0.0208854	0.108687	2.03399	27.1958	0.0300857	
368.932	0.0134983	0.0174379	0.00991339	0.0220519	0.084239	52.2574	25.7572	0.0300857	
368.944	-0.00496468	0.0224727	0.00991339	0.0230145	0.0675545	102.458	24.6799	0.0300857	
368.956	-0.0211814	0.01079	0.00991339	0.0237713	0.0564179	153.005	23.8941	0.0300857	
368.968	-0.0223287	-0.00971544	0.00991339	0.0243508	0.048956	203.514	23.3256	0.0300857	
368.98	-0.00667414	-0.0238186	0.00991339	0.024736	0.0444651	254.347	22.9623	0.0300857	
368.992	0.0144386	-0.0203019	0.00991339	0.0249126	0.0425253	305.42	22.7995	0.0300857	
369.004	0.0248661	-0.0015199	0.00991339	0.0249126	0.0425261	356.502	22.7996	0.0300857	
369.016	0.0165658	0.0183508	0.00991339	0.024722	0.0446227	47.9266	22.9753	0.0300857	
369.028	-0.00408034	0.0240393	0.00991339	0.0243832	0.0485645	99.6333	23.2946	0.0300857	
369.04	-0.0210119	0.0114322	0.00991339	0.0239206	0.054411	151.45	23.745	0.0300857	
369.052	-0.0213315	-0.00937544	0.00991339	0.0233009	0.0631467	203.726	24.3766	0.0300857	
369.064	-0.00541686	-0.021955	0.00991339	0.0226133	0.0741482	256.14	25.1177	0.0300857	
369.076	0.0137724	-0.0169727	0.00991339	0.0218575	0.0879774	309.057	25.9863	0.0300857	
369.088	0.0210431	0.000869986	0.00991339	0.021061	0.104689	2.36744	26.969	0.0300857	
369.1	0.0113664	0.0167401	0.00991339	0.0202343	0.124548	55.8239	28.0709	0.0300857	
369.112	-0.0066006	0.0183122	0.00991339	0.0194655	0.145472	109.822	29.1796	0.0300857	
369.124	-0.0179682	0.00515477	0.00991339	0.018693	0.169008	163.993	30.3854	0.0300857	
369.136	-0.014074	-0.0112438	0.00991339	0.0180139	0.191863	218.622	31.531	0.0300857	
369.148	0.00104783	-0.0173754	0.00991339	0.0174069	0.214039	273.451	32.6304	0.0300857	
369.16	0.0143476	-0.00891269	0.00991339	0.0168906	0.234222	328.152	33.628	0.0300857	
369.172	0.0151402	0.006449	0.00991339	0.0164565	0.252123	23.0717	34.5151	0.0300857	
369.184	0.0034242	0.0157262	0.00991339	0.0160946	0.267693	77.7162	35.291	0.0300857	
369.196	-0.0106277	0.0116846	0.00991339	0.0157949	0.281034	132.288	35.9608	0.0300857	
369.208	-0.0153925	-0.00177027	0.00991339	0.015494	0.294821	186.561	36.659	0.0300857	
369.22	-0.00752696	-0.0131986	0.00991339	0.0151941	0.308956	240.305	37.3827	0.0300857	
369.232	0.00600832	-0.0136175	0.00991339	0.0148841	0.323966	293.808	38.1613	0.0300857	
369.244	0.0141448	-0.00334836	0.00991339	0.0145357	0.341305	346.682	39.0758	0.0300857	
369.256	0.0109141	0.00894132	0.00991339	0.014109	0.363205	39.326	40.2577	0.0300857	
369.268	-0.000356986	0.0135675	0.00991339	0.0135722	0.391726	91.5072	41.8498	0.0300857	
369.28	-0.0103852	0.00782273	0.00991339	0.0130019	0.42313	143.011	43.6857	0.0300857	
369.292	-0.0119306	-0.003016	0.00991339	0.0123059	0.462795	194.187	46.1562	0.0300857	
369.304	-0.00489136	-0.0104227	0.00991339	0.0115134	0.509451	244.859	49.3335	0.0300857	
369.316	0.00449185	-0.00962216	0.00991339	0.010619	0.563432	295.024	53.4887	0.0300857	
369.328	0.00930933	-0.00255862	0.00991339	0.00965454	0.622364	344.632	58.832	0.0300857	
369.34	0.00723679	0.00471696	0.00991339	0.00863833	0.6841	33.0964	65.7529	0.0300857	
369.352	0.00125444	0.00747613	0.00991339	0.00758064	0.74649	80.4749	74.9271	0.0300857	
369.364	-0.00389982	0.00520053	0.00991339	0.00650032	0.806559	126.866	87.3796	0.0300857	
369.376	-0.005401	0.000917136	0.00991339	0.00547831	0.858393	170.363	103.681	0.0300857	
369.388	-0.00391523	-0.00232125	0.00991339	0.00455162	0.899961	210.663	124.79	0.0300857	
369.4	-0.00151876	-0.00354713	0.00991339	0.0038586	0.927048	246.821	147.202	0.0300857	
369.412	0.000513684	-0.00346516	0.00991339	0.00350303	0.939476	278.432	162.144	0.0300857	
369.424	0.00223032	-0.0027377	0.00991339	0.0035312	0.938529	309.169	160.851	0.0300857	
369.436	0.00377881	-0.00113083	0.00991339	0.00394439	0.923896	343.34	144.001	0.0300857	
369.448	0.00420759	0.00168671	0.00991339	0.00453308	0.900732	21.8446	125.3	0.0300857	
369.46	0.00229698	0.00467127	0.00991339	0.00520547	0.871219	63.8155	109.115	0.0300857	
369.472	-0.00182654	0.00555842	0.00991339	0.00585084	0.840158	108.191	97.0793	0.0300857	
369.484	-0.00579007	0.00277923	0.00991339	0.00642254	0.810694	154.359	88.4377	0.0300857	
369.496	-0.00642075	-0.00252506	0.00991339	0.00689942	0.784909	201.468	82.3251	0.0300857	
369.508	-0.0025833	-0.00676657	0.00991339	0.00724292	0.765747	249.104	78.4207	0.0300857	
369.52	0.00343788	-0.00666399	0.00991339	0.00749852	0.751208	297.289	75.7477	0.0300857	
369.532	0.00734396	-0.00185922	0.00991339	0.00757565	0.746777	345.793	74.9765	0.0300857	
369.544	0.00622895	0.00426057	0.00991339	0.00754668	0.748444	34.3719	75.2643	0.0300857	
369.556	0.000891412	0.00731672	0.00991339	0.00737082	0.7585	83.0538	77.06	0.0300857	
369.568	-0.00469107	0.0052965	0.00991339	0.00707524	0.775159	131.531	80.2793	0.0300857	
369.58	-0.00666513	1.84429e-06	0.00991339	0.00666513	0.797704	179.984	85.219	0.0300857	
369.592	-0.00411055	-0.0045779	0.00991339	0.00615254	0.82482	228.079	92.3188	0.0300857	
369.604	0.000529821	-0.00553833	0.00991339	0.00556361	0.854289	275.465	102.091	0.0300857	
369.616	0.00388803	-0.00300109	0.00991339	0.00491155	0.8845	322.336	115.645	0.0300857	
369.628	0.00420131	0.000539204	0.00991339	0.00423577	0.912759	7.31347	134.095	0.0300857	
369.64	0.00229074	0.00276716	0.00991339	0.00359231	0.936453	50.381	158.114	0.0300857	
369.652	-2.69443e-06	0.003033	0.00991339	0.00303301	0.954276	90.0509	187.271	0.0300857	
369.664	-0.00150422	0.00215882	0.00991339	0.00263119	0.96539	124.868	215.87	0.0300857	
369.676	-0.00228028	0.000974372	0.00991339	0.00247973	0.969199	156.863	229.055	0.0300857	
369.688	-0.00261021	-0.000439613	0.00991339	0.00264697	0.964981	189.56	214.583	0.0300857	
369.7	-0.00206841	-0.00221544	0.00991339	0.00303093	0.954337	226.966	187.4	0.0300857	
369.712	-5.8965e-05	-0.0035587	0.00991339	0.00355919	0.937582	269.051	159.586	0.0300857	
369.724	0.00288259	-0.00291792	0.00991339	0.00410165	0.917967	314.651	138.48	0.0300857	
369.736	0.00468306	0.00022019	0.00991339	0.00468823	0.8942	2.69197	121.153	0.0300857	
369.748	0.00318485	0.00415422	0.00991339	0.00523458	0.869872	52.5243	108.508	0.0300857	
369.76	-0.00138535	0.005586	0.00991339	0.00575522	0.844915	103.929	98.6921	0.0300857	
369.772	-0.00573699	0.00252455	0.00991339	0.00626789	0.818829	156.248	90.6198	0.0300857	
369.784	-0.00589463	-0.00331645	0.00991339	0.00676354	0.792358	209.363	83.9789	0.0300857	
369.796	-0.000854841	-0.00720333	0.00991339	0.00725388	0.765129	263.232	78.3023	0.0300857	
369.808	0.00575033	-0.00522944	0.00991339	0.0077726	0.73538	317.716	73.0766	0.0300857	
369.82	0.00810162	0.00178429	0.00991339	0.00829577	0.704591	12.4205	68.468	0.0300857	
369.832	0.00341197	0.00821442	0.00991339	0.00889485	0.668624	67.4438	63.8567	0.0300857	
369.844	-0.00508956	0.00807079	0.00991339	0.00954156	0.62927	122.236	59.5286	0.0300857	
369.856	-0.0102287	0.000498627	0.00991339	0.0102408	0.586506	177.209	55.4639	0.0300857	
369.868	-0.00676312	-0.00866914	0.00991339	0.0109952	0.540599	232.041	51.6586	0.0300857	
369.88	0.00330354	-0.0113035	0.00991339	0.0117764	0.493821	286.291	48.2318	0.0300857	
369.892	0.0118894	-0.00423153	0.00991339	0.01262	0.444726	340.409	45.0075	0.0300857	
369.904	0.0111527	0.00754393	0.00991339	0.0134645	0.397575	34.0754	42.1847	0.0300857	
369.916	0.000613293	0.0142783	0.00991339	0.0142915	0.353754	87.5405	39.7436	0.0300857	
369.928	-0.0116932	0.00956469	0.00991339	0.0151067	0.313143	140.718	37.5988	0.0300857	
369.94	-0.0154193	-0.00370313	0.00991339	0.0158577	0.278204	193.505	35.8183	0.0300857	
369.952	-0.00666818	-0.0151139	0.00991339	0.0165195	0.249469	246.193	34.3832	0.0300857	
369.964	0.00814914	-0.0150356	0.00991339	0.017102	0.22581	298.457	33.2122	0.0300857	
369.976	0.0173214	-0.00285745	0.00991339	0.0175555	0.208456	350.633	32.3542	0.0300857	
369.988	0.0131545	0.0121333	0.00991339	0.0178958	0.196049	42.6876	31.7391	0.0300857	
