364	-0.00160033	-0.0050241	0.00991314	0.00527283	0.86809	252.332	107.719	0.0300849	
364.006	0.000687546	-0.0052458	0.00991314	0.00529066	0.867258	277.467	107.355	0.0300849	
364.012	0.00289289	-0.00448918	0.00991314	0.00534056	0.86492	302.798	106.352	0.0300849	
364.018	0.00456874	-0.00280819	0.00991314	0.00536277	0.863875	328.423	105.912	0.0300849	
364.024	0.00536379	-0.000563204	0.00991314	0.00539327	0.862434	354.006	105.313	0.0300849	
364.03	0.00509307	0.00188889	0.00991314	0.00543205	0.860594	20.3485	104.561	0.0300849	
364.036	0.00374203	0.00396172	0.00991314	0.00544959	0.859759	46.6334	104.225	0.0300849	
364.042	0.00158848	0.00523402	0.00991314	0.00546975	0.858796	73.1173	103.84	0.0300849	
364.048	-0.00094169	0.00541921	0.00991314	0.00550042	0.857327	99.8578	103.261	0.0300849	
364.054	-0.00332038	0.00443482	0.00991314	0.00554008	0.855419	126.822	102.522	0.0300849	
364.06	-0.00501654	0.00245202	0.00991314	0.00558373	0.853308	153.951	101.721	0.0300849	
364.066	-0.00563351	-0.00014236	0.00991314	0.00563531	0.8508	181.448	100.79	0.0300849	
364.072	-0.00500341	-0.00274172	0.00991314	0.00570536	0.847368	208.721	99.5522	0.0300849	
364.078	-0.0031848	-0.00482181	0.00991314	0.00577865	0.843747	236.555	98.2896	0.0300849	
364.084	-0.000609143	-0.00583951	0.00991314	0.0058712	0.839131	264.045	96.7403	0.0300849	
364.09	0.00222196	-0.00554091	0.00991314	0.00596982	0.83416	291.851	95.1421	0.0300849	
364.096	0.00463286	-0.00394066	0.00991314	0.00608212	0.828436	319.616	93.3854	0.0300849	
364.102	0.00604648	-0.00135126	0.00991314	0.00619563	0.822582	347.403	91.6745	0.0300849	
364.108	0.00613001	0.00167705	0.00991314	0.00635528	0.814238	15.3006	89.3716	0.0300849	
364.114	0.00475825	0.00442347	0.00991314	0.00649677	0.80674	42.9119	87.4252	0.0300849	
364.12	0.00221084	0.00632129	0.00991314	0.00669675	0.795982	70.7229	84.8145	0.0300849	
364.126	-0.000993936	0.00678309	0.00991314	0.00685553	0.787315	98.3363	82.8502	0.0300849	
364.132	-0.0041351	0.00572777	0.00991314	0.00706445	0.775751	125.827	80.4	0.0300849	
364.138	-0.00649068	0.00327648	0.00991314	0.00727078	0.764164	153.215	78.1184	0.0300849	
364.144	-0.00752052	-9.1306e-05	0.00991314	0.00752107	0.749904	180.696	75.5187	0.0300849	
364.15	-0.006841	-0.00361457	0.00991314	0.00773721	0.737426	207.851	73.4091	0.0300849	
364.156	-0.0045641	-0.00652202	0.00991314	0.00796038	0.724398	235.016	71.351	0.0300849	
364.162	-0.001157	-0.00813877	0.00991314	0.0082206	0.709044	261.909	69.0925	0.0300849	
364.168	0.00272759	-0.00800693	0.00991314	0.00845877	0.694856	288.812	67.147	0.0300849	
364.174	0.00622553	-0.0061043	0.00991314	0.00871893	0.679235	315.563	65.1435	0.0300849	
364.18	0.0085423	-0.00275485	0.00991314	0.00897553	0.663723	342.126	63.2811	0.0300849	
364.186	0.00912537	0.00138245	0.00991314	0.0092295	0.648292	8.61452	61.5398	0.0300849	
364.192	0.00777363	0.00542865	0.00991314	0.00948154	0.632921	34.9282	59.9039	0.0300849	
364.198	0.00466244	0.0085339	0.00991314	0.0097245	0.618072	61.3503	58.4073	0.0300849	
364.204	0.000438573	0.00993616	0.00991314	0.00994583	0.604531	87.4727	57.1075	0.0300849	
364.21	-0.00407134	0.00933524	0.00991314	0.0101844	0.589937	113.563	55.7696	0.0300849	
364.216	-0.00792404	0.00675362	0.00991314	0.0104116	0.576057	139.559	54.5526	0.0300849	
364.222	-0.0102851	0.00266953	0.00991314	0.0106259	0.562998	165.45	53.4528	0.0300849	
364.228	-0.0106144	-0.0021133	0.00991314	0.0108227	0.55103	191.26	52.4804	0.0300849	
364.234	-0.008793	-0.00663463	0.00991314	0.0110152	0.53937	217.036	51.5633	0.0300849	
364.24	-0.00516835	-0.00995893	0.00991314	0.0112202	0.527008	242.572	50.6215	0.0300849	
364.246	-0.000367868	-0.0113494	0.00991314	0.0113554	0.518886	268.144	50.0187	0.0300849	
364.252	0.00460237	-0.0105556	0.00991314	0.0115153	0.509318	293.558	49.3239	0.0300849	
364.258	0.00877318	-0.00765503	0.00991314	0.0116434	0.501691	318.894	48.7815	0.0300849	
364.264	0.011318	-0.0032008	0.00991314	0.0117619	0.49466	344.209	48.2899	0.0300849	
364.27	0.0117138	0.00192858	0.00991314	0.0118715	0.488181	9.34937	47.8439	0.0300849	
364.276	0.00984459	0.00674733	0.00991314	0.0119349	0.484447	34.4261	47.5899	0.0300849	
364.282	0.00610752	0.0103678	0.00991314	0.012033	0.47869	59.4982	47.2021	0.0300849	
364.288	0.00120326	0.0120201	0.00991314	0.0120802	0.475926	84.2835	47.0177	0.0300849	
364.294	-0.00396818	0.0114586	0.00991314	0.0121263	0.473231	109.101	46.8389	0.0300849	
364.3	-0.00841024	0.00877363	0.00991314	0.0121535	0.471639	133.789	46.7338	0.0300849	
364.306	-0.0113145	0.00446533	0.00991314	0.0121638	0.47104	158.463	46.6944	0.0300849	
364.312	-0.0121323	-0.000637733	0.00991314	0.0121491	0.4719	183.009	46.751	0.0300849	
364.318	-0.0107879	-0.00558532	0.00991314	0.012148	0.471963	207.372	46.7552	0.0300849	
364.324	-0.00751805	-0.00951001	0.00991314	0.0121228	0.473436	231.672	46.8525	0.0300849	
364.33	-0.00297431	-0.0116963	0.00991314	0.0120685	0.476607	255.732	47.063	0.0300849	
364.336	0.00207065	-0.0118707	0.00991314	0.0120499	0.477696	279.895	47.1357	0.0300849	
364.342	0.00667343	-0.00995862	0.00991314	0.0119879	0.481336	303.827	47.3797	0.0300849	
364.348	0.0100886	-0.00639729	0.00991314	0.0119459	0.483801	327.621	47.5461	0.0300849	
364.354	0.0117596	-0.00181712	0.00991314	0.0118992	0.486553	351.216	47.7329	0.0300849	
364.36	0.0114777	0.00300371	0.00991314	0.0118642	0.488614	14.6654	47.8736	0.0300849	
364.366	0.00927711	0.00730602	0.00991314	0.0118086	0.491898	38.2215	48.099	0.0300849	
364.372	0.00559708	0.010327	0.00991314	0.0117463	0.495585	61.543	48.3542	0.0300849	
364.378	0.00108959	0.0116835	0.00991314	0.0117342	0.4963	84.6721	48.4039	0.0300849	
364.384	-0.00356871	0.0111398	0.00991314	0.0116975	0.498479	107.763	48.5559	0.0300849	
364.39	-0.00764287	0.00886004	0.00991314	0.011701	0.498268	130.782	48.5412	0.0300849	
364.396	-0.0104887	0.00522695	0.00991314	0.011719	0.497202	153.511	48.4667	0.0300849	
364.402	-0.0117164	0.000736535	0.00991314	0.0117395	0.495987	176.403	48.3821	0.0300849	
364.408	-0.0111727	-0.00383889	0.00991314	0.0118139	0.491586	198.962	48.0775	0.0300849	
364.414	-0.00888624	-0.00791386	0.00991314	0.0118993	0.486542	221.687	47.7322	0.0300849	
364.42	-0.00518609	-0.0108251	0.00991314	0.0120033	0.48043	244.402	47.3188	0.0300849	
364.426	-0.000640752	-0.0121142	0.00991314	0.0121312	0.472945	266.972	46.82	0.0300849	
364.432	0.00410801	-0.0115856	0.00991314	0.0122923	0.463567	289.523	46.2062	0.0300849	
364.438	0.00836237	-0.00927418	0.00991314	0.0124876	0.452295	312.04	45.4837	0.0300849	
364.444	0.0115096	-0.00538453	0.00991314	0.0127069	0.439758	334.928	44.6988	0.0300849	
364.45	0.0129492	-0.000537687	0.00991314	0.0129603	0.425439	357.622	43.8246	0.0300849	
364.456	0.0124131	0.00457901	0.00991314	0.0132307	0.410383	20.2483	42.929	0.0300849	
364.462	0.00984864	0.00929267	0.00991314	0.0135407	0.393418	43.3363	41.9464	0.0300849	
364.468	0.00559479	0.0126849	0.00991314	0.0138639	0.37608	66.1996	40.9684	0.0300849	
364.474	0.000158136	0.0141989	0.00991314	0.0141997	0.358471	89.3619	39.9994	0.0300849	
364.48	-0.00561549	0.0134565	0.00991314	0.0145812	0.338998	112.651	38.9531	0.0300849	
364.486	-0.0107049	0.0104327	0.00991314	0.0149478	0.32083	135.738	37.9977	0.0300849	
364.492	-0.0143545	0.00543625	0.00991314	0.0153494	0.30157	159.258	37.0035	0.0300849	
364.498	-0.0157468	-0.000723289	0.00991314	0.0157634	0.28244	182.63	36.0317	0.0300849	
364.504	-0.0145025	-0.00714403	0.00991314	0.0161666	0.264531	206.225	35.133	0.0300849	
364.51	-0.0106372	-0.0127177	0.00991314	0.0165798	0.246931	230.091	34.2574	0.0300849	
364.516	-0.00478079	-0.0163278	0.00991314	0.0170133	0.229298	253.68	33.3846	0.0300849	
364.522	0.00233958	-0.0172983	0.00991314	0.0174558	0.212177	277.702	32.5383	0.0300849	
364.528	0.00938021	-0.0152126	0.00991314	0.0178721	0.196878	301.658	31.7803	0.0300849	
364.534	0.0150909	-0.0103393	0.00991314	0.0182931	0.182202	325.584	31.0489	0.0300849	
364.54	0.0184227	-0.00331024	0.00991314	0.0187177	0.168201	349.814	30.3446	0.0300849	
364.546	0.0185649	0.00457839	0.00991314	0.0191212	0.155631	13.8536	29.7043	0.0300849	
364.552	0.0153556	0.0120462	0.00991314	0.0195168	0.143985	38.1137	29.1022	0.0300849	
364.558	0.00916641	0.0176832	0.00991314	0.0199178	0.132855	62.5992	28.5163	0.0300849	
364.564	0.00113886	0.0202651	0.00991314	0.020297	0.122935	86.7835	27.9835	0.0300849	
364.57	-0.00750832	0.0192304	0.00991314	0.0206442	0.114358	111.328	27.5129	0.0300849	
364.576	-0.0150088	0.0146679	0.00991314	0.020986	0.106373	135.658	27.0648	0.0300849	
364.582	-0.020035	0.00721402	0.00991314	0.0212942	0.0995477	160.198	26.6731	0.0300849	
364.588	-0.0215206	-0.00181769	0.00991314	0.0215972	0.0931785	184.828	26.2989	0.0300849	
364.594	-0.0190716	-0.0107038	0.00991314	0.02187	0.0877223	209.303	25.9708	0.0300849	
364.6	-0.0130224	-0.017892	0.00991314	0.0221293	0.0827758	233.952	25.6665	0.0300849	
364.606	-0.00443331	-0.0218929	0.00991314	0.0223373	0.0789705	258.552	25.4275	0.0300849	
364.612	0.00517117	-0.0219524	0.00991314	0.0225533	0.0751694	283.255	25.184	0.0300849	
364.618	0.0140162	-0.017896	0.00991314	0.0227315	0.0721458	308.068	24.9866	0.0300849	
364.624	0.0203044	-0.0104947	0.00991314	0.0228562	0.0700877	332.667	24.8502	0.0300849	
364.63	0.0229591	-0.00101656	0.00991314	0.0229816	0.0680678	357.465	24.7146	0.0300849	
364.636	0.0213729	0.00869427	0.00991314	0.0230736	0.0666162	22.136	24.6161	0.0300849	
364.642	0.0158034	0.0168996	0.00991314	0.0231375	0.0656231	46.9199	24.5481	0.0300849	
364.648	0.00725231	0.0219931	0.00991314	0.023158	0.0653072	71.7498	24.5264	0.0300849	
364.654	-0.00261214	0.0230113	0.00991314	0.023159	0.0652908	96.4763	24.5253	0.0300849	
364.66	-0.012015	0.0197531	0.00991314	0.0231202	0.0658907	121.31	24.5665	0.0300849	
364.666	-0.0191312	0.0128777	0.00991314	0.0230616	0.0668043	146.054	24.6289	0.0300849	
364.672	-0.0226784	0.00363733	0.00991314	0.0229682	0.0682814	170.888	24.729	0.0300849	
364.678	-0.0219843	-0.00616535	0.00991314	0.0228324	0.0704769	195.666	24.8761	0.0300849	
364.684	-0.0172741	-0.0147056	0.00991314	0.0226859	0.0729088	220.408	25.0367	0.0300849	
364.69	-0.0094163	-0.0204122	0.00991314	0.0224795	0.0764514	245.236	25.2667	0.0300849	
364.696	2.57188e-05	-0.0222638	0.00991314	0.0222638	0.0802984	270.066	25.5114	0.0300849	
364.702	0.00920862	-0.0200075	0.00991314	0.022025	0.0847384	294.715	25.7881	0.0300849	
364.708	0.016544	-0.0140999	0.00991314	0.0217373	0.0903435	319.56	26.1293	0.0300849	
364.714	0.020623	-0.00582143	0.00991314	0.0214289	0.0966751	344.237	26.5054	0.0300849	
364.72	0.020849	0.00330094	0.00991314	0.0211087	0.103612	8.99673	26.9074	0.0300849	
364.726	0.017251	0.011516	0.00991314	0.0207417	0.112035	33.7253	27.3836	0.0300849	
364.732	0.010709	0.0173382	0.00991314	0.0203788	0.120872	58.2983	27.8712	0.0300849	
364.738	0.00244927	0.019822	0.00991314	0.0199728	0.13138	82.9561	28.4378	0.0300849	
364.744	-0.00589295	0.0186381	0.00991314	0.0195475	0.143108	107.546	29.0564	0.0300849	
364.75	-0.0128049	0.0141573	0.00991314	0.0190891	0.156603	132.128	29.7542	0.0300849	
364.756	-0.0171063	0.00738092	0.00991314	0.0186307	0.171005	156.661	30.4863	0.0300849	
364.762	-0.0181313	-0.000343991	0.00991314	0.0181345	0.187637	181.087	31.3204	0.0300849	
364.768	-0.0159125	-0.00760369	0.00991314	0.0176358	0.205464	205.541	32.2061	0.0300849	
364.774	-0.0110509	-0.0130798	0.00991314	0.0171231	0.224964	229.806	33.1704	0.0300849	
364.78	-0.00452514	-0.0159432	0.00991314	0.0165729	0.24722	254.155	34.2717	0.0300849	
364.786	0.00235258	-0.0158482	0.00991314	0.0160219	0.270877	278.444	35.4504	0.0300849	
364.792	0.0083432	-0.0130542	0.00991314	0.0154926	0.294867	302.583	36.6614	0.0300849	
364.798	0.0124572	-0.00821094	0.00991314	0.0149199	0.322195	326.61	38.0688	0.0300849	
364.804	0.0141589	-0.00238762	0.00991314	0.0143588	0.350281	350.428	39.5563	0.0300849	
364.81	0.0133675	0.00340304	0.00991314	0.0137939	0.379804	14.2827	41.1763	0.0300849	
364.816	0.0104119	0.008137	0.00991314	0.0132143	0.411288	38.0079	42.9822	0.0300849	
364.822	0.00603418	0.0111158	0.00991314	0.012648	0.443108	61.5049	44.9067	0.0300849	
364.828	0.00105512	0.0120457	0.00991314	0.0120918	0.475245	84.994	46.9725	0.0300849	
364.834	-0.00358854	0.0109495	0.00991314	0.0115226	0.508884	108.146	49.2928	0.0300849	
364.84	-0.00723348	0.0082682	0.00991314	0.0109857	0.541153	131.181	51.7017	0.0300849	
364.846	-0.00940743	0.0045989	0.00991314	0.0104714	0.572411	153.948	54.2414	0.0300849	
364.852	-0.00993695	0.000620592	0.00991314	0.00995631	0.603889	176.426	57.0474	0.0300849	
364.858	-0.00895969	-0.00306344	0.00991314	0.00946894	0.633691	198.876	59.9836	0.0300849	
364.864	-0.00680958	-0.00591252	0.00991314	0.00901822	0.661134	220.967	62.9815	0.0300849	
364.87	-0.0039578	-0.00763214	0.00991314	0.00859731	0.686552	242.59	66.065	0.0300849	
364.876	-0.000828286	-0.00815069	0.00991314	0.00819267	0.710699	264.197	69.328	0.0300849	
364.882	0.00208158	-0.00754901	0.00991314	0.00783075	0.731982	285.416	72.5322	0.0300849	
364.888	0.0044436	-0.00603362	0.00991314	0.00749334	0.751494	306.371	75.7982	0.0300849	
364.894	0.00607633	-0.00393486	0.00991314	0.00723912	0.765952	327.074	78.46	0.0300849	
364.9	0.00684276	-0.00153122	0.00991314	0.00701199	0.778671	347.387	81.0015	0.0300849	
364.906	0.00675372	0.00091019	0.00991314	0.00681478	0.789549	7.67543	83.3455	0.0300849	
364.912	0.00590336	0.00314429	0.00991314	0.00668851	0.796429	28.041	84.9189	0.0300849	
364.918	0.00438689	0.00492383	0.00991314	0.00659461	0.801499	48.3006	86.1281	0.0300849	
364.924	0.0024	0.00609092	0.00991314	0.0065467	0.804071	68.4942	86.7584	0.0300849	
364.93	0.000122364	0.00653001	0.00991314	0.00653115	0.804903	88.9265	86.9649	0.0300849	
364.936	-0.00218417	0.0061866	0.00991314	0.00656084	0.803313	109.445	86.5714	0.0300849	
364.942	-0.00424322	0.00504856	0.00991314	0.00659492	0.801482	130.046	86.1241	0.0300849	
364.948	-0.00585949	0.00323312	0.00991314	0.00669228	0.796224	151.111	84.8711	0.0300849	
364.954	-0.0066913	0.000901433	0.00991314	0.00675175	0.792992	172.327	84.1236	0.0300849	
364.96	-0.00665491	-0.00165094	0.00991314	0.00685664	0.787254	193.933	82.8367	0.0300849	
364.966	-0.0056532	-0.00403753	0.00991314	0.00694697	0.782275	215.535	81.7596	0.0300849	
364.972	-0.00379419	-0.00594226	0.00991314	0.00705028	0.776541	237.441	80.5616	0.0300849	
364.978	-0.00128767	-0.00703008	0.00991314	0.00714704	0.771132	259.62	79.4709	0.0300849	
364.984	0.00150322	-0.00707111	0.00991314	0.00722912	0.766516	282.002	78.5685	0.0300849	
364.99	0.00413908	-0.0060357	0.00991314	0.00731858	0.761457	304.441	77.6081	0.0300849	
364.996	0.00617936	-0.00400867	0.00991314	0.00736573	0.758779	327.028	77.1114	0.0300849	
365.002	0.00728844	-0.00132033	0.00991314	0.00740706	0.756426	349.732	76.681	0.0300849	
365.008	0.00726621	0.00161917	0.00991314	0.00744443	0.754293	12.5623	76.2962	0.0300849	
365.014	0.00607724	0.00432141	0.00991314	0.00745704	0.753572	35.4159	76.1671	0.0300849	
365.02	0.00393259	0.00632212	0.00991314	0.00744544	0.754235	58.1169	76.2859	0.0300849	
365.026	0.00113736	0.0073199	0.00991314	0.00740773	0.756388	81.168	76.6741	0.0300849	
365.032	-0.00177235	0.0071337	0.00991314	0.00735057	0.759641	103.953	77.2704	0.0300849	
365.038	-0.00436969	0.00583008	0.00991314	0.00728588	0.763309	126.852	77.9564	0.0300849	
365.044	-0.00620686	0.00363083	0.00991314	0.00719083	0.768672	149.674	78.9869	0.0300849	
365.05	-0.00704186	0.000951807	0.00991314	0.00710589	0.773436	172.302	79.931	0.0300849	
365.056	-0.00671966	-0.0018269	0.00991314	0.00696358	0.781356	195.21	81.5646	0.0300849	
365.062	-0.00542017	-0.00414893	0.00991314	0.00682582	0.788945	217.433	83.2107	0.0300849	
365.068	-0.00336696	-0.00575749	0.00991314	0.00666972	0.797447	239.681	85.1583	0.0300849	
365.074	-0.000909009	-0.00642345	0.00991314	0.00648745	0.807237	261.945	87.5508	0.0300849	
365.08	0.00151088	-0.00615323	0.00991314	0.00633601	0.815252	283.796	89.6434	0.0300849	
365.086	0.00355229	-0.00500552	0.00991314	0.00613791	0.825567	305.362	92.5365	0.0300849	
365.092	0.0049923	-0.00329504	0.00991314	0.00598167	0.833559	326.574	94.9537	0.0300849	
365.098	0.00566353	-0.00125288	0.00991314	0.00580046	0.842664	347.526	97.9201	0.0300849	
365.104	0.00557959	0.000805851	0.00991314	0.00563749	0.850694	8.2183	100.751	0.0300849	
365.11	0.00485903	0.00261242	0.00991314	0.00551679	0.856541	28.2643	102.955	0.0300849	
365.116	0.00360202	0.00401568	0.00991314	0.00539446	0.862378	48.1083	105.29	0.0300849	
365.122	0.00200484	0.00491571	0.00991314	0.00530882	0.866409	67.8122	106.988	0.0300849	
365.128	0.000265848	0.00526532	0.00991314	0.00527203	0.868127	87.1096	107.735	0.0300849	
365.134	-0.0014635	0.00508783	0.00991314	0.00529413	0.867096	106.048	107.285	0.0300849	
365.14	-0.00306979	0.00437973	0.00991314	0.00534843	0.86455	125.027	106.196	0.0300849	
365.146	-0.00442561	0.00321027	0.00991314	0.00546735	0.858911	144.043	103.886	0.0300849	
365.152	-0.00540146	0.00162959	0.00991314	0.00564192	0.850477	163.212	100.672	0.0300849	
365.158	-0.00584291	-0.000276225	0.00991314	0.00584944	0.840221	182.707	97.1001	0.0300849	
365.164	-0.00564385	-0.00236213	0.00991314	0.00611823	0.826581	202.711	92.8343	0.0300849	
365.17	-0.00469622	-0.00437447	0.00991314	0.00641798	0.810927	222.969	88.4985	0.0300849	
365.176	-0.00301013	-0.00607054	0.00991314	0.00677586	0.791677	243.625	83.8242	0.0300849	
365.182	-0.000662533	-0.00711432	0.00991314	0.0071451	0.771241	264.68	79.4924	0.0300849	
365.188	0.00209416	-0.00725458	0.00991314	0.00755079	0.748197	286.102	75.2215	0.0300849	
365.194	0.00492317	-0.00627697	0.00991314	0.00797734	0.723402	308.108	71.1994	0.0300849	
365.2	0.00730646	-0.00418145	0.00991314	0.00841837	0.697271	330.218	67.4693	0.0300849	
365.206	0.00879349	-0.00113307	0.00991314	0.00886619	0.670344	352.658	64.0615	0.0300849	
365.212	0.00898933	0.00246711	0.00991314	0.00932173	0.642673	15.3469	60.9309	0.0300849	
365.218	0.00769694	0.00605302	0.00991314	0.00979193	0.613947	38.1822	58.005	0.0300849	
365.224	0.0049134	0.00898887	0.00991314	0.0102441	0.58629	61.3386	55.4448	0.0300849	
365.23	0.000995962	0.0106322	0.00991314	0.0106788	0.559777	84.6485	53.1878	0.0300849	
365.236	-0.00346334	0.0105943	0.00991314	0.011146	0.531476	108.103	50.9584	0.0300849	
365.242	-0.00769725	0.00863437	0.00991314	0.0115672	0.506225	131.716	49.1028	0.0300849	
365.248	-0.0109079	0.00498923	0.00991314	0.0119948	0.480929	155.421	47.3524	0.0300849	
365.254	-0.0124009	0.000150652	0.00991314	0.0124018	0.457237	179.304	45.7984	0.0300849	
365.26	-0.0117444	-0.00507747	0.00991314	0.0127949	0.434761	203.38	44.3911	0.0300849	
365.266	-0.00894721	-0.00963777	0.00991314	0.0131506	0.414818	227.128	43.1904	0.0300849	
365.272	-0.00431499	-0.0127797	0.00991314	0.0134885	0.396251	251.343	42.1086	0.0300849	
365.278	0.00131927	-0.0137553	0.00991314	0.0138184	0.378497	275.478	41.1032	0.0300849	
365.284	0.00698391	-0.0122537	0.00991314	0.0141042	0.363437	299.681	40.2703	0.0300849	
365.29	0.0116466	-0.0084583	0.00991314	0.014394	0.348484	324.011	39.4597	0.0300849	
365.296	0.0143367	-0.00297413	0.00991314	0.014642	0.335946	348.28	38.7913	0.0300849	
365.302	0.0144831	0.00323061	0.00991314	0.014839	0.326163	12.5746	38.2762	0.0300849	
365.308	0.0119952	0.0090421	0.00991314	0.0150215	0.317244	37.0093	37.8113	0.0300849	
365.314	0.00722397	0.0133121	0.00991314	0.0151459	0.311244	61.513	37.5007	0.0300849	
365.32	0.00107561	0.0152361	0.00991314	0.015274	0.305131	85.9619	37.186	0.0300849	
365.326	-0.00533323	0.0143965	0.00991314	0.0153526	0.30142	110.327	36.9958	0.0300849	
365.332	-0.0108569	0.0109094	0.00991314	0.0153911	0.299608	134.862	36.9032	0.0300849	
365.338	-0.0144116	0.00542987	0.00991314	0.0154006	0.299165	159.355	36.8805	0.0300849	
365.344	-0.0153546	-0.00103697	0.00991314	0.0153896	0.299679	183.864	36.9068	0.0300849	
365.35	-0.0134779	-0.00729903	0.00991314	0.0153274	0.302608	208.438	37.0566	0.0300849	
365.356	-0.0091915	-0.0121324	0.00991314	0.015221	0.307654	232.852	37.3157	0.0300849	
365.362	-0.00328319	-0.01471	0.00991314	0.0150719	0.314804	257.418	37.6847	0.0300849	
365.368	0.00309519	-0.0146021	0.00991314	0.0149266	0.321866	281.968	38.0517	0.0300849	
365.374	0.00875361	-0.0118229	0.00991314	0.0147108	0.332511	306.516	38.6098	0.0300849	
365.38	0.0126686	-0.00700536	0.00991314	0.0144765	0.344283	331.059	39.2347	0.0300849	
365.386	0.0141566	-0.00112696	0.00991314	0.0142014	0.358386	355.449	39.9948	0.0300849	
365.392	0.0130642	0.00476348	0.00991314	0.0139055	0.373875	20.033	40.8458	0.0300849	
365.398	0.00967257	0.0095173	0.00991314	0.0135697	0.391843	44.5364	41.8565	0.0300849	
365.404	0.00473283	0.0123206	0.00991314	0.0131983	0.412175	68.9862	43.0343	0.0300849	
365.41	-0.000772041	0.0127802	0.00991314	0.0128035	0.434278	93.457	44.3615	0.0300849	
365.416	-0.00574533	0.0109717	0.00991314	0.0123849	0.458208	117.639	45.8607	0.0300849	
365.422	-0.00940369	0.0073376	0.00991314	0.0119277	0.484873	142.035	47.6187	0.0300849	
365.428	-0.0111198	0.00272219	0.00991314	0.0114481	0.513333	166.244	49.6135	0.0300849	
365.434	-0.0107722	-0.00201272	0.00991314	0.0109587	0.542792	190.583	51.8295	0.0300849	
365.44	-0.00857406	-0.00593733	0.00991314	0.0104291	0.57499	214.702	54.4612	0.0300849	
365.446	-0.00514348	-0.00844947	0.00991314	0.00989186	0.607833	238.67	57.4191	0.0300849	
365.452	-0.00123642	-0.00923633	0.00991314	0.00931872	0.642856	262.375	60.9506	0.0300849	
365.458	0.00243894	-0.00840779	0.00991314	0.00875439	0.677097	286.176	64.8796	0.0300849	
365.464	0.0052095	-0.00630488	0.00991314	0.00817866	0.711529	309.566	69.4468	0.0300849	
365.47	0.00674262	-0.00342864	0.00991314	0.00756429	0.74742	333.047	75.0872	0.0300849	
365.476	0.00697147	-0.000499277	0.00991314	0.00698932	0.779929	355.904	81.2641	0.0300849	
365.482	0.00607462	0.00200291	0.00991314	0.0063963	0.812074	18.2484	88.7984	0.0300849	
365.488	0.00440027	0.00376998	0.00991314	0.00579441	0.842965	40.5887	98.0224	0.0300849	
365.494	0.00246643	0.00459592	0.00991314	0.00521592	0.87073	61.7795	108.894	0.0300849	
365.5	0.000637567	0.00462852	0.00991314	0.00467223	0.894877	82.157	121.565	0.0300849	
365.506	-0.000832599	0.00405536	0.00991314	0.00413995	0.91649	101.602	137.195	0.0300849	
365.512	-0.00176852	0.00320186	0.00991314	0.00365781	0.93419	118.914	155.279	0.0300849	
365.518	-0.00233362	0.00233064	0.00991314	0.00329814	0.946158	135.037	172.213	0.0300849	
365.524	-0.00254658	0.00157839	0.00991314	0.00299607	0.955355	148.209	189.576	0.0300849	
365.53	-0.0027059	0.000945099	0.00991314	0.0028662	0.959063	160.747	198.165	0.0300849	
365.536	-0.00284818	0.000365027	0.00991314	0.00287148	0.958915	172.697	197.801	0.0300849	
365.542	-0.0030074	-0.000267202	0.00991314	0.00301925	0.954678	185.077	188.12	0.0300849	
365.548	-0.00309242	-0.00108468	0.00991314	0.00327713	0.946823	199.329	173.316	0.0300849	
365.554	-0.0029451	-0.00215401	0.00991314	0.00364875	0.934505	216.181	155.665	0.0300849	
365.56	-0.00235982	-0.00331855	0.00991314	0.00407204	0.919094	234.583	139.483	0.0300849	
365.566	-0.00122817	-0.00434296	0.00991314	0.00451328	0.901549	254.209	125.847	0.0300849	
365.572	0.00042221	-0.00495259	0.00991314	0.00497055	0.881874	274.873	114.269	0.0300849	
365.578	0.00243883	-0.00486992	0.00991314	0.00544647	0.859908	296.601	104.284	0.0300849	
365.584	0.00446315	-0.00387543	0.00991314	0.0059109	0.837136	319.032	96.0905	0.0300849	
365.59	0.00606162	-0.00195927	0.00991314	0.0063704	0.813442	342.088	89.1595	0.0300849	
365.596	0.00677865	0.000615935	0.00991314	0.00680657	0.789999	5.19187	83.446	0.0300849	
365.602	0.00633502	0.00347658	0.00991314	0.00722628	0.766676	28.7574	78.5994	0.0300849	
365.608	0.00463492	0.00604798	0.00991314	0.00761975	0.744225	52.535	74.5407	0.0300849	
365.614	0.00185009	0.00780516	0.00991314	0.00802143	0.72081	76.665	70.808	0.0300849	
365.62	-0.00157473	0.00822645	0.00991314	0.00837581	0.699811	100.837	67.8121	0.0300849	
365.626	-0.00502762	0.00710466	0.00991314	0.00870363	0.680157	125.285	65.258	0.0300849	
365.632	-0.00778306	0.00456242	0.00991314	0.00902173	0.660921	149.621	62.957	0.0300849	
365.638	-0.00923689	0.000919363	0.00991314	0.00928253	0.645062	174.316	61.1882	0.0300849	
365.644	-0.00902678	-0.00310548	0.00991314	0.00954603	0.628982	198.985	59.4992	0.0300849	
365.65	-0.00705977	-0.00675867	0.00991314	0.00977343	0.615079	223.752	58.1148	0.0300849	
365.656	-0.00361793	-0.00928128	0.00991314	0.0099615	0.603572	248.704	57.0176	0.0300849	
365.662	0.000612186	-0.0101111	0.00991314	0.0101296	0.593291	273.465	56.0716	0.0300849	
365.668	0.00489122	-0.00903229	0.00991314	0.0102716	0.584607	298.437	55.2961	0.0300849	
365.674	0.00835375	-0.00615735	0.00991314	0.0103778	0.578123	323.607	54.7306	0.0300849	
365.68	0.0102506	-0.00206285	0.00991314	0.0104561	0.573341	348.622	54.3204	0.0300849	
365.686	0.0101961	0.00253146	0.00991314	0.0105056	0.570324	13.9434	54.0646	0.0300849	
365.692	0.00818982	0.00661016	0.00991314	0.0105246	0.569165	38.9077	53.967	0.0300849	
365.698	0.00457235	0.00948019	0.00991314	0.0105252	0.569127	64.2517	53.9638	0.0300849	
365.704	6.69366e-05	0.0104923	0.00991314	0.0104925	0.571125	89.6345	54.1323	0.0300849	
365.71	-0.00439557	0.00943561	0.00991314	0.0104092	0.576204	114.978	54.5652	0.0300849	
365.716	-0.00797673	0.00658824	0.00991314	0.0103457	0.580083	140.446	54.9003	0.0300849	
365.722	-0.00992077	0.00253043	0.00991314	0.0102384	0.586637	165.691	55.4756	0.0300849	
365.728	-0.00989077	-0.00196587	0.00991314	0.0100842	0.596063	191.242	56.3236	0.0300849	
365.734	-0.00795869	-0.00594185	0.00991314	0.00993209	0.605372	216.745	57.1865	0.0300849	
365.74	-0.00455875	-0.00863876	0.00991314	0.00976782	0.615422	242.179	58.1482	0.0300849	
365.746	-0.000341552	-0.00956517	0.00991314	0.00957127	0.62744	267.955	59.3423	0.0300849	
365.752	0.00374347	-0.00855456	0.00991314	0.00933777	0.641694	293.634	60.8262	0.0300849	
365.758	0.00689589	-0.00595397	0.00991314	0.0091106	0.655525	319.192	62.3429	0.0300849	
365.764	0.00855306	-0.00230488	0.00991314	0.00885818	0.670829	344.918	64.1194	0.0300849	
365.77	0.008439	0.00157151	0.00991314	0.00858408	0.687347	10.5488	66.1669	0.0300849	
365.776	0.00665295	0.00492557	0.00991314	0.00827786	0.705644	36.5147	68.6145	0.0300849	
365.782	0.00370014	0.00707447	0.00991314	0.00798368	0.72303	62.3892	71.1428	0.0300849	
365.788	0.00026422	0.00767192	0.00991314	0.00767647	0.740947	88.0275	73.9899	0.0300849	
365.794	-0.00298058	0.00670579	0.00991314	0.00733836	0.760335	113.964	77.399	0.0300849	
365.8	-0.00533322	0.00453964	0.00991314	0.00700369	0.779132	139.596	81.0975	0.0300849	
365.806	-0.0064338	0.00162457	0.00991314	0.00663574	0.799283	165.829	85.5943	0.0300849	
365.812	-0.00611882	-0.001284	0.00991314	0.00625209	0.819646	191.851	90.8467	0.0300849	
365.818	-0.00465763	-0.00360524	0.00991314	0.00588993	0.838191	217.742	96.4326	0.0300849	
365.824	-0.00244511	-0.00495035	0.00991314	0.00552128	0.856325	243.714	102.871	0.0300849	
365.83	-4.06415e-05	-0.00511486	0.00991314	0.00511502	0.875361	269.545	111.042	0.0300849	
365.836	0.00204816	-0.00425929	0.00991314	0.00472615	0.892572	295.681	120.178	0.0300849	
365.842	0.00338392	-0.00264511	0.00991314	0.00429506	0.910409	321.986	132.241	0.0300849	
365.848	0.00380152	-0.000821826	0.00991314	0.00388934	0.925921	347.801	146.035	0.0300849	
365.854	0.00337886	0.000812317	0.00991314	0.00347513	0.940404	13.518	163.442	0.0300849	
365.86	0.00232706	0.0019258	0.00991314	0.00302058	0.954638	39.6101	188.037	0.0300849	
365.866	0.00109513	0.00233502	0.00991314	0.00257908	0.966723	64.8732	220.227	0.0300849	
365.872	-2.7628e-05	0.0021202	0.00991314	0.00212038	0.977384	90.7466	267.867	0.0300849	
365.878	-0.000718749	0.00147935	0.00991314	0.00164472	0.986331	115.913	345.337	0.0300849	
365.884	-0.000900238	0.000752214	0.00991314	0.00117314	0.993022	140.119	484.155	0.0300849	
365.89	-0.000638775	0.00022614	0.00991314	0.000677623	0.997666	160.505	838.197	0.0300849	
365.896	-0.000220966	8.75274e-05	0.00991314	0.00023767	0.999713	158.391	2389.79	0.0300849	
365.902	0.000134072	0.000354423	0.00991314	0.000378934	0.99927	69.2792	1498.89	0.0300849	
365.908	0.000129103	0.000882555	0.00991314	0.000891948	0.99596	81.6776	636.788	0.0300849	
365.914	-0.0003498	0.00138258	0.00991314	0.00142615	0.989705	104.198	398.263	0.0300849	
365.92	-0.0012412	0.00152924	0.00991314	0.00196955	0.980456	129.064	288.381	0.0300849	
365.926	-0.00227132	0.00111968	0.00991314	0.00253231	0.967899	153.758	224.294	0.0300849	
365.932	-0.00312501	3.54627e-05	0.00991314	0.00312521	0.95152	179.35	181.742	0.0300849	
365.938	-0.00336466	-0.00158537	0.00991314	0.00371945	0.932031	205.229	152.706	0.0300849	
365.944	-0.00269665	-0.00335132	0.00991314	0.00430154	0.910151	231.178	132.041	0.0300849	
365.95	-0.00113267	-0.00481542	0.00991314	0.00494684	0.88293	256.764	114.817	0.0300849	
365.956	0.00120496	-0.00544403	0.00991314	0.00557579	0.853694	282.48	101.866	0.0300849	
365.962	0.00386653	-0.00491021	0.00991314	0.00624982	0.819764	308.219	90.8796	0.0300849	
365.968	0.00621878	-0.00301944	0.00991314	0.00691304	0.784149	334.102	82.1608	0.0300849	
365.974	0.00760695	-2.63622e-05	0.00991314	0.00760699	0.744961	359.801	74.6657	0.0300849	
365.98	0.00747509	0.0035909	0.00991314	0.00829286	0.704752	25.6588	68.4904	0.0300849	
365.986	0.00565026	0.00704659	0.00991314	0.00903216	0.660288	51.2759	62.8843	0.0300849	
365.992	0.00218468	0.00949583	0.00991314	0.0097439	0.616885	77.0435	58.291	0.0300849	
365.998	-0.00232013	0.0102293	0.00991314	0.0104891	0.571327	102.779	54.1494	0.0300849	
366.004	-0.00700154	0.00881944	0.00991314	0.0112607	0.524568	128.445	50.4391	0.0300849	
366.01	-0.0108247	0.00525983	0.00991314	0.0120349	0.478573	154.084	47.1943	0.0300849	
366.016	-0.0127961	0.000112612	0.00991314	0.0127966	0.434665	179.496	44.3852	0.0300849	
366.022	-0.0122902	-0.00577983	0.00991314	0.0135814	0.391213	205.187	41.8205	0.0300849	
366.028	-0.00909578	-0.011152	0.00991314	0.014391	0.348636	230.799	39.4679	0.0300849	
366.034	-0.00359914	-0.0147389	0.00991314	0.015172	0.309995	256.277	37.4362	0.0300849	
366.04	0.0032802	-0.0156663	0.00991314	0.016006	0.271579	281.826	35.4855	0.0300849	
366.046	0.0101314	-0.0133993	0.00991314	0.0167984	0.237933	307.094	33.8116	0.0300849	
366.052	0.0156439	-0.00811837	0.00991314	0.017625	0.205864	332.573	32.2259	0.0300849	
366.058	0.0184268	-0.000639987	0.00991314	0.0184379	0.177338	358.011	30.8051	0.0300849	
366.064	0.0176582	0.00764917	0.00991314	0.0192438	0.151951	23.4213	29.5151	0.0300849	
366.07	0.0132131	0.0151058	0.00991314	0.0200692	0.128824	48.8237	28.3011	0.0300849	
366.076	0.00578624	0.0200616	0.00991314	0.0208793	0.108816	73.9111	27.203	0.0300849	
366.082	-0.0034879	0.0213926	0.00991314	0.021675	0.0915951	99.2602	26.2044	0.0300849	
366.088	-0.012751	0.0184959	0.00991314	0.0224652	0.0767003	124.582	25.2827	0.0300849	
366.094	-0.0201059	0.0116746	0.00991314	0.0232495	0.0639103	149.858	24.4298	0.0300849	
366.1	-0.0239341	0.00203841	0.00991314	0.0240207	0.0530909	175.132	23.6455	0.0300849	
366.106	-0.023248	-0.00855225	0.00991314	0.0247711	0.0440671	200.197	22.9292	0.0300849	
366.112	-0.0179213	-0.0181735	0.00991314	0.0255235	0.0363495	225.4	22.2533	0.0300849	
366.118	-0.00872791	-0.0247566	0.00991314	0.0262501	0.0300178	250.58	21.6373	0.0300849	
366.124	0.00271709	-0.0268121	0.00991314	0.0269494	0.0248409	275.787	21.0758	0.0300849	
366.13	0.0142154	-0.0236928	0.00991314	0.0276301	0.0205621	300.963	20.5566	0.0300849	
366.136	0.0234109	-0.0158333	0.00991314	0.0282625	0.017178	325.929	20.0967	0.0300849	
366.142	0.0285591	-0.00450062	0.00991314	0.0289115	0.0142223	351.044	19.6455	0.0300849	
366.148	0.028351	0.00821343	0.00991314	0.0295168	0.0118802	16.1565	19.2426	0.0300849	
366.154	0.0226169	0.0198525	0.00991314	0.030094	0.00997235	41.2758	18.8736	0.0300849	
366.16	0.0122969	0.028044	0.00991314	0.0306215	0.00847268	66.3232	18.5484	0.0300849	
366.166	-0.000688551	0.031128	0.00991314	0.0311357	0.00720878	91.2672	18.2421	0.0300849	
366.172	-0.0140099	0.0283262	0.00991314	0.0316015	0.00621281	116.317	17.9733	0.0300849	
366.178	-0.0250263	0.0199803	0.00991314	0.0320238	0.0054188	141.397	17.7362	0.0300849	
366.184	-0.0315065	0.00758601	0.00991314	0.0324069	0.00477934	166.462	17.5266	0.0300849	
366.19	-0.0321184	-0.00652358	0.00991314	0.0327742	0.00423117	191.481	17.3301	0.0300849	
366.196	-0.0265893	-0.0197033	0.00991314	0.0330939	0.00380128	216.539	17.1627	0.0300849	
366.202	-0.0159832	-0.0292832	0.00991314	0.0333612	0.0034728	241.374	17.0252	0.0300849	
366.208	-0.00209582	-0.0335276	0.00991314	0.033593	0.00320908	266.423	16.9077	0.0300849	
366.214	0.0123405	-0.0314383	0.00991314	0.0337736	0.00301648	291.432	16.8173	0.0300849	
366.22	0.0245795	-0.0233599	0.00991314	0.0339093	0.00287881	316.457	16.75	0.0300849	
366.226	0.0322442	-0.0107891	0.00991314	0.0340014	0.00278863	341.499	16.7047	0.0300849	
366.232	0.0338532	0.00374105	0.00991314	0.0340592	0.00273332	6.30606	16.6763	0.0300849	
366.238	0.0290915	0.0176891	0.00991314	0.0340473	0.00274461	31.3016	16.6821	0.0300849	
366.244	0.0188433	0.0282911	0.00991314	0.033992	0.00279767	56.3343	16.7093	0.0300849	
366.25	0.00508999	0.0335056	0.00991314	0.03389	0.002898	81.362	16.7596	0.0300849	
366.256	-0.00951189	0.0323868	0.00991314	0.0337547	0.00303617	106.367	16.8267	0.0300849	
366.262	-0.0221222	0.0252428	0.00991314	0.0335648	0.00324025	131.231	16.922	0.0300849	
366.268	-0.0304943	0.0134299	0.00991314	0.0333206	0.003521	156.231	17.046	0.0300849	
366.274	-0.0330298	-0.000733639	0.00991314	0.0330379	0.00387355	181.272	17.1918	0.0300849	
366.28	-0.0293139	-0.0145006	0.00991314	0.0327043	0.00433095	206.32	17.3672	0.0300849	
366.286	-0.0201867	-0.0252407	0.00991314	0.0323202	0.00491774	231.348	17.5736	0.0300849	
366.292	-0.0075985	-0.0309704	0.00991314	0.0318889	0.00566183	256.215	17.8112	0.0300849	
366.298	0.0061561	-0.0308028	0.00991314	0.031412	0.00660195	281.302	18.0817	0.0300849	
366.304	0.0183449	-0.0248616	0.00991314	0.0308972	0.00777237	306.423	18.383	0.0300849	
366.31	0.0266461	-0.0144804	0.00991314	0.0303265	0.0092843	331.479	18.7289	0.0300849	
366.316	0.0296662	-0.0017541	0.00991314	0.029718	0.0111812	356.616	19.1124	0.0300849	
366.322	0.0270474	0.0107051	0.00991314	0.0290888	0.0134973	21.5931	19.5257	0.0300849	
366.328	0.0194685	0.0206765	0.00991314	0.0283996	0.016512	46.7235	19.9996	0.0300849	
366.334	0.00860378	0.0263354	0.00991314	0.0277052	0.0201323	71.9077	20.5009	0.0300849	
366.34	-0.00333264	0.0267449	0.00991314	0.0269518	0.0248249	97.1029	21.074	0.0300849	
366.346	-0.0139947	0.0221115	0.00991314	0.0261681	0.030681	122.33	21.7051	0.0300849	
366.352	-0.0213862	0.0136365	0.00991314	0.0253638	0.0378838	147.477	22.3934	0.0300849	
366.358	-0.0243425	0.00310235	0.00991314	0.0245394	0.0467052	172.737	23.1457	0.0300849	
366.364	-0.0225258	-0.00735947	0.00991314	0.0236976	0.0574243	198.093	23.9679	0.0300849	
366.37	-0.0165434	-0.0157001	0.00991314	0.0228074	0.0708872	223.502	24.9034	0.0300849	
366.376	-0.00789237	-0.0204218	0.00991314	0.0218939	0.087258	248.87	25.9425	0.0300849	
366.382	0.00155385	-0.0209361	0.00991314	0.0209936	0.106198	274.245	27.0549	0.0300849	
366.388	0.00998353	-0.0174141	0.00991314	0.0200729	0.128727	299.826	28.296	0.0300849	
366.394	0.0157526	-0.0108486	0.00991314	0.0191269	0.155457	325.445	29.6954	0.0300849	
366.4	0.0179617	-0.00278249	0.00991314	0.018176	0.186206	351.194	31.249	0.0300849	
366.406	0.0164802	0.00502326	0.00991314	0.0172288	0.22085	16.9515	32.967	0.0300849	
366.412	0.011981	0.0110487	0.00991314	0.0162978	0.25886	42.6819	34.8501	0.0300849	
366.418	0.00558138	0.0142952	0.00991314	0.0153461	0.301725	68.6724	37.0114	0.0300849	
366.424	-0.00122781	0.0143721	0.00991314	0.0144245	0.346928	94.8829	39.3762	0.0300849	
366.43	-0.00701419	0.0115479	0.00991314	0.0135112	0.395014	121.274	42.0377	0.0300849	
366.436	-0.0106537	0.00670409	0.00991314	0.0125875	0.446564	147.819	45.1225	0.0300849	
366.442	-0.011651	0.00117608	0.00991314	0.0117102	0.49772	174.236	48.5029	0.0300849	
366.448	-0.0101257	-0.00394065	0.00991314	0.0108655	0.548437	201.265	52.2739	0.0300849	
366.454	-0.00664413	-0.00750518	0.00991314	0.0100236	0.599774	228.482	56.6645	0.0300849	
366.46	-0.00222068	-0.00895417	0.00991314	0.00922543	0.648539	256.071	61.5669	0.0300849	
366.466	0.00203545	-0.00822735	0.00991314	0.0084754	0.693861	283.896	67.0153	0.0300849	
366.472	0.00522871	-0.0057807	0.00991314	0.0077946	0.734089	312.13	72.8686	0.0300849	
366.478	0.00672535	-0.0023217	0.00991314	0.00711482	0.772937	340.955	79.8307	0.0300849	
366.484	0.00639551	0.0011447	0.00991314	0.00649715	0.806719	10.1477	87.4201	0.0300849	
366.49	0.00457482	0.0038443	0.00991314	0.00597558	0.833868	40.0409	95.0504	0.0300849	
366.496	0.00182324	0.00516996	0.00991314	0.00548203	0.858209	70.5742	103.608	0.0300849	
366.502	-0.00102274	0.00498648	0.00991314	0.00509029	0.876485	101.591	111.581	0.0300849	
366.508	-0.0032169	0.0034927	0.00991314	0.00474841	0.891615	132.646	119.615	0.0300849	
366.514	-0.00430623	0.00119812	0.00991314	0.0044698	0.903342	164.452	127.071	0.0300849	
366.52	-0.00410845	-0.00119144	0.00991314	0.00427772	0.911098	196.172	132.777	0.0300849	
366.526	-0.00275974	-0.00306011	0.00991314	0.00412073	0.91723	227.955	137.835	0.0300849	
366.532	-0.000750994	-0.00394826	0.00991314	0.00401905	0.921101	259.23	141.322	0.0300849	
366.538	0.00134473	-0.0037003	0.00991314	0.00393707	0.924163	289.972	144.265	0.0300849	
366.544	0.00299846	-0.00246289	0.00991314	0.00388028	0.926253	320.601	146.376	0.0300849	
366.55	0.00378432	-0.000625728	0.00991314	0.0038357	0.927875	350.611	148.078	0.0300849	
366.556	0.00352868	0.00129199	0.00991314	0.00375777	0.930674	20.1097	151.149	0.0300849	
366.562	0.00239849	0.0027719	0.00991314	0.00366554	0.933921	49.1308	154.952	0.0300849	
366.568	0.000752803	0.0034883	0.00991314	0.0035686	0.937259	77.8219	159.161	0.0300849	
366.574	-0.000924626	0.00327475	0.00991314	0.00340278	0.942788	105.767	166.917	0.0300849	
366.58	-0.00223125	0.00234988	0.00991314	0.00324043	0.947976	133.517	175.28	0.0300849	
366.586	-0.00284688	0.000965998	0.00991314	0.0030063	0.955057	161.257	188.93	0.0300849	
366.592	-0.00269934	-0.000452464	0.00991314	0.00273699	0.962602	189.516	207.52	0.0300849	
366.598	-0.00194085	-0.00146015	0.00991314	0.00242877	0.970432	216.955	233.855	0.0300849	
366.604	-0.000869812	-0.00186809	0.00991314	0.00206066	0.978626	245.033	275.631	0.0300849	
366.61	0.000110902	-0.00166472	0.00991314	0.00166841	0.985937	273.811	340.433	0.0300849	
366.616	0.000704535	-0.000978307	0.00991314	0.00120559	0.992632	305.76	471.122	0.0300849	
366.622	0.000723137	-0.000230185	0.00991314	0.000758889	0.997074	342.343	748.438	0.0300849	
366.628	0.00022738	0.000298405	0.00991314	0.000375163	0.999284	52.6931	1513.96	0.0300849	
366.634	-0.000533333	0.000301037	0.00991314	0.000612428	0.998093	150.558	927.426	0.0300849	
366.64	-0.00117814	-0.00030413	0.00991314	0.00121676	0.992495	194.475	466.798	0.0300849	
366.646	-0.00129523	-0.00135971	0.00991314	0.00187788	0.982217	226.391	302.458	0.0300849	
366.652	-0.000670374	-0.00253206	0.00991314	0.0026193	0.965695	255.171	216.845	0.0300849	
366.658	0.000725621	-0.00331362	0.00991314	0.00339214	0.943135	282.352	167.44	0.0300849	
366.664	0.00264215	-0.00327986	0.00991314	0.0042117	0.9137	308.854	134.858	0.0300849	
366.67	0.00459441	-0.00210417	0.00991314	0.00505333	0.878159	335.393	112.397	0.0300849	
366.676	0.005927	0.000117543	0.00991314	0.00592817	0.836266	1.13612	95.8106	0.0300849	
366.682	0.0060778	0.00312625	0.00991314	0.00683469	0.788458	27.22	83.1027	0.0300849	
366.688	0.00470906	0.00618635	0.00991314	0.00777471	0.735246	52.7215	73.055	0.0300849	
366.694	0.00177662	0.00854423	0.00991314	0.00872698	0.67875	78.2537	65.0834	0.0300849	
366.7	-0.00231613	0.00942642	0.00991314	0.0097068	0.619154	103.804	58.5138	0.0300849	
366.706	-0.0067646	0.00829729	0.00991314	0.0107054	0.55816	129.19	53.0558	0.0300849	
366.712	-0.0105857	0.00498325	0.00991314	0.0117	0.498329	154.791	48.5455	0.0300849	
366.718	-0.0127335	2.46179e-05	0.00991314	0.0127335	0.438246	179.889	44.6054	0.0300849	
366.724	-0.0124199	-0.00588035	0.00991314	0.0137416	0.382594	205.336	41.3328	0.0300849	
366.73	-0.00936273	-0.0114024	0.00991314	0.0147538	0.330375	230.61	38.4973	0.0300849	
366.736	-0.00390913	-0.0152659	0.00991314	0.0157585	0.282663	255.637	36.0429	0.0300849	
366.742	0.00323601	-0.0164551	0.00991314	0.0167702	0.23908	281.126	33.8684	0.0300849	
366.748	0.01047	-0.0143609	0.00991314	0.0177724	0.200473	306.094	31.9587	0.0300849	
366.754	0.0164351	-0.00898546	0.00991314	0.018731	0.167776	331.333	30.3231	0.0300849	
366.76	0.0196598	-0.00118276	0.00991314	0.0196953	0.138947	356.557	28.8384	0.0300849	
366.766	0.0191924	0.00755379	0.00991314	0.0206254	0.114811	21.4838	27.538	0.0300849	
366.772	0.01475	0.0156635	0.00991314	0.0215153	0.0948681	46.7203	26.399	0.0300849	
366.778	0.00690949	0.0213027	0.00991314	0.0223952	0.0779367	72.0296	25.3618	0.0300849	
366.784	-0.00281511	0.0230676	0.00991314	0.0232388	0.0640731	96.9578	24.4411	0.0300849	
366.79	-0.0127815	0.0203499	0.00991314	0.0240309	0.0529586	122.132	23.6354	0.0300849	
366.796	-0.020776	0.0134483	0.00991314	0.0247487	0.0443168	147.085	22.9499	0.0300849	
366.802	-0.0252365	0.0034472	0.00991314	0.0254709	0.0368495	172.222	22.2993	0.0300849	
366.808	-0.0249305	-0.00785396	0.00991314	0.0261384	0.0309249	197.486	21.7298	0.0300849	
366.814	-0.0197321	-0.0180492	0.00991314	0.0267419	0.0262896	222.449	21.2394	0.0300849	
366.82	-0.0104103	-0.0252356	0.00991314	0.0272985	0.0225589	247.583	20.8063	0.0300849	
366.826	0.00122045	-0.0277471	0.00991314	0.0277739	0.0197456	272.519	20.4502	0.0300849	
366.832	0.0130557	-0.0249861	0.00991314	0.0281915	0.0175318	297.588	20.1473	0.0300849	
366.838	0.0227784	-0.0172185	0.00991314	0.0285541	0.0157893	322.914	19.8914	0.0300849	
366.844	0.0282147	-0.00606339	0.00991314	0.0288588	0.0144444	347.871	19.6814	0.0300849	
366.85	0.0283605	0.00654769	0.00991314	0.0291065	0.013427	13.0003	19.5139	0.0300849	
366.856	0.0230743	0.017992	0.00991314	0.0292598	0.0128295	37.945	19.4117	0.0300849	
366.862	0.0132802	0.026195	0.00991314	0.0293691	0.012418	63.1161	19.3394	0.0300849	
366.868	0.000902277	0.0293633	0.00991314	0.0293771	0.012388	88.24	19.3341	0.0300849	
366.874	-0.0116563	0.0269256	0.00991314	0.0293404	0.0125249	113.408	19.3584	0.0300849	
366.88	-0.0218904	0.0193218	0.00991314	0.029198	0.0130674	138.566	19.4528	0.0300849	
366.886	-0.0278279	0.0082106	0.00991314	0.0290139	0.0137998	163.561	19.5762	0.0300849	
366.892	-0.028418	-0.00438505	0.00991314	0.0287544	0.0148935	188.772	19.7529	0.0300849	
366.898	-0.0235581	-0.015875	0.00991314	0.0284077	0.0164735	213.975	19.9939	0.0300849	
366.904	-0.0143304	-0.0240516	0.00991314	0.0279971	0.0185335	239.213	20.2871	0.0300849	
366.91	-0.00264225	-0.027386	0.00991314	0.0275132	0.0212481	264.489	20.644	0.0300849	
366.916	0.00903094	-0.02539	0.00991314	0.0269483	0.0248486	289.58	21.0767	0.0300849	
366.922	0.0185937	-0.0186637	0.00991314	0.026345	0.0292646	314.892	21.5594	0.0300849	
366.928	0.0241275	-0.00866144	0.00991314	0.025635	0.0353094	340.253	22.1564	0.0300849	
366.934	0.0247586	0.00245577	0.00991314	0.0248801	0.0428704	5.66456	22.8287	0.0300849	
366.94	0.0206132	0.0124239	0.00991314	0.0240678	0.0524834	31.0781	23.5993	0.0300849	
366.946	0.0127626	0.0193483	0.00991314	0.0231785	0.0649918	56.5902	24.5047	0.0300849	
366.952	0.0031192	0.0220211	0.00991314	0.0222409	0.0807166	81.9379	25.5377	0.0300849	
366.958	-0.00640721	0.0202487	0.00991314	0.0212382	0.100762	107.559	26.7434	0.0300849	
366.964	-0.013874	0.0146982	0.00991314	0.020212	0.125109	133.348	28.1012	0.0300849	
366.97	-0.0178404	0.00680382	0.00991314	0.0190938	0.156461	159.125	29.7469	0.0300849	
366.976	-0.0178895	-0.0016033	0.00991314	0.0179612	0.193705	185.121	31.6226	0.0300849	
366.982	-0.0143898	-0.00867904	0.00991314	0.0168045	0.237685	211.096	33.7993	0.0300849	
366.988	-0.00837424	-0.0131361	0.00991314	0.0155784	0.290897	237.483	36.4596	0.0300849	
366.994	-0.00149476	-0.0142729	0.00991314	0.0143509	0.350683	264.021	39.578	0.0300849	
367	0.00468442	-0.012207	0.00991314	0.013075	0.419026	290.994	43.4402	0.0300849	
367.006	0.00884798	-0.00781771	0.00991314	0.0118069	0.491996	318.538	48.1058	0.0300849	
367.012	0.0102695	-0.00249201	0.00991314	0.0105676	0.566548	346.36	53.7476	0.0300849	
367.018	0.00898186	0.0024802	0.00991314	0.009318	0.6429	15.4366	60.9553	0.0300849	
367.024	0.00566799	0.0057786	0.00991314	0.00809434	0.716514	45.5536	70.1702	0.0300849	
367.03	0.00147852	0.00682127	0.00991314	0.00697967	0.780465	77.7702	81.3765	0.0300849	
367.036	-0.00227892	0.00553086	0.00991314	0.00598196	0.833544	112.393	94.9491	0.0300849	
367.042	-0.00452186	0.00259912	0.00991314	0.00521561	0.870744	150.11	108.9	0.0300849	
367.048	-0.0047013	-0.00095359	0.00991314	0.00479703	0.889512	191.466	118.403	0.0300849	
367.054	-0.0028539	-0.0038986	0.00991314	0.00483154	0.888009	233.795	117.557	0.0300849	
367.06	0.000474104	-0.00524557	0.00991314	0.00526695	0.868363	275.164	107.839	0.0300849	
367.066	0.00411289	-0.00443022	0.00991314	0.00604505	0.830333	312.873	93.9581	0.0300849	
367.072	0.00682238	-0.00159476	0.00991314	0.00700629	0.778988	346.843	81.0674	0.0300849	
367.078	0.00768237	0.00262788	0.00991314	0.0081194	0.715035	18.8841	69.9536	0.0300849	
367.084	0.00611613	0.007016	0.00991314	0.0093076	0.643534	48.92	61.0234	0.0300849	
367.09	0.00219901	0.0102624	0.00991314	0.0104953	0.57095	77.9056	54.1175	0.0300849	
367.096	-0.00324432	0.0112648	0.00991314	0.0117226	0.496986	106.067	48.4517	0.0300849	
367.102	-0.00884621	0.00942572	0.00991314	0.0129267	0.427328	133.183	43.9386	0.0300849	
367.108	-0.0132724	0.00478149	0.00991314	0.0141074	0.363269	160.188	40.2612	0.0300849	
367.114	-0.0151835	-0.00182572	0.00991314	0.0152929	0.30424	186.857	37.1403	0.0300849	
367.12	-0.0137399	-0.00899438	0.00991314	0.0164221	0.253561	213.209	34.5865	0.0300849	
367.126	-0.00893124	-0.0150952	0.00991314	0.0175395	0.209038	239.389	32.383	0.0300849	
367.132	-0.00153935	-0.0185212	0.00991314	0.018585	0.172491	265.249	30.5612	0.0300849	
367.138	0.0070684	-0.0182966	0.00991314	0.0196145	0.141211	291.123	28.9572	0.0300849	
367.144	0.0150193	-0.0140562	0.00991314	0.0205708	0.116132	316.897	27.611	0.0300849	
367.15	0.0205106	-0.00642239	0.00991314	0.0214926	0.0953394	342.613	26.4268	0.0300849	
367.156	0.0221212	0.00319163	0.00991314	0.0223502	0.0787382	8.20995	25.4128	0.0300849	
367.162	0.0192853	0.0128078	0.00991314	0.0231508	0.0654176	33.589	24.534	0.0300849	
367.168	0.0122801	0.0205001	0.00991314	0.0238967	0.0547201	59.0773	23.7682	0.0300849	
367.174	0.00231151	0.0244566	0.00991314	0.0245656	0.0463999	84.6008	23.121	0.0300849	
367.18	-0.00861248	0.0236699	0.00991314	0.0251881	0.0396358	109.994	22.5496	0.0300849	
367.186	-0.0183424	0.0180885	0.00991314	0.0257612	0.0341638	135.399	22.048	0.0300849	
367.192	-0.0247763	0.00871777	0.00991314	0.0262653	0.0298961	160.615	21.6248	0.0300849	
367.198	-0.0265495	-0.00275487	0.00991314	0.026692	0.0266488	185.924	21.2791	0.0300849	
367.204	-0.0231454	-0.014054	0.00991314	0.0270781	0.0239772	211.266	20.9756	0.0300849	
367.21	-0.0150793	-0.0228449	0.00991314	0.0273729	0.022097	236.572	20.7498	0.0300849	
367.216	-0.00390585	-0.0273575	0.00991314	0.0276349	0.0205347	261.875	20.5531	0.0300849	
367.222	0.00810255	-0.0266194	0.00991314	0.0278253	0.0194607	286.929	20.4124	0.0300849	
367.228	0.0187799	-0.0206786	0.00991314	0.0279336	0.0188714	312.245	20.3332	0.0300849	
367.234	0.0258714	-0.0107136	0.00991314	0.0280019	0.0185082	337.505	20.2837	0.0300849	
367.24	0.0279693	0.00133626	0.00991314	0.0280012	0.0185122	2.73529	20.2842	0.0300849	
367.246	0.0246734	0.0131198	0.00991314	0.0279447	0.0188124	28.0013	20.3252	0.0300849	
367.252	0.0166639	0.0223146	0.00991314	0.0278501	0.0193243	53.2486	20.3942	0.0300849	
367.258	0.00561638	0.027093	0.00991314	0.027669	0.0203386	78.2885	20.5277	0.0300849	
367.264	-0.0064237	0.0266929	0.00991314	0.027455	0.0215968	103.531	20.6877	0.0300849	
367.27	-0.0170155	0.0211988	0.00991314	0.027183	0.0232927	128.753	20.8947	0.0300849	
367.276	-0.0241377	0.0117864	0.00991314	0.0268617	0.0254448	153.974	21.1447	0.0300849	
367.282	-0.0265068	0.00038025	0.00991314	0.0265095	0.027998	179.178	21.4255	0.0300849	
367.288	-0.0237992	-0.0107055	0.00991314	0.0260961	0.031274	204.22	21.765	0.0300849	
367.294	-0.0166901	-0.0194702	0.00991314	0.0256446	0.035221	229.396	22.1481	0.0300849	
367.3	-0.00668162	-0.0242487	0.00991314	0.0251524	0.0399998	254.595	22.5816	0.0300849	
367.306	0.00420601	-0.0242769	0.00991314	0.0246385	0.045561	279.829	23.0526	0.0300849	
367.312	0.0138126	-0.0197167	0.00991314	0.0240736	0.0524084	305.013	23.5935	0.0300849	
367.318	0.020317	-0.011729	0.00991314	0.0234595	0.0607992	330.002	24.2111	0.0300849	
367.324	0.0227808	-0.00191017	0.00991314	0.0228607	0.0700142	355.207	24.8453	0.0300849	
367.33	0.0208017	0.00773025	0.00991314	0.0221916	0.0816205	20.3859	25.5944	0.0300849	
367.336	0.0150836	0.0153672	0.00991314	0.0215329	0.0945017	45.5335	26.3773	0.0300849	
367.342	0.00688186	0.0196639	0.00991314	0.0208334	0.109882	70.7113	27.263	0.0300849	
367.348	-0.00197596	0.0200456	0.00991314	0.0201428	0.126899	95.6296	28.1978	0.0300849	
367.354	-0.00992789	0.016687	0.00991314	0.019417	0.14686	120.75	29.2518	0.0300849	
367.36	-0.0154676	0.0104814	0.00991314	0.0186843	0.169273	145.877	30.3988	0.0300849	
367.366	-0.0177168	0.00282159	0.00991314	0.01794	0.194457	170.951	31.66	0.0300849	
367.372	-0.016501	-0.00474709	0.00991314	0.0171702	0.223124	196.05	33.0794	0.0300849	
367.378	-0.0124378	-0.0107411	0.00991314	0.0164338	0.253064	220.813	34.5618	0.0300849	
367.384	-0.00641374	-0.0142961	0.00991314	0.0156689	0.28674	245.837	36.249	0.0300849	
367.39	0.00020154	-0.0149019	0.00991314	0.0149033	0.323006	270.775	38.1112	0.0300849	
367.396	0.00612854	-0.0127334	0.00991314	0.0141315	0.362016	295.701	40.1926	0.0300849	
367.402	0.0103292	-0.00851019	0.00991314	0.0133834	0.401985	320.515	42.4392	0.0300849	
367.408	0.0122234	-0.00324803	0.00991314	0.0126476	0.443133	345.119	44.9083	0.0300849	
367.414	0.0117156	0.00204214	0.00991314	0.0118923	0.486958	9.88784	47.7605	0.0300849	
367.42	0.00922289	0.00630575	0.00991314	0.0111725	0.52988	34.3607	50.8376	0.0300849	
367.426	0.00539119	0.00897209	0.00991314	0.0104672	0.572663	58.999	54.2627	0.0300849	
367.432	0.00113203	0.00967592	0.00991314	0.00974191	0.617006	83.327	58.3029	0.0300849	
367.438	-0.00269375	0.00866412	0.00991314	0.00907321	0.657796	107.271	62.5998	0.0300849	
367.444	-0.00552788	0.00631629	0.00991314	0.00839363	0.698748	131.192	67.6682	0.0300849	
367.45	-0.00701407	0.0032695	0.00991314	0.00773866	0.737342	155.008	73.3953	0.0300849	
367.456	-0.00711328	0.000171956	0.00991314	0.00711536	0.772907	178.615	79.8247	0.0300849	
367.462	-0.00605534	-0.00238606	0.00991314	0.00650849	0.806114	201.507	87.2678	0.0300849	
367.468	-0.00427123	-0.00413981	0.00991314	0.00594823	0.835253	224.105	95.4875	0.0300849	
367.474	-0.0021799	-0.0049262	0.00991314	0.00538697	0.862732	246.13	105.436	0.0300849	
367.48	-0.000190982	-0.0048835	0.00991314	0.00488724	0.885567	267.76	116.217	0.0300849	
367.486	0.00139288	-0.00418449	0.00991314	0.00441023	0.905777	288.411	128.787	0.0300849	
367.492	0.00248565	-0.00313744	0.00991314	0.00400275	0.921714	308.388	141.898	0.0300849	
367.498	0.00306511	-0.00200055	0.00991314	0.0036602	0.934107	326.868	155.178	0.0300849	
367.504	0.00324523	-0.000885939	0.00991314	0.00336399	0.944048	344.73	168.842	0.0300849	
367.51	0.00315489	7.4573e-05	0.00991314	0.00315577	0.950591	1.35406	179.982	0.0300849	
367.516	0.00290603	0.000897291	0.00991314	0.0030414	0.954026	17.159	186.75	0.0300849	
367.522	0.00251177	0.00163086	0.00991314	0.00299477	0.955393	32.9952	189.657	0.0300849	
367.528	0.00196971	0.00231386	0.00991314	0.0030387	0.954105	49.5935	186.916	0.0300849	
367.534	0.00127305	0.00290496	0.00991314	0.00317167	0.950105	66.3353	179.08	0.0300849	
367.54	0.000316517	0.0033334	0.00991314	0.00334839	0.944551	84.5758	169.628	0.0300849	
367.546	-0.000799105	0.0034527	0.00991314	0.00354397	0.938095	103.031	160.267	0.0300849	
367.552	-0.002064	0.00317229	0.00991314	0.00378464	0.929714	123.049	150.075	0.0300849	
367.558	-0.00325355	0.00238924	0.00991314	0.00403659	0.920439	143.708	140.708	0.0300849	
367.564	-0.00417063	0.00111104	0.00991314	0.00431608	0.909571	165.083	131.597	0.0300849	
367.57	-0.00455543	-0.000565325	0.00991314	0.00459038	0.898335	187.074	123.733	0.0300849	
367.576	-0.00424908	-0.00236264	0.00991314	0.00486176	0.886687	209.076	116.826	0.0300849	
367.582	-0.00316282	-0.00404354	0.00991314	0.00513358	0.874514	231.968	110.64	0.0300849	
367.588	-0.00141358	-0.00520355	0.00991314	0.00539214	0.862488	254.802	105.335	0.0300849	
367.594	0.000762899	-0.0055913	0.00991314	0.0056431	0.85042	277.77	100.651	0.0300849	
367.6	0.00304692	-0.00504262	0.00991314	0.00589166	0.838104	301.142	96.4042	0.0300849	
367.606	0.0049848	-0.00356844	0.00991314	0.00613041	0.825953	324.403	92.6498	0.0300849	
367.612	0.00618385	-0.00135642	0.00991314	0.00633087	0.815522	347.628	89.7162	0.0300849	
367.618	0.00643233	0.00129391	0.00991314	0.00656118	0.803294	11.3736	86.5669	0.0300849	
367.624	0.00553682	0.00385823	0.00991314	0.00674851	0.793168	34.87	84.164	0.0300849	
367.63	0.00364286	0.00591721	0.00991314	0.00694866	0.782182	58.382	81.7397	0.0300849	
367.636	0.00102246	0.00704623	0.00991314	0.00712003	0.772645	81.7436	79.7724	0.0300849	
367.642	-0.0019073	0.00703112	0.00991314	0.00728522	0.763347	105.177	77.9635	0.0300849	
367.648	-0.00466245	0.00579201	0.00991314	0.00743544	0.754806	128.833	76.3884	0.0300849	
367.654	-0.00671561	0.00354965	0.00991314	0.00759601	0.745594	152.141	74.7736	0.0300849	
367.66	-0.00771387	0.000617632	0.00991314	0.00773856	0.737347	175.422	73.3963	0.0300849	
367.666	-0.00744609	-0.00251963	0.00991314	0.00786084	0.730226	198.695	72.2546	0.0300849	
367.672	-0.0059509	-0.0053267	0.00991314	0.00798667	0.722854	221.832	71.1161	0.0300849	
367.678	-0.00344191	-0.00733268	0.00991314	0.00810031	0.716162	244.855	70.1185	0.0300849	
367.684	-0.000277468	-0.00820258	0.00991314	0.00820727	0.709834	268.063	69.2046	0.0300849	
367.69	0.00299291	-0.00777818	0.00991314	0.00833412	0.702296	291.046	68.1513	0.0300849	
367.696	0.005862	-0.00607922	0.00991314	0.00844512	0.695673	313.958	67.2556	0.0300849	
367.702	0.00785053	-0.003392	0.00991314	0.00855199	0.689272	336.632	66.4151	0.0300849	
367.708	0.00866537	-7.74668e-05	0.00991314	0.00866571	0.68244	359.488	65.5435	0.0300849	
367.714	0.00813552	0.00328672	0.00991314	0.00877435	0.675892	21.9985	64.732	0.0300849	
367.72	0.00632114	0.00625275	0.00991314	0.00889121	0.66883	44.6884	63.8812	0.0300849	
367.726	0.00347078	0.00832071	0.00991314	0.00901557	0.661295	67.3577	63	0.0300849	
367.732	5.89096e-05	0.00913966	0.00991314	0.00913985	0.653747	89.6307	62.1434	0.0300849	
367.738	-0.00350513	0.00860809	0.00991314	0.00929436	0.644341	112.156	61.1103	0.0300849	
367.744	-0.00662988	0.00670838	0.00991314	0.00943174	0.635962	134.663	60.2202	0.0300849	
367.75	-0.0088357	0.00372706	0.00991314	0.0095896	0.626319	157.129	59.2289	0.0300849	
367.756	-0.00977406	0.00010478	0.00991314	0.00977462	0.615006	179.386	58.1078	0.0300849	
367.762	-0.00922131	-0.00368324	0.00991314	0.0099297	0.605518	201.773	57.2003	0.0300849	
367.768	-0.00727498	-0.00704802	0.00991314	0.0101292	0.593316	224.092	56.0739	0.0300849	
367.774	-0.00409893	-0.0094862	0.00991314	0.0103339	0.580803	246.631	54.963	0.0300849	
367.78	-0.000165674	-0.0105367	0.00991314	0.010538	0.568352	269.099	53.8986	0.0300849	
367.786	0.00396557	-0.010008	0.00991314	0.010765	0.554536	291.616	52.7618	0.0300849	
367.792	0.00763249	-0.00790223	0.00991314	0.0109864	0.541116	314.005	51.6988	0.0300849	
367.798	0.0103128	-0.00446179	0.00991314	0.0112367	0.526016	336.605	50.5472	0.0300849	
367.804	0.0114672	-0.0001437	0.00991314	0.0114681	0.51214	359.282	49.5271	0.0300849	
367.81	0.0108566	0.00439268	0.00991314	0.0117116	0.49764	22.0287	48.4974	0.0300849	
367.816	0.00848517	0.00842347	0.00991314	0.0119563	0.48319	44.7909	47.5048	0.0300849	
367.822	0.00468206	0.0112838	0.00991314	0.0122166	0.467967	67.4646	46.4927	0.0300849	
367.828	-6.19976e-05	0.0124633	0.00991314	0.0124634	0.453684	90.285	45.5719	0.0300849	
367.834	-0.00501354	0.0116556	0.00991314	0.0126881	0.440825	113.274	44.7648	0.0300849	
367.84	-0.00935015	0.00893591	0.00991314	0.0129335	0.426945	136.298	43.9155	0.0300849	
367.846	-0.0123234	0.00465243	0.00991314	0.0131724	0.413613	159.317	43.1192	0.0300849	
367.852	-0.0133889	-0.000523505	0.00991314	0.0133991	0.401125	182.239	42.3894	0.0300849	
367.858	-0.0123002	-0.00583048	0.00991314	0.0136121	0.389552	205.362	41.7261	0.0300849	
367.864	-0.0091397	-0.0103551	0.00991314	0.0138117	0.378857	228.567	41.1233	0.0300849	
367.87	-0.00438473	-0.0133173	0.00991314	0.0140206	0.367813	251.776	40.5106	0.0300849	
367.876	0.00125265	-0.0141296	0.00991314	0.014185	0.359237	275.066	40.0411	0.0300849	
367.882	0.00675093	-0.0126421	0.00991314	0.0143317	0.351669	298.102	39.6311	0.0300849	
367.888	0.0113249	-0.00903178	0.00991314	0.0144854	0.343835	321.427	39.2107	0.0300849	
367.894	0.014074	-0.00383345	0.00991314	0.0145868	0.338717	344.764	38.9382	0.0300849	
367.9	0.0145557	0.00206515	0.00991314	0.0147015	0.332975	8.07519	38.6343	0.0300849	
367.906	0.0125937	0.00770006	0.00991314	0.0147612	0.330008	31.4425	38.478	0.0300849	
367.912	0.0085842	0.0120888	0.00991314	0.0148266	0.326776	54.6216	38.3084	0.0300849	
367.918	0.00311577	0.0145507	0.00991314	0.0148806	0.32412	77.9137	38.1694	0.0300849	
367.924	-0.00292004	0.0146049	0.00991314	0.014894	0.323461	101.306	38.1349	0.0300849	
367.93	-0.00845125	0.0122297	0.00991314	0.0148657	0.324849	124.646	38.2075	0.0300849	
367.936	-0.0125737	0.00785691	0.00991314	0.0148266	0.326775	148	38.3083	0.0300849	
367.942	-0.0146055	0.0022786	0.00991314	0.0147822	0.328969	171.133	38.4234	0.0300849	
367.948	-0.0142362	-0.00366296	0.00991314	0.0146999	0.333056	194.429	38.6385	0.0300849	
367.954	-0.0115556	-0.00891615	0.00991314	0.0145955	0.338277	217.653	38.9148	0.0300849	
367.96	-0.00704057	-0.0126477	0.00991314	0.0144752	0.344348	240.897	39.2381	0.0300849	
367.966	-0.00146383	-0.014257	0.00991314	0.0143319	0.351658	264.138	39.6305	0.0300849	
367.972	0.00415717	-0.0135389	0.00991314	0.0141628	0.360387	287.069	40.1037	0.0300849	
367.978	0.009019	-0.0106885	0.00991314	0.0139852	0.369669	310.158	40.6129	0.0300849	
367.984	0.0123201	-0.00620683	0.00991314	0.0137953	0.379728	333.261	41.172	0.0300849	
367.99	0.0135371	-0.00088727	0.00991314	0.0135662	0.392037	356.25	41.8675	0.0300849	
367.996	0.0125979	0.0043785	0.00991314	0.0133371	0.404525	19.1654	42.5867	0.0300849	
368.002	0.00972923	0.00875982	0.00991314	0.0130917	0.418096	41.9987	43.3849	0.0300849	
368.008	0.00550181	0.0115979	0.00991314	0.0128367	0.432398	64.6213	44.2466	0.0300849	
368.014	0.000591385	0.0125611	0.00991314	0.012575	0.447278	87.3045	45.1673	0.0300849	
368.02	-0.00420512	0.011573	0.00991314	0.0123133	0.462353	109.969	46.1276	0.0300849	
368.026	-0.00812285	0.00886543	0.00991314	0.012024	0.479215	132.497	47.2373	0.0300849	
368.032	-0.0106392	0.00498024	0.00991314	0.0117471	0.495535	154.916	48.3507	0.0300849	
368.038	-0.011454	0.000571719	0.00991314	0.0114682	0.512132	177.142	49.5266	0.0300849	
368.044	-0.01055	-0.00370221	0.00991314	0.0111807	0.529382	199.337	50.8	0.0300849	
368.05	-0.0081746	-0.00723035	0.00991314	0.0109134	0.545533	221.492	52.0444	0.0300849	
368.056	-0.00474604	-0.00954366	0.00991314	0.0106586	0.561003	243.559	53.2884	0.0300849	
368.062	-0.000821773	-0.0103522	0.00991314	0.0103847	0.577699	265.461	54.6939	0.0300849	
368.068	0.00298859	-0.00968716	0.00991314	0.0101377	0.592794	287.146	56.0267	0.0300849	
368.074	0.00623829	-0.00771835	0.00991314	0.00992417	0.605856	308.947	57.2321	0.0300849	
368.08	0.00844562	-0.00476802	0.00991314	0.00969858	0.619656	330.553	58.5633	0.0300849	
368.086	0.00939998	-0.00129254	0.00991314	0.00948843	0.632501	352.171	59.8604	0.0300849	
368.092	0.00905268	0.00222584	0.00991314	0.00932231	0.642637	13.8136	60.9271	0.0300849	
368.098	0.00746201	0.00527145	0.00991314	0.00913617	0.65397	35.2389	62.1684	0.0300849	
368.104	0.00492972	0.00750265	0.00991314	0.0089773	0.663616	56.6925	63.2686	0.0300849	
368.11	0.00179508	0.00863666	0.00991314	0.00882123	0.673062	78.2586	64.388	0.0300849	
368.116	-0.00148851	0.00857027	0.00991314	0.00869858	0.680461	99.853	65.2959	0.0300849	
368.122	-0.00448162	0.00731656	0.00991314	0.00858004	0.687589	121.489	66.198	0.0300849	
368.128	-0.00674239	0.00510432	0.00991314	0.00845659	0.694987	142.872	67.1644	0.0300849	
368.134	-0.00804647	0.00222396	0.00991314	0.00834815	0.70146	164.55	68.0368	0.0300849	
368.14	-0.00821595	-0.000930594	0.00991314	0.00826848	0.706201	186.462	68.6923	0.0300849	
368.146	-0.00718775	-0.00387354	0.00991314	0.00816506	0.712335	208.321	69.5625	0.0300849	
368.152	-0.00515729	-0.00620764	0.00991314	0.00807047	0.717922	230.28	70.3778	0.0300849	
368.158	-0.00243099	-0.00760257	0.00991314	0.00798177	0.723142	252.268	71.1598	0.0300849	
368.164	0.00061851	-0.00786417	0.00991314	0.00788845	0.728612	274.497	72.0016	0.0300849	
368.17	0.00351515	-0.00692389	0.00991314	0.00776508	0.735806	296.916	73.1456	0.0300849	
368.176	0.00581854	-0.00499698	0.00991314	0.00766976	0.741335	319.344	74.0547	0.0300849	
368.182	0.00716795	-0.0023307	0.00991314	0.00753735	0.748969	341.988	75.3556	0.0300849	
368.188	0.00736937	0.000601825	0.00991314	0.0073939	0.757176	4.66874	76.8176	0.0300849	
368.194	0.00642472	0.00335627	0.00991314	0.00724856	0.765419	27.5826	78.3579	0.0300849	
368.2	0.00449588	0.00546705	0.00991314	0.00707825	0.774981	50.5675	80.2432	0.0300849	
368.206	0.00191185	0.00660613	0.00991314	0.00687722	0.786122	73.8593	82.5888	0.0300849	
368.212	-0.000820666	0.00662331	0.00991314	0.00667396	0.797217	97.0633	85.104	0.0300849	
368.218	-0.00327155	0.00557977	0.00991314	0.00646814	0.808264	120.384	87.8121	0.0300849	
368.224	-0.00502723	0.00367086	0.00991314	0.00622481	0.821067	143.863	91.2448	0.0300849	
368.23	-0.00581962	0.00124996	0.00991314	0.00595234	0.835045	167.878	95.4215	0.0300849	
368.236	-0.00553672	-0.00115711	0.00991314	0.00565634	0.849773	191.804	100.415	0.0300849	
368.242	-0.00434359	-0.00315129	0.00991314	0.00536632	0.863708	215.961	105.842	0.0300849	
368.248	-0.00250945	-0.00437961	0.00991314	0.00504761	0.878417	240.188	112.525	0.0300849	
368.254	-0.000423561	-0.00467763	0.00991314	0.00469677	0.89383	264.826	120.93	0.0300849	
368.26	0.00146699	-0.00408729	0.00991314	0.00434258	0.90851	289.744	130.794	0.0300849	
368.266	0.00282843	-0.00280053	0.00991314	0.00398033	0.922554	315.284	142.697	0.0300849	
368.272	0.00339632	-0.00113362	0.00991314	0.00358052	0.936853	341.542	158.631	0.0300849	
368.278	0.00318317	0.000454197	0.00991314	0.00321541	0.948755	8.12055	176.643	0.0300849	
368.284	0.00229351	0.00165908	0.00991314	0.00283067	0.960051	35.8812	200.652	0.0300849	
368.29	0.00102247	0.00223005	0.00991314	0.00245328	0.969842	65.3688	231.519	0.0300849	
368.296	-0.000273986	0.00209818	0.00991314	0.002116	0.977476	97.4397	268.423	0.0300849	
368.302	-0.00122441	0.001325	0.00991314	0.00180411	0.983576	132.74	314.827	0.0300849	
368.308	-0.00159949	0.000245613	0.00991314	0.00161824	0.986764	171.27	350.987	0.0300849	
368.314	-0.00130512	-0.000864852	0.00991314	0.00156566	0.987605	213.531	362.774	0.0300849	
368.32	-0.000421652	-0.00163562	0.00991314	0.00168909	0.985589	255.544	336.264	0.0300849	
368.326	0.000769121	-0.00177171	0.00991314	0.00193145	0.981198	293.466	294.07	0.0300849	
368.332	0.00193645	-0.00122521	0.00991314	0.0022915	0.973637	327.678	247.865	0.0300849	
368.338	0.00269997	-3.05654e-05	0.00991314	0.00270015	0.963584	359.351	210.352	0.0300849	
368.344	0.00277611	0.0014912	0.00991314	0.00315126	0.950729	28.2428	180.239	0.0300849	
368.35	0.00203978	0.00302577	0.00991314	0.00364911	0.934492	56.0146	155.649	0.0300849	
368.356	0.000531043	0.00409784	0.00991314	0.0041321	0.916793	82.6161	137.456	0.0300849	
368.362	-0.00149921	0.00439211	0.00991314	0.00464094	0.896204	108.847	122.385	0.0300849	
368.368	-0.00359383	0.00364867	0.00991314	0.00512137	0.875071	134.566	110.904	0.0300849	
368.374	-0.0052631	0.00196966	0.00991314	0.00561959	0.851566	159.482	101.072	0.0300849	
368.38	-0.00610627	-0.000469314	0.00991314	0.00612427	0.82627	184.395	92.7426	0.0300849	
368.386	-0.00577786	-0.00317501	0.00991314	0.00659275	0.801599	208.789	86.1524	0.0300849	
368.392	-0.00420259	-0.005715	0.00991314	0.00709387	0.774108	233.671	80.0665	0.0300849	
368.398	-0.00158456	-0.0074101	0.00991314	0.00757763	0.746652	257.93	74.955	0.0300849	
368.404	0.00165443	-0.00786399	0.00991314	0.00803613	0.719945	281.881	70.6784	0.0300849	
368.41	0.00498793	-0.00685327	0.00991314	0.00847625	0.693811	306.048	67.0086	0.0300849	
368.416	0.00770247	-0.00448354	0.00991314	0.00891236	0.66755	329.797	63.7296	0.0300849	
368.422	0.00929144	-0.00100526	0.00991314	0.00934566	0.641213	353.825	60.7749	0.0300849	
368.428	0.00930599	0.00299368	0.00991314	0.00977566	0.614942	17.8326	58.1016	0.0300849	
368.434	0.00762423	0.00672419	0.00991314	0.0101658	0.591075	41.4107	55.8717	0.0300849	
368.44	0.00444919	0.00958105	0.00991314	0.0105637	0.566783	65.0911	53.7673	0.0300849	
368.446	0.000237221	0.0109307	0.00991314	0.0109333	0.544327	88.7568	51.9497	0.0300849	
368.452	-0.00426357	0.0104497	0.00991314	0.011286	0.523051	112.196	50.3263	0.0300849	
368.458	-0.0083659	0.00807557	0.00991314	0.0116277	0.502624	136.012	48.8473	0.0300849	
368.464	-0.0111926	0.00422898	0.00991314	0.0119649	0.482686	159.302	47.4707	0.0300849	
368.47	-0.0122561	-0.000581451	0.00991314	0.0122699	0.464867	182.716	46.2905	0.0300849	
368.476	-0.0112558	-0.00553963	0.00991314	0.0125451	0.448994	206.205	45.2752	0.0300849	
368.482	-0.00834633	-0.00976816	0.00991314	0.0128483	0.431746	229.488	44.2068	0.0300849	
368.488	-0.00384407	-0.0125392	0.00991314	0.0131152	0.416788	252.956	43.3072	0.0300849	
368.494	0.00142335	-0.0132812	0.00991314	0.0133573	0.403418	276.117	42.5223	0.0300849	
368.5	0.00669696	-0.0118509	0.00991314	0.0136122	0.389549	299.471	41.7259	0.0300849	
368.506	0.0110066	-0.00836418	0.00991314	0.0138241	0.378195	322.768	41.0863	0.0300849	
368.512	0.0136198	-0.00342297	0.00991314	0.0140434	0.366616	345.892	40.4447	0.0300849	
368.518	0.0140499	0.00226	0.00991314	0.0142305	0.356878	9.13801	39.9128	0.0300849	
368.524	0.0121658	0.0077444	0.00991314	0.0144216	0.347074	32.4796	39.3841	0.0300849	
368.53	0.00822031	0.0120584	0.00991314	0.0145937	0.338365	55.7174	38.9195	0.0300849	
368.536	0.00282865	0.0144645	0.00991314	0.0147384	0.331136	78.935	38.5374	0.0300849	
368.542	-0.00309115	0.0145544	0.00991314	0.014879	0.324196	101.991	38.1733	0.0300849	
368.548	-0.00865696	0.0122399	0.00991314	0.0149919	0.31868	125.271	37.8858	0.0300849	
368.554	-0.0128802	0.00789342	0.00991314	0.0151064	0.31314	148.499	37.5986	0.0300849	
368.56	-0.0150641	0.0021715	0.00991314	0.0152198	0.307711	171.797	37.3186	0.0300849	
368.566	-0.0147564	-0.00397289	0.00991314	0.0152819	0.304761	195.069	37.167	0.0300849	
368.572	-0.0120441	-0.00947009	0.00991314	0.0153213	0.302895	218.177	37.0713	0.0300849	
368.578	-0.00734104	-0.0135151	0.00991314	0.0153802	0.300122	241.49	36.9295	0.0300849	
368.584	-0.00135623	-0.0153416	0.00991314	0.0154014	0.299124	264.948	36.8785	0.0300849	
368.59	0.00480969	-0.0146436	0.00991314	0.0154133	0.298569	288.183	36.8501	0.0300849	
368.596	0.0102036	-0.0115119	0.00991314	0.015383	0.299989	311.552	36.9226	0.0300849	
368.602	0.0138937	-0.0065514	0.00991314	0.0153609	0.301031	334.754	36.9759	0.0300849	
368.608	0.0152924	-0.000484983	0.00991314	0.0153001	0.303897	358.184	37.1227	0.0300849	
368.614	0.014139	0.00562926	0.00991314	0.0152184	0.307775	21.7093	37.3219	0.0300849	
368.62	0.010657	0.0107219	0.00991314	0.0151172	0.31262	45.1739	37.5718	0.0300849	
368.626	0.00543685	0.0139401	0.00991314	0.0149628	0.320098	68.6934	37.9596	0.0300849	
368.632	-0.000544447	0.0147874	0.00991314	0.0147974	0.328214	92.1086	38.3838	0.0300849	
368.638	-0.00632488	0.013167	0.00991314	0.0146074	0.337681	115.658	38.8832	0.0300849	
368.644	-0.0109061	0.00937425	0.00991314	0.0143812	0.349136	139.319	39.4947	0.0300849	
368.65	-0.0135118	0.00414452	0.00991314	0.0141331	0.36193	162.947	40.1879	0.0300849	
368.656	-0.0137396	-0.00161485	0.00991314	0.0138342	0.377657	186.703	41.0563	0.0300849	
368.662	-0.011685	-0.00681243	0.00991314	0.0135258	0.394223	210.243	41.9924	0.0300849	
368.668	-0.00775802	-0.0106573	0.00991314	0.013182	0.41308	233.947	43.0877	0.0300849	
368.674	-0.00271385	-0.0125058	0.00991314	0.0127969	0.434651	257.756	44.3844	0.0300849	
368.68	0.00248239	-0.0121084	0.00991314	0.0123602	0.459638	281.586	45.9524	0.0300849	
368.686	0.0069141	-0.00970759	0.00991314	0.0119181	0.485435	305.46	47.6569	0.0300849	
368.692	0.00982066	-0.00585111	0.00991314	0.0114316	0.514323	329.214	49.6853	0.0300849	
368.698	0.0108162	-0.00129966	0.00991314	0.010894	0.546707	353.148	52.137	0.0300849	
368.704	0.00988344	0.00302332	0.00991314	0.0103355	0.580703	17.0087	54.9543	0.0300849	
368.71	0.00735155	0.00637485	0.00991314	0.00973057	0.6177	40.93	58.3708	0.0300849	
368.716	0.00383895	0.00822627	0.00991314	0.00907795	0.657508	64.983	62.5672	0.0300849	
368.722	0.000179732	0.00844056	0.00991314	0.00844247	0.695831	88.7801	67.2767	0.0300849	
368.728	-0.00300204	0.0071152	0.00991314	0.00772258	0.738275	112.876	73.5481	0.0300849	
368.734	-0.00511173	0.00477507	0.00991314	0.00699507	0.77961	136.95	81.1973	0.0300849	
368.74	-0.005883	0.00202776	0.00991314	0.00622266	0.821179	160.982	91.2764	0.0300849	
368.746	-0.00540915	-0.000464289	0.00991314	0.00542904	0.860737	184.906	104.619	0.0300849	
368.752	-0.00402518	-0.00221373	0.00991314	0.00459376	0.898193	208.81	123.642	0.0300849	
368.758	-0.00228489	-0.00296572	0.00991314	0.00374383	0.931169	232.388	151.711	0.0300849	
368.764	-0.000706995	-0.00278474	0.00991314	0.00287308	0.95887	255.755	197.69	0.0300849	
368.77	0.000291915	-0.00194802	0.00991314	0.00196977	0.980452	278.522	288.349	0.0300849	
368.776	0.000497137	-0.00092461	0.00991314	0.00104978	0.994408	298.266	541.046	0.0300849	
368.782	-2.82328e-06	-0.000206028	0.00991314	0.000206048	0.999784	269.215	2756.55	0.0300849	
368.788	-0.000876257	-0.000151462	0.00991314	0.000889251	0.995985	189.807	638.719	0.0300849	
368.794	-0.001652	-0.000851356	0.00991314	0.00185847	0.98258	207.264	305.618	0.0300849	
368.8	-0.00183832	-0.00218777	0.00991314	0.00285758	0.959304	229.961	198.763	0.0300849	
368.806	-0.00109209	-0.00367857	0.00991314	0.00383725	0.927819	253.465	148.018	0.0300849	
368.812	0.000634651	-0.00478939	0.00991314	0.00483125	0.888022	277.548	117.564	0.0300849	
368.818	0.00305025	-0.00496743	0.00991314	0.00582918	0.841233	301.552	97.4376	0.0300849	
368.824	0.00567578	-0.00384517	0.00991314	0.00685564	0.787309	325.884	82.8488	0.0300849	
368.83	0.00774958	-0.00132644	0.00991314	0.00786228	0.730141	350.287	72.2413	0.0300849	
368.836	0.00856987	0.00228468	0.00991314	0.00886918	0.670163	14.9276	64.0399	0.0300849	
368.842	0.00761116	0.00628179	0.00991314	0.00986867	0.609252	39.5342	57.554	0.0300849	
368.848	0.00476662	0.00973065	0.00991314	0.0108354	0.550261	63.9018	52.419	0.0300849	
368.854	0.000270078	0.0118129	0.00991314	0.011816	0.491458	88.6903	48.0687	0.0300849	
368.86	-0.00505549	0.0117135	0.00991314	0.0127579	0.436859	113.345	44.5199	0.0300849	
368.866	-0.0101971	0.00915948	0.00991314	0.0137068	0.384461	138.068	41.438	0.0300849	
368.872	-0.0139686	0.00430525	0.00991314	0.014617	0.337199	162.87	38.8577	0.0300849	
368.878	-0.0153716	-0.00203319	0.00991314	0.0155054	0.294272	187.535	36.6311	0.0300849	
368.884	-0.0138301	-0.00876584	0.00991314	0.0163742	0.255596	212.367	34.6877	0.0300849	
368.89	-0.00929321	-0.0144662	0.00991314	0.017194	0.222199	237.283	33.0337	0.0300849	
368.896	-0.00245454	-0.0178292	0.00991314	0.0179973	0.192429	262.161	31.5592	0.0300849	
368.902	0.00552644	-0.0179127	0.00991314	0.0187458	0.167303	287.146	30.2991	0.0300849	
368.908	0.0130056	-0.0144676	0.00991314	0.019454	0.14579	311.954	29.1961	0.0300849	
368.914	0.0185395	-0.00789032	0.00991314	0.0201487	0.126745	336.946	28.1894	0.0300849	
368.92	0.020774	0.000727106	0.00991314	0.0207867	0.110974	2.00458	27.3243	0.0300849	
368.926	0.0190491	0.00973786	0.00991314	0.0213938	0.0974173	27.076	26.5489	0.0300849	
368.932	0.0134586	0.0173469	0.00991314	0.0219556	0.0860645	52.194	25.8696	0.0300849	
368.938	0.00497252	0.021889	0.00991314	0.0224467	0.0770255	77.2014	25.3035	0.0300849	
368.944	-0.00490856	0.0223907	0.00991314	0.0229224	0.0690152	102.365	24.7784	0.0300849	
368.95	-0.0142355	0.0184763	0.00991314	0.0233243	0.0627883	127.613	24.3515	0.0300849	
368.956	-0.0210822	0.0107948	0.00991314	0.0236852	0.0575959	152.886	23.9805	0.0300849	
368.962	-0.0239892	0.000762291	0.00991314	0.0240013	0.0533429	178.18	23.6646	0.0300849	
368.968	-0.0222802	-0.00962889	0.00991314	0.0242718	0.0499142	203.373	23.4009	0.0300849	
368.974	-0.016152	-0.0184126	0.00991314	0.024493	0.0472485	228.742	23.1895	0.0300849	
368.98	-0.0067223	-0.023732	0.00991314	0.0246657	0.0452514	254.185	23.0272	0.0300849	
368.986	0.00417129	-0.0244384	0.00991314	0.0247918	0.0438376	279.686	22.91	0.0300849	
368.992	0.0143397	-0.0202972	0.00991314	0.0248516	0.0431806	305.241	22.8549	0.0300849	
368.998	0.0216888	-0.0122006	0.00991314	0.0248849	0.0428183	330.641	22.8243	0.0300849	
369.004	0.02481	-0.00160134	0.00991314	0.0248617	0.0430709	356.307	22.8457	0.0300849	
369.01	0.0230034	0.00928382	0.00991314	0.0248062	0.0436792	21.9782	22.8968	0.0300849	
369.016	0.0166055	0.0182604	0.00991314	0.0246816	0.0450707	47.7175	23.0123	0.0300849	
369.022	0.00694842	0.0235465	0.00991314	0.0245503	0.0465781	73.559	23.1354	0.0300849	
369.028	-0.00398265	0.0240258	0.00991314	0.0243536	0.048914	99.4121	23.3222	0.0300849	
369.034	-0.013925	0.0197297	0.00991314	0.0241488	0.0514499	125.214	23.52	0.0300849	
369.04	-0.0209489	0.0115078	0.00991314	0.0239016	0.054656	151.219	23.7634	0.0300849	
369.046	-0.0236028	0.0011154	0.00991314	0.0236291	0.0583784	177.294	24.0373	0.0300849	
369.052	-0.0213628	-0.00928221	0.00991314	0.0232923	0.0632667	203.485	24.385	0.0300849	
369.058	-0.0148309	-0.0175164	0.00991314	0.0229517	0.0685453	229.746	24.7468	0.0300849	
369.064	-0.00551247	-0.0219324	0.00991314	0.0226145	0.0741187	255.892	25.1158	0.0300849	
369.07	0.0047478	-0.0217417	0.00991314	0.0222541	0.0804754	282.318	25.5226	0.0300849	
369.076	0.0137031	-0.0170422	0.00991314	0.0218681	0.0877595	308.802	25.973	0.0300849	
369.082	0.0195184	-0.00893062	0.00991314	0.0214645	0.0959272	335.414	26.4614	0.0300849	
369.088	0.0210659	0.000774618	0.00991314	0.0210802	0.104249	2.10588	26.9439	0.0300849	
369.094	0.0181301	0.00990875	0.00991314	0.0206612	0.11395	28.6581	27.4902	0.0300849	
369.1	0.0114594	0.0167094	0.00991314	0.0202613	0.123844	55.5573	28.0328	0.0300849	
369.106	0.00258399	0.0197131	0.00991314	0.0198817	0.133828	82.5323	28.568	0.0300849	
369.112	-0.00652561	0.0183752	0.00991314	0.0194995	0.144479	109.552	29.128	0.0300849	
369.118	-0.0139066	0.0130973	0.00991314	0.0191032	0.156174	136.717	29.7322	0.0300849	
369.124	-0.0179821	0.00525168	0.00991314	0.0187333	0.167703	163.72	30.3194	0.0300849	
369.13	-0.0180491	-0.00350356	0.00991314	0.018386	0.179071	190.985	30.892	0.0300849	
369.136	-0.0141638	-0.0112049	0.00991314	0.01806	0.190231	218.347	31.4497	0.0300849	
369.142	-0.00730065	-0.0161795	0.00991314	0.0177504	0.201271	245.714	31.9983	0.0300849	
369.148	0.000967627	-0.0174314	0.00991314	0.0174582	0.212085	273.177	32.5337	0.0300849	
369.154	0.00871179	-0.0148209	0.00991314	0.0171917	0.222288	300.447	33.0381	0.0300849	
369.16	0.014353	-0.00901033	0.00991314	0.0169468	0.231947	327.881	33.5155	0.0300849	
369.166	0.0166814	-0.00141743	0.00991314	0.0167415	0.240257	355.143	33.9266	0.0300849	
369.172	0.0152261	0.00640232	0.00991314	0.0165174	0.249543	22.806	34.3869	0.0300849	
369.178	0.0104481	0.0125454	0.00991314	0.0163264	0.257634	50.2117	34.7891	0.0300849	
369.184	0.00350911	0.0157746	0.00991314	0.0161602	0.264812	77.4586	35.147	0.0300849	
369.19	-0.00408177	0.015451	0.00991314	0.0159811	0.272681	104.798	35.5408	0.0300849	
369.196	-0.0106243	0.0117822	0.00991314	0.015865	0.27786	132.042	35.8009	0.0300849	
369.202	-0.0146895	0.00556304	0.00991314	0.0157076	0.284974	159.258	36.1596	0.0300849	
369.208	-0.0154739	-0.00171615	0.00991314	0.0155687	0.291341	186.329	36.4821	0.0300849	
369.214	-0.0129092	-0.00844094	0.00991314	0.0154239	0.298073	213.18	36.8248	0.0300849	
369.22	-0.00761577	-0.0132393	0.00991314	0.0152735	0.30516	240.091	37.1875	0.0300849	
369.226	-0.000815831	-0.0151221	0.00991314	0.0151441	0.31133	266.912	37.5051	0.0300849	
369.232	0.00599629	-0.0137144	0.00991314	0.0149679	0.319847	293.616	37.9465	0.0300849	
369.238	0.0113882	-0.00947675	0.00991314	0.0148156	0.327319	320.234	38.3368	0.0300849	
369.244	0.0142209	-0.0034096	0.00991314	0.0146239	0.336852	346.517	38.8393	0.0300849	
369.25	0.0140694	0.00322888	0.00991314	0.0144351	0.346385	12.9254	39.3471	0.0300849	
369.256	0.0110061	0.00897389	0.00991314	0.0142009	0.358413	39.1923	39.9963	0.0300849	
369.262	0.00585294	0.0126708	0.00991314	0.0139573	0.371139	65.2067	40.6941	0.0300849	
369.268	-0.000336428	0.013663	0.00991314	0.0136671	0.386591	91.4105	41.5582	0.0300849	
369.274	-0.00611466	0.0119085	0.00991314	0.0133866	0.401811	117.179	42.4291	0.0300849	
369.28	-0.0104556	0.00789045	0.00991314	0.0130988	0.417701	142.959	43.3614	0.0300849	
369.286	-0.01251	0.0024976	0.00991314	0.0127568	0.436919	168.709	44.5236	0.0300849	
369.292	-0.0120253	-0.00304015	0.00991314	0.0124036	0.45713	194.188	45.7916	0.0300849	
369.298	-0.00922211	-0.00767153	0.00991314	0.0119958	0.480869	219.756	47.3483	0.0300849	
369.304	-0.00492065	-0.0105159	0.00991314	0.0116102	0.503663	244.924	48.9208	0.0300849	
369.31	2.26214e-05	-0.0111715	0.00991314	0.0111715	0.529935	270.116	50.8418	0.0300849	
369.316	0.004556	-0.00969594	0.00991314	0.010713	0.557696	295.168	53.018	0.0300849	
369.322	0.0078415	-0.00660582	0.00991314	0.0102531	0.585739	319.889	55.3961	0.0300849	
369.328	0.00940587	-0.00254274	0.00991314	0.0097435	0.616909	344.873	58.2933	0.0300849	
369.334	0.00911083	0.00150724	0.00991314	0.00923467	0.647977	9.3936	61.5053	0.0300849	
369.34	0.00727417	0.00480746	0.00991314	0.00871924	0.679216	33.4605	65.1411	0.0300849	
369.346	0.00440216	0.00689205	0.00991314	0.00817798	0.71157	57.4324	69.4525	0.0300849	
369.352	0.00119732	0.00755577	0.00991314	0.00765005	0.742475	80.9956	74.2455	0.0300849	
369.358	-0.00176154	0.0068841	0.00991314	0.0071059	0.773436	104.353	79.9309	0.0300849	
369.364	-0.00399764	0.00519319	0.00991314	0.00655365	0.803698	127.589	86.6664	0.0300849	
369.37	-0.0052003	0.00303651	0.00991314	0.00602192	0.831513	149.719	94.3189	0.0300849	
369.376	-0.00544654	0.000830152	0.00991314	0.00550945	0.856894	171.334	103.092	0.0300849	
369.382	-0.00491212	-0.00104043	0.00991314	0.00502109	0.879611	191.959	113.119	0.0300849	
369.388	-0.0038653	-0.00240589	0.00991314	0.0045529	0.899903	211.899	124.752	0.0300849	
369.394	-0.00262822	-0.00321918	0.00991314	0.0041558	0.915877	230.771	136.672	0.0300849	
369.4	-0.00142044	-0.00354918	0.00991314	0.00382287	0.92834	248.188	148.575	0.0300849	
369.406	-0.000346197	-0.00354509	0.00991314	0.00356196	0.937485	264.422	159.458	0.0300849	
369.412	0.000567326	-0.00338267	0.00991314	0.00342991	0.941899	279.521	165.596	0.0300849	
369.418	0.00141156	-0.00308702	0.00991314	0.00339444	0.94306	294.573	167.327	0.0300849	
369.424	0.00218802	-0.00264882	0.00991314	0.00343565	0.941711	309.558	165.32	0.0300849	
369.43	0.00301368	-0.00203846	0.00991314	0.00363835	0.934865	325.925	156.11	0.0300849	
369.436	0.00368096	-0.00111985	0.00991314	0.00384754	0.927446	343.079	147.622	0.0300849	
369.442	0.0041321	0.000103544	0.00991314	0.0041334	0.916743	1.43544	137.413	0.0300849	
369.448	0.00414647	0.00160951	0.00991314	0.00444789	0.904241	21.2145	127.697	0.0300849	
369.454	0.00358636	0.00317692	0.00991314	0.00479112	0.889768	41.5357	118.549	0.0300849	
369.46	0.00233066	0.00457876	0.00991314	0.00513781	0.874321	63.0232	110.549	0.0300849	
369.466	0.00046737	0.00546753	0.00991314	0.00548747	0.857948	85.1142	103.505	0.0300849	
369.472	-0.00173026	0.00553804	0.00991314	0.00580204	0.842585	107.35	97.8934	0.0300849	
369.478	-0.00394468	0.00466221	0.00991314	0.0061071	0.827153	130.234	93.0035	0.0300849	
369.484	-0.00572213	0.00285037	0.00991314	0.00639276	0.812261	153.521	88.8475	0.0300849	
369.49	-0.00665554	0.00035945	0.00991314	0.00666524	0.797689	176.909	85.2154	0.0300849	
369.496	-0.00644572	-0.00242997	0.00991314	0.00688854	0.785499	200.656	82.453	0.0300849	
369.502	-0.00505936	-0.0049774	0.00991314	0.0070973	0.773917	224.532	80.0278	0.0300849	
369.508	-0.00267715	-0.00673748	0.00991314	0.00724988	0.765344	248.33	78.3435	0.0300849	
369.514	0.00030096	-0.00740632	0.00991314	0.00741243	0.756119	272.327	76.6255	0.0300849	
369.52	0.003364	-0.00672865	0.00991314	0.00752271	0.74981	296.563	75.5022	0.0300849	
369.526	0.00588656	-0.00480866	0.00991314	0.00760098	0.745307	320.755	74.7248	0.0300849	
369.532	0.00736016	-0.001956	0.00991314	0.00761563	0.744462	345.117	74.581	0.0300849	
369.538	0.00754049	0.00123958	0.00991314	0.0076417	0.742957	9.33536	74.3266	0.0300849	
369.544	0.00631969	0.00422338	0.00991314	0.00760102	0.745305	33.7544	74.7244	0.0300849	
369.55	0.00396823	0.00639534	0.00991314	0.00752644	0.749596	58.1809	75.4648	0.0300849	
369.556	0.000970671	0.00737439	0.00991314	0.007438	0.75466	82.5014	76.3621	0.0300849	
369.562	-0.00212099	0.00698718	0.00991314	0.007302	0.762397	106.886	77.7843	0.0300849	
369.568	-0.00469836	0.00539422	0.00991314	0.00715347	0.770771	131.056	79.3994	0.0300849	
369.574	-0.0063372	0.002903	0.00991314	0.00697047	0.780974	155.388	81.4839	0.0300849	
369.58	-0.00675212	4.69283e-05	0.00991314	0.00675228	0.792963	179.602	84.117	0.0300849	
369.586	-0.00595393	-0.00261465	0.00991314	0.00650275	0.806421	203.709	87.3448	0.0300849	
369.592	-0.00419449	-0.00462844	0.00991314	0.0062463	0.819948	227.816	90.9309	0.0300849	
369.598	-0.00187418	-0.00567187	0.00991314	0.00597349	0.833974	251.715	95.0836	0.0300849	
369.604	0.000528398	-0.00563632	0.00991314	0.00566103	0.849543	275.356	100.332	0.0300849	
369.61	0.00259381	-0.00467337	0.00991314	0.00534493	0.864715	299.031	106.265	0.0300849	
369.616	0.00397081	-0.00305359	0.00991314	0.00500917	0.880147	322.439	113.388	0.0300849	
369.622	0.00453418	-0.00119103	0.00991314	0.004688	0.894205	345.282	121.156	0.0300849	
369.628	0.00428967	0.000581763	0.00991314	0.00432894	0.909057	7.7233	131.206	0.0300849	
369.634	0.00348473	0.00198595	0.00991314	0.0040109	0.921408	29.6788	141.61	0.0300849	
369.64	0.00230074	0.00286478	0.00991314	0.00367428	0.933616	51.2316	154.583	0.0300849	
369.646	0.00105404	0.00321668	0.00991314	0.00338498	0.943368	71.857	167.795	0.0300849	
369.652	-8.05504e-05	0.00309282	0.00991314	0.00309387	0.952465	91.4919	183.583	0.0300849	
369.658	-0.000962617	0.00267164	0.00991314	0.00283977	0.959799	109.815	200.01	0.0300849	
369.664	-0.0015962	0.00212433	0.00991314	0.00265719	0.964713	126.921	213.753	0.0300849	
369.67	-0.00203048	0.00150254	0.00991314	0.00252595	0.968058	143.499	224.858	0.0300849	
369.676	-0.0022991	0.000877895	0.00991314	0.00246101	0.969654	159.101	230.792	0.0300849	
369.682	-0.00249501	0.000210597	0.00991314	0.00250388	0.968605	175.175	226.84	0.0300849	
369.688	-0.00253824	-0.000506648	0.00991314	0.00258832	0.966488	191.288	219.44	0.0300849	
369.694	-0.00239823	-0.00134489	0.00991314	0.00274959	0.962264	209.283	206.57	0.0300849	
369.7	-0.00197356	-0.00218926	0.00991314	0.00294751	0.956759	227.966	192.699	0.0300849	
369.706	-0.00118773	-0.00297623	0.00991314	0.00320448	0.949094	248.244	177.246	0.0300849	
369.712	-3.13617e-05	-0.00346421	0.00991314	0.00346435	0.940762	269.481	163.95	0.0300849	
369.718	0.00135867	-0.00348056	0.00991314	0.00373634	0.931434	291.324	152.015	0.0300849	
369.724	0.00281684	-0.00284461	0.00991314	0.0040033	0.921694	314.719	141.878	0.0300849	
369.73	0.00399713	-0.00158824	0.00991314	0.00430111	0.910168	338.33	132.055	0.0300849	
369.736	0.0045861	0.000202807	0.00991314	0.00459059	0.898326	2.53208	123.727	0.0300849	
369.742	0.00431427	0.00222279	0.00991314	0.00485322	0.887061	27.2583	117.032	0.0300849	
369.748	0.00314848	0.00406267	0.00991314	0.00513986	0.874227	52.2251	110.505	0.0300849	
369.754	0.00114831	0.00528142	0.00991314	0.00540481	0.861887	77.7334	105.088	0.0300849	
369.76	-0.00132659	0.00550691	0.00991314	0.00566444	0.849376	103.544	100.271	0.0300849	
369.766	-0.00377189	0.00456992	0.00991314	0.00592548	0.836401	129.535	95.854	0.0300849	
369.772	-0.00563881	0.00253296	0.00991314	0.00618159	0.82331	155.81	91.8827	0.0300849	
369.778	-0.00642565	-0.000260518	0.00991314	0.00643093	0.810241	182.322	88.3203	0.0300849	
369.784	-0.00584999	-0.0032286	0.00991314	0.00668178	0.796793	208.894	85.0045	0.0300849	
369.79	-0.00390136	-0.00574005	0.00991314	0.00694037	0.78264	235.797	81.8373	0.0300849	
369.796	-0.000906106	-0.00711917	0.00991314	0.0071766	0.769473	262.747	79.1436	0.0300849	
369.802	0.00253514	-0.00698966	0.00991314	0.00743521	0.75482	289.936	76.3908	0.0300849	
369.808	0.00565178	-0.0052288	0.00991314	0.00769954	0.73961	317.226	73.7682	0.0300849	
369.814	0.00765745	-0.00213474	0.00991314	0.00794945	0.725039	344.423	71.4492	0.0300849	
369.82	0.00804893	0.001701	0.00991314	0.00822671	0.708681	11.9329	69.0412	0.0300849	
369.826	0.00657589	0.0054227	0.00991314	0.00852338	0.690988	39.5101	66.638	0.0300849	
369.832	0.0034553	0.0081259	0.00991314	0.00883002	0.67253	66.9638	64.3239	0.0300849	
369.838	-0.000718607	0.00913103	0.00991314	0.00915926	0.652566	94.4999	62.0117	0.0300849	
369.844	-0.00499152	0.00806072	0.00991314	0.00948106	0.632951	121.767	59.9069	0.0300849	
369.85	-0.00846222	0.00501112	0.00991314	0.00983466	0.611333	149.367	57.753	0.0300849	
369.856	-0.0101687	0.000576841	0.00991314	0.010185	0.589899	176.753	55.7662	0.0300849	
369.862	-0.00963441	-0.00431805	0.00991314	0.0105578	0.567142	204.141	53.7973	0.0300849	
369.868	-0.00679811	-0.00857701	0.00991314	0.0109444	0.543657	231.6	51.8971	0.0300849	
369.874	-0.002242	-0.0111107	0.00991314	0.0113346	0.52013	258.592	50.1102	0.0300849	
369.88	0.00320683	-0.0112846	0.00991314	0.0117314	0.496464	285.864	48.4153	0.0300849	
369.886	0.00829583	-0.00889897	0.00991314	0.012166	0.47091	312.991	46.6858	0.0300849	
369.892	0.0118225	-0.00430385	0.00991314	0.0125816	0.446906	339.997	45.144	0.0300849	
369.898	0.0129141	0.00157613	0.00991314	0.01301	0.422658	6.95837	43.6574	0.0300849	
369.904	0.0111788	0.00744898	0.00991314	0.0134333	0.39926	33.6775	42.2817	0.0300849	
369.91	0.00683011	0.0120618	0.00991314	0.0138614	0.376214	60.4789	40.9758	0.0300849	
369.916	0.000707752	0.0142506	0.00991314	0.0142682	0.354935	87.1568	39.8076	0.0300849	
369.922	-0.00594457	0.0134215	0.00991314	0.0146791	0.334091	113.889	38.6932	0.0300849	
369.928	-0.0116201	0.00963057	0.00991314	0.0150922	0.313825	140.349	37.6341	0.0300849	
369.934	-0.0150566	0.0035391	0.00991314	0.0154669	0.296064	166.773	36.7223	0.0300849	
369.94	-0.0154365	-0.00360634	0.00991314	0.0158522	0.278436	193.15	35.8299	0.0300849	
369.946	-0.0124995	-0.010306	0.00991314	0.0162003	0.263066	219.506	35.0598	0.0300849	
369.952	-0.00675957	-0.0150779	0.00991314	0.0165238	0.249274	245.853	34.3736	0.0300849	
369.958	0.000617103	-0.0168098	0.00991314	0.0168211	0.237009	272.102	33.7659	0.0300849	
369.964	0.0080703	-0.0150941	0.00991314	0.0171161	0.22524	298.132	33.184	0.0300849	
369.97	0.0141187	-0.0101443	0.00991314	0.0173852	0.214848	324.303	32.6704	0.0300849	
369.976	0.0173299	-0.00295513	0.00991314	0.0175801	0.207528	350.323	32.3083	0.0300849	
369.982	0.0170403	0.00501515	0.00991314	0.017763	0.200813	16.3997	31.9756	0.0300849	
369.988	0.013242	0.0120893	0.00991314	0.0179304	0.194797	42.3946	31.6769	0.0300849	
369.994	0.00669333	0.0167281	0.00991314	0.0180174	0.191722	68.1924	31.524	0.0300849	
