364	-0.000657953	0.00511293	0.00787548	0.00515509	0.807159	97.3328	87.5313	0.0239009	
364.006	-0.00212302	0.00568202	0.00787548	0.00606569	0.743339	110.488	74.3909	0.0239009	
364.012	-0.00382364	0.00590693	0.00787548	0.00703647	0.670896	122.916	64.1275	0.0239009	
364.018	-0.00575099	0.00569065	0.00787548	0.00809057	0.58997	135.302	55.7726	0.0239009	
364.024	-0.00775216	0.00486792	0.00787548	0.00915383	0.508905	147.873	49.2943	0.0239009	
364.03	-0.00966493	0.00334925	0.00787548	0.0102288	0.430219	160.887	44.1139	0.0239009	
364.036	-0.0112107	0.00110031	0.00787548	0.0112646	0.359538	174.395	40.0575	0.0239009	
364.042	-0.012069	-0.00179213	0.00787548	0.0122014	0.301151	188.446	36.982	0.0239009	
364.048	-0.0119696	-0.00507747	0.00787548	0.013002	0.255942	202.987	34.7049	0.0239009	
364.054	-0.0107431	-0.00842137	0.00787548	0.0136504	0.222655	218.092	33.0563	0.0239009	
364.06	-0.00833533	-0.0113732	0.00787548	0.0141006	0.201322	233.763	32.0008	0.0239009	
364.066	-0.00487926	-0.013464	0.00787548	0.0143209	0.191415	250.08	31.5087	0.0239009	
364.072	-0.000751877	-0.0143198	0.00787548	0.0143395	0.190591	266.994	31.4677	0.0239009	
364.078	0.00360043	-0.0136614	0.00787548	0.0141279	0.200076	284.764	31.939	0.0239009	
364.084	0.00755125	-0.0114598	0.00787548	0.013724	0.21907	303.382	32.8791	0.0239009	
364.09	0.0105035	-0.00793683	0.00787548	0.013165	0.247289	322.924	34.2751	0.0239009	
364.096	0.0119886	-0.00350996	0.00787548	0.0124918	0.284234	343.681	36.1222	0.0239009	
364.102	0.01173	0.00119416	0.00787548	0.0117907	0.326049	5.81292	38.2703	0.0239009	
364.108	0.00969483	0.00548554	0.00787548	0.0111392	0.367778	29.5021	40.5086	0.0239009	
364.114	0.00614852	0.00866663	0.00787548	0.0106261	0.402419	54.6463	42.4643	0.0239009	
364.12	0.00164271	0.0102086	0.00787548	0.0103399	0.422363	80.8587	43.6397	0.0239009	
364.126	-0.00314416	0.00982994	0.00787548	0.0103205	0.42373	107.737	43.7217	0.0239009	
364.132	-0.00738019	0.00758702	0.00787548	0.0105844	0.405299	134.208	42.6317	0.0239009	
364.138	-0.0104131	0.00376996	0.00787548	0.0110746	0.372057	160.098	40.7449	0.0239009	
364.144	-0.0116633	-0.000980474	0.00787548	0.0117044	0.331419	184.805	38.5523	0.0239009	
364.15	-0.0108944	-0.00587251	0.00787548	0.0123763	0.29089	208.326	36.4592	0.0239009	
364.156	-0.00820012	-0.010113	0.00787548	0.0130198	0.254987	230.963	34.6574	0.0239009	
364.162	-0.00401739	-0.0129556	0.00787548	0.0135642	0.226907	252.772	33.2664	0.0239009	
364.168	0.000999305	-0.013939	0.00787548	0.0139747	0.207141	274.101	32.2891	0.0239009	
364.174	0.00601366	-0.0128478	0.00787548	0.0141855	0.197462	295.083	31.8093	0.0239009	
364.18	0.0101954	-0.00990334	0.00787548	0.0142135	0.196203	315.833	31.7468	0.0239009	
364.186	0.0128814	-0.0055537	0.00787548	0.0140276	0.204681	336.677	32.1673	0.0239009	
364.192	0.0136186	-0.000575491	0.00787548	0.0136307	0.223621	357.58	33.104	0.0239009	
364.198	0.0123559	0.00424489	0.00787548	0.0130647	0.252589	18.9603	34.5382	0.0239009	
364.204	0.00934833	0.0080723	0.00787548	0.0123512	0.292349	40.8107	36.5333	0.0239009	
364.21	0.00515776	0.010314	0.00787548	0.0115318	0.342312	63.4317	39.1294	0.0239009	
364.216	0.000517944	0.010655	0.00787548	0.0106675	0.399569	87.217	42.2995	0.0239009	
364.222	-0.0037129	0.00909812	0.00787548	0.00982657	0.459126	112.2	45.9196	0.0239009	
364.228	-0.00682584	0.00601978	0.00787548	0.00910109	0.51287	138.591	49.58	0.0239009	
364.234	-0.00832789	0.00200521	0.00787548	0.0085659	0.553491	166.462	52.6777	0.0239009	
364.24	-0.00802211	-0.00214875	0.00787548	0.0083049	0.573491	194.995	54.3332	0.0239009	
364.246	-0.00601066	-0.00569781	0.00787548	0.0082821	0.575243	223.469	54.4828	0.0239009	
364.252	-0.00274563	-0.00801554	0.00787548	0.00847274	0.560619	251.092	53.2569	0.0239009	
364.258	0.00109516	-0.00873303	0.00787548	0.00880143	0.535537	277.148	51.268	0.0239009	
364.264	0.0048098	-0.00776891	0.00787548	0.00913729	0.510148	301.762	49.3835	0.0239009	
364.27	0.00771293	-0.00539211	0.00787548	0.00941085	0.489701	325.043	47.948	0.0239009	
364.276	0.00930549	-0.00212614	0.00787548	0.00954529	0.479743	347.13	47.2727	0.0239009	
364.282	0.00935706	0.00140976	0.00787548	0.00946267	0.485856	8.56789	47.6855	0.0239009	
364.288	0.00797361	0.00448782	0.00787548	0.0091498	0.509207	29.3723	49.316	0.0239009	
364.294	0.00548605	0.00656076	0.00787548	0.00855221	0.554538	50.098	52.762	0.0239009	
364.3	0.00250316	0.00727495	0.00787548	0.00769356	0.620539	71.0127	58.6506	0.0239009	
364.306	-0.000339825	0.00658995	0.00787548	0.0065987	0.703969	92.952	68.3819	0.0239009	
364.312	-0.00240348	0.00471001	0.00787548	0.0052878	0.798192	117.035	85.3344	0.0239009	
364.318	-0.00325091	0.00213903	0.00787548	0.00389151	0.885076	146.656	115.953	0.0239009	
364.324	-0.00270623	-0.000503768	0.00787548	0.00275272	0.940742	190.545	163.922	0.0239009	
364.33	-0.000881575	-0.0025515	0.00787548	0.0026995	0.942946	250.939	167.154	0.0239009	
364.336	0.00187573	-0.0035057	0.00787548	0.00397597	0.880347	298.149	113.49	0.0239009	
364.342	0.00494414	-0.00299598	0.00787548	0.00578105	0.763823	328.786	78.0537	0.0239009	
364.348	0.00766404	-0.00101519	0.00787548	0.00773098	0.617658	352.454	58.3667	0.0239009	
364.354	0.00939967	0.00219902	0.00787548	0.00965348	0.471777	13.1674	46.7429	0.0239009	
364.36	0.00967089	0.00609615	0.00787548	0.0114319	0.348697	32.2257	39.4712	0.0239009	
364.366	0.00827417	0.0100813	0.00787548	0.013042	0.253799	50.6227	34.5984	0.0239009	
364.372	0.00529185	0.0133897	0.00787548	0.0143975	0.188048	68.4352	31.3409	0.0239009	
364.378	0.00109305	0.0154096	0.00787548	0.0154483	0.14604	85.9426	29.2092	0.0239009	
364.384	-0.00371664	0.0157399	0.00787548	0.0161728	0.121414	103.286	27.9007	0.0239009	
364.39	-0.00844409	0.0142393	0.00787548	0.0165548	0.109774	120.669	27.2569	0.0239009	
364.396	-0.0123199	0.0111094	0.00787548	0.0165891	0.108771	137.958	27.2005	0.0239009	
364.402	-0.0148379	0.00675478	0.00787548	0.0163031	0.117341	155.523	27.6777	0.0239009	
364.408	-0.0155928	0.00185098	0.00787548	0.0157023	0.137016	173.23	28.7367	0.0239009	
364.414	-0.0145637	-0.00294085	0.00787548	0.0148576	0.168711	191.416	30.3704	0.0239009	
364.42	-0.0119106	-0.00692455	0.00787548	0.0137772	0.216501	210.173	32.7521	0.0239009	
364.426	-0.0081664	-0.00957708	0.00787548	0.0125861	0.278865	229.546	35.8515	0.0239009	
364.432	-0.00388136	-0.0106479	0.00787548	0.0113333	0.35507	249.972	39.8149	0.0239009	
364.438	0.000239261	-0.0101102	0.00787548	0.010113	0.438468	271.356	44.6191	0.0239009	
364.444	0.00368998	-0.00820009	0.00787548	0.00899208	0.52109	294.227	50.181	0.0239009	
364.45	0.00601462	-0.00538221	0.00787548	0.00807117	0.591462	318.176	55.9066	0.0239009	
364.456	0.00702909	-0.00223659	0.00787548	0.00737634	0.644919	342.349	61.1728	0.0239009	
364.462	0.00683691	0.000795513	0.00787548	0.00688304	0.682548	6.63685	65.5571	0.0239009	
364.468	0.00569835	0.00318223	0.00787548	0.0065267	0.709353	29.1811	69.1363	0.0239009	
364.474	0.00400345	0.00473355	0.00787548	0.00619952	0.733567	49.7768	72.7849	0.0239009	
364.48	0.0022298	0.00538331	0.00787548	0.00582684	0.760557	67.5004	77.4403	0.0239009	
364.486	0.000794273	0.00529721	0.00787548	0.00535642	0.793506	81.4725	84.2413	0.0239009	
364.492	-0.000111087	0.00479731	0.00787548	0.00479859	0.830582	91.3265	94.0342	0.0239009	
364.498	-0.000332349	0.00426747	0.00787548	0.00428039	0.862689	94.4532	105.418	0.0239009	
364.504	-3.55821e-05	0.0040905	0.00787548	0.00409065	0.873806	90.4984	110.308	0.0239009	
364.51	0.00049539	0.00451911	0.00787548	0.00454618	0.846527	83.7441	99.2551	0.0239009	
364.516	0.000857239	0.00563286	0.00787548	0.00569772	0.769735	81.3468	79.1952	0.0239009	
364.522	0.000687667	0.0073623	0.00787548	0.00739434	0.643539	84.6638	61.0239	0.0239009	
364.528	-0.000374357	0.00937467	0.00787548	0.00938214	0.491836	92.2868	48.0948	0.0239009	
364.534	-0.00243434	0.0112376	0.00787548	0.0114982	0.344452	102.223	39.2437	0.0239009	
364.54	-0.00553552	0.0125028	0.00787548	0.0136734	0.221529	113.881	33.0006	0.0239009	
364.546	-0.00929573	0.012681	0.00787548	0.0157232	0.136293	126.243	28.6985	0.0239009	
364.552	-0.013378	0.0115246	0.00787548	0.0176575	0.0809865	139.256	25.5547	0.0239009	
364.558	-0.0171812	0.00886389	0.00787548	0.0193329	0.0491404	152.71	23.3401	0.0239009	
364.564	-0.0201071	0.00491174	0.00787548	0.0206983	0.0316284	166.273	21.8004	0.0239009	
364.57	-0.0217231	-7.28598e-05	0.00787548	0.0217232	0.022277	180.192	20.7719	0.0239009	
364.576	-0.0216703	-0.00546274	0.00787548	0.0223483	0.0178407	194.149	20.1909	0.0239009	
364.582	-0.0198369	-0.0106978	0.00787548	0.0225377	0.016659	208.337	20.0212	0.0239009	
364.588	-0.0163987	-0.0151198	0.00787548	0.0223053	0.0181187	222.677	20.2298	0.0239009	
364.594	-0.0117699	-0.0181687	0.00787548	0.0216479	0.022871	237.064	20.8441	0.0239009	
364.6	-0.00646759	-0.0195361	0.00787548	0.0205789	0.0329105	251.682	21.927	0.0239009	
364.606	-0.00116272	-0.0191076	0.00787548	0.0191429	0.0521228	266.518	23.5717	0.0239009	
364.612	0.00352433	-0.0170301	0.00787548	0.0173909	0.0873217	281.692	25.9464	0.0239009	
364.618	0.0070659	-0.0136529	0.00787548	0.015373	0.148799	297.363	29.3523	0.0239009	
364.624	0.00909849	-0.00956311	0.00787548	0.0131998	0.245465	313.574	34.1847	0.0239009	
364.63	0.00954218	-0.00531564	0.00787548	0.0109229	0.3822	330.879	41.3107	0.0239009	
364.636	0.00851059	-0.00149802	0.00787548	0.00864142	0.547723	350.017	52.2173	0.0239009	
364.642	0.00633948	0.00141444	0.00787548	0.00649536	0.711691	12.5776	69.4699	0.0239009	
364.648	0.00350211	0.00312671	0.00787548	0.00469479	0.837207	41.7587	96.1133	0.0239009	
364.654	0.00054146	0.00355007	0.00787548	0.00359112	0.901259	81.328	125.652	0.0239009	
364.66	-0.00207824	0.0028114	0.00787548	0.00349615	0.906163	126.473	129.065	0.0239009	
364.666	-0.00394892	0.00124519	0.00787548	0.00414059	0.870916	162.499	108.978	0.0239009	
364.672	-0.00487138	-0.000768081	0.00787548	0.00493156	0.821965	188.96	91.4988	0.0239009	
364.678	-0.00482813	-0.00278393	0.00787548	0.00557325	0.77849	209.968	80.9639	0.0239009	
364.684	-0.00398473	-0.0043851	0.00787548	0.00592513	0.753507	227.739	76.1556	0.0239009	
364.69	-0.00258224	-0.00532105	0.00787548	0.00591452	0.754271	244.113	76.2922	0.0239009	
364.696	-0.00103609	-0.00545775	0.00787548	0.00555523	0.77975	259.251	81.2266	0.0239009	
364.702	0.000272492	-0.00483231	0.00787548	0.00483999	0.827915	273.227	93.23	0.0239009	
364.708	0.00103557	-0.00364135	0.00787548	0.00378574	0.890888	285.875	119.192	0.0239009	
364.714	0.00105536	-0.00221846	0.00787548	0.0024567	0.95251	295.441	183.674	0.0239009	
364.72	0.000293514	-0.000906649	0.00787548	0.000952976	0.992706	287.939	473.497	0.0239009	
364.726	-0.00113988	-6.13995e-05	0.00787548	0.00114154	0.98955	183.083	395.285	0.0239009	
364.732	-0.00298036	3.18646e-05	0.00787548	0.00298053	0.930889	179.387	151.393	0.0239009	
364.738	-0.00492379	-0.000749252	0.00787548	0.00498047	0.818758	188.652	90.6002	0.0239009	
364.744	-0.00657165	-0.00242297	0.00787548	0.00700409	0.67336	200.239	64.424	0.0239009	
364.75	-0.00758437	-0.00485164	0.00787548	0.00900339	0.520236	212.607	50.118	0.0239009	
364.756	-0.00769833	-0.00774105	0.00787548	0.0109173	0.382573	225.159	41.3317	0.0239009	
364.762	-0.00674111	-0.0107417	0.00787548	0.0126818	0.273485	237.889	35.5811	0.0239009	
364.768	-0.00472275	-0.0134953	0.00787548	0.0142978	0.192437	250.712	31.5595	0.0239009	
364.774	-0.00177374	-0.0155773	0.00787548	0.0156779	0.137863	263.504	28.7813	0.0239009	
364.78	0.00188243	-0.0167345	0.00787548	0.01684	0.101659	276.418	26.7952	0.0239009	
364.786	0.00588988	-0.0167412	0.00787548	0.0177471	0.0789424	289.383	25.4257	0.0239009	
364.792	0.00986282	-0.0155554	0.00787548	0.0184186	0.0649055	302.377	24.4987	0.0239009	
364.798	0.0134018	-0.0131888	0.00787548	0.018803	0.0578348	315.459	23.9979	0.0239009	
364.804	0.0161914	-0.00986081	0.00787548	0.0189578	0.0551734	328.658	23.802	0.0239009	
364.81	0.0179532	-0.00581236	0.00787548	0.0188706	0.0566589	342.061	23.9119	0.0239009	
364.816	0.0185226	-0.00140164	0.00787548	0.0185755	0.0619378	355.673	24.2917	0.0239009	
364.822	0.0178229	0.00300183	0.00787548	0.0180739	0.0718322	9.56036	24.9659	0.0239009	
364.828	0.015938	0.00703196	0.00787548	0.0174203	0.0866048	23.8075	25.9026	0.0239009	
364.834	0.0130079	0.0103764	0.00787548	0.0166395	0.107312	38.5794	27.1181	0.0239009	
364.84	0.00929236	0.0127347	0.00787548	0.0157646	0.134868	53.8823	28.6232	0.0239009	
364.846	0.0050877	0.0139523	0.00787548	0.014851	0.168979	69.9657	30.384	0.0239009	
364.852	0.000789034	0.0139088	0.00787548	0.0139311	0.209184	86.7531	32.3902	0.0239009	
364.858	-0.00328658	0.0126421	0.00787548	0.0130623	0.252719	104.573	34.5447	0.0239009	
364.864	-0.00676177	0.0102742	0.00787548	0.0122996	0.295362	123.35	36.6866	0.0239009	
364.87	-0.00932559	0.0070375	0.00787548	0.011683	0.332758	142.96	38.6229	0.0239009	
364.876	-0.0107791	0.00323036	0.00787548	0.0112527	0.360313	163.317	40.0997	0.0239009	
364.882	-0.0110057	-0.000748859	0.00787548	0.0110312	0.374946	183.893	40.9052	0.0239009	
364.888	-0.0100175	-0.00454504	0.00787548	0.0110004	0.377001	204.404	41.0197	0.0239009	
364.894	-0.00791944	-0.00775839	0.00787548	0.0110865	0.371265	224.411	40.7011	0.0239009	
364.9	-0.00499233	-0.0101042	0.00787548	0.0112703	0.35917	243.707	40.0374	0.0239009	
364.906	-0.00154558	-0.01135	0.00787548	0.0114547	0.347236	262.245	39.3927	0.0239009	
364.912	0.00199078	-0.0114158	0.00787548	0.0115881	0.338738	279.892	38.9393	0.0239009	
364.918	0.00526109	-0.0103487	0.00787548	0.0116093	0.3374	296.948	38.8683	0.0239009	
364.924	0.00788081	-0.0083532	0.00787548	0.011484	0.345357	313.333	39.2921	0.0239009	
364.93	0.00960077	-0.0057326	0.00787548	0.011182	0.364952	329.159	40.3534	0.0239009	
364.936	0.0102902	-0.00283366	0.00787548	0.0106733	0.399176	344.604	42.2769	0.0239009	
364.942	0.00996629	-8.2295e-05	0.00787548	0.00996663	0.448979	359.527	45.2742	0.0239009	
364.948	0.00877632	0.00219529	0.00787548	0.00904672	0.516966	14.0437	49.878	0.0239009	
364.954	0.00701629	0.00373033	0.00787548	0.0079463	0.601076	27.9981	56.7851	0.0239009	
364.96	0.00502288	0.004383	0.00787548	0.00666633	0.698896	41.1082	67.6882	0.0239009	
364.966	0.00318973	0.00421787	0.00787548	0.00528817	0.798166	52.9019	85.3285	0.0239009	
364.972	0.00180359	0.00336535	0.00787548	0.00381818	0.889119	61.8118	118.18	0.0239009	
364.978	0.00111024	0.00214005	0.00787548	0.0024109	0.954224	62.5801	187.163	0.0239009	
364.984	0.00117587	0.000861512	0.00787548	0.0014577	0.983016	36.2287	309.551	0.0239009	
364.99	0.00191419	-0.000139097	0.00787548	0.00191924	0.970742	355.844	235.109	0.0239009	
364.996	0.0031334	-0.000507698	0.00787548	0.00317427	0.921984	350.797	142.153	0.0239009	
365.002	0.00449714	-0.000173206	0.00787548	0.00450047	0.849354	357.794	100.263	0.0239009	
365.008	0.00566733	0.000909732	0.00787548	0.00573988	0.766749	9.11945	78.6135	0.0239009	
365.014	0.0063071	0.00259557	0.00787548	0.0068203	0.687294	22.3687	66.1601	0.0239009	
365.02	0.0061837	0.00459172	0.00787548	0.00770208	0.619883	36.5958	58.5857	0.0239009	
365.026	0.00519791	0.00654814	0.00787548	0.00836041	0.56923	51.5575	53.9725	0.0239009	
365.032	0.00342419	0.00810807	0.00787548	0.00880148	0.535533	67.1048	51.2677	0.0239009	
365.038	0.00111034	0.00892635	0.00787548	0.00899514	0.520858	82.9095	50.1639	0.0239009	
365.044	-0.00145149	0.00881019	0.00787548	0.00892895	0.525864	99.3555	50.5358	0.0239009	
365.05	-0.00381171	0.00775904	0.00787548	0.00864476	0.547468	116.163	52.1972	0.0239009	
365.056	-0.00562976	0.00587969	0.00787548	0.00814032	0.586141	133.756	55.4317	0.0239009	
365.062	-0.0065778	0.00348449	0.00787548	0.00744373	0.639748	152.088	60.6191	0.0239009	
365.068	-0.0065134	0.000969018	0.00787548	0.00658508	0.704989	171.538	68.5233	0.0239009	
365.074	-0.00543295	-0.00123684	0.00787548	0.00557196	0.77858	192.825	80.9826	0.0239009	
365.08	-0.00360621	-0.00275142	0.00787548	0.00453598	0.84716	217.342	99.4784	0.0239009	
365.086	-0.00134152	-0.00329659	0.00787548	0.00355909	0.902925	247.857	126.783	0.0239009	
365.092	0.000912992	-0.00278486	0.00787548	0.0029307	0.933102	288.151	153.967	0.0239009	
365.098	0.00269435	-0.00125772	0.00787548	0.00297345	0.931206	334.977	151.754	0.0239009	
365.104	0.00363305	0.000970497	0.00787548	0.00376044	0.89226	14.9562	119.994	0.0239009	
365.11	0.00348845	0.00351286	0.00787548	0.0049507	0.820712	45.1998	91.145	0.0239009	
365.116	0.00220438	0.00591871	0.00787548	0.00631589	0.725005	69.5725	71.4439	0.0239009	
365.122	-9.76876e-05	0.00770189	0.00787548	0.00770251	0.61985	90.7267	58.5825	0.0239009	
365.128	-0.00309171	0.00851152	0.00787548	0.00905564	0.516293	109.963	49.8288	0.0239009	
365.134	-0.00636407	0.00813348	0.00787548	0.0103274	0.423247	128.042	43.6927	0.0239009	
365.14	-0.00943269	0.00654067	0.00787548	0.0114785	0.345711	145.262	39.311	0.0239009	
365.146	-0.0118519	0.00390323	0.00787548	0.0124781	0.285021	161.771	36.162	0.0239009	
365.152	-0.0132842	0.000522051	0.00787548	0.0132944	0.240555	177.75	33.9414	0.0239009	
365.158	-0.0135484	-0.0031547	0.00787548	0.0139109	0.210137	193.108	32.4374	0.0239009	
365.164	-0.0126396	-0.00672531	0.00787548	0.0143175	0.191566	208.017	31.5162	0.0239009	
365.17	-0.0107104	-0.00977359	0.00787548	0.0144995	0.183633	222.381	31.1205	0.0239009	
365.176	-0.0080659	-0.0120058	0.00787548	0.0144637	0.185175	236.106	31.1975	0.0239009	
365.182	-0.0050467	-0.0132958	0.00787548	0.0142214	0.195846	249.215	31.729	0.0239009	
365.188	-0.00204116	-0.0136495	0.00787548	0.0138012	0.215346	261.495	32.695	0.0239009	
365.194	0.000711197	-0.0132208	0.00787548	0.0132399	0.243376	273.079	34.0811	0.0239009	
365.2	0.00293762	-0.0122048	0.00787548	0.0125534	0.280722	283.533	35.945	0.0239009	
365.206	0.00461077	-0.0109276	0.00787548	0.0118605	0.321735	292.877	38.0449	0.0239009	
365.212	0.00577512	-0.00958451	0.00787548	0.0111899	0.364431	301.071	40.3248	0.0239009	
365.218	0.00656132	-0.00838061	0.00787548	0.0106436	0.401218	308.058	42.3948	0.0239009	
365.224	0.00715033	-0.00736116	0.00787548	0.0102623	0.427848	314.168	43.97	0.0239009	
365.23	0.00771002	-0.00649098	0.00787548	0.0100786	0.440932	319.906	44.7715	0.0239009	
365.236	0.00836732	-0.00567708	0.00787548	0.0101114	0.438578	325.844	44.6259	0.0239009	
365.242	0.00913411	-0.00476741	0.00787548	0.0103034	0.424939	332.438	43.7944	0.0239009	
365.248	0.00993961	-0.00360946	0.00787548	0.0105747	0.405973	340.042	42.6709	0.0239009	
365.254	0.0106977	-0.00207595	0.00787548	0.0108972	0.383927	349.018	41.4079	0.0239009	
365.26	0.0111351	-0.000182216	0.00787548	0.0111366	0.367946	359.062	40.5179	0.0239009	
365.266	0.0111033	0.00198401	0.00787548	0.0112791	0.35859	10.1311	40.0059	0.0239009	
365.272	0.0104533	0.00427333	0.00787548	0.011293	0.357685	22.2349	39.9567	0.0239009	
365.278	0.00911351	0.00641489	0.00787548	0.0111448	0.367404	35.1412	40.4881	0.0239009	
365.284	0.00711689	0.0081714	0.00787548	0.0108361	0.388059	48.9457	41.6414	0.0239009	
365.29	0.00464326	0.00929103	0.00787548	0.0103867	0.419077	63.4461	43.4433	0.0239009	
365.296	0.00191354	0.00965095	0.00787548	0.00983883	0.458235	78.7852	45.8624	0.0239009	
365.302	-0.000822362	0.00915774	0.00787548	0.00919459	0.505846	95.1314	49.0758	0.0239009	
365.308	-0.00323145	0.0078928	0.00787548	0.00852869	0.556336	112.265	52.9075	0.0239009	
365.314	-0.00512826	0.00599511	0.00787548	0.00788926	0.60547	130.544	57.1957	0.0239009	
365.32	-0.00629955	0.0037178	0.00787548	0.0073148	0.649637	149.452	61.6875	0.0239009	
365.326	-0.00674143	0.00132303	0.00787548	0.00687003	0.683533	168.897	65.6812	0.0239009	
365.332	-0.00647561	-0.000961497	0.00787548	0.00654661	0.707866	188.446	68.9261	0.0239009	
365.338	-0.00563762	-0.00293142	0.00787548	0.00635421	0.722173	207.473	71.013	0.0239009	
365.344	-0.00441708	-0.00447441	0.00787548	0.00628736	0.727109	225.369	71.7681	0.0239009	
365.35	-0.00299235	-0.00554348	0.00787548	0.00629955	0.726211	241.64	71.6292	0.0239009	
365.356	-0.00151595	-0.00618808	0.00787548	0.00637106	0.720925	256.235	70.8252	0.0239009	
365.362	-0.000122266	-0.00649559	0.00787548	0.00649674	0.711587	268.922	69.4551	0.0239009	
365.368	0.00118061	-0.00658328	0.00787548	0.00668831	0.697245	280.167	67.4658	0.0239009	
365.374	0.00239072	-0.00652841	0.00787548	0.00695239	0.677288	290.113	64.9032	0.0239009	
365.38	0.00356109	-0.00637513	0.00787548	0.0073023	0.650595	299.187	61.7931	0.0239009	
365.386	0.00474468	-0.00610479	0.00787548	0.00773178	0.617597	307.855	58.3607	0.0239009	
365.392	0.00600105	-0.00567016	0.00787548	0.00825611	0.577239	316.624	54.6543	0.0239009	
365.398	0.00731241	-0.0049955	0.00787548	0.00885587	0.531403	325.661	50.9529	0.0239009	
365.404	0.00860524	-0.00396291	0.00787548	0.0094739	0.485023	335.273	47.6289	0.0239009	
365.41	0.00975548	-0.00253775	0.00787548	0.0100802	0.440817	345.419	44.7643	0.0239009	
365.416	0.0106035	-0.000724833	0.00787548	0.0106283	0.40227	356.089	42.4557	0.0239009	
365.422	0.0109844	0.00141205	0.00787548	0.0110748	0.372042	7.32525	40.7441	0.0239009	
365.428	0.0107515	0.00372361	0.00787548	0.0113781	0.352169	19.1027	39.658	0.0239009	
365.434	0.00984122	0.00598093	0.00787548	0.0115161	0.343309	31.2889	39.1826	0.0239009	
365.44	0.00826705	0.00797224	0.00787548	0.0114848	0.345308	43.96	39.2895	0.0239009	
365.446	0.00613447	0.00944284	0.00787548	0.0112605	0.359806	56.9905	40.0721	0.0239009	
365.452	0.00365254	0.0102235	0.00787548	0.0108564	0.386685	70.3398	41.5636	0.0239009	
365.458	0.00103004	0.0102287	0.00787548	0.0102804	0.426565	84.2496	43.8925	0.0239009	
365.464	-0.0014393	0.00942765	0.00787548	0.00953688	0.480364	98.6802	47.3144	0.0239009	
365.47	-0.00350404	0.00795576	0.00787548	0.00869324	0.543771	113.771	51.906	0.0239009	
365.476	-0.00497765	0.00597848	0.00787548	0.00777941	0.613929	129.781	58.0033	0.0239009	
365.482	-0.00572155	0.0037535	0.00787548	0.00684287	0.685588	146.734	65.9419	0.0239009	
365.488	-0.00576222	0.00150053	0.00787548	0.00595439	0.751399	165.404	75.7813	0.0239009	
365.494	-0.00513126	-0.000523981	0.00787548	0.00515795	0.806968	185.831	87.4829	0.0239009	
365.5	-0.00397778	-0.00215479	0.00787548	0.00452392	0.847906	208.445	99.7435	0.0239009	
365.506	-0.00250574	-0.00328679	0.00787548	0.004133	0.871356	232.679	109.178	0.0239009	
365.512	-0.000909107	-0.00387347	0.00787548	0.00397872	0.880192	256.792	113.411	0.0239009	
365.518	0.000655031	-0.00397702	0.00787548	0.00403061	0.877248	279.353	111.951	0.0239009	
365.524	0.00206623	-0.00365355	0.00787548	0.00419735	0.867599	299.49	107.504	0.0239009	
365.53	0.0032459	-0.00305126	0.00787548	0.00445489	0.852153	316.77	101.289	0.0239009	
365.536	0.00414209	-0.00226258	0.00787548	0.00471976	0.835622	331.355	95.6048	0.0239009	
365.542	0.00478695	-0.00136599	0.00787548	0.00497803	0.818919	344.074	90.6446	0.0239009	
365.548	0.00518124	-0.000445807	0.00787548	0.00520039	0.804113	355.082	86.7689	0.0239009	
365.554	0.00539812	0.000482714	0.00787548	0.00541966	0.789158	5.10995	83.2583	0.0239009	
365.56	0.00545805	0.00139341	0.00787548	0.0056331	0.774292	14.3214	80.1036	0.0239009	
365.566	0.00536043	0.00228575	0.00787548	0.00582743	0.760515	23.0939	77.4324	0.0239009	
365.572	0.00510663	0.0031333	0.00787548	0.00599127	0.748735	31.5322	75.3149	0.0239009	
365.578	0.00468438	0.00393245	0.00787548	0.00611617	0.739663	40.0128	73.7768	0.0239009	
365.584	0.00411882	0.00462453	0.00787548	0.00619281	0.734059	48.3103	72.8638	0.0239009	
365.59	0.00340133	0.00518367	0.00787548	0.00619996	0.733535	56.7286	72.7798	0.0239009	
365.596	0.00257701	0.0055469	0.00787548	0.0061163	0.739654	65.0812	73.7753	0.0239009	
365.602	0.00173975	0.00569927	0.00787548	0.0059589	0.751074	73.0248	75.7241	0.0239009	
365.608	0.00093994	0.0056355	0.00787548	0.00571335	0.768629	80.5309	78.9785	0.0239009	
365.614	0.000250489	0.00539215	0.00787548	0.00539797	0.790653	87.3403	83.5929	0.0239009	
365.62	-0.000272399	0.0050232	0.00787548	0.00503058	0.815454	93.104	89.6977	0.0239009	
365.626	-0.000602965	0.00461765	0.00787548	0.00465685	0.839605	97.4395	96.8964	0.0239009	
365.632	-0.000751249	0.0042789	0.00787548	0.00434435	0.858861	99.958	103.866	0.0239009	
365.638	-0.00080107	0.00406936	0.00787548	0.00414746	0.870516	101.137	108.797	0.0239009	
365.644	-0.000814113	0.0040332	0.00787548	0.00411454	0.872427	101.412	109.668	0.0239009	
365.65	-0.000928247	0.00415515	0.00787548	0.00425757	0.864045	102.593	105.983	0.0239009	
365.656	-0.00121149	0.00438079	0.00787548	0.00454522	0.846587	105.459	99.2762	0.0239009	
365.662	-0.00170285	0.00457971	0.00787548	0.00488605	0.82493	110.396	92.351	0.0239009	
365.668	-0.00243707	0.00465633	0.00787548	0.00525554	0.800383	117.627	85.8582	0.0239009	
365.674	-0.00336491	0.0044797	0.00787548	0.00560271	0.776427	126.912	80.5382	0.0239009	
365.68	-0.0043423	0.00395428	0.00787548	0.00587298	0.757254	137.678	76.8318	0.0239009	
365.686	-0.00522956	0.00306019	0.00787548	0.00605913	0.743816	149.665	74.4714	0.0239009	
365.692	-0.0058532	0.00179157	0.00787548	0.00612125	0.739293	162.981	73.7157	0.0239009	
365.698	-0.00611354	0.000291054	0.00787548	0.00612046	0.73935	177.274	73.7251	0.0239009	
365.704	-0.00587208	-0.00130692	0.00787548	0.00601576	0.746962	192.548	75.0082	0.0239009	
365.71	-0.00513853	-0.00285079	0.00787548	0.00587635	0.757012	209.021	76.7877	0.0239009	
365.716	-0.00394766	-0.00411324	0.00787548	0.00570113	0.769494	226.177	79.1479	0.0239009	
365.722	-0.00241932	-0.00497645	0.00787548	0.00553337	0.781275	244.073	81.5474	0.0239009	
365.728	-0.00068413	-0.00535889	0.00787548	0.00540238	0.790349	262.725	83.5246	0.0239009	
365.734	0.00106213	-0.00522308	0.00787548	0.00532999	0.795315	281.495	84.6591	0.0239009	
365.74	0.00267172	-0.00463345	0.00787548	0.00534854	0.794045	299.968	84.3654	0.0239009	
365.746	0.00402607	-0.00362569	0.00787548	0.00541801	0.789272	317.995	83.2837	0.0239009	
365.752	0.005043	-0.00238132	0.00787548	0.00557697	0.77823	334.723	80.9099	0.0239009	
365.758	0.00569909	-0.000968459	0.00787548	0.00578079	0.763841	350.356	78.0571	0.0239009	
365.764	0.00602162	0.000495436	0.00787548	0.00604197	0.745062	4.70348	74.6829	0.0239009	
365.77	0.00605815	0.00195183	0.00787548	0.00636481	0.721388	17.858	70.8948	0.0239009	
365.776	0.00581627	0.00339657	0.00787548	0.00673541	0.6937	30.284	66.994	0.0239009	
365.782	0.00532658	0.00480989	0.00787548	0.00717687	0.66019	42.0819	62.8731	0.0239009	
365.788	0.0045999	0.00615792	0.00787548	0.00768629	0.621099	53.2407	58.7061	0.0239009	
365.794	0.00356339	0.00747676	0.00787548	0.0082825	0.575212	64.5177	54.4802	0.0239009	
365.8	0.00217812	0.00867038	0.00787548	0.00893978	0.525044	75.8983	50.4746	0.0239009	
365.806	0.000362255	0.0096367	0.00787548	0.0096435	0.47251	87.8472	46.7913	0.0239009	
365.812	-0.00181384	0.0102118	0.00787548	0.0103716	0.420134	100.072	43.5063	0.0239009	
365.818	-0.00429632	0.0102161	0.00787548	0.0110827	0.371515	112.809	40.7149	0.0239009	
365.824	-0.00694525	0.00950945	0.00787548	0.0117757	0.32698	126.143	38.319	0.0239009	
365.83	-0.00948571	0.00799864	0.00787548	0.0124079	0.289059	139.861	36.3664	0.0239009	
365.836	-0.0116594	0.00564551	0.00787548	0.0129542	0.25851	154.164	34.8327	0.0239009	
365.842	-0.0131608	0.00255023	0.00787548	0.0134056	0.234869	169.033	33.66	0.0239009	
365.848	-0.0137034	-0.00100297	0.00787548	0.0137401	0.218291	184.186	32.8406	0.0239009	
365.854	-0.0131302	-0.00471906	0.00787548	0.0139525	0.208181	199.769	32.3406	0.0239009	
365.86	-0.0113931	-0.00816847	0.00787548	0.0140188	0.205092	215.639	32.1877	0.0239009	
365.866	-0.00860727	-0.011008	0.00787548	0.0139736	0.207193	231.978	32.2917	0.0239009	
365.872	-0.00502189	-0.0128539	0.00787548	0.0138	0.215404	248.66	32.6978	0.0239009	
365.878	-0.00107919	-0.0134652	0.00787548	0.0135084	0.229689	265.418	33.4039	0.0239009	
365.884	0.00283365	-0.0128182	0.00787548	0.0131277	0.249253	282.466	34.3725	0.0239009	
365.89	0.00624658	-0.0109894	0.00787548	0.0126406	0.275791	299.615	35.6969	0.0239009	
365.896	0.00880324	-0.00828923	0.00787548	0.0120917	0.307691	316.723	37.3176	0.0239009	
365.902	0.0102998	-0.00500582	0.00787548	0.0114518	0.347421	334.08	39.4027	0.0239009	
365.908	0.010633	-0.00168954	0.00787548	0.0107664	0.392801	350.971	41.9111	0.0239009	
365.914	0.00992708	0.00135392	0.00787548	0.010019	0.445208	7.76644	45.0377	0.0239009	
365.92	0.00844251	0.00375118	0.00787548	0.00923836	0.502567	23.9566	48.8433	0.0239009	
365.926	0.00651637	0.00535253	0.00787548	0.00843283	0.563677	39.3996	53.5089	0.0239009	
365.932	0.00446849	0.00615354	0.00787548	0.00760483	0.627367	54.0142	59.3349	0.0239009	
365.938	0.00262098	0.00625245	0.00787548	0.00677957	0.69037	67.257	66.5576	0.0239009	
365.944	0.00119377	0.0059128	0.00787548	0.00603211	0.745777	78.5856	74.805	0.0239009	
365.95	0.000217404	0.00538096	0.00787548	0.00538535	0.791521	87.6864	83.7888	0.0239009	
365.956	-0.00036329	0.00491166	0.00787548	0.00492508	0.822388	94.2302	91.6192	0.0239009	
365.962	-0.000744612	0.00466026	0.00787548	0.00471937	0.835647	99.0779	95.6128	0.0239009	
365.968	-0.00111074	0.00467756	0.00787548	0.00480763	0.830001	103.358	93.8574	0.0239009	
365.974	-0.00171267	0.00486878	0.00787548	0.00516123	0.806748	109.38	87.4272	0.0239009	
365.98	-0.00266993	0.0050446	0.00787548	0.00570759	0.769037	117.891	79.0583	0.0239009	
365.986	-0.00396944	0.00497275	0.00787548	0.00636276	0.72154	128.598	70.9176	0.0239009	
365.992	-0.00550392	0.00440578	0.00787548	0.00705011	0.669858	141.323	64.0035	0.0239009	
365.998	-0.00704008	0.00320015	0.00787548	0.00773328	0.617481	155.555	58.3493	0.0239009	
366.004	-0.00824569	0.00131767	0.00787548	0.0083503	0.570006	170.921	54.0378	0.0239009	
366.01	-0.00882594	-0.00107734	0.00787548	0.00889145	0.528705	186.959	50.749	0.0239009	
366.016	-0.00855349	-0.00372717	0.00787548	0.00933027	0.495699	203.545	48.3621	0.0239009	
366.022	-0.00729414	-0.00626822	0.00787548	0.00961743	0.474427	220.674	46.9181	0.0239009	
366.028	-0.00517396	-0.00831302	0.00787548	0.00979164	0.461669	238.102	46.0834	0.0239009	
366.034	-0.00242863	-0.00949201	0.00787548	0.00979778	0.461222	255.648	46.0545	0.0239009	
366.04	0.000571113	-0.00964389	0.00787548	0.00966079	0.471241	273.389	46.7076	0.0239009	
366.046	0.00336685	-0.00869266	0.00787548	0.00932191	0.496323	291.172	48.4055	0.0239009	
366.052	0.00556207	-0.00685368	0.00787548	0.00882664	0.533622	309.061	51.1216	0.0239009	
366.058	0.00684095	-0.00439917	0.00787548	0.00813334	0.586679	327.256	55.4793	0.0239009	
366.064	0.00701335	-0.00184183	0.00787548	0.00725117	0.654509	345.285	62.2288	0.0239009	
366.07	0.00619476	0.000401694	0.00787548	0.00620777	0.732962	3.7101	72.6882	0.0239009	
366.076	0.00465344	0.00192806	0.00787548	0.00503706	0.815026	22.5057	89.5824	0.0239009	
366.082	0.00274415	0.0025324	0.00787548	0.00373409	0.893682	42.7019	120.841	0.0239009	
366.088	0.000946198	0.00217613	0.00787548	0.00237293	0.955622	66.5002	190.158	0.0239009	
366.094	-0.000314398	0.00103068	0.00787548	0.00107756	0.990683	106.964	418.752	0.0239009	
366.1	-0.000758295	-0.000554657	0.00787548	0.000939497	0.99291	216.184	480.291	0.0239009	
366.106	-0.000304834	-0.00209914	0.00787548	0.00212116	0.964379	261.737	212.729	0.0239009	
366.112	0.000914833	-0.0031947	0.00787548	0.00332311	0.914824	285.98	135.786	0.0239009	
366.118	0.00257536	-0.00352033	0.00787548	0.00436179	0.857811	306.188	103.451	0.0239009	
366.124	0.00422149	-0.00293102	0.00787548	0.00513924	0.808222	325.227	87.8012	0.0239009	
366.13	0.00539318	-0.00155488	0.00787548	0.00561284	0.775715	343.917	80.3927	0.0239009	
366.136	0.00570065	0.000264533	0.00787548	0.00570678	0.769094	2.65685	79.0694	0.0239009	
366.142	0.00499508	0.00205536	0.00787548	0.00540142	0.790415	22.366	83.5394	0.0239009	
366.148	0.00335034	0.00325791	0.00787548	0.00467319	0.838574	44.1986	96.5575	0.0239009	
366.154	0.00111556	0.00340542	0.00787548	0.00358349	0.901657	71.862	125.92	0.0239009	
366.16	-0.0011207	0.00219928	0.00787548	0.00246836	0.952069	117.002	182.806	0.0239009	
366.166	-0.00267274	-0.000303	0.00787548	0.00268986	0.943341	186.468	167.753	0.0239009	
366.172	-0.00289713	-0.00381311	0.00787548	0.00478886	0.831208	232.773	94.2254	0.0239009	
366.178	-0.00129026	-0.00766507	0.00787548	0.0077729	0.61443	260.445	58.0519	0.0239009	
366.184	0.00229894	-0.0110088	0.00787548	0.0112463	0.360738	281.795	40.1229	0.0239009	
366.19	0.0076879	-0.0129715	0.00787548	0.0150786	0.159949	300.654	29.9253	0.0239009	
366.196	0.0142565	-0.0126806	0.00787548	0.0190799	0.0531444	318.348	23.6495	0.0239009	
366.202	0.0210477	-0.00974389	0.00787548	0.0231937	0.0130799	335.159	19.4549	0.0239009	
366.208	0.027025	-0.00396225	0.00787548	0.0273139	0.00244362	351.659	16.5202	0.0239009	
366.214	0.031013	0.00428708	0.00787548	0.031308	0.000370082	7.8704	14.4127	0.0239009	
366.22	0.0320483	0.0141882	0.00787548	0.0350485	5.00385e-05	23.8795	12.8745	0.0239009	
366.226	0.0295677	0.0245797	0.00787548	0.0384502	6.66769e-06	39.7368	11.7355	0.0239009	
366.232	0.023531	0.0340311	0.00787548	0.0413742	1.01579e-06	55.3378	10.9061	0.0239009	
366.238	0.0142683	0.0413749	0.00787548	0.0437661	1.96707e-07	70.973	10.3101	0.0239009	
366.244	0.00273601	0.0454473	0.00787548	0.0455296	5.52698e-08	86.5548	9.91074	0.0239009	
366.25	-0.00975939	0.0456079	0.00787548	0.0466404	2.4213e-08	102.078	9.6747	0.0239009	
366.256	-0.0217355	0.0416866	0.00787548	0.0470128	1.82778e-08	117.538	9.59806	0.0239009	
366.262	-0.031739	0.0341903	0.00787548	0.0466513	2.40155e-08	132.871	9.67245	0.0239009	
366.268	-0.0387644	0.023966	0.00787548	0.0455746	5.34715e-08	148.274	9.90094	0.0239009	
366.274	-0.0420345	0.0123012	0.00787548	0.0437975	1.92392e-07	163.688	10.3027	0.0239009	
366.28	-0.0413654	0.000670725	0.00787548	0.0413708	1.01804e-06	179.071	10.907	0.0239009	
366.286	-0.0371463	-0.00957369	0.00787548	0.0383602	7.04966e-06	194.452	11.763	0.0239009	
366.292	-0.030292	-0.0172754	0.00787548	0.0348718	5.52773e-05	209.696	12.9397	0.0239009	
366.298	-0.0218847	-0.0219133	0.00787548	0.0309699	0.000438546	225.037	14.57	0.0239009	
366.304	-0.0132218	-0.0232589	0.00787548	0.0267543	0.00311859	240.383	16.8658	0.0239009	
366.31	-0.00552895	-0.0216931	0.00787548	0.0223866	0.0175955	255.701	20.1563	0.0239009	
366.316	0.00029029	-0.0179403	0.00787548	0.0179426	0.0746231	270.927	25.1486	0.0239009	
366.322	0.00371719	-0.0130551	0.00787548	0.013574	0.226419	285.893	33.2423	0.0239009	
366.328	0.00474904	-0.00804654	0.00787548	0.00934345	0.494717	300.549	48.2939	0.0239009	
366.334	0.00373136	-0.00386575	0.00787548	0.00537281	0.792382	313.987	83.9844	0.0239009	
366.34	0.00134657	-0.00118681	0.00787548	0.00179493	0.974362	318.608	251.392	0.0239009	
366.346	-0.00154606	-0.000286912	0.00787548	0.00157246	0.980264	190.513	286.96	0.0239009	
366.352	-0.0041145	-0.00106148	0.00787548	0.00424922	0.86454	194.466	106.192	0.0239009	
366.358	-0.00569925	-0.00306347	0.00787548	0.00647042	0.713548	208.259	69.7377	0.0239009	
366.364	-0.0058937	-0.00566374	0.00787548	0.00817396	0.583554	223.86	55.2036	0.0239009	
366.37	-0.0046651	-0.00813903	0.00787548	0.00938121	0.491906	240.18	48.0996	0.0239009	
366.376	-0.00226919	-0.00978866	0.00787548	0.0100482	0.443106	256.948	44.9066	0.0239009	
366.382	0.000760594	-0.0102405	0.00787548	0.0102687	0.427389	274.248	43.9423	0.0239009	
366.388	0.0038213	-0.00931825	0.00787548	0.0100714	0.441448	292.298	44.8035	0.0239009	
366.394	0.00627786	-0.0071631	0.00787548	0.00952479	0.481258	311.232	47.3745	0.0239009	
366.4	0.00762924	-0.00418802	0.00787548	0.00870315	0.543016	331.236	51.8469	0.0239009	
366.406	0.00764842	-0.000969612	0.00787548	0.00770964	0.619301	352.775	58.5283	0.0239009	
366.412	0.00637811	0.00188882	0.00787548	0.00665192	0.699979	16.4961	67.8349	0.0239009	
366.418	0.00409175	0.00388531	0.00787548	0.00564252	0.773629	43.5176	79.9699	0.0239009	
366.424	0.00126655	0.00465899	0.00787548	0.00482808	0.828684	74.7916	93.4599	0.0239009	
366.43	-0.0014811	0.00413531	0.00787548	0.00439254	0.855951	109.705	102.727	0.0239009	
366.436	-0.00361845	0.0024626	0.00787548	0.00437694	0.856896	145.762	103.093	0.0239009	
366.442	-0.00470711	8.17884e-05	0.00787548	0.00470782	0.83638	179.005	95.8473	0.0239009	
366.448	-0.00455048	-0.00252413	0.00787548	0.00520366	0.803892	209.017	86.7142	0.0239009	
366.454	-0.00321883	-0.00477115	0.00787548	0.00575541	0.765646	235.995	78.4013	0.0239009	
366.46	-0.000957032	-0.00617463	0.00787548	0.00624835	0.729981	261.19	72.2161	0.0239009	
366.466	0.0017523	-0.00642512	0.00787548	0.00665978	0.699388	285.255	67.7548	0.0239009	
366.472	0.00436436	-0.00544185	0.00787548	0.00697577	0.675513	308.73	64.6856	0.0239009	
366.478	0.00638921	-0.00337681	0.00787548	0.00722668	0.656383	332.143	62.4397	0.0239009	
366.484	0.00738805	-0.000578511	0.00787548	0.00741067	0.642286	355.523	60.8895	0.0239009	
366.49	0.00717011	0.00245592	0.00787548	0.00757905	0.62935	18.9074	59.5368	0.0239009	
366.496	0.00572236	0.00518786	0.00787548	0.00772395	0.618199	42.1953	58.4198	0.0239009	
366.502	0.00329028	0.0071454	0.00787548	0.00786655	0.607218	65.2751	57.3608	0.0239009	
366.508	0.000311194	0.00799734	0.00787548	0.00800339	0.59668	87.7716	56.3801	0.0239009	
366.514	-0.00277308	0.00763923	0.00787548	0.00812698	0.587168	109.951	55.5227	0.0239009	
366.52	-0.00543914	0.00614285	0.00787548	0.0082048	0.581182	131.523	54.9961	0.0239009	
366.526	-0.00725142	0.00376173	0.00787548	0.00816907	0.58393	152.582	55.2366	0.0239009	
366.532	-0.00800077	0.00097182	0.00787548	0.00805958	0.592355	173.074	55.987	0.0239009	
366.538	-0.00760467	-0.00176815	0.00787548	0.00780752	0.611764	193.089	57.7945	0.0239009	
366.544	-0.00619775	-0.00402556	0.00787548	0.00739035	0.643845	213.004	61.0569	0.0239009	
366.55	-0.00410777	-0.00544607	0.00787548	0.00682154	0.6872	232.974	66.1481	0.0239009	
366.556	-0.00176727	-0.00582188	0.00787548	0.0060842	0.741992	253.114	74.1645	0.0239009	
366.562	0.000392307	-0.00518186	0.00787548	0.00519669	0.804362	274.329	86.8306	0.0239009	
366.568	0.00194327	-0.00372477	0.00787548	0.00420121	0.867372	297.552	107.405	0.0239009	
366.574	0.00263032	-0.00178519	0.00787548	0.00317891	0.921765	325.835	141.946	0.0239009	
366.58	0.00231134	0.000223931	0.00787548	0.00232216	0.95746	5.53375	194.315	0.0239009	
366.586	0.00107427	0.00187755	0.00787548	0.00216316	0.962981	60.2232	208.599	0.0239009	
366.592	-0.000881767	0.00278464	0.00787548	0.00292091	0.933533	107.571	154.483	0.0239009	
366.598	-0.00315801	0.00272841	0.00787548	0.00417339	0.869003	139.174	108.121	0.0239009	
366.604	-0.00533747	0.0016285	0.00787548	0.00558037	0.777992	163.033	80.8605	0.0239009	
366.61	-0.00698223	-0.000403267	0.00787548	0.00699387	0.674137	183.306	64.5182	0.0239009	
366.616	-0.00776529	-0.00315351	0.00787548	0.00838119	0.567636	202.102	53.8386	0.0239009	
366.622	-0.00745702	-0.00617116	0.00787548	0.00967938	0.469876	219.61	46.6178	0.0239009	
366.628	-0.00600906	-0.00900777	0.00787548	0.0108282	0.388601	236.293	41.6721	0.0239009	
366.634	-0.00349526	-0.0112801	0.00787548	0.0118092	0.324903	252.784	38.2103	0.0239009	
366.64	-0.000242932	-0.0126012	0.00787548	0.0126035	0.277881	268.896	35.802	0.0239009	
366.646	0.0033637	-0.0127301	0.00787548	0.013167	0.247183	284.801	34.2698	0.0239009	
366.652	0.00687172	-0.0116317	0.00787548	0.0135099	0.229613	300.574	33.4001	0.0239009	
366.658	0.00981439	-0.00943144	0.00787548	0.0136116	0.224565	316.14	33.1506	0.0239009	
366.664	0.0118737	-0.00637034	0.00787548	0.0134747	0.231378	331.786	33.4874	0.0239009	
366.67	0.0127632	-0.00283284	0.00787548	0.0130738	0.252108	347.486	34.5143	0.0239009	
366.676	0.0124398	0.000671617	0.00787548	0.0124579	0.286179	3.09037	36.2205	0.0239009	
366.682	0.0109807	0.00379003	0.00787548	0.0116164	0.33695	19.0423	38.8445	0.0239009	
366.688	0.00867781	0.00606805	0.00787548	0.0105889	0.404987	34.9636	42.6135	0.0239009	
366.694	0.00586787	0.00730605	0.00787548	0.00937071	0.492686	51.2302	48.1534	0.0239009	
366.7	0.0030011	0.00743528	0.00787548	0.0080181	0.595548	68.0195	56.2766	0.0239009	
366.706	0.000513039	0.00656976	0.00787548	0.00658976	0.704639	85.5348	68.4747	0.0239009	
366.712	-0.00129413	0.00492868	0.00787548	0.00509575	0.811127	104.712	88.5506	0.0239009	
366.718	-0.0021851	0.0029101	0.00787548	0.00363914	0.89874	126.902	123.994	0.0239009	
366.724	-0.00213512	0.000892214	0.00787548	0.00231404	0.957751	157.321	194.997	0.0239009	
366.73	-0.00125283	-0.0007373	0.00787548	0.00145368	0.983109	210.477	310.406	0.0239009	
366.736	0.000155875	-0.0016868	0.00787548	0.00169399	0.977132	275.28	266.373	0.0239009	
366.742	0.0017613	-0.00181544	0.00787548	0.00252943	0.94973	314.133	178.393	0.0239009	
366.748	0.00315189	-0.00117553	0.00787548	0.00336396	0.912811	339.547	134.137	0.0239009	
366.754	0.0040069	6.12966e-05	0.00787548	0.00400737	0.87857	0.876429	112.6	0.0239009	
366.76	0.00413963	0.00155288	0.00787548	0.00442131	0.854204	20.5623	102.058	0.0239009	
366.766	0.00348135	0.00291021	0.00787548	0.00453753	0.847064	39.8937	99.4444	0.0239009	
366.772	0.00218589	0.0037876	0.00787548	0.0043731	0.857128	60.01	103.183	0.0239009	
366.778	0.000538777	0.00387533	0.00787548	0.00391261	0.883902	82.0851	115.328	0.0239009	
366.784	-0.0010003	0.00308283	0.00787548	0.00324105	0.918805	107.977	139.224	0.0239009	
366.79	-0.00203978	0.00148104	0.00787548	0.00252075	0.950066	144.017	179.007	0.0239009	
366.796	-0.00218166	-0.000646209	0.00787548	0.00227535	0.959123	196.499	198.313	0.0239009	
366.802	-0.00120908	-0.00284241	0.00787548	0.00308888	0.925967	246.957	146.083	0.0239009	
366.808	0.000919526	-0.00459382	0.00787548	0.00468494	0.837831	281.319	96.3153	0.0239009	
366.814	0.00392179	-0.00536677	0.00787548	0.006647	0.700348	306.158	67.885	0.0239009	
366.82	0.00742741	-0.00476623	0.00787548	0.00882515	0.533735	327.311	51.1302	0.0239009	
366.826	0.0107522	-0.00261466	0.00787548	0.0110655	0.372659	346.332	40.7783	0.0239009	
366.832	0.0132994	0.0010106	0.00787548	0.0133377	0.238331	4.34549	33.8313	0.0239009	
366.838	0.0144204	0.00583363	0.00787548	0.0155557	0.142171	22.0253	29.0075	0.0239009	
366.844	0.0136686	0.0110996	0.00787548	0.0176077	0.0821402	39.0782	25.6269	0.0239009	
366.85	0.0108656	0.0161512	0.00787548	0.019466	0.0471368	56.0696	23.1805	0.0239009	
366.856	0.00620526	0.0201333	0.00787548	0.0210679	0.0279274	72.8703	21.418	0.0239009	
366.862	8.97675e-05	0.0223683	0.00787548	0.0223685	0.0177111	89.7701	20.1727	0.0239009	
366.868	-0.00673496	0.022325	0.00787548	0.0233188	0.0124807	106.787	19.3506	0.0239009	
366.874	-0.0133552	0.0198242	0.00787548	0.0239031	0.00999155	123.967	18.8775	0.0239009	
366.88	-0.0188318	0.0150575	0.00787548	0.0241115	0.00921737	141.355	18.7144	0.0239009	
366.886	-0.0223515	0.00860552	0.00787548	0.0239509	0.00980929	158.943	18.8399	0.0239009	
366.892	-0.0234134	0.00121062	0.00787548	0.0234447	0.0119021	177.04	19.2466	0.0239009	
366.898	-0.0217867	-0.00611898	0.00787548	0.0226297	0.0161098	195.688	19.9398	0.0239009	
366.904	-0.0176615	-0.0123711	0.00787548	0.0215632	0.0235558	215.009	20.926	0.0239009	
366.91	-0.0116175	-0.0166875	0.00787548	0.0203332	0.0356886	235.155	22.1919	0.0239009	
366.916	-0.00454637	-0.0184858	0.00787548	0.0190367	0.0538554	256.183	23.7033	0.0239009	
366.922	0.00263579	-0.0176024	0.00787548	0.0177987	0.0777835	278.516	25.352	0.0239009	
366.928	0.00886554	-0.0141734	0.00787548	0.0167177	0.105078	302.026	26.9912	0.0239009	
366.934	0.0133111	-0.00878699	0.00787548	0.0159498	0.12863	326.57	28.2907	0.0239009	
366.94	0.0153911	-0.00223361	0.00787548	0.0155524	0.14229	351.743	29.0137	0.0239009	
366.946	0.0148832	0.00449714	0.00787548	0.0155478	0.142452	16.8128	29.0222	0.0239009	
366.952	0.0119753	0.0104233	0.00787548	0.0158762	0.131082	41.0363	28.4219	0.0239009	
366.958	0.00716468	0.0148182	0.00787548	0.0164594	0.112596	64.1959	27.4149	0.0239009	
366.964	0.00116182	0.0171021	0.00787548	0.0171416	0.093599	86.1136	26.3238	0.0239009	
366.97	-0.00512643	0.0170573	0.00787548	0.017811	0.0775095	106.728	25.3345	0.0239009	
366.976	-0.0108824	0.0148386	0.00787548	0.0184013	0.0652388	126.256	24.5217	0.0239009	
366.982	-0.0153587	0.0108832	0.00787548	0.0188238	0.0574708	144.679	23.9713	0.0239009	
366.988	-0.0181366	0.00574986	0.00787548	0.0190263	0.0540282	162.41	23.7163	0.0239009	
366.994	-0.0190043	0.000186107	0.00787548	0.0190052	0.0543773	179.439	23.7425	0.0239009	
