364	8.84679e-05	0.00573248	0.00791547	0.00573316	0.769277	89.1158	79.1052	0.0240223	
364.006	-0.00130867	0.00629227	0.00791547	0.00642692	0.719193	101.749	70.5662	0.0240223	
364.012	-0.00290154	0.00661577	0.00791547	0.00722408	0.659372	113.681	62.7794	0.0240223	
364.018	-0.00474142	0.00661467	0.00791547	0.00813849	0.589446	125.633	55.7257	0.0240223	
364.024	-0.00673773	0.00610932	0.00791547	0.00909509	0.516783	137.8	49.8646	0.0240223	
364.03	-0.00878217	0.00496912	0.00791547	0.0100905	0.44373	150.498	44.9454	0.0240223	
364.036	-0.010624	0.00309616	0.00791547	0.011066	0.37635	163.752	40.9834	0.0240223	
364.042	-0.01194	0.000500843	0.00791547	0.0119505	0.319915	177.598	37.9501	0.0240223	
364.048	-0.0124306	-0.00263278	0.00791547	0.0127063	0.275708	191.958	35.6928	0.0240223	
364.054	-0.0118622	-0.00602128	0.00791547	0.0133029	0.243597	206.913	34.0921	0.0240223	
364.06	-0.0101072	-0.00923849	0.00791547	0.0136932	0.22395	222.429	33.1203	0.0240223	
364.066	-0.00721235	-0.0118093	0.00791547	0.0138376	0.21696	238.586	32.7748	0.0240223	
364.072	-0.00348101	-0.0133124	0.00791547	0.01376	0.220699	255.346	32.9596	0.0240223	
364.078	0.000696783	-0.0134058	0.00791547	0.0134239	0.237388	272.975	33.7847	0.0240223	
364.084	0.00471936	-0.0119752	0.00791547	0.0128716	0.266563	291.509	35.2345	0.0240223	
364.09	0.00797769	-0.00915318	0.00791547	0.0121418	0.308362	311.075	37.3521	0.0240223	
364.096	0.00996682	-0.00528545	0.00791547	0.0112816	0.362158	332.063	40.2004	0.0240223	
364.102	0.0103428	-0.000935443	0.00791547	0.0103851	0.42288	354.832	43.6707	0.0240223	
364.108	0.00899484	0.00322747	0.00791547	0.00955635	0.482494	19.7387	47.4578	0.0240223	
364.114	0.00610419	0.00650364	0.00791547	0.00891955	0.52999	46.8147	50.8459	0.0240223	
364.12	0.00214911	0.00833429	0.00791547	0.00860692	0.553679	75.5405	52.6928	0.0240223	
364.126	-0.00223884	0.00837434	0.00791547	0.00866845	0.549003	104.968	52.3188	0.0240223	
364.132	-0.00625672	0.0066172	0.00791547	0.0091068	0.515905	133.396	49.8005	0.0240223	
364.138	-0.0092541	0.00328376	0.00791547	0.00981944	0.46326	160.463	46.1862	0.0240223	
364.144	-0.0106215	-0.00104317	0.00791547	0.0106727	0.402929	185.609	42.4939	0.0240223	
364.15	-0.010075	-0.00561576	0.00791547	0.0115344	0.345864	209.135	39.3192	0.0240223	
364.156	-0.00766628	-0.00965866	0.00791547	0.0123313	0.297159	231.56	36.7781	0.0240223	
364.162	-0.0037737	-0.0124221	0.00791547	0.0129826	0.260523	253.102	34.933	0.0240223	
364.168	0.000984071	-0.0134308	0.00791547	0.0134668	0.235215	274.191	33.6771	0.0240223	
364.174	0.00579968	-0.01243	0.00791547	0.0137165	0.222814	295.013	33.0641	0.0240223	
364.18	0.00985189	-0.00961055	0.00791547	0.0137631	0.220548	315.71	32.9521	0.0240223	
364.186	0.0124729	-0.00539118	0.00791547	0.0135882	0.22913	336.625	33.3762	0.0240223	
364.192	0.013187	-0.000520817	0.00791547	0.0131973	0.2491	357.738	34.365	0.0240223	
364.198	0.0119297	0.00422151	0.00791547	0.0126546	0.278607	19.4871	35.8385	0.0240223	
364.204	0.00892796	0.00799697	0.00791547	0.0119858	0.317765	41.8515	37.8383	0.0240223	
364.21	0.0047345	0.0102062	0.00791547	0.0112508	0.364164	65.1141	40.3101	0.0240223	
364.216	7.63272e-05	0.0105151	0.00791547	0.0105154	0.413788	89.5841	43.1295	0.0240223	
364.222	-0.00418531	0.00891622	0.00791547	0.00984966	0.461068	115.146	46.0445	0.0240223	
364.228	-0.00733276	0.00577117	0.00791547	0.00933144	0.499131	141.796	48.6016	0.0240223	
364.234	-0.00885586	0.00166523	0.00791547	0.00901107	0.523096	169.351	50.3296	0.0240223	
364.24	-0.00854858	-0.00259269	0.00791547	0.0089331	0.528969	196.872	50.7688	0.0240223	
364.246	-0.0065014	-0.00625422	0.00791547	0.00902128	0.522327	223.89	50.2726	0.0240223	
364.252	-0.00316513	-0.0086739	0.00791547	0.00923335	0.506438	249.953	49.118	0.0240223	
364.258	0.000773393	-0.00947344	0.00791547	0.00950496	0.486281	274.667	47.7144	0.0240223	
364.264	0.00460049	-0.0085574	0.00791547	0.00971563	0.470818	298.263	46.6797	0.0240223	
364.27	0.00761516	-0.00619992	0.00791547	0.00981985	0.46323	320.849	46.1843	0.0240223	
364.276	0.0093096	-0.00292938	0.00791547	0.00975961	0.467611	342.533	46.4694	0.0240223	
364.282	0.00944305	0.000624972	0.00791547	0.00946371	0.489327	3.7865	47.9223	0.0240223	
364.288	0.00812549	0.00371716	0.00791547	0.00893537	0.528797	24.5827	50.7559	0.0240223	
364.294	0.00569873	0.00579075	0.00791547	0.00812455	0.590513	45.4589	55.8213	0.0240223	
364.3	0.00278589	0.00649236	0.00791547	0.00706484	0.671454	66.7757	64.1944	0.0240223	
364.306	4.37089e-05	0.00578243	0.00791547	0.0057826	0.76579	89.5669	78.4289	0.0240223	
364.312	-0.00188019	0.00388524	0.00791547	0.00431627	0.86185	115.824	105.073	0.0240223	
364.318	-0.00253856	0.00133276	0.00791547	0.00286714	0.936504	152.3	158.179	0.0240223	
364.324	-0.00177252	-0.00122742	0.00791547	0.00215601	0.963584	214.701	210.353	0.0240223	
364.33	0.000283543	-0.00310606	0.00791547	0.00311897	0.925305	275.216	145.408	0.0240223	
364.336	0.00324417	-0.00378899	0.00791547	0.0049881	0.819913	310.57	90.9211	0.0240223	
364.342	0.00644392	-0.00290935	0.00791547	0.00707025	0.671044	335.701	64.1453	0.0240223	
364.348	0.0091785	-0.000487002	0.00791547	0.00919141	0.50957	356.963	49.342	0.0240223	
364.354	0.0107761	0.0031964	0.00791547	0.0112401	0.364865	16.5214	40.3486	0.0240223	
364.36	0.0107444	0.00753242	0.00791547	0.0131217	0.253085	35.0327	34.5629	0.0240223	
364.366	0.00888076	0.011866	0.00791547	0.0148212	0.173251	53.188	30.5995	0.0240223	
364.372	0.00530678	0.0153688	0.00791547	0.0162592	0.121276	70.9505	27.8932	0.0240223	
364.378	0.000453948	0.0173751	0.00791547	0.017381	0.0897405	88.5034	26.093	0.0240223	
364.384	-0.00500476	0.0174708	0.00791547	0.0181735	0.07167	105.985	24.9552	0.0240223	
364.39	-0.0102876	0.0155191	0.00791547	0.0186193	0.0628775	123.54	24.3577	0.0240223	
364.396	-0.0145482	0.011766	0.00791547	0.0187106	0.0611889	141.035	24.2388	0.0240223	
364.402	-0.0172271	0.00667482	0.00791547	0.018475	0.0656211	158.821	24.548	0.0240223	
364.408	-0.0178893	0.00102155	0.00791547	0.0179184	0.0771338	176.732	25.3105	0.0240223	
364.414	-0.0165199	-0.00445935	0.00791547	0.0171112	0.0966597	195.106	26.5045	0.0240223	
364.42	-0.0133153	-0.00897305	0.00791547	0.0160566	0.127783	213.976	28.2453	0.0240223	
364.426	-0.00888403	-0.0119328	0.00791547	0.0148768	0.170985	233.332	30.4853	0.0240223	
364.432	-0.00385823	-0.0130637	0.00791547	0.0136216	0.227476	253.546	33.2945	0.0240223	
364.438	0.000957023	-0.0123358	0.00791547	0.0123729	0.294735	274.436	36.6547	0.0240223	
364.444	0.00497978	-0.0100184	0.00791547	0.0111878	0.368299	296.43	40.5373	0.0240223	
364.45	0.00768157	-0.00664729	0.00791547	0.0101584	0.43889	319.129	44.6451	0.0240223	
364.456	0.00885165	-0.0028871	0.00791547	0.00931059	0.500682	341.935	48.7105	0.0240223	
364.462	0.00859142	0.000745081	0.00791547	0.00862367	0.552406	4.95651	52.5905	0.0240223	
364.468	0.00719518	0.00363102	0.00791547	0.00805946	0.595499	26.7776	56.2722	0.0240223	
364.474	0.00510426	0.00552918	0.00791547	0.00752498	0.636428	47.2884	60.269	0.0240223	
364.48	0.00287545	0.00634474	0.00791547	0.00696592	0.678933	65.6199	65.106	0.0240223	
364.486	0.000999072	0.00624544	0.00791547	0.00632485	0.726701	80.9115	71.705	0.0240223	
364.492	-0.000275903	0.00557933	0.00791547	0.00558615	0.779561	92.831	81.1871	0.0240223	
364.498	-0.000749501	0.00478532	0.00791547	0.00484366	0.829257	98.9016	93.6323	0.0240223	
364.504	-0.000569899	0.00429743	0.00791547	0.00433505	0.860734	97.5542	104.618	0.0240223	
364.51	-2.43701e-05	0.00442319	0.00791547	0.00442326	0.855443	90.3157	102.531	0.0240223	
364.516	0.000448875	0.0052977	0.00791547	0.00531669	0.798054	85.1569	85.3018	0.0240223	
364.522	0.000459269	0.0068664	0.00791547	0.00688174	0.685278	86.1734	65.9024	0.0240223	
364.528	-0.000404566	0.00881052	0.00791547	0.00881981	0.537527	92.6291	51.421	0.0240223	
364.534	-0.00228591	0.0106804	0.00791547	0.0109223	0.385959	102.081	41.5225	0.0240223	
364.54	-0.00524692	0.0120011	0.00791547	0.013098	0.254345	113.615	34.6255	0.0240223	
364.546	-0.00891617	0.0122596	0.00791547	0.015159	0.1598	126.028	29.9177	0.0240223	
364.552	-0.0129471	0.0111773	0.00791547	0.0171044	0.0968395	139.196	26.515	0.0240223	
364.558	-0.0167206	0.00856799	0.00791547	0.018788	0.0597881	152.868	24.1389	0.0240223	
364.564	-0.0196188	0.00464445	0.00791547	0.0201611	0.0390185	166.681	22.495	0.0240223	
364.57	-0.0211825	-0.000327396	0.00791547	0.021185	0.0278317	180.885	21.4077	0.0240223	
364.576	-0.0210464	-0.00569855	0.00791547	0.0218042	0.0225055	195.15	20.7998	0.0240223	
364.582	-0.0190974	-0.0108785	0.00791547	0.0219784	0.0211762	209.667	20.6349	0.0240223	
364.588	-0.0155315	-0.0151905	0.00791547	0.0217251	0.0231328	224.364	20.8756	0.0240223	
364.594	-0.0107927	-0.0180655	0.00791547	0.0210439	0.0291874	239.145	21.5513	0.0240223	
364.6	-0.00543418	-0.0191924	0.00791547	0.0199469	0.0417875	254.191	22.7366	0.0240223	
364.606	-0.000150324	-0.0184793	0.00791547	0.0184799	0.0655267	269.534	24.5415	0.0240223	
364.612	0.00440309	-0.0161128	0.00791547	0.0167036	0.107897	285.284	27.1512	0.0240223	
364.618	0.00770146	-0.0124862	0.00791547	0.0146703	0.179516	301.666	30.9144	0.0240223	
364.624	0.00940203	-0.00823441	0.00791547	0.0124981	0.287497	318.788	36.2872	0.0240223	
364.63	0.00945387	-0.00394667	0.00791547	0.0102446	0.432773	337.341	44.2695	0.0240223	
364.636	0.00802826	-0.000235567	0.00791547	0.00803171	0.597624	358.319	56.4665	0.0240223	
364.642	0.00551131	0.0024288	0.00791547	0.00602276	0.748659	23.7828	75.3016	0.0240223	
364.648	0.0024417	0.00377393	0.00791547	0.00449494	0.851091	57.0975	100.896	0.0240223	
364.654	-0.000600651	0.00376537	0.00791547	0.00381297	0.890455	99.0635	118.942	0.0240223	
364.66	-0.00313266	0.00258955	0.00791547	0.0040644	0.876492	140.422	111.584	0.0240223	
364.666	-0.00475271	0.00064981	0.00791547	0.00479693	0.832244	172.215	94.5445	0.0240223	
364.672	-0.00529389	-0.00161703	0.00791547	0.00553534	0.783084	196.985	81.9323	0.0240223	
364.678	-0.0047973	-0.00371618	0.00791547	0.00606829	0.745377	217.763	74.7366	0.0240223	
364.684	-0.00349878	-0.00521901	0.00791547	0.00628327	0.729748	236.162	72.1795	0.0240223	
364.69	-0.00170895	-0.00588314	0.00791547	0.00612633	0.741178	253.802	74.0285	0.0240223	
364.696	9.43804e-05	-0.00561564	0.00791547	0.00561644	0.777453	270.963	80.7493	0.0240223	
364.702	0.00148996	-0.00451438	0.00791547	0.0047539	0.834978	288.265	95.4002	0.0240223	
364.708	0.00215196	-0.0028431	0.00791547	0.00356569	0.903516	307.122	127.191	0.0240223	
364.714	0.00190058	-0.00101287	0.00791547	0.00215362	0.963664	331.946	210.586	0.0240223	
364.72	0.000736381	0.000576119	0.00791547	0.000934971	0.993048	38.0384	485.067	0.0240223	
364.726	-0.00116702	0.00153538	0.00791547	0.00192855	0.970755	127.238	235.163	0.0240223	
364.732	-0.00347295	0.00156483	0.00791547	0.00380921	0.890659	155.745	119.06	0.0240223	
364.738	-0.00581608	0.000564408	0.00791547	0.0058434	0.761482	174.457	77.6129	0.0240223	
364.744	-0.00774279	-0.00143987	0.00791547	0.00787553	0.609591	190.535	57.5864	0.0240223	
364.75	-0.0088893	-0.00425356	0.00791547	0.00985456	0.460712	205.571	46.0216	0.0240223	
364.756	-0.00898508	-0.00752054	0.00791547	0.0117171	0.334336	219.929	38.7061	0.0240223	
364.762	-0.00788818	-0.0108326	0.00791547	0.0134003	0.23859	233.938	33.8441	0.0240223	
364.768	-0.00564885	-0.0137924	0.00791547	0.0149044	0.169868	247.728	30.4289	0.0240223	
364.774	-0.00245069	-0.0159636	0.00791547	0.0161507	0.124731	261.272	28.0808	0.0240223	
364.78	0.00142958	-0.0170969	0.00791547	0.0171566	0.095467	274.78	26.4343	0.0240223	
364.786	0.0055874	-0.0169962	0.00791547	0.017891	0.0777398	288.198	25.3492	0.0240223	
364.792	0.00961954	-0.0156733	0.00791547	0.0183899	0.067284	301.54	24.6615	0.0240223	
364.798	0.0131188	-0.013185	0.00791547	0.0185996	0.0632454	314.856	24.3835	0.0240223	
364.804	0.0158024	-0.00979358	0.00791547	0.0185911	0.0634048	328.211	24.3946	0.0240223	
364.81	0.017425	-0.00576972	0.00791547	0.0183554	0.0679684	341.679	24.7079	0.0240223	
364.816	0.0178722	-0.00148333	0.00791547	0.0179337	0.0767979	355.256	25.2889	0.0240223	
364.822	0.0171172	0.00271957	0.00791547	0.0173319	0.0909696	9.02766	26.1669	0.0240223	
364.828	0.0152816	0.00650612	0.00791547	0.016609	0.110646	23.0618	27.3059	0.0240223	
364.834	0.0125229	0.00961795	0.00791547	0.0157902	0.136735	37.5252	28.7219	0.0240223	
364.84	0.00909027	0.011809	0.00791547	0.0149025	0.169941	52.4119	30.4326	0.0240223	
364.846	0.00524797	0.0129764	0.00791547	0.0139974	0.20939	67.9804	32.4005	0.0240223	
364.852	0.00133763	0.0130278	0.00791547	0.0130963	0.254432	84.1377	34.6298	0.0240223	
364.858	-0.0023792	0.012011	0.00791547	0.0122444	0.302269	101.204	37.0393	0.0240223	
364.864	-0.00559597	0.0100312	0.00791547	0.0114865	0.348921	119.155	39.4832	0.0240223	
364.87	-0.00804769	0.00727196	0.00791547	0.0108465	0.391077	137.899	41.8128	0.0240223	
364.876	-0.00956393	0.00397317	0.00791547	0.0103564	0.424892	157.44	43.7916	0.0240223	
364.882	-0.0100301	0.000463339	0.00791547	0.0100408	0.447289	177.355	45.168	0.0240223	
364.888	-0.00943493	-0.00296481	0.00791547	0.00988979	0.458162	197.445	45.8577	0.0240223	
364.894	-0.00783376	-0.00596795	0.00791547	0.00984805	0.461184	217.301	46.052	0.0240223	
364.9	-0.00543694	-0.00827678	0.00791547	0.0099028	0.457222	236.699	45.7975	0.0240223	
364.906	-0.00248838	-0.00966319	0.00791547	0.00997844	0.451767	255.559	45.4503	0.0240223	
364.912	0.000640805	-0.0100102	0.00791547	0.0100307	0.448012	273.663	45.2134	0.0240223	
364.918	0.00363947	-0.00931882	0.00791547	0.0100043	0.449908	291.333	45.3328	0.0240223	
364.924	0.0061421	-0.00772693	0.00791547	0.0098707	0.459543	308.481	45.9464	0.0240223	
364.93	0.00788524	-0.00547316	0.00791547	0.00959857	0.47939	325.235	47.249	0.0240223	
364.936	0.0087027	-0.00285625	0.00791547	0.00915943	0.511962	341.83	49.5143	0.0240223	
364.942	0.00855227	-0.000273546	0.00791547	0.00855664	0.557506	358.168	53.0025	0.0240223	
364.948	0.00752359	0.00195189	0.00791547	0.00777266	0.617472	14.5439	58.3485	0.0240223	
364.954	0.00585881	0.00352237	0.00791547	0.00683614	0.688707	31.0147	66.342	0.0240223	
364.96	0.00385682	0.00425017	0.00791547	0.00573925	0.768848	47.7778	79.0213	0.0240223	
364.966	0.00189991	0.00413588	0.00791547	0.00455139	0.847629	65.3273	99.6449	0.0240223	
364.972	0.000297962	0.00324778	0.00791547	0.00326142	0.918618	84.7582	139.057	0.0240223	
364.978	-0.000655603	0.00185181	0.00791547	0.00196444	0.969673	109.496	230.866	0.0240223	
364.984	-0.000826013	0.000244754	0.00791547	0.000861512	0.994095	163.495	526.427	0.0240223	
364.99	-0.000224317	-0.00123199	0.00791547	0.00125225	0.987564	259.681	362.168	0.0240223	
364.996	0.0010287	-0.00218469	0.00791547	0.00241476	0.954533	295.214	187.813	0.0240223	
365.002	0.00264789	-0.00247311	0.00791547	0.0036232	0.900539	316.955	125.172	0.0240223	
365.008	0.00430784	-0.00195262	0.00791547	0.00472971	0.836508	335.617	95.8881	0.0240223	
365.014	0.00565628	-0.000680673	0.00791547	0.00569709	0.771812	353.138	79.6061	0.0240223	
365.02	0.00639553	0.001138	0.00791547	0.00649598	0.714088	10.0894	69.8159	0.0240223	
365.026	0.00634011	0.00320904	0.00791547	0.00710598	0.668337	26.8462	63.8227	0.0240223	
365.032	0.00545519	0.00519405	0.00791547	0.00753241	0.63586	43.5953	60.2096	0.0240223	
365.038	0.00386311	0.00672301	0.00791547	0.00775387	0.618912	60.1179	58.4899	0.0240223	
365.044	0.00177247	0.00754181	0.00791547	0.00774729	0.619416	76.7744	58.5396	0.0240223	
365.05	-0.000444034	0.00754328	0.00791547	0.00755634	0.63403	93.3688	60.0189	0.0240223	
365.056	-0.00247334	0.00671547	0.00791547	0.00715646	0.664508	110.219	63.3725	0.0240223	
365.062	-0.0039659	0.00524532	0.00791547	0.00657585	0.708164	127.092	68.968	0.0240223	
365.068	-0.00471346	0.00341308	0.00791547	0.00581944	0.763183	144.091	77.9324	0.0240223	
365.074	-0.0046173	0.00157635	0.00791547	0.00487897	0.826989	161.15	92.9548	0.0240223	
365.08	-0.00381416	7.8259e-05	0.00791547	0.00381497	0.890347	178.825	118.88	0.0240223	
365.086	-0.00249473	-0.000794006	0.00791547	0.00261804	0.946771	197.655	173.23	0.0240223	
365.092	-0.000985786	-0.000890537	0.00791547	0.00132847	0.986015	222.094	341.388	0.0240223	
365.098	0.00032833	-0.000155287	0.00791547	0.0003632	0.998948	334.688	1248.69	0.0240223	
365.104	0.00111882	0.00121006	0.00791547	0.00164803	0.978559	47.2435	275.191	0.0240223	
365.11	0.00113705	0.0029403	0.00791547	0.0031525	0.923754	68.8579	143.861	0.0240223	
365.116	0.000277219	0.00469611	0.00791547	0.00470428	0.838111	86.6217	96.4064	0.0240223	
365.122	-0.00142751	0.00607362	0.00791547	0.00623912	0.732975	103.226	72.6903	0.0240223	
365.128	-0.00376572	0.00675864	0.00791547	0.00773692	0.62021	119.125	58.618	0.0240223	
365.134	-0.00643474	0.00653267	0.00791547	0.00916961	0.511201	134.567	49.4594	0.0240223	
365.14	-0.00906431	0.00531748	0.00791547	0.0105089	0.414237	149.602	43.156	0.0240223	
365.146	-0.0112784	0.00319498	0.00791547	0.0117222	0.334017	164.183	38.6893	0.0240223	
365.152	-0.012778	0.000359126	0.00791547	0.0127831	0.271436	178.39	35.4784	0.0240223	
365.158	-0.0133787	-0.00286175	0.00791547	0.0136814	0.224531	192.074	33.149	0.0240223	
365.164	-0.0130212	-0.00616697	0.00791547	0.0144077	0.190794	205.343	31.4778	0.0240223	
365.17	-0.0117701	-0.00922312	0.00791547	0.0149533	0.167898	218.082	30.3293	0.0240223	
365.176	-0.00981042	-0.0117784	0.00791547	0.0153289	0.15333	230.209	29.5861	0.0240223	
365.182	-0.00736463	-0.0137048	0.00791547	0.0155583	0.144903	241.747	29.15	0.0240223	
365.188	-0.00469473	-0.0149556	0.00791547	0.0156751	0.140742	252.572	28.9326	0.0240223	
365.194	-0.00195292	-0.0155996	0.00791547	0.0157213	0.139122	262.864	28.8476	0.0240223	
365.2	0.000658127	-0.015708	0.00791547	0.0157218	0.139106	272.399	28.8468	0.0240223	
365.206	0.00311864	-0.0154554	0.00791547	0.0157669	0.137538	281.408	28.7642	0.0240223	
365.212	0.00544836	-0.0149177	0.00791547	0.0158816	0.133613	290.064	28.5566	0.0240223	
365.218	0.00768711	-0.0141574	0.00791547	0.0161097	0.126052	298.501	28.1521	0.0240223	
365.224	0.00990883	-0.0131313	0.00791547	0.0164504	0.115374	307.038	27.5692	0.0240223	
365.23	0.0121202	-0.0117457	0.00791547	0.0168779	0.102975	315.899	26.8709	0.0240223	
365.236	0.0142845	-0.0099168	0.00791547	0.0173894	0.0895323	325.23	26.0804	0.0240223	
365.242	0.0162643	-0.00753315	0.00791547	0.0179242	0.0770072	335.148	25.3023	0.0240223	
365.248	0.0178348	-0.00456088	0.00791547	0.0184087	0.0669135	345.655	24.6363	0.0240223	
365.254	0.0188247	-0.000986937	0.00791547	0.0188505	0.0586765	356.999	24.0589	0.0240223	
365.26	0.0188954	0.00296859	0.00791547	0.0191272	0.0539566	8.92855	23.7109	0.0240223	
365.266	0.0179194	0.00703573	0.00791547	0.0192511	0.0519469	21.4366	23.5582	0.0240223	
365.272	0.0158008	0.0109017	0.00791547	0.0191966	0.052823	34.6036	23.6251	0.0240223	
365.278	0.0125952	0.014145	0.00791547	0.0189399	0.0571153	48.317	23.9453	0.0240223	
365.284	0.00850337	0.0164187	0.00791547	0.01849	0.0653302	62.62	24.528	0.0240223	
365.29	0.00389208	0.0174289	0.00791547	0.0178582	0.0784705	77.4117	25.3957	0.0240223	
365.296	-0.000799931	0.0170784	0.00791547	0.0170972	0.0970305	92.6817	26.5262	0.0240223	
365.302	-0.0051756	0.0153537	0.00791547	0.0162025	0.123071	108.629	27.9909	0.0240223	
365.308	-0.00874168	0.0124718	0.00791547	0.0152303	0.15706	125.027	29.7776	0.0240223	
365.314	-0.011227	0.00875685	0.00791547	0.0142383	0.19833	142.047	31.8524	0.0240223	
365.32	-0.0123976	0.0046638	0.00791547	0.0132458	0.246562	159.384	34.239	0.0240223	
365.326	-0.0123021	0.000645971	0.00791547	0.0123191	0.297877	176.994	36.8148	0.0240223	
365.332	-0.0110631	-0.00292372	0.00791547	0.0114429	0.351715	194.804	39.6335	0.0240223	
365.338	-0.00897069	-0.00572336	0.00791547	0.010641	0.405107	212.538	42.6205	0.0240223	
365.344	-0.00640173	-0.0075923	0.00791547	0.00993102	0.455184	229.863	45.6673	0.0240223	
365.35	-0.00371475	-0.00850054	0.00791547	0.00927678	0.503199	246.395	48.888	0.0240223	
365.356	-0.00122428	-0.00858602	0.00791547	0.00867286	0.548667	261.885	52.2922	0.0240223	
365.362	0.000837443	-0.00806728	0.00791547	0.00811063	0.591579	275.927	55.9171	0.0240223	
365.368	0.00239518	-0.00721531	0.00791547	0.00760247	0.630502	288.364	59.6547	0.0240223	
365.374	0.00346216	-0.00627498	0.00791547	0.00716672	0.663729	298.887	63.2818	0.0240223	
365.38	0.00415951	-0.00543079	0.00791547	0.00684069	0.688365	307.449	66.2979	0.0240223	
365.386	0.00465728	-0.00476842	0.00791547	0.00666544	0.701491	314.324	68.041	0.0240223	
365.392	0.00514728	-0.00427699	0.00791547	0.00669232	0.699484	320.276	67.7677	0.0240223	
365.398	0.00575542	-0.00388093	0.00791547	0.00694165	0.680763	326.008	65.3336	0.0240223	
365.404	0.00653316	-0.00339319	0.00791547	0.00736178	0.648887	332.554	61.605	0.0240223	
365.41	0.00743603	-0.002674	0.00791547	0.0079022	0.607547	340.221	57.392	0.0240223	
365.416	0.0083404	-0.00159817	0.00791547	0.00849214	0.562419	349.153	53.405	0.0240223	
365.422	0.0090581	-0.000119899	0.00791547	0.0090589	0.5195	359.242	50.0638	0.0240223	
365.428	0.00938205	0.00171523	0.00791547	0.00953755	0.483878	10.3604	47.5513	0.0240223	
365.434	0.00915208	0.0037437	0.00791547	0.00988816	0.45828	22.2472	45.8652	0.0240223	
365.44	0.00827215	0.00576897	0.00791547	0.0100851	0.444117	34.8918	44.9696	0.0240223	
365.446	0.00674712	0.00751597	0.00791547	0.0101002	0.443041	48.0855	44.9025	0.0240223	
365.452	0.0047047	0.00874582	0.00791547	0.00993094	0.45519	61.7225	45.6677	0.0240223	
365.458	0.00231564	0.00929585	0.00791547	0.00957993	0.48076	76.012	47.341	0.0240223	
365.464	-0.000131258	0.00904137	0.00791547	0.00904232	0.520746	90.8317	50.1556	0.0240223	
365.47	-0.00235578	0.00804309	0.00791547	0.00838098	0.570901	106.325	54.1133	0.0240223	
365.476	-0.00411727	0.00641216	0.00791547	0.00762022	0.629144	122.705	59.5158	0.0240223	
365.482	-0.00520281	0.00438315	0.00791547	0.00680303	0.691193	139.887	66.6649	0.0240223	
365.488	-0.00558278	0.00218796	0.00791547	0.00599622	0.750566	158.599	75.6348	0.0240223	
365.494	-0.0052419	0.000110414	0.00791547	0.00524306	0.803021	178.793	86.4997	0.0240223	
365.5	-0.00430018	-0.00163929	0.00791547	0.00460204	0.844499	200.868	98.5482	0.0240223	
365.506	-0.0029634	-0.00290889	0.00791547	0.00415251	0.871442	224.468	109.216	0.0240223	
365.512	-0.00144456	-0.00361613	0.00791547	0.00389399	0.886029	248.224	116.467	0.0240223	
365.518	6.88312e-05	-0.00381221	0.00791547	0.00381283	0.890462	271.034	118.947	0.0240223	
365.524	0.00142427	-0.00356173	0.00791547	0.00383594	0.889207	291.796	118.23	0.0240223	
365.53	0.00252287	-0.00303124	0.00791547	0.00394377	0.883274	309.77	114.997	0.0240223	
365.536	0.00331061	-0.00234855	0.00791547	0.00405904	0.876796	324.648	111.732	0.0240223	
365.542	0.003846	-0.00162129	0.00791547	0.00417376	0.870212	337.142	108.66	0.0240223	
365.548	0.00416905	-0.000943389	0.00791547	0.00427445	0.864325	347.25	106.101	0.0240223	
365.554	0.00439184	-0.000328946	0.00791547	0.00440414	0.856596	355.717	102.977	0.0240223	
365.56	0.00458562	0.000235961	0.00791547	0.00459168	0.845141	2.94566	98.7706	0.0240223	
365.566	0.00476507	0.00080933	0.00791547	0.00483331	0.82992	9.63949	93.8327	0.0240223	
365.572	0.00492697	0.00142818	0.00791547	0.00512979	0.810586	16.1652	88.4098	0.0240223	
365.578	0.00502579	0.00215665	0.00791547	0.00546898	0.787661	23.2249	82.9265	0.0240223	
365.584	0.00501693	0.00297962	0.00791547	0.00583504	0.762076	30.7066	77.7241	0.0240223	
365.59	0.0048055	0.00389226	0.00791547	0.00618406	0.736987	39.006	73.3375	0.0240223	
365.596	0.00433816	0.00480024	0.00791547	0.00647008	0.716005	47.8947	70.0955	0.0240223	
365.602	0.00363422	0.00561984	0.00791547	0.00669254	0.699467	57.1102	67.7654	0.0240223	
365.608	0.00269858	0.00625406	0.00791547	0.00681143	0.690563	66.6602	66.5826	0.0240223	
365.614	0.00159963	0.00662442	0.00791547	0.00681482	0.690309	76.4244	66.5496	0.0240223	
365.62	0.000441771	0.00666911	0.00791547	0.00668373	0.700126	86.2102	67.8548	0.0240223	
365.626	-0.000659474	0.00639398	0.00791547	0.0064279	0.71912	95.8887	70.5554	0.0240223	
365.632	-0.00157663	0.0058578	0.00791547	0.00606627	0.745523	105.064	74.7615	0.0240223	
365.638	-0.0022717	0.00513926	0.00791547	0.00561895	0.777278	113.847	80.7132	0.0240223	
365.644	-0.00267372	0.00435267	0.00791547	0.00510828	0.812012	121.561	88.782	0.0240223	
365.65	-0.00283314	0.00360394	0.00791547	0.00458422	0.845603	128.172	98.9314	0.0240223	
365.656	-0.00278937	0.00298905	0.00791547	0.0040884	0.875124	133.021	110.929	0.0240223	
365.662	-0.00261757	0.00253269	0.00791547	0.00364228	0.899544	135.944	124.516	0.0240223	
365.668	-0.00243568	0.00225969	0.00791547	0.00332246	0.915677	137.146	136.502	0.0240223	
365.674	-0.00234354	0.00213397	0.00791547	0.00316954	0.92296	137.68	143.088	0.0240223	
365.68	-0.00236282	0.00207352	0.00791547	0.00314363	0.924165	138.731	144.267	0.0240223	
365.686	-0.00252148	0.00201088	0.00791547	0.00322514	0.920345	141.428	140.621	0.0240223	
365.692	-0.00277737	0.00181971	0.00791547	0.00332041	0.915776	146.768	136.587	0.0240223	
365.698	-0.00310145	0.00149746	0.00791547	0.00344404	0.909685	154.228	131.683	0.0240223	
365.704	-0.00337167	0.0009936	0.00791547	0.00351503	0.906106	163.58	129.024	0.0240223	
365.71	-0.00352621	0.00029802	0.00791547	0.00353878	0.904895	175.169	128.158	0.0240223	
365.716	-0.00348263	-0.000493331	0.00791547	0.00351739	0.905985	188.063	128.937	0.0240223	
365.722	-0.00318452	-0.00132601	0.00791547	0.00344956	0.909408	202.606	131.473	0.0240223	
365.728	-0.00260764	-0.00212189	0.00791547	0.00336188	0.913753	219.136	134.902	0.0240223	
365.734	-0.00177884	-0.00276552	0.00791547	0.00328822	0.917332	237.25	137.924	0.0240223	
365.74	-0.000731401	-0.00318864	0.00791547	0.00327145	0.918138	257.081	138.631	0.0240223	
365.746	0.000463019	-0.00329569	0.00791547	0.00332805	0.915405	277.997	136.273	0.0240223	
365.752	0.00171258	-0.00308405	0.00791547	0.00352765	0.905463	299.043	128.562	0.0240223	
365.758	0.00290879	-0.00248657	0.00791547	0.00382676	0.889707	319.475	118.514	0.0240223	
365.764	0.00396701	-0.0015469	0.00791547	0.00425794	0.865297	338.697	106.512	0.0240223	
365.77	0.00478984	-0.000290708	0.00791547	0.00479866	0.832134	356.527	94.5104	0.0240223	
365.776	0.00526705	0.00125197	0.00791547	0.0054138	0.791445	13.371	83.7717	0.0240223	
365.782	0.00530782	0.0029808	0.00791547	0.00608754	0.743986	29.318	74.5003	0.0240223	
365.788	0.00487844	0.00474806	0.00791547	0.00680759	0.690851	44.2241	66.6202	0.0240223	
365.794	0.00390854	0.00647511	0.00791547	0.00756331	0.633497	58.8838	59.9636	0.0240223	
365.8	0.00241088	0.00796612	0.00791547	0.00832295	0.575335	73.162	54.4907	0.0240223	
365.806	0.000386266	0.00906233	0.00791547	0.00907056	0.518624	87.5593	49.9995	0.0240223	
365.812	-0.001989	0.00958405	0.00791547	0.00978826	0.465525	101.724	46.3334	0.0240223	
365.818	-0.00456575	0.00938913	0.00791547	0.0104404	0.419009	115.933	43.4393	0.0240223	
365.824	-0.00714484	0.00841499	0.00791547	0.0110391	0.378144	130.333	41.0835	0.0240223	
365.83	-0.00943306	0.00666555	0.00791547	0.0115504	0.344844	144.754	39.2647	0.0240223	
365.836	-0.0111912	0.00419854	0.00791547	0.0119529	0.319772	159.436	37.9426	0.0240223	
365.842	-0.01219	0.00119256	0.00791547	0.0122482	0.302042	174.412	37.0277	0.0240223	
365.848	-0.0122553	-0.00203547	0.00791547	0.0124231	0.291817	189.43	36.5063	0.0240223	
365.854	-0.0113315	-0.00520784	0.00791547	0.0124709	0.28906	204.683	36.3664	0.0240223	
365.86	-0.00946985	-0.00795831	0.00791547	0.0123698	0.294911	220.043	36.6636	0.0240223	
365.866	-0.00684379	-0.0100399	0.00791547	0.0121506	0.30784	235.719	37.3253	0.0240223	
365.872	-0.00372893	-0.0111918	0.00791547	0.0117967	0.329379	251.573	38.445	0.0240223	
365.878	-0.000512797	-0.0113107	0.00791547	0.0113223	0.359504	267.404	40.0556	0.0240223	
365.884	0.00249063	-0.0104596	0.00791547	0.0107521	0.397496	283.394	42.1801	0.0240223	
365.89	0.00493866	-0.00877765	0.00791547	0.0100716	0.445082	299.364	45.0298	0.0240223	
365.896	0.00661771	-0.00657543	0.00791547	0.00932901	0.499312	315.184	48.6143	0.0240223	
365.902	0.00743628	-0.00410337	0.00791547	0.00849328	0.562332	331.11	53.3979	0.0240223	
365.908	0.00741866	-0.00180051	0.00791547	0.00763402	0.628088	346.358	59.4081	0.0240223	
365.914	0.00672712	0.000140922	0.00791547	0.0067286	0.696771	1.20007	67.4023	0.0240223	
365.92	0.00563478	0.00149494	0.00791547	0.00582972	0.762454	14.8586	77.795	0.0240223	
365.926	0.00442511	0.00224116	0.00791547	0.00496029	0.821725	26.8606	91.4308	0.0240223	
365.932	0.00334	0.00246596	0.00791547	0.00415169	0.871489	36.4388	109.238	0.0240223	
365.938	0.00258197	0.00233527	0.00791547	0.00348139	0.907809	42.1279	130.271	0.0240223	
365.944	0.00223912	0.00212248	0.00791547	0.00308522	0.926853	43.4681	146.999	0.0240223	
365.95	0.00222422	0.00204135	0.00791547	0.00301899	0.929848	42.5451	150.224	0.0240223	
365.956	0.00238771	0.00226412	0.00791547	0.0032905	0.917222	43.478	137.828	0.0240223	
365.962	0.00248559	0.0028647	0.00791547	0.00379272	0.89155	49.0531	119.577	0.0240223	
365.968	0.00230478	0.00378472	0.00791547	0.00443126	0.85496	58.6598	102.346	0.0240223	
365.974	0.00162354	0.00482793	0.00791547	0.0050936	0.812982	71.4132	89.0378	0.0240223	
365.98	0.000363154	0.00573513	0.00791547	0.00574662	0.768329	86.3768	78.92	0.0240223	
365.986	-0.00138645	0.0062091	0.00791547	0.00636201	0.723973	102.587	71.2862	0.0240223	
365.992	-0.00344621	0.0060021	0.00791547	0.0069211	0.682313	119.863	65.5276	0.0240223	
365.998	-0.00551304	0.00496799	0.00791547	0.00742122	0.644353	137.977	61.1116	0.0240223	
366.004	-0.00719325	0.00310123	0.00791547	0.00783329	0.612828	156.678	57.8969	0.0240223	
366.01	-0.00816075	0.000607945	0.00791547	0.00818337	0.586011	175.74	55.4201	0.0240223	
366.016	-0.00816031	-0.00220346	0.00791547	0.00845257	0.565437	195.111	53.6551	0.0240223	
366.022	-0.00707037	-0.00492214	0.00791547	0.00861497	0.553067	214.844	52.6436	0.0240223	
366.028	-0.00502837	-0.00711679	0.00791547	0.00871397	0.545547	234.757	52.0455	0.0240223	
366.034	-0.00229791	-0.00840166	0.00791547	0.00871024	0.54583	254.703	52.0678	0.0240223	
366.04	0.000719614	-0.00859308	0.00791547	0.00862316	0.552445	274.787	52.5936	0.0240223	
366.046	0.00353039	-0.00761915	0.00791547	0.00839733	0.569653	294.861	54.008	0.0240223	
366.052	0.00571074	-0.00570863	0.00791547	0.00807472	0.59433	315.011	56.1658	0.0240223	
366.058	0.00692692	-0.00314809	0.00791547	0.00760872	0.630024	335.56	59.6057	0.0240223	
366.064	0.00698073	-0.000481073	0.00791547	0.00699729	0.676563	356.058	64.8141	0.0240223	
366.07	0.00598099	0.00185493	0.00791547	0.00626203	0.731301	17.2307	72.4243	0.0240223	
366.076	0.00421448	0.0034241	0.00791547	0.00543013	0.790327	39.0925	83.5198	0.0240223	
366.082	0.00205196	0.00400934	0.00791547	0.00450393	0.850541	62.8969	100.695	0.0240223	
366.088	-3.66344e-06	0.00356049	0.00791547	0.00356049	0.903783	90.059	127.377	0.0240223	
366.094	-0.00149608	0.0022469	0.00791547	0.00269941	0.943508	123.657	168.008	0.0240223	
366.1	-0.00211403	0.000433362	0.00791547	0.00215799	0.963519	168.415	210.16	0.0240223	
366.106	-0.00175951	-0.00137855	0.00791547	0.00223524	0.960913	218.078	202.897	0.0240223	
366.112	-0.000544989	-0.00275463	0.00791547	0.00280803	0.939015	258.809	161.51	0.0240223	
366.118	0.00119662	-0.00332754	0.00791547	0.00353616	0.905029	289.779	128.253	0.0240223	
366.124	0.0030036	-0.00291943	0.00791547	0.00418864	0.869348	315.814	108.274	0.0240223	
366.13	0.0043752	-0.00162937	0.00791547	0.00466875	0.840341	339.574	97.1401	0.0240223	
366.136	0.00488235	0.000213896	0.00791547	0.00488704	0.826469	2.50853	92.8012	0.0240223	
366.142	0.00432934	0.00213258	0.00791547	0.00482608	0.830383	26.2243	93.9734	0.0240223	
366.148	0.00273915	0.0035475	0.00791547	0.00448193	0.851884	52.327	101.189	0.0240223	
366.154	0.000429548	0.00394524	0.00791547	0.00396856	0.881893	83.7863	114.279	0.0240223	
366.16	-0.00203325	0.0029644	0.00791547	0.00359469	0.90202	124.446	126.165	0.0240223	
366.166	-0.00394647	0.000598145	0.00791547	0.00399154	0.880606	171.382	113.621	0.0240223	
366.172	-0.00463579	-0.00292116	0.00791547	0.0054794	0.786945	212.216	82.7688	0.0240223	
366.178	-0.00353593	-0.00697972	0.00791547	0.00782428	0.613518	243.133	57.9636	0.0240223	
366.184	-0.00041592	-0.0107412	0.00791547	0.0107492	0.39769	267.783	42.1913	0.0240223	
366.19	0.00462757	-0.0133174	0.00791547	0.0140985	0.204701	289.162	32.1683	0.0240223	
366.196	0.0110534	-0.0137923	0.00791547	0.017675	0.0826562	308.709	25.6591	0.0240223	
366.202	0.0179544	-0.0116875	0.00791547	0.0214234	0.0256653	326.938	21.1696	0.0240223	
366.208	0.0243267	-0.00671894	0.00791547	0.0252375	0.00620199	344.56	17.9702	0.0240223	
366.214	0.0289733	0.000841869	0.00791547	0.0289855	0.00122516	1.66436	15.6465	0.0240223	
366.22	0.0308788	0.0102724	0.00791547	0.0325426	0.00021363	18.4006	13.9363	0.0240223	
366.226	0.0293968	0.0204798	0.00791547	0.0358273	3.55911e-05	34.8636	12.6586	0.0240223	
366.232	0.0243704	0.0300626	0.00791547	0.0386998	6.4475e-06	50.9699	11.719	0.0240223	
366.238	0.0160391	0.0378483	0.00791547	0.0411066	1.3922e-06	67.0341	11.0329	0.0240223	
366.244	0.00524971	0.0426148	0.00791547	0.0429369	4.07918e-07	82.9771	10.5626	0.0240223	
366.25	-0.00676157	0.0436448	0.00791547	0.0441655	1.73653e-07	98.8064	10.2687	0.0240223	
366.256	-0.0185505	0.0406634	0.00791547	0.0446949	1.19297e-07	114.522	10.1471	0.0240223	
366.262	-0.0286599	0.0340713	0.00791547	0.0445224	1.34893e-07	130.07	10.1864	0.0240223	
366.268	-0.0360387	0.0246308	0.00791547	0.0436516	2.48933e-07	145.649	10.3896	0.0240223	
366.274	-0.0398456	0.0135586	0.00791547	0.0420893	7.24994e-07	161.208	10.7753	0.0240223	
366.28	-0.0398102	0.00229587	0.00791547	0.0398763	3.08313e-06	176.699	11.3732	0.0240223	
366.286	-0.036233	-0.00780583	0.00791547	0.0370643	1.73322e-05	192.158	12.2361	0.0240223	
366.292	-0.0299532	-0.0155532	0.00791547	0.0337505	0.000112759	207.441	13.4375	0.0240223	
366.298	-0.0220147	-0.0203739	0.00791547	0.0299957	0.000761538	222.783	15.1196	0.0240223	
366.304	-0.0136857	-0.021981	0.00791547	0.0258933	0.00474601	238.093	17.5151	0.0240223	
366.31	-0.00620391	-0.0206922	0.00791547	0.0216022	0.0241365	253.31	20.9943	0.0240223	
366.316	-0.00048985	-0.0171905	0.00791547	0.0171975	0.0944025	268.368	26.3715	0.0240223	
366.322	0.00289138	-0.0125057	0.00791547	0.0128356	0.268539	283.018	35.3334	0.0240223	
366.328	0.00390401	-0.00764431	0.00791547	0.00858351	0.55546	297.054	52.8365	0.0240223	
366.334	0.00286168	-0.0035705	0.00791547	0.00457577	0.846125	308.711	99.114	0.0240223	
366.34	0.00043699	-0.000983461	0.00791547	0.00107618	0.9908	293.957	421.421	0.0240223	
366.346	-0.00251884	-0.000183659	0.00791547	0.00252553	0.950373	184.17	179.576	0.0240223	
366.352	-0.00514851	-0.00108189	0.00791547	0.00526096	0.801817	191.867	86.2054	0.0240223	
366.358	-0.0067853	-0.0032381	0.00791547	0.00751835	0.636935	205.512	60.3222	0.0240223	
366.364	-0.00699561	-0.00601456	0.00791547	0.0092257	0.507009	220.688	49.1587	0.0240223	
366.37	-0.00573305	-0.00866668	0.00791547	0.0103913	0.422443	236.515	43.6445	0.0240223	
366.376	-0.00326446	-0.0104683	0.00791547	0.0109655	0.383059	252.68	41.359	0.0240223	
366.382	-0.000132477	-0.0110343	0.00791547	0.0110351	0.378409	269.312	41.0983	0.0240223	
366.388	0.00303381	-0.0101786	0.00791547	0.0106211	0.406474	286.597	42.7002	0.0240223	
366.394	0.00556874	-0.00804538	0.00791547	0.00978463	0.46579	304.69	46.3506	0.0240223	
366.4	0.00694771	-0.00507788	0.00791547	0.00860555	0.553783	323.838	52.7012	0.0240223	
366.406	0.00694106	-0.00188066	0.00791547	0.00719133	0.66186	344.84	63.0652	0.0240223	
366.412	0.00559805	0.000908212	0.00791547	0.00567125	0.773624	9.21522	79.9689	0.0240223	
366.418	0.00322542	0.00274782	0.00791547	0.0042372	0.866515	40.4286	107.034	0.0240223	
366.424	0.000348537	0.00326868	0.00791547	0.00328721	0.917381	83.9136	137.966	0.0240223	
366.43	-0.0023685	0.00240983	0.00791547	0.00337892	0.912916	134.504	134.221	0.0240223	
366.436	-0.00434585	0.000347719	0.00791547	0.00435973	0.859261	175.425	104.025	0.0240223	
366.442	-0.00511537	-0.00240985	0.00791547	0.00565459	0.77479	205.225	80.2044	0.0240223	
366.448	-0.00447767	-0.00531941	0.00791547	0.00695311	0.679899	229.911	65.226	0.0240223	
366.454	-0.00253241	-0.00772578	0.00791547	0.00813024	0.590078	251.852	55.7823	0.0240223	
366.46	0.000415399	-0.00908948	0.00791547	0.00909897	0.516492	272.617	49.8433	0.0240223	
366.466	0.00380109	-0.0090733	0.00791547	0.00983733	0.461962	292.73	46.1023	0.0240223	
366.472	0.00698836	-0.00761796	0.00791547	0.0103378	0.426197	312.532	43.8703	0.0240223	
366.478	0.0094212	-0.0049066	0.00791547	0.0106223	0.40639	332.489	42.6953	0.0240223	
366.484	0.0106014	-0.00137717	0.00791547	0.0106904	0.401709	352.598	42.4232	0.0240223	
366.49	0.0103226	0.00238074	0.00791547	0.0105936	0.408374	12.9873	42.8112	0.0240223	
366.496	0.0085988	0.00574213	0.00791547	0.0103398	0.426058	33.7343	43.8619	0.0240223	
366.502	0.00573719	0.00815464	0.00791547	0.00997063	0.452329	54.8718	45.4859	0.0240223	
366.508	0.00226593	0.0092501	0.00791547	0.00952359	0.484906	76.2357	47.621	0.0240223	
366.514	-0.00128405	0.00892882	0.00791547	0.00902068	0.522373	98.1836	50.2759	0.0240223	
366.52	-0.0043017	0.00730563	0.00791547	0.00847802	0.563496	120.49	53.494	0.0240223	
366.526	-0.00629176	0.00471458	0.00791547	0.00786216	0.610616	143.155	57.6843	0.0240223	
366.532	-0.00703829	0.0017265	0.00791547	0.00724696	0.657632	166.217	62.5812	0.0240223	
366.538	-0.00649037	-0.00110559	0.00791547	0.00658386	0.707568	189.667	68.884	0.0240223	
366.544	-0.00484884	-0.00328837	0.00791547	0.00585873	0.760393	214.144	77.4098	0.0240223	
366.55	-0.00255046	-0.00443629	0.00791547	0.00511717	0.811422	240.105	88.6276	0.0240223	
366.556	-0.000124562	-0.00436729	0.00791547	0.00436907	0.858702	268.366	103.803	0.0240223	
366.562	0.00190871	-0.00317899	0.00791547	0.00370798	0.896084	300.981	122.31	0.0240223	
366.568	0.0030801	-0.00118048	0.00791547	0.00329857	0.916833	339.03	137.491	0.0240223	
366.574	0.00313803	0.00117804	0.00791547	0.00335187	0.914244	20.5765	135.305	0.0240223	
366.58	0.00200785	0.00337062	0.00791547	0.00392334	0.884408	59.2181	115.596	0.0240223	
366.586	-0.000129793	0.0048948	0.00791547	0.00489652	0.825857	91.5189	92.6215	0.0240223	
366.592	-0.00292288	0.00533374	0.00791547	0.00608211	0.744379	118.723	74.5668	0.0240223	
366.598	-0.00582967	0.00451395	0.00791547	0.00737298	0.648034	142.249	61.5115	0.0240223	
366.604	-0.00833156	0.00243849	0.00791547	0.00868108	0.548043	163.686	52.2427	0.0240223	
366.61	-0.0099163	-0.000627515	0.00791547	0.00993614	0.454815	183.621	45.6438	0.0240223	
366.616	-0.010243	-0.00433358	0.00791547	0.011122	0.37264	202.932	40.7772	0.0240223	
366.622	-0.00915107	-0.00805636	0.00791547	0.0121921	0.305367	221.36	37.1981	0.0240223	
366.628	-0.00671902	-0.0112384	0.00791547	0.0130937	0.254569	239.126	34.6366	0.0240223	
366.634	-0.00316036	-0.0134429	0.00791547	0.0138094	0.218313	256.77	32.8417	0.0240223	
366.64	0.00101588	-0.0142885	0.00791547	0.0143245	0.194468	274.067	31.6605	0.0240223	
366.646	0.00527971	-0.0136222	0.00791547	0.0146096	0.182081	291.185	31.0428	0.0240223	
366.652	0.00907139	-0.0115373	0.00791547	0.0146765	0.179255	308.177	30.9013	0.0240223	
366.658	0.0118838	-0.00833382	0.00791547	0.0145147	0.18614	324.959	31.2457	0.0240223	
366.664	0.0134333	-0.00440448	0.00791547	0.014137	0.202933	341.847	32.0807	0.0240223	
366.67	0.0135219	-0.000275576	0.00791547	0.0135247	0.232298	358.832	33.5329	0.0240223	
366.676	0.0122597	0.00345425	0.00791547	0.012737	0.273993	15.7355	35.6066	0.0240223	
366.682	0.00985946	0.00641687	0.00791547	0.0117637	0.331427	33.0574	38.5527	0.0240223	
366.688	0.00678958	0.00821558	0.00791547	0.0106581	0.403931	50.4287	42.5521	0.0240223	
366.694	0.00347865	0.00874542	0.00791547	0.00941188	0.493162	68.3089	48.1863	0.0240223	
366.7	0.000445577	0.00807632	0.00791547	0.00808861	0.593266	86.8421	56.0694	0.0240223	
366.706	-0.00189221	0.00647862	0.00791547	0.00674929	0.695222	106.282	67.1957	0.0240223	
366.712	-0.0032908	0.00427677	0.00791547	0.0053963	0.792641	127.577	84.0433	0.0240223	
366.718	-0.00363374	0.00196111	0.00791547	0.00412916	0.872787	151.645	109.834	0.0240223	
366.724	-0.00301884	-6.92688e-05	0.00791547	0.00301963	0.929819	181.314	150.191	0.0240223	
366.73	-0.00167781	-0.00146374	0.00791547	0.00222656	0.96121	221.102	203.688	0.0240223	
366.736	-1.42976e-05	-0.00200934	0.00791547	0.00200939	0.968292	269.592	225.702	0.0240223	
366.742	0.00160433	-0.00166991	0.00791547	0.0023157	0.958109	313.853	195.847	0.0240223	
366.748	0.00276884	-0.000622813	0.00791547	0.00283802	0.937746	347.323	159.803	0.0240223	
366.754	0.00321374	0.000874941	0.00791547	0.00333071	0.915276	15.2297	136.164	0.0240223	
366.76	0.00284258	0.00241616	0.00791547	0.00373069	0.894877	40.3641	121.565	0.0240223	
366.766	0.00169089	0.0036027	0.00791547	0.00397976	0.881266	64.8575	113.957	0.0240223	
366.772	-4.91391e-06	0.00412116	0.00791547	0.00412116	0.873247	90.0683	110.047	0.0240223	
366.778	-0.00189494	0.00372341	0.00791547	0.00417787	0.869974	116.973	108.554	0.0240223	
366.784	-0.00348947	0.00241708	0.00791547	0.00424484	0.866066	145.29	106.841	0.0240223	
366.79	-0.00441883	0.000338987	0.00791547	0.00443181	0.854927	175.613	102.334	0.0240223	
366.796	-0.00433751	-0.00215875	0.00791547	0.00484502	0.82917	206.459	93.6061	0.0240223	
366.802	-0.0030952	-0.00460084	0.00791547	0.00554509	0.782409	236.069	81.7882	0.0240223	
366.808	-0.000716813	-0.00648724	0.00791547	0.00652672	0.711811	263.695	69.4871	0.0240223	
366.814	0.00245623	-0.00732638	0.00791547	0.00772715	0.620958	288.534	58.6921	0.0240223	
366.82	0.00604691	-0.00679603	0.00791547	0.00909676	0.516658	311.662	49.8554	0.0240223	
366.826	0.00938537	-0.00477783	0.00791547	0.0105315	0.412668	333.021	43.0634	0.0240223	
366.832	0.0119321	-0.00140151	0.00791547	0.0120141	0.316046	353.301	37.7491	0.0240223	
366.838	0.0131165	0.00304337	0.00791547	0.0134649	0.23531	13.063	33.6818	0.0240223	
366.844	0.0125733	0.00783951	0.00791547	0.0148171	0.17342	31.9436	30.608	0.0240223	
366.85	0.0101812	0.012391	0.00791547	0.0160373	0.128417	50.5916	28.2793	0.0240223	
366.856	0.00615892	0.0159435	0.00791547	0.0170918	0.0971731	68.8787	26.5346	0.0240223	
366.862	0.000895621	0.0179225	0.00791547	0.0179449	0.0765509	87.1392	25.2731	0.0240223	
366.868	-0.00493742	0.0178926	0.00791547	0.0185614	0.0639667	105.427	24.4337	0.0240223	
366.874	-0.0105356	0.0157335	0.00791547	0.0189352	0.0571969	123.807	23.9513	0.0240223	
366.88	-0.0150978	0.0116534	0.00791547	0.0190721	0.054871	142.337	23.7794	0.0240223	
366.886	-0.0179398	0.00616897	0.00791547	0.0189708	0.0565836	161.023	23.9063	0.0240223	
366.892	-0.0186584	-5.7945e-05	0.00791547	0.0186585	0.0621474	180.178	24.3065	0.0240223	
366.898	-0.0170855	-0.00616567	0.00791547	0.0181639	0.0718688	199.843	24.9683	0.0240223	
366.904	-0.0134136	-0.0112977	0.00791547	0.0175375	0.0859126	220.106	25.8603	0.0240223	
366.91	-0.00815823	-0.0147274	0.00791547	0.016836	0.10414	241.016	26.9376	0.0240223	
366.916	-0.002089	-0.0159973	0.00791547	0.0161331	0.125297	262.56	28.1114	0.0240223	
366.922	0.00401428	-0.014977	0.00791547	0.0155056	0.146806	285.004	29.249	0.0240223	
366.928	0.0092501	-0.0118047	0.00791547	0.0149972	0.166148	308.082	30.2406	0.0240223	
366.934	0.012926	-0.00699877	0.00791547	0.0146992	0.178306	331.567	30.8537	0.0240223	
366.94	0.0145574	-0.0012279	0.00791547	0.0146091	0.182102	355.179	31.0439	0.0240223	
366.946	0.0139711	0.00466183	0.00791547	0.0147283	0.177089	18.4527	30.7926	0.0240223	
366.952	0.0113237	0.00983931	0.00791547	0.0150013	0.165985	40.9879	30.2323	0.0240223	
366.958	0.00704693	0.0136913	0.00791547	0.0153984	0.150738	62.7651	29.4525	0.0240223	
366.964	0.00173478	0.0157236	0.00791547	0.015819	0.135745	83.704	28.6695	0.0240223	
366.97	-0.00383754	0.0157438	0.00791547	0.0162048	0.123001	103.699	27.987	0.0240223	
366.976	-0.0089794	0.0138788	0.00791547	0.0165303	0.112973	122.902	27.4359	0.0240223	
366.982	-0.0130484	0.0104784	0.00791547	0.016735	0.106999	141.234	27.1003	0.0240223	
366.988	-0.0156703	0.00601126	0.00791547	0.0167837	0.105612	159.013	27.0216	0.0240223	
366.994	-0.0166475	0.00110274	0.00791547	0.016684	0.108463	176.21	27.1831	0.0240223	
