364	-0.00366776	-0.00275026	0.00783284	0.00458437	0.842591	216.864	97.8955	0.0237456	
364.006	-0.00173051	-0.00342335	0.00783284	0.00383588	0.886999	243.183	116.998	0.0237456	
364.012	1.98373e-05	-0.00308633	0.00783284	0.0030864	0.925306	270.368	145.409	0.0237456	
364.018	0.00116112	-0.00204473	0.00783284	0.00235141	0.955941	299.591	190.86	0.0237456	
364.024	0.0014886	-0.000762811	0.00783284	0.00167266	0.977457	332.868	268.308	0.0237456	
364.03	0.00104109	0.000324299	0.00783284	0.00109043	0.990357	17.3017	411.569	0.0237456	
364.036	8.20439e-05	0.000830206	0.00783284	0.00083425	0.994344	84.3562	537.955	0.0237456	
364.042	-0.000978514	0.000588516	0.00783284	0.00114186	0.989431	148.976	393.034	0.0237456	
364.048	-0.00169984	-0.000332913	0.00783284	0.00173213	0.975846	191.081	259.096	0.0237456	
364.054	-0.00173285	-0.00162891	0.00783284	0.00237825	0.954952	223.229	188.705	0.0237456	
364.06	-0.000938057	-0.00288579	0.00783284	0.00303443	0.927708	251.993	147.899	0.0237456	
364.066	0.000564778	-0.00365755	0.00783284	0.0037009	0.894383	278.778	121.265	0.0237456	
364.072	0.00246656	-0.00358072	0.00783284	0.00434804	0.857212	304.561	103.216	0.0237456	
364.078	0.00431058	-0.00248729	0.00783284	0.00497672	0.817222	330.014	90.1777	0.0237456	
364.084	0.00557806	-0.000489353	0.00783284	0.00559948	0.774513	354.986	80.1483	0.0237456	
364.09	0.00584038	0.00208027	0.00783284	0.0061998	0.73107	19.6053	72.3876	0.0237456	
364.096	0.00487019	0.00470856	0.00783284	0.00677417	0.687994	44.0333	66.25	0.0237456	
364.102	0.00270028	0.00680114	0.00783284	0.00731758	0.646371	68.3453	61.3302	0.0237456	
364.108	-0.000333366	0.00785873	0.00783284	0.0078658	0.603979	92.429	57.0557	0.0237456	
364.114	-0.00374285	0.00748527	0.00783284	0.00836888	0.565087	116.566	53.6259	0.0237456	
364.12	-0.00684284	0.00566964	0.00783284	0.00888646	0.525419	140.357	50.5025	0.0237456	
364.126	-0.00898763	0.00253806	0.00783284	0.00933912	0.491255	164.231	48.0547	0.0237456	
364.132	-0.00971216	-0.00134683	0.00783284	0.0098051	0.456808	187.895	45.771	0.0237456	
364.138	-0.00871776	-0.00535714	0.00783284	0.0102322	0.426033	211.571	43.8604	0.0237456	
364.144	-0.0060844	-0.00873916	0.00783284	0.0106486	0.39689	235.154	42.1453	0.0237456	
364.15	-0.00216441	-0.010825	0.00783284	0.0110393	0.370412	258.693	40.6539	0.0237456	
364.156	0.00240295	-0.011159	0.00783284	0.0114148	0.34581	282.152	39.3163	0.0237456	
364.162	0.0068323	-0.00961134	0.00783284	0.0117923	0.321983	305.407	38.0578	0.0237456	
364.168	0.0103718	-0.0062864	0.00783284	0.0121282	0.301573	328.78	37.0037	0.0237456	
364.174	0.012339	-0.00172991	0.00783284	0.0124596	0.282197	352.019	36.0194	0.0237456	
364.18	0.0123418	0.00333733	0.00783284	0.0127851	0.263923	15.1314	35.1026	0.0237456	
364.186	0.0102699	0.00812282	0.00783284	0.0130939	0.247278	38.3416	34.2745	0.0237456	
364.192	0.00642347	0.0117516	0.00783284	0.0133926	0.23184	61.3389	33.5102	0.0237456	
364.198	0.00134307	0.0136236	0.00783284	0.0136896	0.217129	84.3697	32.7832	0.0237456	
364.204	-0.00418082	0.013339	0.00783284	0.0139788	0.203421	107.402	32.1049	0.0237456	
364.21	-0.00922765	0.0108809	0.00783284	0.0142668	0.190373	130.3	31.4568	0.0237456	
364.216	-0.0129837	0.00653981	0.00783284	0.0145377	0.178644	153.266	30.8706	0.0237456	
364.222	-0.0148031	0.00101525	0.00783284	0.0148378	0.166259	176.077	30.2462	0.0237456	
364.228	-0.0142953	-0.00491284	0.00783284	0.015116	0.155346	198.966	29.6897	0.0237456	
364.234	-0.0114625	-0.010266	0.00783284	0.0153876	0.145202	221.848	29.1656	0.0237456	
364.24	-0.00672784	-0.0141785	0.00783284	0.0156937	0.134369	244.615	28.5967	0.0237456	
364.246	-0.000687557	-0.0159647	0.00783284	0.0159795	0.124814	267.534	28.0853	0.0237456	
364.252	0.00566928	-0.0152743	0.00783284	0.0162925	0.114953	290.363	27.5458	0.0237456	
364.258	0.0113686	-0.0121096	0.00783284	0.0166098	0.105575	313.192	27.0195	0.0237456	
364.264	0.0154486	-0.00684885	0.00783284	0.0168987	0.0975671	336.091	26.5576	0.0237456	
364.27	0.0172291	-0.000333035	0.00783284	0.0172323	0.0889202	358.893	26.0435	0.0237456	
364.276	0.0162803	0.00654035	0.00783284	0.0175449	0.0813806	21.887	25.5794	0.0237456	
364.282	0.0126933	0.0126164	0.00783284	0.0178967	0.0735174	44.8259	25.0766	0.0237456	
364.288	0.00690646	0.0168678	0.00783284	0.018227	0.0667066	67.7336	24.6222	0.0237456	
364.294	-0.000267399	0.0185586	0.00783284	0.0185605	0.0603588	90.8255	24.1797	0.0237456	
364.3	-0.00764995	0.0172995	0.00783284	0.0189154	0.0541588	113.855	23.7261	0.0237456	
364.306	-0.0140965	0.0131223	0.00783284	0.0192589	0.0486696	137.05	23.3029	0.0237456	
364.312	-0.0184538	0.00663725	0.00783284	0.0196111	0.0435314	160.218	22.8844	0.0237456	
364.318	-0.0199211	-0.00116676	0.00783284	0.0199552	0.0389603	183.352	22.4898	0.0237456	
364.324	-0.0181423	-0.00910797	0.00783284	0.0203002	0.0347907	206.658	22.1076	0.0237456	
364.33	-0.0132941	-0.0158079	0.00783284	0.0206548	0.0309073	229.937	21.728	0.0237456	
364.336	-0.00601382	-0.0200944	0.00783284	0.020975	0.0277257	253.339	21.3963	0.0237456	
364.342	0.00251367	-0.0211732	0.00783284	0.0213219	0.0246011	276.77	21.0482	0.0237456	
364.348	0.0108854	-0.018702	0.00783284	0.0216393	0.0220141	300.201	20.7395	0.0237456	
364.354	0.0177153	-0.0129711	0.00783284	0.0219564	0.0196687	323.789	20.44	0.0237456	
364.36	0.0217047	-0.00493182	0.00783284	0.0222579	0.0176436	347.198	20.1631	0.0237456	
364.366	0.0221374	0.0042779	0.00783284	0.022547	0.0158762	10.9372	19.9046	0.0237456	
364.372	0.0187831	0.0129798	0.00783284	0.0228316	0.0142903	34.6459	19.6565	0.0237456	
364.378	0.0121412	0.0196386	0.00783284	0.0230886	0.0129797	58.2744	19.4377	0.0237456	
364.384	0.0032244	0.023096	0.00783284	0.02332	0.011892	82.0524	19.2448	0.0237456	
364.39	-0.00644892	0.0226524	0.00783284	0.0235525	0.0108817	105.891	19.0549	0.0237456	
364.396	-0.0151613	0.0182753	0.00783284	0.0237456	0.010101	129.679	18.8999	0.0237456	
364.402	-0.021432	0.0106476	0.00783284	0.0239312	0.00939831	153.581	18.7533	0.0237456	
364.408	-0.0240775	0.001122	0.00783284	0.0241036	0.00878492	177.332	18.6192	0.0237456	
364.414	-0.0225594	-0.00884653	0.00783284	0.0242319	0.00835188	201.412	18.5206	0.0237456	
364.42	-0.0170891	-0.0173196	0.00783284	0.0243312	0.00803016	225.384	18.445	0.0237456	
364.426	-0.00860367	-0.0228584	0.00783284	0.024424	0.00773945	249.374	18.3749	0.0237456	
364.432	0.00146654	-0.0244361	0.00783284	0.0244801	0.00756836	273.435	18.3328	0.0237456	
364.438	0.0112547	-0.0217735	0.00783284	0.0245103	0.00747756	297.335	18.3102	0.0237456	
364.444	0.0192005	-0.0152502	0.00783284	0.0245199	0.0074489	321.541	18.303	0.0237456	
364.45	0.0237372	-0.00605856	0.00783284	0.0244982	0.00751378	345.682	18.3193	0.0237456	
364.456	0.0241079	0.00411551	0.00783284	0.0244567	0.00763931	9.68769	18.3504	0.0237456	
364.462	0.0202229	0.0136109	0.00783284	0.0243766	0.00788649	33.9422	18.4106	0.0237456	
364.468	0.0128704	0.0205675	0.00783284	0.0242625	0.00825144	57.9632	18.4972	0.0237456	
364.474	0.00324199	0.0239164	0.00783284	0.0241351	0.00867663	82.2803	18.5948	0.0237456	
364.48	-0.00680076	0.0229853	0.00783284	0.0239703	0.00925594	106.482	18.7227	0.0237456	
364.486	-0.0154535	0.0180703	0.00783284	0.0237771	0.00997862	130.537	18.8749	0.0237456	
364.492	-0.0213236	0.00999389	0.00783284	0.0235494	0.0108945	154.889	19.0574	0.0237456	
364.498	-0.0233075	0.000423193	0.00783284	0.0233113	0.0119314	178.96	19.252	0.0237456	
364.504	-0.0211941	-0.00908438	0.00783284	0.023059	0.0131251	203.201	19.4626	0.0237456	
364.51	-0.0153404	-0.0167912	0.00783284	0.0227436	0.0147647	227.585	19.7325	0.0237456	
364.516	-0.00703968	-0.0212858	0.00783284	0.0224197	0.0166343	251.7	20.0176	0.0237456	
364.522	0.00232906	-0.0219492	0.00783284	0.0220724	0.0188666	276.057	20.3326	0.0237456	
364.528	0.0109546	-0.0187192	0.00783284	0.021689	0.0216314	300.337	20.6921	0.0237456	
364.534	0.0173174	-0.0123897	0.00783284	0.0212931	0.0248485	324.418	21.0767	0.0237456	
364.54	0.02048	-0.00406988	0.00783284	0.0208805	0.0286343	348.76	21.4932	0.0237456	
364.546	0.0199281	0.0045408	0.00783284	0.0204388	0.033226	12.8362	21.9577	0.0237456	
364.552	0.0159361	0.0120452	0.00783284	0.0199761	0.0386958	37.0838	22.4663	0.0237456	
364.558	0.00932899	0.0171302	0.00783284	0.0195057	0.0450194	61.4276	23.0081	0.0237456	
364.564	0.0015061	0.0189404	0.00783284	0.0190002	0.0527581	85.4536	23.6202	0.0237456	
364.57	-0.00623993	0.0173966	0.00783284	0.0184818	0.0618096	109.732	24.2827	0.0237456	
364.576	-0.0124196	0.0129772	0.00783284	0.0179625	0.0721181	133.742	24.9848	0.0237456	
364.582	-0.0161289	0.00656294	0.00783284	0.017413	0.0844973	157.858	25.7732	0.0237456	
364.588	-0.0168449	-0.000611911	0.00783284	0.016856	0.0987194	182.08	26.6249	0.0237456	
364.594	-0.0146303	-0.00714743	0.00783284	0.0162828	0.115247	206.037	27.5621	0.0237456	
364.6	-0.0100838	-0.0120417	0.00783284	0.0157062	0.13394	230.057	28.574	0.0237456	
364.606	-0.00417352	-0.01454	0.00783284	0.0151271	0.15492	253.985	29.6678	0.0237456	
364.612	0.00201372	-0.0143883	0.00783284	0.0145285	0.179035	277.967	30.8902	0.0237456	
364.618	0.00737466	-0.0118227	0.00783284	0.0139342	0.205499	301.955	32.2078	0.0237456	
364.624	0.0110131	-0.00753305	0.00783284	0.013343	0.234359	325.628	33.6348	0.0237456	
364.63	0.0125203	-0.00234559	0.00783284	0.0127382	0.26651	349.389	35.2319	0.0237456	
364.636	0.0118255	0.00274615	0.00783284	0.0121402	0.300859	13.0736	36.9671	0.0237456	
364.642	0.00924772	0.00688316	0.00783284	0.0115282	0.33856	36.6607	38.9298	0.0237456	
364.648	0.00544052	0.00947188	0.00783284	0.0109232	0.378188	60.1275	41.0859	0.0237456	
364.654	0.00116471	0.0102504	0.00783284	0.0103164	0.420071	83.5175	43.5026	0.0237456	
364.66	-0.00282595	0.00932234	0.00783284	0.00974125	0.461477	106.864	46.071	0.0237456	
364.666	-0.00588046	0.0070271	0.00783284	0.00916297	0.504478	129.923	48.9786	0.0237456	
364.672	-0.00764588	0.00391875	0.00783284	0.00859163	0.547954	152.863	52.2356	0.0237456	
364.678	-0.00799567	0.000591176	0.00783284	0.0080175	0.592235	175.771	55.9762	0.0237456	
364.684	-0.0071107	-0.00233769	0.00783284	0.0074851	0.63344	198.199	59.9576	0.0237456	
364.69	-0.00527465	-0.00451741	0.00783284	0.00694471	0.675	220.578	64.6231	0.0237456	
364.696	-0.00296464	-0.00570459	0.00783284	0.00642896	0.714029	242.539	69.8074	0.0237456	
364.702	-0.000608191	-0.00592138	0.00783284	0.00595253	0.749193	264.136	75.3946	0.0237456	
364.708	0.00146022	-0.00528107	0.00783284	0.00547923	0.782968	285.456	81.9073	0.0237456	
364.714	0.00298981	-0.00405482	0.00783284	0.00503791	0.813151	306.403	89.0824	0.0237456	
364.72	0.00388038	-0.00255067	0.00783284	0.00464362	0.838845	326.682	96.6463	0.0237456	
364.726	0.00412715	-0.0010043	0.00783284	0.00424759	0.863265	346.323	105.657	0.0237456	
364.732	0.00389684	0.000360048	0.00783284	0.00391344	0.882665	5.27885	114.679	0.0237456	
364.738	0.00332863	0.00146798	0.00783284	0.00363796	0.897757	23.7982	123.363	0.0237456	
364.744	0.00253022	0.00224383	0.00783284	0.00338183	0.911008	41.567	132.706	0.0237456	
364.75	0.00166087	0.00272925	0.00783284	0.00319488	0.920182	58.6776	140.471	0.0237456	
364.756	0.000778286	0.00296284	0.00783284	0.00306336	0.926375	75.2819	146.502	0.0237456	
364.762	-9.86517e-05	0.00296911	0.00783284	0.00297075	0.930603	91.903	151.069	0.0237456	
364.768	-0.000929251	0.00278121	0.00783284	0.00293235	0.932324	108.475	153.048	0.0237456	
364.774	-0.0017074	0.00239946	0.00783284	0.00294493	0.931762	125.435	152.394	0.0237456	
364.78	-0.0023719	0.00182285	0.00783284	0.00299144	0.929668	142.457	150.024	0.0237456	
364.786	-0.00287808	0.00101388	0.00783284	0.00305144	0.926925	160.594	147.075	0.0237456	
364.792	-0.00315097	7.10281e-05	0.00783284	0.00315177	0.922236	178.709	142.393	0.0237456	
364.798	-0.00310702	-0.000992217	0.00783284	0.00326161	0.916957	197.711	137.598	0.0237456	
364.804	-0.00266951	-0.00202333	0.00783284	0.00334965	0.912617	217.16	133.981	0.0237456	
364.81	-0.00186732	-0.00291535	0.00783284	0.00346211	0.906938	237.36	129.629	0.0237456	
364.816	-0.000770242	-0.00349065	0.00783284	0.00357462	0.901105	257.557	125.549	0.0237456	
364.822	0.000510759	-0.0036355	0.00783284	0.0036712	0.89598	277.997	122.246	0.0237456	
364.828	0.00181979	-0.00328349	0.00783284	0.00375405	0.8915	298.996	119.548	0.0237456	
364.834	0.00294042	-0.00246924	0.00783284	0.00383969	0.886788	319.978	116.882	0.0237456	
364.84	0.00369853	-0.00125512	0.00783284	0.0039057	0.8831	341.255	114.906	0.0237456	
364.846	0.00397237	0.000160236	0.00783284	0.0039756	0.879145	2.30992	112.886	0.0237456	
364.852	0.00368394	0.00161165	0.00783284	0.00402105	0.876545	23.6285	111.61	0.0237456	
364.858	0.00286807	0.0028769	0.00783284	0.00406231	0.874165	45.0881	110.476	0.0237456	
364.864	0.00164585	0.00374987	0.00783284	0.00409516	0.872258	66.303	109.59	0.0237456	
364.87	0.000178411	0.00409309	0.00783284	0.00409697	0.872153	87.5042	109.542	0.0237456	
364.876	-0.00132857	0.00389958	0.00783284	0.00411969	0.870827	108.814	108.938	0.0237456	
364.882	-0.00262919	0.00316914	0.00783284	0.00411778	0.870939	129.68	108.988	0.0237456	
364.888	-0.00359259	0.00201442	0.00783284	0.00411881	0.870879	150.72	108.961	0.0237456	
364.894	-0.00406631	0.000601772	0.00783284	0.0041106	0.871358	171.582	109.178	0.0237456	
364.9	-0.00402315	-0.000875659	0.00783284	0.00411734	0.870964	192.279	109	0.0237456	
364.906	-0.00343172	-0.00222433	0.00783284	0.00408954	0.872585	212.95	109.741	0.0237456	
364.912	-0.00243808	-0.00329027	0.00783284	0.00409514	0.87226	233.462	109.591	0.0237456	
364.918	-0.00115667	-0.00393546	0.00783284	0.00410192	0.871864	253.621	109.409	0.0237456	
364.924	0.000275705	-0.00409993	0.00783284	0.00410919	0.87144	273.847	109.216	0.0237456	
364.93	0.00166182	-0.00376325	0.00783284	0.00411384	0.871169	293.826	109.092	0.0237456	
364.936	0.00286585	-0.00300122	0.00783284	0.00414975	0.869064	313.678	108.148	0.0237456	
364.942	0.00377381	-0.00186942	0.00783284	0.00421146	0.865418	333.648	106.564	0.0237456	
364.948	0.00423435	-0.000491356	0.00783284	0.00426277	0.862357	353.381	105.281	0.0237456	
364.954	0.00422902	0.00100272	0.00783284	0.00434627	0.857319	13.3388	103.258	0.0237456	
364.96	0.00371129	0.00241945	0.00783284	0.00443028	0.852183	33.101	101.3	0.0237456	
364.966	0.00271527	0.00363713	0.00783284	0.00453888	0.845446	53.2572	98.8767	0.0237456	
364.972	0.00136295	0.00447701	0.00783284	0.00467987	0.836537	73.068	95.8977	0.0237456	
364.978	-0.000292948	0.00482711	0.00783284	0.00483599	0.826471	93.4729	92.8019	0.0237456	
364.984	-0.00200272	0.00457437	0.00783284	0.00499357	0.816104	113.644	89.8734	0.0237456	
364.99	-0.00360393	0.00371689	0.00783284	0.00517722	0.803775	134.116	86.6854	0.0237456	
364.996	-0.00487295	0.00228739	0.00783284	0.0053831	0.789658	154.854	83.3699	0.0237456	
365.002	-0.00556292	0.000407719	0.00783284	0.00557784	0.776041	175.808	80.4592	0.0237456	
365.008	-0.00555344	-0.00165773	0.00783284	0.00579558	0.760536	196.621	77.4364	0.0237456	
365.014	-0.00475727	-0.00370593	0.00783284	0.00603038	0.743519	217.919	74.4213	0.0237456	
365.02	-0.00320324	-0.00538871	0.00783284	0.00626889	0.725955	239.271	71.5898	0.0237456	
365.026	-0.00104259	-0.0064335	0.00783284	0.00651743	0.707395	260.795	68.8598	0.0237456	
365.032	0.00146278	-0.00661051	0.00783284	0.00677041	0.688279	282.477	66.2868	0.0237456	
365.038	0.00396237	-0.00581312	0.00783284	0.0070351	0.668084	304.279	63.7928	0.0237456	
365.044	0.00607004	-0.00406197	0.00783284	0.00730377	0.647436	326.21	61.4462	0.0237456	
365.05	0.00739844	-0.00154571	0.00783284	0.00755818	0.62779	348.199	59.3779	0.0237456	
365.056	0.00770279	0.00141774	0.00783284	0.00783218	0.606582	10.4289	57.3007	0.0237456	
365.062	0.00682411	0.00436522	0.00783284	0.00810084	0.585787	32.6061	55.4003	0.0237456	
365.068	0.00478939	0.00687359	0.00783284	0.00837762	0.564413	55.1319	53.57	0.0237456	
365.074	0.00187461	0.0084351	0.00783284	0.00864089	0.544176	77.4702	51.9378	0.0237456	
365.08	-0.00152941	0.00876493	0.00783284	0.00889736	0.524589	99.898	50.4407	0.0237456	
365.086	-0.00493176	0.00773218	0.00783284	0.00917109	0.503866	122.531	48.9352	0.0237456	
365.092	-0.00772758	0.00538797	0.00783284	0.0094205	0.485181	145.114	47.6396	0.0237456	
365.098	-0.00946703	0.00203752	0.00783284	0.00968381	0.465693	167.854	46.3443	0.0237456	
365.104	-0.00976815	-0.00183357	0.00783284	0.00993875	0.447089	190.631	45.1555	0.0237456	
365.11	-0.00849239	-0.00559652	0.00783284	0.0101706	0.430418	213.385	44.126	0.0237456	
365.116	-0.00579058	-0.00866093	0.00783284	0.0104184	0.412893	236.234	43.0767	0.0237456	
365.122	-0.00198972	-0.0104539	0.00783284	0.0106416	0.397374	259.224	42.1731	0.0237456	
365.128	0.00227136	-0.0106155	0.00783284	0.0108558	0.382738	282.077	41.341	0.0237456	
365.134	0.00637604	-0.00907094	0.00783284	0.0110876	0.367194	305.104	40.4765	0.0237456	
365.14	0.00959769	-0.00594827	0.00783284	0.0112915	0.353794	328.211	39.7458	0.0237456	
365.146	0.0113537	-0.00175428	0.00783284	0.0114884	0.341095	351.217	39.0646	0.0237456	
365.152	0.0113065	0.0028951	0.00783284	0.0116713	0.329522	14.3624	38.4525	0.0237456	
365.158	0.00941706	0.00719829	0.00783284	0.0118531	0.318232	37.3939	37.8625	0.0237456	
365.164	0.00589358	0.0104897	0.00783284	0.012032	0.307343	60.6708	37.2997	0.0237456	
365.17	0.00130573	0.0121082	0.00783284	0.0121784	0.298593	83.8451	36.8513	0.0237456	
365.176	-0.00360653	0.0117769	0.00783284	0.0123168	0.290456	107.027	36.4372	0.0237456	
365.182	-0.00806404	0.00948969	0.00783284	0.0124532	0.282564	130.357	36.0379	0.0237456	
365.188	-0.0112612	0.00558443	0.00783284	0.0125698	0.275927	153.623	35.7038	0.0237456	
365.194	-0.0126595	0.000656776	0.00783284	0.0126766	0.269932	177.03	35.403	0.0237456	
365.2	-0.0119761	-0.00445548	0.00783284	0.0127781	0.264307	200.407	35.1218	0.0237456	
365.206	-0.00926893	-0.00889771	0.00783284	0.0128484	0.260452	223.829	34.9295	0.0237456	
365.212	-0.00498882	-0.0119051	0.00783284	0.0129081	0.257209	247.264	34.7679	0.0237456	
365.218	0.000166259	-0.0129572	0.00783284	0.0129582	0.254507	270.735	34.6335	0.0237456	
365.224	0.00533853	-0.0118334	0.00783284	0.0129819	0.253235	294.282	34.5703	0.0237456	
365.23	0.00962828	-0.00872703	0.00783284	0.0129948	0.252545	317.811	34.536	0.0237456	
365.236	0.0123209	-0.00415715	0.00783284	0.0130033	0.25209	341.355	34.5134	0.0237456	
365.242	0.0129153	0.00113224	0.00783284	0.0129649	0.254151	5.01012	34.6158	0.0237456	
365.248	0.0113513	0.00616302	0.00783284	0.0129164	0.256761	28.4992	34.7456	0.0237456	
365.254	0.0078584	0.0101836	0.00783284	0.0128631	0.25965	52.3437	34.8895	0.0237456	
365.26	0.00308818	0.0124137	0.00783284	0.0127921	0.263535	76.03	35.0833	0.0237456	
365.266	-0.00215391	0.0125134	0.00783284	0.0126974	0.26877	99.7665	35.3449	0.0237456	
365.272	-0.00695534	0.0104837	0.00783284	0.0125811	0.275287	123.562	35.6716	0.0237456	
365.278	-0.0104962	0.00669452	0.00783284	0.0124494	0.282784	147.47	36.049	0.0237456	
365.284	-0.0121561	0.00182922	0.00783284	0.012293	0.291847	171.443	36.5078	0.0237456	
365.29	-0.011682	-0.00320534	0.00783284	0.0121138	0.302435	195.343	37.0478	0.0237456	
365.296	-0.0092416	-0.00754575	0.00783284	0.0119309	0.313472	219.232	37.6158	0.0237456	
365.302	-0.0052559	-0.0104609	0.00783284	0.0117071	0.327282	243.324	38.3349	0.0237456	
365.308	-0.000495394	-0.0114821	0.00783284	0.0114928	0.340816	267.53	39.0497	0.0237456	
365.314	0.00416325	-0.0104395	0.00783284	0.011239	0.35722	291.742	39.9314	0.0237456	
365.32	0.00789245	-0.00762638	0.00783284	0.0109751	0.374701	315.982	40.8916	0.0237456	
365.326	0.0100474	-0.00362657	0.00783284	0.0106818	0.394606	340.153	42.0143	0.0237456	
365.332	0.0103528	0.000829826	0.00783284	0.010386	0.415168	4.58275	43.2111	0.0237456	
365.338	0.00879157	0.00491796	0.00783284	0.0100736	0.437361	29.2224	44.5508	0.0237456	
365.344	0.00573096	0.00785349	0.00783284	0.0097222	0.462874	53.8805	46.1612	0.0237456	
365.35	0.00186622	0.00918378	0.00783284	0.00937148	0.488836	78.5135	47.8888	0.0237456	
365.356	-0.0020684	0.00876835	0.00783284	0.00900901	0.516112	103.273	49.8156	0.0237456	
365.362	-0.00535518	0.00677958	0.00783284	0.00863948	0.544284	128.305	51.9463	0.0237456	
365.368	-0.00738658	0.00368114	0.00783284	0.00825302	0.574025	153.51	54.3787	0.0237456	
365.374	-0.00784831	0.000154845	0.00783284	0.00784984	0.605215	178.87	57.1718	0.0237456	
365.38	-0.00678613	-0.00309214	0.00783284	0.0074574	0.63558	204.497	60.1803	0.0237456	
365.386	-0.00451801	-0.00542021	0.00783284	0.00705628	0.666462	230.187	63.6014	0.0237456	
365.392	-0.00157625	-0.00646406	0.00783284	0.00665347	0.697141	256.296	67.4519	0.0237456	
365.398	0.00141312	-0.00608721	0.00783284	0.00624909	0.727423	283.07	71.8167	0.0237456	
365.404	0.00377982	-0.00448498	0.00783284	0.00586533	0.755511	310.123	76.5155	0.0237456	
365.41	0.00506343	-0.00209016	0.00783284	0.00547788	0.783062	337.569	81.9276	0.0237456	
365.416	0.00509823	0.000508464	0.00783284	0.00512352	0.807406	5.69547	87.5938	0.0237456	
365.422	0.00395522	0.00272491	0.00783284	0.00480301	0.828615	34.5645	93.4392	0.0237456	
365.428	0.00196244	0.00407197	0.00783284	0.00452019	0.846613	64.2688	99.2854	0.0237456	
365.434	-0.000361125	0.00425632	0.00783284	0.00427161	0.861827	94.8496	105.063	0.0237456	
365.44	-0.00241209	0.00331297	0.00783284	0.00409804	0.87209	126.057	109.513	0.0237456	
365.446	-0.00371065	0.00152586	0.00783284	0.00401213	0.877056	157.647	111.858	0.0237456	
365.452	-0.0039477	-0.000669335	0.00783284	0.00400404	0.87752	189.623	112.084	0.0237456	
365.458	-0.00304787	-0.00269124	0.00783284	0.00406599	0.873952	221.444	110.376	0.0237456	
365.464	-0.0012285	-0.00401481	0.00783284	0.00419856	0.866184	252.986	106.891	0.0237456	
365.47	0.00104334	-0.00429613	0.00783284	0.00442101	0.852754	283.65	101.513	0.0237456	
365.476	0.00324653	-0.00338933	0.00783284	0.00469335	0.835677	313.767	95.6223	0.0237456	
365.482	0.00478304	-0.00148766	0.00783284	0.00500905	0.815074	342.723	89.5955	0.0237456	
365.488	0.00527702	0.00105713	0.00783284	0.00538187	0.789744	11.3279	83.3891	0.0237456	
365.494	0.00446956	0.00363476	0.00783284	0.00576095	0.763021	39.1189	77.902	0.0237456	
365.5	0.00247333	0.00565173	0.00783284	0.00616923	0.733326	66.3646	72.7463	0.0237456	
365.506	-0.000363269	0.00659888	0.00783284	0.00660887	0.700509	93.151	67.907	0.0237456	
365.512	-0.00344017	0.00615309	0.00783284	0.00704949	0.666982	119.209	63.6626	0.0237456	
365.518	-0.00614934	0.00427902	0.00783284	0.00749163	0.632936	145.168	59.9054	0.0237456	
365.524	-0.00786585	0.00127656	0.00783284	0.00796877	0.596007	170.782	56.3185	0.0237456	
365.53	-0.00805973	-0.00233111	0.00783284	0.00839007	0.563454	196.131	53.4905	0.0237456	
365.536	-0.00665427	-0.00583903	0.00783284	0.00885289	0.527975	221.267	50.6941	0.0237456	
365.542	-0.00376983	-0.00848834	0.00783284	0.00928782	0.495095	246.053	48.3202	0.0237456	
365.548	0.000123738	-0.00975002	0.00783284	0.0097508	0.460778	270.727	46.0258	0.0237456	
365.554	0.00436368	-0.009204	0.00783284	0.010186	0.429319	295.366	44.0592	0.0237456	
365.56	0.00810545	-0.00684504	0.00783284	0.0106091	0.399617	319.819	42.3023	0.0237456	
365.566	0.010617	-0.00299849	0.00783284	0.0110323	0.370879	344.229	40.6797	0.0237456	
365.572	0.0113229	0.00164828	0.00783284	0.0114423	0.344048	8.28237	39.2221	0.0237456	
365.578	0.00999468	0.00636138	0.00783284	0.0118474	0.318584	32.4758	37.8808	0.0237456	
365.584	0.00674282	0.0102342	0.00783284	0.0122558	0.294025	56.621	36.6185	0.0237456	
365.59	0.00207304	0.0124759	0.00783284	0.0126469	0.271588	80.5657	35.486	0.0237456	
365.596	-0.00327313	0.0126119	0.00783284	0.0130298	0.25068	104.549	34.4434	0.0237456	
365.602	-0.00830645	0.0105137	0.00783284	0.0133991	0.231512	128.311	33.494	0.0237456	
365.608	-0.012167	0.0064395	0.00783284	0.013766	0.213448	152.11	32.6012	0.0237456	
365.614	-0.0140971	0.00100362	0.00783284	0.0141328	0.196372	175.928	31.7552	0.0237456	
365.62	-0.0136327	-0.00488551	0.00783284	0.0144817	0.181028	199.716	30.9902	0.0237456	
365.626	-0.0107729	-0.0101938	0.00783284	0.0148314	0.166519	223.418	30.2594	0.0237456	
365.632	-0.00594032	-0.0139653	0.00783284	0.0151762	0.153053	246.957	29.5719	0.0237456	
365.638	0.000163264	-0.0155095	0.00783284	0.0155103	0.140784	270.603	28.9348	0.0237456	
365.644	0.00651223	-0.014418	0.00783284	0.0158205	0.130064	294.307	28.3675	0.0237456	
365.65	0.011982	-0.0108125	0.00783284	0.0161393	0.119701	317.937	27.8072	0.0237456	
365.656	0.0156111	-0.00521294	0.00783284	0.0164585	0.10997	341.535	27.2679	0.0237456	
365.662	0.0166871	0.00145167	0.00783284	0.0167501	0.101625	4.97186	26.7932	0.0237456	
365.668	0.0149694	0.00816763	0.00783284	0.0170526	0.0934987	28.6179	26.3179	0.0237456	
365.674	0.010622	0.0137184	0.00783284	0.0173499	0.0860207	52.2499	25.8669	0.0237456	
365.68	0.00431273	0.0170762	0.00783284	0.0176124	0.0798236	75.8259	25.4815	0.0237456	
365.686	-0.00296343	0.0176691	0.00783284	0.0179158	0.0731089	99.521	25.0498	0.0237456	
365.692	-0.0098868	0.0152578	0.00783284	0.018181	0.0676232	122.943	24.6845	0.0237456	
365.698	-0.0153991	0.0101582	0.00783284	0.0184478	0.0624465	146.589	24.3275	0.0237456	
365.704	-0.0184318	0.0031516	0.00783284	0.0186993	0.0578689	170.297	24.0003	0.0237456	
365.71	-0.0183909	-0.00459343	0.00783284	0.0189559	0.0534866	194.024	23.6754	0.0237456	
365.716	-0.015158	-0.0117499	0.00783284	0.0191788	0.0499069	217.781	23.4003	0.0237456	
365.722	-0.00931422	-0.0170363	0.00783284	0.0194162	0.0463156	241.333	23.1141	0.0237456	
365.728	-0.0016723	-0.0195535	0.00783284	0.0196249	0.04334	265.112	22.8683	0.0237456	
365.734	0.00644647	-0.0187453	0.00783284	0.0198228	0.040669	288.978	22.6401	0.0237456	
365.74	0.0135507	-0.0147163	0.00783284	0.0200048	0.0383365	312.639	22.4341	0.0237456	
365.746	0.0185489	-0.00798075	0.00783284	0.0201929	0.0360451	336.72	22.2251	0.0237456	
365.752	0.0203602	0.000234275	0.00783284	0.0203615	0.0340912	0.659246	22.041	0.0237456	
365.758	0.0186449	0.00850546	0.00783284	0.0204933	0.0326275	24.5215	21.8993	0.0237456	
365.764	0.0136563	0.0154589	0.00783284	0.020627	0.0311981	48.5428	21.7573	0.0237456	
365.77	0.00626177	0.0197737	0.00783284	0.0207415	0.0300173	72.4285	21.6373	0.0237456	
365.776	-0.0024475	0.020681	0.00783284	0.0208254	0.0291761	96.7493	21.5501	0.0237456	
365.782	-0.0107504	0.0179186	0.00783284	0.0208961	0.0284824	120.962	21.4771	0.0237456	
365.788	-0.0171679	0.0120115	0.00783284	0.0209526	0.027939	145.021	21.4192	0.0237456	
365.794	-0.0206161	0.00389402	0.00783284	0.0209807	0.0276725	169.304	21.3906	0.0237456	
365.8	-0.0204307	-0.00487916	0.00783284	0.0210053	0.0274406	193.432	21.3655	0.0237456	
365.806	-0.0165251	-0.0129103	0.00783284	0.0209703	0.0277705	217.999	21.4011	0.0237456	
365.812	-0.00967899	-0.0185658	0.00783284	0.0209373	0.0280851	242.465	21.4349	0.0237456	
365.818	-0.00115867	-0.0208287	0.00783284	0.0208609	0.0288264	266.816	21.5134	0.0237456	
365.824	0.00760364	-0.0193337	0.00783284	0.0207752	0.0296767	291.469	21.6022	0.0237456	
365.83	0.0148243	-0.0143787	0.00783284	0.0206521	0.0309364	315.874	21.731	0.0237456	
365.836	0.0193539	-0.0068152	0.00783284	0.0205188	0.0323513	340.601	21.8721	0.0237456	
365.842	0.020251	0.00196672	0.00783284	0.0203463	0.0342639	5.54701	22.0575	0.0237456	
365.848	0.0174237	0.0101569	0.00783284	0.020168	0.0363416	30.2393	22.2525	0.0237456	
365.854	0.0113955	0.0163765	0.00783284	0.0199511	0.0390121	55.1682	22.4944	0.0237456	
365.86	0.00341932	0.0194158	0.00783284	0.0197146	0.0421115	80.0121	22.7643	0.0237456	
365.866	-0.00505759	0.0187788	0.00783284	0.019448	0.0458523	105.073	23.0764	0.0237456	
365.872	-0.012425	0.0145729	0.00783284	0.0191508	0.0503457	130.451	23.4345	0.0237456	
365.878	-0.0171491	0.00778904	0.00783284	0.0188351	0.0555134	155.573	23.8272	0.0237456	
365.884	-0.01851	-0.000279185	0.00783284	0.0185121	0.0612493	180.864	24.2431	0.0237456	
365.89	-0.016262	-0.00806006	0.00783284	0.0181498	0.0682502	206.365	24.7269	0.0237456	
365.896	-0.0110061	-0.0139601	0.00783284	0.0177769	0.0761236	231.748	25.2456	0.0237456	
365.902	-0.00373641	-0.0169772	0.00783284	0.0173835	0.0852086	257.588	25.817	0.0237456	
365.908	0.00389123	-0.0165401	0.00783284	0.0169916	0.0950941	283.239	26.4123	0.0237456	
365.914	0.0104695	-0.0128393	0.00783284	0.0165668	0.10681	309.195	27.0897	0.0237456	
365.92	0.0146584	-0.00675691	0.00783284	0.0161408	0.119655	335.252	27.8047	0.0237456	
365.926	0.0157115	0.000361281	0.00783284	0.0157157	0.133616	1.31727	28.5568	0.0237456	
365.932	0.0135157	0.00709774	0.00783284	0.0152661	0.149679	27.7061	29.3978	0.0237456	
365.938	0.00865632	0.0120262	0.00783284	0.0148176	0.167074	54.2542	30.2875	0.0237456	
365.944	0.00225996	0.014209	0.00783284	0.0143876	0.185081	80.9627	31.1928	0.0237456	
365.95	-0.00427921	0.0132744	0.00783284	0.0139471	0.204897	107.868	32.178	0.0237456	
365.956	-0.00951821	0.00958733	0.00783284	0.0135097	0.225961	134.793	33.2196	0.0237456	
365.962	-0.0124774	0.00400099	0.00783284	0.0131032	0.246788	162.221	34.2503	0.0237456	
365.968	-0.0125134	-0.00213265	0.00783284	0.0126939	0.268968	189.672	35.3548	0.0237456	
365.974	-0.00979521	-0.00749976	0.00783284	0.0123366	0.2893	217.44	36.3786	0.0237456	
365.98	-0.00497983	-0.010908	0.00783284	0.011991	0.30982	245.462	37.4272	0.0237456	
365.986	0.000700681	-0.0116651	0.00783284	0.0116862	0.328588	273.437	38.4034	0.0237456	
365.992	0.00600594	-0.00970242	0.00783284	0.0114109	0.346064	301.758	39.3299	0.0237456	
365.998	0.00972484	-0.0055158	0.00783284	0.0111802	0.361079	330.439	40.1415	0.0237456	
366.004	0.0109851	-0.000158212	0.00783284	0.0109863	0.373951	359.175	40.8499	0.0237456	
366.01	0.00957421	0.00508865	0.00783284	0.0108425	0.383638	27.9904	41.3916	0.0237456	
366.016	0.00588996	0.00898531	0.00783284	0.0107437	0.390364	56.7548	41.7722	0.0237456	
366.022	0.000807586	0.010663	0.00783284	0.0106936	0.3938	85.6689	41.9682	0.0237456	
366.028	-0.00445624	0.00970857	0.00783284	0.0106824	0.394564	114.655	42.0119	0.0237456	
366.034	-0.00862296	0.0063657	0.00783284	0.0107181	0.392117	143.564	41.8721	0.0237456	
366.04	-0.0107073	0.0014267	0.00783284	0.0108019	0.386393	172.41	41.5471	0.0237456	
366.046	-0.0101934	-0.00390785	0.00783284	0.0109168	0.378619	200.975	41.11	0.0237456	
366.052	-0.00719261	-0.00840792	0.00783284	0.0110647	0.36872	229.454	40.5606	0.0237456	
366.058	-0.00236621	-0.0109989	0.00783284	0.0112505	0.356466	257.859	39.8905	0.0237456	
366.064	0.00317974	-0.0110083	0.00783284	0.0114583	0.34302	286.111	39.1672	0.0237456	
366.07	0.00814661	-0.00834998	0.00783284	0.0116657	0.329869	314.294	38.4707	0.0237456	
366.076	0.0113259	-0.00368288	0.00783284	0.0119096	0.314767	341.987	37.6828	0.0237456	
366.082	0.0119636	0.00204476	0.00783284	0.0121371	0.301047	9.69901	36.9768	0.0237456	
366.088	0.00986699	0.00750229	0.00783284	0.0123952	0.285903	37.2472	36.2066	0.0237456	
366.094	0.00540578	0.0114031	0.00783284	0.0126195	0.273124	64.6361	35.563	0.0237456	
366.1	-0.000423889	0.0128618	0.00783284	0.0128688	0.259344	91.8876	34.8743	0.0237456	
366.106	-0.00632213	0.0114673	0.00783284	0.0130946	0.247244	118.869	34.2729	0.0237456	
366.112	-0.0110103	0.00746817	0.00783284	0.0133042	0.236343	145.851	33.733	0.0237456	
366.118	-0.0134078	0.00170182	0.00783284	0.0135154	0.225682	172.766	33.2059	0.0237456	
366.124	-0.0129089	-0.00459538	0.00783284	0.0137024	0.21651	199.595	32.7525	0.0237456	
366.13	-0.00958068	-0.0100347	0.00783284	0.0138739	0.208324	226.326	32.3477	0.0237456	
366.136	-0.00416805	-0.0133962	0.00783284	0.0140296	0.201077	252.717	31.9887	0.0237456	
366.142	0.00229659	-0.0139663	0.00783284	0.0141538	0.195422	279.338	31.708	0.0237456	
366.148	0.00834451	-0.0115472	0.00783284	0.0142467	0.191265	305.853	31.5012	0.0237456	
366.154	0.012694	-0.00667214	0.00783284	0.0143407	0.187122	332.273	31.2947	0.0237456	
366.16	0.0143943	-0.00031788	0.00783284	0.0143978	0.184637	358.735	31.1707	0.0237456	
366.166	0.0130848	0.00606444	0.00783284	0.0144219	0.183596	24.8663	31.1186	0.0237456	
366.172	0.00903669	0.0112328	0.00783284	0.0144166	0.183824	51.1837	31.13	0.0237456	
366.178	0.00312461	0.0140572	0.00783284	0.0144002	0.184531	77.4681	31.1654	0.0237456	
366.184	-0.003411	0.0139392	0.00783284	0.0143504	0.186697	103.75	31.2735	0.0237456	
366.19	-0.00918153	0.0109483	0.00783284	0.0142887	0.189408	129.984	31.4087	0.0237456	
366.196	-0.0129857	0.00571716	0.00783284	0.0141885	0.193862	156.238	31.6304	0.0237456	
366.202	-0.0140446	-0.000546738	0.00783284	0.0140553	0.1999	182.229	31.9303	0.0237456	
366.208	-0.0122522	-0.00661647	0.00783284	0.0139246	0.205947	208.37	32.23	0.0237456	
366.214	-0.00795377	-0.0112041	0.00783284	0.0137403	0.214684	234.629	32.6623	0.0237456	
366.22	-0.00217514	-0.0133637	0.00783284	0.0135395	0.224483	260.755	33.1466	0.0237456	
366.226	0.00386806	-0.0127365	0.00783284	0.013311	0.235996	286.893	33.7158	0.0237456	
366.232	0.00889904	-0.00958106	0.00783284	0.0130763	0.24821	312.886	34.3208	0.0237456	
366.238	0.0119673	-0.00458208	0.00783284	0.0128145	0.262306	339.049	35.0219	0.0237456	
366.244	0.0124787	0.00112837	0.00783284	0.0125297	0.278202	5.16681	35.8181	0.0237456	
366.25	0.0104331	0.00635841	0.00783284	0.0122179	0.296253	31.3602	36.732	0.0237456	
366.256	0.00639143	0.0100175	0.00783284	0.0118828	0.31641	57.4611	37.768	0.0237456	
366.262	0.00130794	0.0114601	0.00783284	0.0115345	0.338157	83.489	38.9085	0.0237456	
366.268	-0.00373512	0.0105366	0.00783284	0.011179	0.361155	109.519	40.1456	0.0237456	
366.274	-0.00773152	0.0075526	0.00783284	0.0108082	0.385965	135.671	41.5228	0.0237456	
366.28	-0.0098818	0.0032553	0.00783284	0.0104042	0.413889	161.767	43.1355	0.0237456	
366.286	-0.00991058	-0.00138757	0.00783284	0.0100072	0.442139	187.97	44.8464	0.0237456	
366.292	-0.00796315	-0.00534535	0.00783284	0.00959085	0.472542	213.872	46.7934	0.0237456	
366.298	-0.00457989	-0.00794031	0.00783284	0.00916645	0.504215	240.024	48.9599	0.0237456	
366.304	-0.000603094	-0.00868905	0.00783284	0.00870996	0.538888	266.03	51.526	0.0237456	
366.31	0.00311308	-0.00764105	0.00783284	0.00825088	0.574191	292.167	54.3929	0.0237456	
366.316	0.00581157	-0.00521268	0.00783284	0.00780682	0.608546	318.11	57.4868	0.0237456	
366.322	0.00704149	-0.00201924	0.00783284	0.00732529	0.645777	343.999	61.2657	0.0237456	
366.328	0.00673612	0.00117201	0.00783284	0.00683732	0.683191	9.87002	65.6382	0.0237456	
366.334	0.0051715	0.00372984	0.00783284	0.00637621	0.71797	35.8003	70.3849	0.0237456	
366.34	0.00278185	0.00515967	0.00783284	0.00586182	0.755765	61.6685	76.5613	0.0237456	
366.346	0.000248037	0.00534688	0.00783284	0.00535263	0.791766	87.344	83.8445	0.0237456	
366.352	-0.00187276	0.00448244	0.00783284	0.00485793	0.825039	112.675	92.3827	0.0237456	
366.358	-0.00323424	0.00290016	0.00783284	0.0043441	0.857451	138.117	103.31	0.0237456	
366.364	-0.00366659	0.00110388	0.00783284	0.00382916	0.887371	163.245	117.203	0.0237456	
366.37	-0.00329122	-0.0004614	0.00783284	0.0033234	0.913921	187.98	135.039	0.0237456	
366.376	-0.00237796	-0.0014798	0.00783284	0.0028008	0.938072	211.894	160.236	0.0237456	
366.382	-0.00131268	-0.00186614	0.00783284	0.00228158	0.958464	234.877	196.701	0.0237456	
366.388	-0.000422227	-0.00172276	0.00783284	0.00177375	0.974686	256.229	253.017	0.0237456	
366.394	6.65981e-05	-0.00129966	0.00783284	0.00130137	0.986293	272.933	344.86	0.0237456	
366.4	0.000148653	-0.000878355	0.00783284	0.000890845	0.993553	279.606	503.779	0.0237456	
366.406	-2.50747e-05	-0.000692661	0.00783284	0.000693115	0.996093	267.927	647.496	0.0237456	
366.412	-0.000218514	-0.000853218	0.00783284	0.000880755	0.993698	255.635	509.55	0.0237456	
366.418	-0.000170019	-0.00128902	0.00783284	0.00130018	0.986318	262.486	345.173	0.0237456	
366.424	0.000296732	-0.00177035	0.00783284	0.00179504	0.974083	279.515	250.016	0.0237456	
366.43	0.00115953	-0.00199199	0.00783284	0.00230489	0.957629	300.204	194.711	0.0237456	
366.436	0.00227161	-0.00168829	0.00783284	0.00283029	0.936803	323.38	158.567	0.0237456	
366.442	0.00328653	-0.000738298	0.00783284	0.00336843	0.911679	347.339	133.234	0.0237456	
366.448	0.00382614	0.00079338	0.00783284	0.00390753	0.882997	11.7147	114.852	0.0237456	
366.454	0.00357177	0.00264849	0.00783284	0.00444657	0.85118	36.5571	100.929	0.0237456	
366.46	0.00234721	0.00438321	0.00783284	0.00497211	0.817527	61.831	90.2613	0.0237456	
366.466	0.000274399	0.00550301	0.00783284	0.00550985	0.780823	87.1454	81.4521	0.0237456	
366.472	-0.00230212	0.0055643	0.00783284	0.00602172	0.744152	112.476	74.5284	0.0237456	
366.478	-0.00487338	0.00436746	0.00783284	0.00654405	0.705394	138.134	68.5797	0.0237456	
366.484	-0.00676057	0.00196951	0.00783284	0.00704161	0.667586	163.758	63.7338	0.0237456	
366.49	-0.00744934	-0.00123553	0.00783284	0.00755111	0.628338	189.417	59.4335	0.0237456	
366.496	-0.00657607	-0.00462059	0.00783284	0.00803707	0.59072	215.093	55.8399	0.0237456	
366.502	-0.00416003	-0.00743256	0.00783284	0.00851756	0.553642	240.764	52.6899	0.0237456	
366.508	-0.000575617	-0.0089532	0.00783284	0.00897168	0.518943	266.321	50.0228	0.0237456	
366.514	0.00354602	-0.00873158	0.00783284	0.00942416	0.484908	292.103	47.6211	0.0237456	
366.52	0.00729987	-0.00662041	0.00783284	0.00985484	0.453182	317.794	45.5399	0.0237456	
366.526	0.00984638	-0.00290037	0.00783284	0.0102647	0.42373	343.587	43.7217	0.0237456	
366.532	0.0105075	0.00172753	0.00783284	0.0106486	0.396891	9.33639	42.1453	0.0237456	
366.538	0.00904987	0.00630639	0.00783284	0.0110304	0.370999	34.8707	40.6864	0.0237456	
366.544	0.00558907	0.00989929	0.00783284	0.0113681	0.348823	60.5512	39.4779	0.0237456	
366.55	0.00075024	0.0116791	0.00783284	0.0117031	0.327527	86.3245	38.3477	0.0237456	
366.556	-0.00448968	0.0111392	0.00783284	0.01201	0.30867	111.952	37.368	0.0237456	
366.562	-0.00907231	0.00826814	0.00783284	0.0122747	0.292914	137.655	36.562	0.0237456	
366.568	-0.0119848	0.00362138	0.00783284	0.01252	0.278752	163.187	35.8458	0.0237456	
366.574	-0.012569	-0.00195646	0.00783284	0.0127203	0.267497	188.848	35.2812	0.0237456	
366.58	-0.010662	-0.00727611	0.00783284	0.0129081	0.257209	214.311	34.768	0.0237456	
366.586	-0.00651679	-0.0113174	0.00783284	0.0130596	0.249097	240.066	34.3648	0.0237456	
366.592	-0.000980016	-0.0131459	0.00783284	0.0131824	0.24264	265.737	34.0447	0.0237456	
366.598	0.00478045	-0.01236	0.00783284	0.0132522	0.239015	291.145	33.8652	0.0237456	
366.604	0.00968453	-0.00911102	0.00783284	0.0132967	0.236729	316.748	33.752	0.0237456	
366.61	0.0126614	-0.00408519	0.00783284	0.0133041	0.236347	342.118	33.7332	0.0237456	
366.616	0.0131519	0.00181021	0.00783284	0.0132759	0.237796	7.83686	33.8048	0.0237456	
366.622	0.011035	0.00727675	0.00783284	0.0132182	0.240774	33.4019	33.9522	0.0237456	
366.628	0.00681062	0.0111953	0.00783284	0.0131042	0.246737	58.686	34.2477	0.0237456	
366.634	0.00131642	0.0129009	0.00783284	0.0129679	0.253988	84.1737	34.6078	0.0237456	
366.64	-0.00431204	0.0120291	0.00783284	0.0127787	0.264275	109.721	35.1202	0.0237456	
366.646	-0.00889109	0.00883853	0.00783284	0.0125368	0.277797	135.17	35.7977	0.0237456	
366.652	-0.011598	0.00407711	0.00783284	0.0122938	0.291798	160.632	36.5054	0.0237456	
366.658	-0.0119164	-0.00121964	0.00783284	0.0119786	0.310568	185.844	37.4658	0.0237456	
366.664	-0.00995345	-0.00604032	0.00783284	0.0116429	0.331304	211.252	38.5462	0.0237456	
366.67	-0.00619342	-0.00939877	0.00783284	0.0112559	0.356114	236.617	39.8714	0.0237456	
366.676	-0.00154104	-0.0107252	0.00783284	0.0108354	0.384124	261.823	41.4189	0.0237456	
366.682	0.00308385	-0.00992227	0.00783284	0.0103905	0.414852	287.265	43.1924	0.0237456	
366.688	0.00667781	-0.00729976	0.00783284	0.00989341	0.450377	312.452	45.3624	0.0237456	
366.694	0.00864739	-0.00355658	0.00783284	0.00935022	0.490425	337.643	47.9977	0.0237456	
366.7	0.0087819	0.000448175	0.00783284	0.00879333	0.532516	2.92149	51.0374	0.0237456	
366.706	0.00723704	0.00383503	0.00783284	0.00819038	0.578864	27.9199	54.7947	0.0237456	
366.712	0.00452487	0.00605786	0.00783284	0.00756122	0.627555	53.2424	59.354	0.0237456	
366.718	0.00143476	0.00673735	0.00783284	0.00688843	0.679297	77.9781	65.1512	0.0237456	
366.724	-0.00136586	0.00603587	0.00783284	0.00618849	0.731905	102.751	72.52	0.0237456	
366.73	-0.00334211	0.00435151	0.00783284	0.00548683	0.782436	127.525	81.7938	0.0237456	
366.736	-0.00417828	0.00222717	0.00783284	0.0047348	0.83302	151.941	94.7852	0.0237456	
366.742	-0.00395562	0.00028763	0.00783284	0.00396607	0.879687	175.841	113.157	0.0237456	
366.748	-0.00300807	-0.00102916	0.00783284	0.00317925	0.920929	198.887	141.162	0.0237456	
366.754	-0.0018096	-0.00156003	0.00783284	0.00238922	0.954545	220.764	187.839	0.0237456	
366.76	-0.000839488	-0.00135504	0.00783284	0.00159401	0.979506	238.221	281.547	0.0237456	
366.766	-0.000424754	-0.000781111	0.00783284	0.000889129	0.993578	241.463	504.751	0.0237456	
366.772	-0.000609035	-0.000234944	0.00783284	0.000652781	0.996533	201.095	687.504	0.0237456	
366.778	-0.00126649	-0.000127808	0.00783284	0.00127292	0.986882	185.762	352.566	0.0237456	
366.784	-0.00197769	-0.000692814	0.00783284	0.00209553	0.964846	199.306	214.165	0.0237456	
366.79	-0.00225736	-0.00188304	0.00783284	0.00293965	0.931998	219.834	152.668	0.0237456	
366.796	-0.0017786	-0.00339617	0.00783284	0.00383372	0.887119	242.359	117.064	0.0237456	
366.802	-0.000322554	-0.00470657	0.00783284	0.00471761	0.834123	266.079	95.1305	0.0237456	
366.808	0.00194194	-0.005251	0.00783284	0.00559858	0.774576	290.296	80.1611	0.0237456	
366.814	0.00456388	-0.00460417	0.00783284	0.00648285	0.709992	314.748	69.2271	0.0237456	
366.82	0.00689845	-0.00257724	0.00783284	0.00736415	0.64278	339.514	60.9424	0.0237456	
366.826	0.00820794	0.000608126	0.00783284	0.00823043	0.57577	4.2373	54.528	0.0237456	
366.832	0.00792796	0.0044498	0.00783284	0.00909138	0.509878	29.3046	49.3642	0.0237456	
366.838	0.00574977	0.00810602	0.00783284	0.00993818	0.44713	54.6511	45.1581	0.0237456	
366.844	0.00193468	0.0105825	0.00783284	0.0107579	0.389395	79.6397	41.7172	0.0237456	
366.85	-0.00296288	0.0111927	0.00783284	0.0115782	0.335384	104.827	38.7615	0.0237456	
366.856	-0.0079415	0.00948001	0.00783284	0.0123668	0.287547	129.953	36.2898	0.0237456	
366.862	-0.0119235	0.00551746	0.00783284	0.0131382	0.244951	155.168	34.1592	0.0237456	
366.868	-0.0138819	-0.000132921	0.00783284	0.0138826	0.207916	180.549	32.3275	0.0237456	
366.874	-0.0131344	-0.00637265	0.00783284	0.0145987	0.176075	205.882	30.7417	0.0237456	
366.88	-0.009564	-0.0119274	0.00783284	0.0152884	0.14885	231.276	29.355	0.0237456	
366.886	-0.00370934	-0.0154982	0.00783284	0.0159359	0.126236	256.54	28.1621	0.0237456	
366.892	0.00344105	-0.0162078	0.00783284	0.016569	0.106746	281.986	27.086	0.0237456	
366.898	0.010433	-0.0136396	0.00783284	0.0171723	0.0904294	307.413	26.1345	0.0237456	
366.904	0.0157709	-0.00806846	0.00783284	0.017715	0.0774991	332.906	25.3338	0.0237456	
366.91	0.0182414	-0.000497216	0.00783284	0.0182481	0.0662886	358.439	24.5937	0.0237456	
366.916	0.0171389	0.00753756	0.00783284	0.0187231	0.0574495	23.7396	23.9698	0.0237456	
366.922	0.0125117	0.0145365	0.00783284	0.0191795	0.0498953	49.281	23.3994	0.0237456	
366.928	0.00511446	0.018911	0.00783284	0.0195903	0.0438216	74.8664	22.9087	0.0237456	
366.934	-0.00362536	0.0196185	0.00783284	0.0199507	0.0390177	100.47	22.4949	0.0237456	
366.94	-0.0119511	0.0164061	0.00783284	0.0202975	0.0348221	126.072	22.1105	0.0237456	
366.946	-0.0180997	0.00973897	0.00783284	0.0205535	0.0319772	151.717	21.8351	0.0237456	
366.952	-0.0207873	0.0010156	0.00783284	0.0208121	0.0293081	177.203	21.5639	0.0237456	
366.958	-0.0193538	-0.0081827	0.00783284	0.0210125	0.0273727	202.918	21.3582	0.0237456	
366.964	-0.0139981	-0.0158975	0.00783284	0.021182	0.0258228	228.635	21.1873	0.0237456	
366.97	-0.00572501	-0.020527	0.00783284	0.0213104	0.0247001	254.416	21.0597	0.0237456	
366.976	0.00377551	-0.0210535	0.00783284	0.0213894	0.0240302	280.167	20.9819	0.0237456	
366.982	0.0125265	-0.017383	0.00783284	0.0214262	0.0237233	305.777	20.9458	0.0237456	
366.988	0.0188806	-0.0101752	0.00783284	0.0214478	0.0235448	331.679	20.9247	0.0237456	
366.994	0.0213967	-0.000906435	0.00783284	0.0214159	0.0238092	357.574	20.9559	0.0237456	
