364	-0.00616477	-0.00261622	0.00661577	0.00669693	0.59909	202.996	56.6014	0.0200779	
364.006	-0.00424025	-0.00450381	0.00661577	0.00618579	0.645895	226.726	61.2785	0.0200779	
364.012	-0.0016667	-0.00502014	0.00661577	0.00528958	0.726416	251.634	71.6609	0.0200779	
364.018	0.000767367	-0.00402888	0.00661577	0.00410131	0.825178	280.784	92.4232	0.0200779	
364.024	0.00224186	-0.00180794	0.00661577	0.00288003	0.909595	321.116	131.615	0.0200779	
364.03	0.00222299	0.000994506	0.00661577	0.00243531	0.934493	24.1024	155.65	0.0200779	
364.036	0.000578703	0.00350602	0.00661577	0.00355346	0.865673	80.6273	106.672	0.0200779	
364.042	-0.00239316	0.00490516	0.00661577	0.00545782	0.711565	116.007	69.4519	0.0200779	
364.048	-0.00599002	0.00460049	0.00661577	0.0075528	0.521177	142.475	50.1875	0.0200779	
364.054	-0.00929549	0.00241225	0.00661577	0.00960339	0.348695	165.452	39.4711	0.0200779	
364.06	-0.0113967	-0.00138702	0.00661577	0.0114808	0.221854	186.939	33.0167	0.0200779	
364.066	-0.0115834	-0.00606604	0.00661577	0.0130756	0.141829	207.64	28.9896	0.0200779	
364.072	-0.00958528	-0.0106326	0.00661577	0.0143154	0.0962251	227.965	26.479	0.0200779	
364.078	-0.00560743	-0.0140924	0.00661577	0.0151671	0.0722289	248.302	24.9921	0.0200779	
364.084	-0.000331243	-0.0156006	0.00661577	0.0156041	0.0619418	268.784	24.292	0.0200779	
364.09	0.00522862	-0.0147201	0.00661577	0.0156212	0.061567	289.555	24.2655	0.0200779	
364.096	0.0100147	-0.0115268	0.00661577	0.0152697	0.0696972	310.985	24.8241	0.0200779	
364.102	0.013031	-0.00658788	0.00661577	0.0146016	0.0875431	333.181	25.9599	0.0200779	
364.108	0.0136667	-0.000812684	0.00661577	0.0136908	0.117507	356.597	27.6868	0.0200779	
364.114	0.0118006	0.00464214	0.00661577	0.0126808	0.159299	21.4738	29.8921	0.0200779	
364.12	0.00782153	0.00873996	0.00661577	0.0117287	0.207736	48.1741	32.3186	0.0200779	
364.126	0.0024984	0.0106717	0.00661577	0.0109603	0.25352	76.8236	34.5845	0.0200779	
364.132	-0.00306288	0.0101167	0.00661577	0.0105702	0.279049	106.844	35.8608	0.0200779	
364.138	-0.00779701	0.00719459	0.00661577	0.0106092	0.276428	137.301	35.7289	0.0200779	
364.144	-0.0107706	0.00251832	0.00661577	0.0110611	0.247174	166.84	34.2694	0.0200779	
364.15	-0.0113833	-0.00296176	0.00661577	0.0117623	0.205875	194.584	32.2264	0.0200779	
364.156	-0.00957664	-0.00819153	0.00661577	0.0126021	0.162961	220.543	30.0788	0.0200779	
364.162	-0.00571988	-0.0121514	0.00661577	0.0134304	0.127384	244.793	28.2238	0.0200779	
364.168	-0.000519342	-0.0141335	0.00661577	0.0141431	0.101769	267.896	26.8015	0.0200779	
364.174	0.00502228	-0.0137793	0.00661577	0.0146661	0.085677	290.026	25.8458	0.0200779	
364.18	0.00989744	-0.0111985	0.00661577	0.0149454	0.0779517	311.471	25.3627	0.0200779	
364.186	0.0132795	-0.00688573	0.00661577	0.0149586	0.0776011	332.592	25.3403	0.0200779	
364.192	0.0146183	-0.00168744	0.00661577	0.0147154	0.0842692	353.415	25.7591	0.0200779	
364.198	0.0137833	0.00349988	0.00661577	0.0142207	0.0992412	14.2475	26.6552	0.0200779	
364.204	0.011028	0.00778432	0.00661577	0.0134986	0.124736	35.217	28.0811	0.0200779	
364.21	0.006958	0.0104651	0.00661577	0.0125671	0.164611	56.3809	30.1626	0.0200779	
364.216	0.00236908	0.0112479	0.00661577	0.0114947	0.221044	78.106	32.9767	0.0200779	
364.222	-0.00184942	0.0101301	0.00661577	0.0102975	0.29779	100.346	36.8103	0.0200779	
364.228	-0.00500863	0.00752087	0.00661577	0.00903604	0.393471	123.662	41.9494	0.0200779	
364.234	-0.00661107	0.00406841	0.00661577	0.00776262	0.502392	148.392	48.8309	0.0200779	
364.24	-0.00652359	0.000574703	0.00661577	0.00654886	0.612665	174.965	57.8812	0.0200779	
364.246	-0.00496467	-0.00223633	0.00661577	0.0054451	0.712693	204.249	69.6141	0.0200779	
364.252	-0.00247622	-0.00381489	0.00661577	0.00454808	0.789543	237.013	83.3441	0.0200779	
364.258	0.000244807	-0.00393035	0.00661577	0.00393797	0.83765	273.564	96.2568	0.0200779	
364.264	0.0024774	-0.00268748	0.00661577	0.00365514	0.858454	312.671	103.705	0.0200779	
364.27	0.00362552	-0.000516572	0.00661577	0.00366214	0.857952	351.891	103.507	0.0200779	
364.276	0.00339729	0.0018828	0.00661577	0.00388414	0.841689	28.9955	97.5907	0.0200779	
364.282	0.00184517	0.00382176	0.00661577	0.00424388	0.814039	64.2285	89.3183	0.0200779	
364.288	-0.000643802	0.00463646	0.00661577	0.00468094	0.778561	97.9053	80.9785	0.0200779	
364.294	-0.00340506	0.00396079	0.00661577	0.00522324	0.732226	130.685	72.571	0.0200779	
364.3	-0.00563007	0.00179681	0.00661577	0.00590984	0.670999	162.3	64.1398	0.0200779	
364.306	-0.0066059	-0.00149863	0.00661577	0.00677376	0.592049	192.782	55.9595	0.0200779	
364.312	-0.00583841	-0.00521485	0.00661577	0.00782826	0.496552	221.771	48.4215	0.0200779	
364.318	-0.00324796	-0.00847076	0.00661577	0.0090721	0.390546	249.022	41.7826	0.0200779	
364.324	0.000874279	-0.0104342	0.00661577	0.0104707	0.285802	274.79	36.2015	0.0200779	
364.33	0.00579996	-0.0104314	0.00661577	0.0119354	0.196448	299.074	31.759	0.0200779	
364.336	0.0105948	-0.00822911	0.00661577	0.0134152	0.127977	322.163	28.2557	0.0200779	
364.342	0.014272	-0.00401386	0.00661577	0.0148257	0.0811913	344.292	25.5675	0.0200779	
364.348	0.0159818	0.00154333	0.00661577	0.0160561	0.0526006	5.51584	23.6082	0.0200779	
364.354	0.0153395	0.00751609	0.00661577	0.0170819	0.0356735	26.1041	22.1905	0.0200779	
364.36	0.0123438	0.0127949	0.00661577	0.0177786	0.0270296	46.028	21.3209	0.0200779	
364.366	0.00747151	0.0165063	0.00661577	0.0181185	0.023513	65.6463	20.9209	0.0200779	
364.372	0.0016448	0.0179597	0.00661577	0.0180349	0.0243396	84.7673	21.0179	0.0200779	
364.378	-0.00407542	0.0170236	0.00661577	0.0175046	0.0301865	103.463	21.6547	0.0200779	
364.384	-0.00871111	0.0140242	0.00661577	0.0165094	0.044438	121.847	22.96	0.0200779	
364.39	-0.0115158	0.00973407	0.00661577	0.0150787	0.074469	139.793	25.1386	0.0200779	
364.396	-0.0122123	0.00513907	0.00661577	0.0132496	0.134599	157.178	28.6089	0.0200779	
364.402	-0.0110124	0.00116321	0.00661577	0.0110737	0.246385	173.97	34.2303	0.0200779	
364.408	-0.00852228	-0.00142221	0.00661577	0.00864013	0.426218	189.474	43.8716	0.0200779	
364.414	-0.00559273	-0.00229936	0.00661577	0.00604696	0.658549	202.349	62.6854	0.0200779	
364.42	-0.00312549	-0.0016068	0.00661577	0.00351433	0.868412	207.208	107.86	0.0200779	
364.426	-0.00179747	0.000134083	0.00661577	0.00180246	0.963566	175.734	210.299	0.0200779	
364.432	-0.00191718	0.00213161	0.00661577	0.00286694	0.910378	131.968	132.216	0.0200779	
364.438	-0.00333352	0.00357738	0.00661577	0.00488978	0.760985	132.979	77.52	0.0200779	
364.444	-0.00555235	0.00388237	0.00661577	0.00677506	0.59193	145.038	55.9487	0.0200779	
364.45	-0.00779222	0.00276601	0.00661577	0.00826858	0.457931	160.457	45.8429	0.0200779	
364.456	-0.00930725	0.000427974	0.00661577	0.00931709	0.370955	177.367	40.6839	0.0200779	
364.462	-0.00952901	-0.00262584	0.00661577	0.00988418	0.327566	195.406	38.3498	0.0200779	
364.468	-0.00823404	-0.00558643	0.00661577	0.00995026	0.322698	214.155	38.0951	0.0200779	
364.474	-0.00558389	-0.00773735	0.00661577	0.00954183	0.353422	234.183	39.7257	0.0200779	
364.48	-0.00220985	-0.00847151	0.00661577	0.00875499	0.4166	255.38	43.296	0.0200779	
364.486	0.00114164	-0.00762216	0.00661577	0.00770718	0.507338	278.518	49.1822	0.0200779	
364.492	0.00371612	-0.00533399	0.00661577	0.00650085	0.617066	304.864	58.3087	0.0200779	
364.498	0.00492656	-0.00225434	0.00661577	0.00541784	0.715108	335.412	69.9643	0.0200779	
364.504	0.00459138	0.000913757	0.00661577	0.00468142	0.778521	11.2557	80.9702	0.0200779	
364.51	0.00290165	0.00342183	0.00661577	0.00448648	0.794579	49.7027	84.4885	0.0200779	
364.516	0.000430463	0.00471347	0.00661577	0.00473309	0.774207	84.7819	80.0864	0.0200779	
364.522	-0.00213661	0.00464506	0.00661577	0.00511289	0.741829	114.701	74.1373	0.0200779	
364.528	-0.00408824	0.00343624	0.00661577	0.00534055	0.721934	139.952	70.977	0.0200779	
364.534	-0.00493304	0.00165317	0.00661577	0.00520268	0.734022	161.473	72.8579	0.0200779	
364.54	-0.0046677	-3.78553e-05	0.00661577	0.00466786	0.77965	180.465	81.2056	0.0200779	
364.546	-0.00353431	-0.00096966	0.00661577	0.00366492	0.857753	195.342	103.428	0.0200779	
364.552	-0.00215975	-0.000818229	0.00661577	0.00230955	0.940885	200.749	164.125	0.0200779	
364.558	-0.00126383	0.000416346	0.00661577	0.00133064	0.979976	161.766	284.867	0.0200779	
364.564	-0.00143486	0.00226332	0.00661577	0.00267982	0.921236	122.373	141.448	0.0200779	
364.57	-0.00297556	0.00405186	0.00661577	0.00502708	0.74924	126.292	75.4028	0.0200779	
364.576	-0.00573638	0.00494561	0.00661577	0.00757398	0.519273	139.234	50.0471	0.0200779	
364.582	-0.00916094	0.00433411	0.00661577	0.0101345	0.309344	154.681	37.4027	0.0200779	
364.588	-0.0124111	0.00187239	0.00661577	0.0125516	0.165344	171.421	30.1998	0.0200779	
364.594	-0.0144867	-0.00217348	0.00661577	0.0146489	0.0861713	188.533	25.8761	0.0200779	
364.6	-0.0146781	-0.00719583	0.00661577	0.0163471	0.0472293	206.116	23.188	0.0200779	
364.606	-0.012618	-0.0121797	0.00661577	0.0175374	0.0297923	223.987	21.6141	0.0200779	
364.612	-0.00847951	-0.016076	0.00661577	0.0181752	0.0229669	242.19	20.8557	0.0200779	
364.618	-0.00289417	-0.0180002	0.00661577	0.0182314	0.0224361	260.866	20.7913	0.0200779	
364.624	0.00299743	-0.017417	0.00661577	0.0176731	0.0282106	279.765	21.4482	0.0200779	
364.63	0.00811914	-0.01446	0.00661577	0.0165835	0.0432108	299.314	22.8574	0.0200779	
364.636	0.0114319	-0.00973108	0.00661577	0.0150128	0.076175	319.595	25.2489	0.0200779	
364.642	0.0123765	-0.00421703	0.00661577	0.0130752	0.141846	341.185	28.9904	0.0200779	
364.648	0.0108965	0.000856721	0.00661577	0.0109301	0.255438	4.49554	34.6798	0.0200779	
364.654	0.0075345	0.00448238	0.00661577	0.00876701	0.415599	30.749	43.2366	0.0200779	
364.66	0.00320928	0.00600284	0.00661577	0.00680687	0.589016	61.8699	55.6872	0.0200779	
364.666	-0.000950354	0.00533393	0.00661577	0.00541793	0.715101	100.102	69.9633	0.0200779	
364.672	-0.00394264	0.00289551	0.00661577	0.00489167	0.760825	143.706	77.4901	0.0200779	
364.678	-0.00511966	-0.00045847	0.00661577	0.00514015	0.739465	185.117	73.7442	0.0200779	
364.684	-0.00437685	-0.00367528	0.00661577	0.00571529	0.688561	220.021	66.3231	0.0200779	
364.69	-0.00207826	-0.00583801	0.00661577	0.00619689	0.644881	250.405	61.1687	0.0200779	
364.696	0.000967255	-0.00633512	0.00661577	0.00640854	0.625523	278.681	59.1486	0.0200779	
364.702	0.0037571	-0.00505976	0.00661577	0.00630214	0.635263	306.596	60.1472	0.0200779	
364.708	0.00545208	-0.00239081	0.00661577	0.00595325	0.667063	336.322	63.6721	0.0200779	
364.714	0.00547864	0.000865813	0.00661577	0.00554663	0.703665	8.98043	68.3399	0.0200779	
364.72	0.0037459	0.00382475	0.00661577	0.00535355	0.720788	45.5967	70.8045	0.0200779	
364.726	0.000632374	0.00561336	0.00661577	0.00564887	0.694524	83.5724	67.103	0.0200779	
364.732	-0.00308569	0.00570546	0.00661577	0.00648643	0.618387	118.406	58.4383	0.0200779	
364.738	-0.00655092	0.00400704	0.00661577	0.00767926	0.509834	148.547	49.361	0.0200779	
364.744	-0.00893249	0.000881201	0.00661577	0.00897585	0.398374	174.366	42.2306	0.0200779	
364.75	-0.00974966	-0.00302591	0.00661577	0.0102084	0.304072	197.242	37.1317	0.0200779	
364.756	-0.00886208	-0.00686077	0.00661577	0.0112074	0.23814	217.746	33.8218	0.0200779	
364.762	-0.00657274	-0.00989413	0.00661577	0.0118783	0.199522	236.404	31.9115	0.0200779	
364.768	-0.00344614	-0.0117127	0.00661577	0.0122092	0.18216	253.605	31.0468	0.0200779	
364.774	-0.000162902	-0.0121613	0.00661577	0.0121623	0.184551	269.233	31.1664	0.0200779	
364.78	0.00269234	-0.0115286	0.00661577	0.0118388	0.201671	283.145	32.0181	0.0200779	
364.786	0.00479864	-0.0102339	0.00661577	0.0113031	0.232354	295.122	33.5356	0.0200779	
364.792	0.00614872	-0.00882499	0.00661577	0.0107558	0.266713	304.866	35.242	0.0200779	
364.798	0.00695686	-0.00764748	0.00661577	0.0103384	0.294938	312.293	36.665	0.0200779	
364.804	0.0076769	-0.0068265	0.00661577	0.0102731	0.299508	318.356	36.898	0.0200779	
364.81	0.00866022	-0.00620509	0.00661577	0.0106538	0.273453	324.378	35.5795	0.0200779	
364.816	0.0100966	-0.00540989	0.00661577	0.0114546	0.223376	331.817	33.0919	0.0200779	
364.822	0.0118572	-0.00399138	0.00661577	0.012511	0.167278	341.396	30.2979	0.0200779	
364.828	0.0135546	-0.00162801	0.00661577	0.0136521	0.118939	353.151	27.7655	0.0200779	
364.834	0.0146197	0.00178168	0.00661577	0.0147278	0.0839178	6.94829	25.7374	0.0200779	
364.84	0.0144408	0.00589434	0.00661577	0.0155974	0.0620907	22.204	24.3025	0.0200779	
364.846	0.0126361	0.0101372	0.00661577	0.0161998	0.0498888	38.738	23.3989	0.0200779	
364.852	0.00915647	0.0136937	0.00661577	0.0164729	0.0450527	56.2308	23.0108	0.0200779	
364.858	0.00432523	0.0158097	0.00661577	0.0163907	0.0464661	74.6994	23.1263	0.0200779	
364.864	-0.00109393	0.0159378	0.00661577	0.0159753	0.0541801	93.9265	23.7277	0.0200779	
364.87	-0.00616005	0.013926	0.00661577	0.0152276	0.0707258	113.862	24.8927	0.0200779	
364.876	-0.00997401	0.0101251	0.00661577	0.0142126	0.0995011	134.569	26.6703	0.0200779	
364.882	-0.011853	0.00526469	0.00661577	0.0129696	0.146371	156.051	29.2264	0.0200779	
364.888	-0.0115579	0.000310604	0.00661577	0.0115621	0.217155	178.461	32.7844	0.0200779	
364.894	-0.00930761	-0.00374768	0.00661577	0.0100338	0.316604	201.932	37.778	0.0200779	
364.9	-0.00580371	-0.00617449	0.00661577	0.00847392	0.440295	226.773	44.732	0.0200779	
364.906	-0.00195045	-0.00665491	0.00661577	0.00693485	0.5773	253.665	54.6596	0.0200779	
364.912	0.00127057	-0.00536634	0.00661577	0.00551471	0.706509	283.32	68.7355	0.0200779	
364.918	0.00317551	-0.00290331	0.00661577	0.00430269	0.809378	317.564	88.0975	0.0200779	
364.924	0.00341827	-0.000122864	0.00661577	0.00342048	0.874893	357.941	110.82	0.0200779	
364.93	0.0022069	0.0020821	0.00661577	0.00303407	0.900179	43.3332	124.933	0.0200779	
364.936	7.2982e-05	0.00309269	0.00661577	0.00309355	0.896438	88.6482	122.531	0.0200779	
364.942	-0.00214427	0.00266766	0.00661577	0.00342261	0.874747	128.792	110.75	0.0200779	
364.948	-0.00369807	0.00101226	0.00661577	0.00383411	0.84541	164.692	98.8641	0.0200779	
364.954	-0.00398604	-0.00129337	0.00661577	0.00419062	0.818226	197.977	90.4533	0.0200779	
364.96	-0.00290331	-0.00344545	0.00661577	0.00450559	0.793021	229.881	84.1301	0.0200779	
364.966	-0.000696159	-0.00470371	0.00661577	0.00475494	0.772375	261.581	79.7183	0.0200779	
364.972	0.00196212	-0.00462073	0.00661577	0.00502007	0.749844	293.008	75.5082	0.0200779	
364.978	0.00430227	-0.00307206	0.00661577	0.0052865	0.726686	324.471	71.7026	0.0200779	
364.984	0.00560161	-0.000472433	0.00661577	0.00562149	0.696976	355.179	67.4297	0.0200779	
364.99	0.0054092	0.00251764	0.00661577	0.0059664	0.665869	24.959	63.5317	0.0200779	
364.996	0.00373464	0.00509398	0.00661577	0.00631634	0.633964	53.7531	60.012	0.0200779	
365.002	0.000993133	0.00651641	0.00661577	0.00659165	0.608742	81.3345	57.5055	0.0200779	
365.008	-0.00206409	0.00641241	0.00661577	0.00673643	0.595471	107.843	56.2696	0.0200779	
365.014	-0.00463441	0.00481969	0.00661577	0.00668634	0.600062	133.877	56.6911	0.0200779	
365.02	-0.00600647	0.0022474	0.00661577	0.00641315	0.625101	159.486	59.106	0.0200779	
365.026	-0.00587965	-0.000583357	0.00661577	0.00590852	0.671118	185.666	64.1541	0.0200779	
365.032	-0.00430468	-0.00282414	0.00661577	0.00514841	0.738748	213.267	73.6259	0.0200779	
365.038	-0.00184703	-0.00380485	0.00661577	0.00422947	0.815175	244.106	89.6225	0.0200779	
365.044	0.000714662	-0.00326841	0.00661577	0.00334563	0.879969	282.334	113.299	0.0200779	
365.05	0.00253855	-0.00135974	0.00661577	0.00287978	0.909611	331.825	131.627	0.0200779	
365.056	0.00300064	0.00130638	0.00661577	0.00327268	0.884836	23.5267	115.824	0.0200779	
365.062	0.00188855	0.00390934	0.00661577	0.00434161	0.806273	64.2155	87.3077	0.0200779	
365.068	-0.000556749	0.00559864	0.00661577	0.00562625	0.69655	95.679	67.3727	0.0200779	
365.074	-0.00368201	0.00579194	0.00661577	0.00686322	0.583856	122.445	55.2301	0.0200779	
365.08	-0.00656287	0.00430319	0.00661577	0.00784785	0.494814	146.748	48.3006	0.0200779	
365.086	-0.00838421	0.00147332	0.00661577	0.00851268	0.436997	170.033	44.5284	0.0200779	
365.092	-0.00850111	-0.00197825	0.00661577	0.00872825	0.418831	193.1	43.4286	0.0200779	
365.098	-0.00684374	-0.00503663	0.00661577	0.00849732	0.438302	216.351	44.6089	0.0200779	
365.104	-0.00378877	-0.00684981	0.00661577	0.00782782	0.496592	241.052	48.4242	0.0200779	
365.11	-0.000172723	-0.00678092	0.00661577	0.00678312	0.591192	268.541	55.8822	0.0200779	
365.116	0.00298538	-0.00476637	0.00661577	0.00562412	0.696741	302.061	67.3982	0.0200779	
365.122	0.00469735	-0.00122844	0.00661577	0.00485532	0.76391	345.344	78.0702	0.0200779	
365.128	0.00434095	0.00290634	0.00661577	0.00522405	0.732156	33.803	72.5598	0.0200779	
365.134	0.00179125	0.00656674	0.00661577	0.00680666	0.589035	74.7423	55.6889	0.0200779	
365.14	-0.00247363	0.00869596	0.00661577	0.00904094	0.393073	105.879	41.9266	0.0200779	
365.146	-0.00754926	0.00858418	0.00661577	0.0114315	0.224731	131.33	33.1589	0.0200779	
365.152	-0.0122869	0.00608732	0.00661577	0.0137122	0.116725	153.645	27.6438	0.0200779	
365.158	-0.015578	0.00163809	0.00661577	0.0156639	0.060633	173.997	24.1993	0.0200779	
365.164	-0.0167031	-0.0039123	0.00661577	0.0171552	0.0346657	193.183	22.0957	0.0200779	
365.17	-0.0154208	-0.00942812	0.00661577	0.0180746	0.0239439	211.441	20.9717	0.0200779	
365.176	-0.0120759	-0.0138008	0.00661577	0.0183382	0.0214574	228.813	20.6703	0.0200779	
365.182	-0.00744977	-0.0163079	0.00661577	0.0179289	0.0254227	245.448	21.1422	0.0200779	
365.188	-0.00263416	-0.0166746	0.00661577	0.0168814	0.0385596	261.023	22.4541	0.0200779	
365.194	0.00144391	-0.0151738	0.00661577	0.0152423	0.0703645	275.436	24.8686	0.0200779	
365.2	0.00404141	-0.0125106	0.00661577	0.0131472	0.138821	287.902	28.8318	0.0200779	
365.206	0.00493911	-0.00965988	0.00661577	0.0108493	0.260626	297.081	34.9382	0.0200779	
365.212	0.00440797	-0.00742699	0.00661577	0.00863657	0.426518	300.689	43.8896	0.0200779	
365.218	0.00313639	-0.00643645	0.00661577	0.00715995	0.556751	295.979	52.9412	0.0200779	
365.224	0.00194218	-0.00678762	0.00661577	0.00706002	0.565862	285.968	53.6905	0.0200779	
365.23	0.00160205	-0.00815347	0.00661577	0.00830937	0.454408	281.116	45.6179	0.0200779	
365.236	0.0025648	-0.00983919	0.00661577	0.010168	0.306948	284.61	37.2794	0.0200779	
365.242	0.00484586	-0.0110361	0.00661577	0.0120531	0.190212	293.706	31.4488	0.0200779	
365.248	0.00798574	-0.0110212	0.00661577	0.0136102	0.120499	305.926	27.8509	0.0200779	
365.254	0.0113066	-0.00940872	0.00661577	0.0147093	0.0844424	320.235	25.7698	0.0200779	
365.26	0.0139052	-0.00628607	0.00661577	0.01526	0.0699316	335.674	24.8398	0.0200779	
365.266	0.0150751	-0.00211139	0.00661577	0.0152223	0.0708576	352.027	24.9014	0.0200779	
365.272	0.0144567	0.0023382	0.00661577	0.0146446	0.0862953	9.18736	25.8837	0.0200779	
365.278	0.0121149	0.00617659	0.00661577	0.0135985	0.120937	27.0141	27.8748	0.0200779	
365.284	0.00851501	0.00873069	0.00661577	0.0121955	0.182855	45.7165	31.0816	0.0200779	
365.29	0.00443287	0.00957022	0.00661577	0.010547	0.280615	65.1467	35.9396	0.0200779	
365.296	0.000681035	0.00877693	0.00661577	0.00880331	0.412582	85.5631	43.0583	0.0200779	
365.302	-0.00210175	0.00675238	0.00661577	0.00707191	0.564777	107.289	53.6002	0.0200779	
365.308	-0.00357533	0.00418695	0.00661577	0.00550577	0.707304	130.495	68.847	0.0200779	
365.314	-0.00379754	0.00177534	0.00661577	0.00419203	0.818116	154.944	90.423	0.0200779	
365.32	-0.00314527	5.47863e-05	0.00661577	0.00314574	0.89311	179.002	120.498	0.0200779	
365.326	-0.00223066	-0.000765281	0.00661577	0.00235829	0.938443	198.936	160.734	0.0200779	
365.332	-0.0015901	-0.000838615	0.00661577	0.0017977	0.963755	207.807	210.857	0.0200779	
365.338	-0.00159832	-0.000586451	0.00661577	0.00170252	0.96743	200.149	222.644	0.0200779	
365.344	-0.00231339	-0.000559443	0.00661577	0.00238007	0.937337	193.595	159.262	0.0200779	
365.35	-0.00343512	-0.00122601	0.00661577	0.00364735	0.859012	199.642	103.926	0.0200779	
365.356	-0.00439137	-0.00281463	0.00661577	0.00521596	0.732862	212.658	72.6723	0.0200779	
365.362	-0.00463503	-0.00522645	0.00661577	0.00698564	0.572656	228.432	54.2621	0.0200779	
365.368	-0.00366859	-0.00797285	0.00661577	0.00877638	0.414819	245.291	43.1905	0.0200779	
365.374	-0.00133717	-0.010377	0.00661577	0.0104628	0.286342	262.657	36.2288	0.0200779	
365.38	0.00212056	-0.0117424	0.00661577	0.0119324	0.196611	280.237	31.767	0.0200779	
365.386	0.00608278	-0.0115525	0.00661577	0.013056	0.142661	297.768	29.0331	0.0200779	
365.392	0.00982796	-0.00965164	0.00661577	0.0137747	0.114455	315.519	27.5182	0.0200779	
365.398	0.0125067	-0.00629791	0.00661577	0.0140029	0.10646	333.272	27.0698	0.0200779	
365.404	0.0135724	-0.00211633	0.00661577	0.0137364	0.11584	351.137	27.5949	0.0200779	
365.41	0.0128004	0.00203156	0.00661577	0.0129606	0.146762	9.0182	29.2467	0.0200779	
365.416	0.0104674	0.00528617	0.00661577	0.0117265	0.20786	26.7943	32.3247	0.0200779	
365.422	0.00713831	0.00709193	0.00661577	0.0100623	0.314534	44.8133	37.6707	0.0200779	
365.428	0.00370027	0.00721541	0.00661577	0.00810889	0.47182	62.85	46.7457	0.0200779	
365.434	0.000927003	0.00586135	0.00661577	0.0059342	0.66879	81.0128	63.8765	0.0200779	
365.44	-0.00058244	0.00364291	0.00661577	0.00368918	0.856006	99.0837	102.748	0.0200779	
365.446	-0.000653458	0.0013354	0.00661577	0.00148671	0.975066	116.074	254.963	0.0200779	
365.452	0.000469408	-0.000301835	0.00661577	0.000558075	0.996448	327.258	679.22	0.0200779	
365.458	0.00218881	-0.000798807	0.00661577	0.00233002	0.939865	339.95	162.684	0.0200779	
365.464	0.00376817	-4.78803e-05	0.00661577	0.00376848	0.850243	359.272	100.586	0.0200779	
365.47	0.00451913	0.00164326	0.00661577	0.00480862	0.767859	19.9824	78.8284	0.0200779	
365.476	0.00405377	0.00363345	0.00661577	0.0054438	0.712808	41.8703	69.6307	0.0200779	
365.482	0.00237562	0.00518634	0.00661577	0.00570453	0.689528	65.3897	66.4482	0.0200779	
365.488	-0.000134006	0.00567907	0.00661577	0.00568065	0.691673	91.3517	66.7276	0.0200779	
365.494	-0.00276169	0.00474925	0.00661577	0.00549385	0.708365	120.178	68.9965	0.0200779	
365.5	-0.00472981	0.0025162	0.00661577	0.00535745	0.720444	151.988	70.753	0.0200779	
365.506	-0.00539899	-0.000554088	0.00661577	0.00542735	0.714267	185.86	69.8419	0.0200779	
365.512	-0.00450243	-0.00365198	0.00661577	0.00579731	0.681173	219.046	65.3848	0.0200779	
365.518	-0.00217413	-0.00601301	0.00661577	0.00639399	0.626856	250.122	59.2831	0.0200779	
365.524	0.00101214	-0.00696428	0.00661577	0.00703745	0.567923	278.269	53.8627	0.0200779	
365.53	0.00425362	-0.00626931	0.00661577	0.00757611	0.519081	304.156	50.033	0.0200779	
365.536	0.00671502	-0.00412581	0.00661577	0.00788123	0.491854	328.433	48.096	0.0200779	
365.542	0.00774227	-0.00112467	0.00661577	0.00782353	0.496972	351.735	48.4507	0.0200779	
365.548	0.00713686	0.00190238	0.00661577	0.00738605	0.536221	14.9255	51.3205	0.0200779	
365.554	0.00509025	0.00408993	0.00661577	0.00652979	0.614413	38.7812	58.0502	0.0200779	
365.56	0.00227243	0.0048267	0.00661577	0.00533488	0.722433	64.7887	71.0523	0.0200779	
365.566	-0.00043395	0.00391734	0.00661577	0.0039413	0.837399	96.3213	96.1753	0.0200779	
365.572	-0.0021849	0.00168619	0.00661577	0.0027599	0.916663	142.341	137.344	0.0200779	
365.578	-0.00241453	-0.0012322	0.00661577	0.00271077	0.919482	207.037	139.833	0.0200779	
365.584	-0.000955135	-0.00390421	0.00661577	0.00401935	0.831476	256.253	94.3078	0.0200779	
365.59	0.00183133	-0.00546831	0.00661577	0.00576682	0.683922	288.516	65.7305	0.0200779	
365.596	0.00520263	-0.00537481	0.00661577	0.00748037	0.5277	314.067	50.6734	0.0200779	
365.602	0.00820764	-0.00351406	0.00661577	0.00892827	0.402269	336.822	42.4557	0.0200779	
365.608	0.0100259	-0.000268143	0.00661577	0.0100295	0.316914	358.468	37.7941	0.0200779	
365.614	0.0100583	0.00356077	0.00661577	0.0106699	0.272377	19.4947	35.5256	0.0200779	
365.62	0.00820315	0.00700559	0.00661577	0.0107875	0.264641	40.4978	35.1385	0.0200779	
365.626	0.00491854	0.00916668	0.00661577	0.0104029	0.290463	61.7835	36.4376	0.0200779	
365.632	0.00104749	0.00948378	0.00661577	0.00954146	0.353451	83.6972	39.7273	0.0200779	
365.638	-0.00247087	0.00790906	0.00661577	0.00828604	0.456422	107.349	45.7463	0.0200779	
365.644	-0.00471348	0.00486354	0.00661577	0.00677281	0.592136	134.102	55.9673	0.0200779	
365.65	-0.00511848	0.00118839	0.00661577	0.00525463	0.729481	166.929	72.1375	0.0200779	
365.656	-0.00361737	-0.00213206	0.00661577	0.00419894	0.817575	210.515	90.2743	0.0200779	
365.662	-0.000681109	-0.0041468	0.00661577	0.00420237	0.817306	260.673	90.2006	0.0200779	
365.668	0.00288839	-0.00439761	0.00661577	0.00526135	0.728892	303.297	72.0454	0.0200779	
365.674	0.00608222	-0.00275737	0.00661577	0.00667806	0.60082	335.613	56.7614	0.0200779	
365.68	0.00802913	0.000274499	0.00661577	0.00803382	0.478397	1.95806	47.1825	0.0200779	
365.686	0.00820892	0.00390821	0.00661577	0.00909179	0.388954	25.4588	41.6921	0.0200779	
365.692	0.0065912	0.00711875	0.00661577	0.00970158	0.341226	47.2036	39.0716	0.0200779	
365.698	0.00362067	0.00916173	0.00661577	0.00985122	0.330009	68.4363	38.4781	0.0200779	
365.704	0.000106626	0.00948995	0.00661577	0.00949054	0.357385	89.3563	39.9404	0.0200779	
365.71	-0.00300813	0.00811462	0.00661577	0.00865424	0.425032	110.34	43.8	0.0200779	
365.716	-0.00496333	0.00547865	0.00661577	0.00739258	0.535631	132.175	51.2752	0.0200779	
365.722	-0.00530741	0.00241078	0.00661577	0.00582928	0.678287	155.571	65.0262	0.0200779	
365.728	-0.00406478	-0.000255683	0.00661577	0.00407282	0.827377	183.599	93.0698	0.0200779	
365.734	-0.00170865	-0.00177459	0.00661577	0.00246346	0.933022	226.085	153.871	0.0200779	
365.74	0.00097285	-0.00178187	0.00661577	0.00203015	0.954008	298.633	186.713	0.0200779	
365.746	0.00317535	-0.000312287	0.00661577	0.00319067	0.89021	354.383	118.801	0.0200779	
365.752	0.00420381	0.00208495	0.00661577	0.00469244	0.777602	26.3799	80.7801	0.0200779	
365.758	0.00379147	0.00467963	0.00661577	0.0060228	0.660745	50.9854	62.9368	0.0200779	
365.764	0.00205257	0.0066717	0.00661577	0.00698031	0.573144	72.8993	54.3036	0.0200779	
365.77	-0.000470414	0.00748619	0.00661577	0.00750096	0.525845	93.5956	50.5344	0.0200779	
365.776	-0.00306456	0.00687491	0.00661577	0.00752701	0.523498	114.025	50.3594	0.0200779	
365.782	-0.00492951	0.0050607	0.00661577	0.00706475	0.565431	134.248	53.6545	0.0200779	
365.788	-0.00552528	0.00262767	0.00661577	0.00611828	0.652053	154.566	61.9546	0.0200779	
365.794	-0.00474492	0.00032955	0.00661577	0.00475635	0.772257	176.027	79.6948	0.0200779	
365.8	-0.00287185	-0.00109306	0.00661577	0.00307284	0.897747	200.837	123.357	0.0200779	
365.806	-0.000499606	-0.00116779	0.00661577	0.00127018	0.981738	246.838	298.428	0.0200779	
365.812	0.0015139	0.000181421	0.00661577	0.00152474	0.973791	6.83352	248.604	0.0200779	
365.818	0.00245409	0.00258496	0.00661577	0.00356435	0.864906	46.4878	106.346	0.0200779	
365.824	0.00187573	0.00535578	0.00661577	0.00567475	0.692203	70.6985	66.797	0.0200779	
365.83	-0.000222692	0.00761913	0.00661577	0.00762238	0.514928	91.6742	49.7293	0.0200779	
365.836	-0.00346698	0.00866905	0.00661577	0.00933662	0.369414	111.798	40.5988	0.0200779	
365.842	-0.00714377	0.00800265	0.00661577	0.0107273	0.268582	131.755	35.3355	0.0200779	
365.848	-0.010232	0.0056207	0.00661577	0.0116741	0.210791	151.219	32.4698	0.0200779	
365.854	-0.0120521	0.0019362	0.00661577	0.0122066	0.18229	170.873	31.0533	0.0200779	
365.86	-0.0120892	-0.0022269	0.00661577	0.0122926	0.177954	190.437	30.836	0.0200779	
365.866	-0.0102997	-0.00604944	0.00661577	0.0119449	0.195941	210.427	31.7338	0.0200779	
365.872	-0.00706436	-0.00869277	0.00661577	0.0112013	0.238513	230.9	33.8403	0.0200779	
365.878	-0.00320397	-0.00961722	0.00661577	0.0101369	0.309171	251.575	37.3938	0.0200779	
365.884	0.000506875	-0.00879769	0.00661577	0.00881228	0.411837	273.297	43.0145	0.0200779	
365.89	0.00325011	-0.00656806	0.00661577	0.00732821	0.54146	296.328	51.7256	0.0200779	
365.896	0.00453252	-0.00363013	0.00661577	0.00580703	0.680296	321.309	65.2754	0.0200779	
365.902	0.00429442	-0.000724961	0.00661577	0.00435518	0.805187	350.418	87.0357	0.0200779	
365.908	0.00285189	0.00137711	0.00661577	0.00316697	0.891743	25.7748	119.69	0.0200779	
365.914	0.000806815	0.00231089	0.00661577	0.00244768	0.933848	70.754	154.863	0.0200779	
365.92	-0.00114115	0.00198782	0.00661577	0.00229208	0.941749	119.859	165.376	0.0200779	
365.926	-0.00237818	0.000759269	0.00661577	0.00249644	0.93128	162.294	151.839	0.0200779	
365.932	-0.00256841	-0.000831649	0.00661577	0.0026997	0.920111	197.942	140.407	0.0200779	
365.938	-0.00175494	-0.00216317	0.00661577	0.00278551	0.915177	230.948	136.081	0.0200779	
365.944	-0.000238566	-0.00267604	0.00661577	0.00268665	0.92085	264.906	141.089	0.0200779	
365.95	0.00135568	-0.00215434	0.00661577	0.0025454	0.928658	302.181	148.918	0.0200779	
365.956	0.00247133	-0.000697097	0.00661577	0.00256776	0.927445	344.248	147.621	0.0200779	
365.962	0.0026296	0.00132452	0.00661577	0.00294434	0.905712	26.7343	128.74	0.0200779	
365.968	0.00164489	0.00332093	0.00661577	0.00370598	0.854792	63.6504	102.282	0.0200779	
365.974	-0.000352865	0.00467282	0.00661577	0.00468612	0.77813	94.3185	80.8891	0.0200779	
365.98	-0.00293708	0.00495716	0.00661577	0.00576193	0.684363	120.646	65.7862	0.0200779	
365.986	-0.00546871	0.00401099	0.00661577	0.00678195	0.591299	143.742	55.8918	0.0200779	
365.992	-0.00743237	0.00193191	0.00661577	0.00767934	0.509826	165.429	49.3605	0.0200779	
365.998	-0.00834151	-0.000811738	0.00661577	0.00838091	0.448252	185.558	45.2285	0.0200779	
366.004	-0.00801963	-0.00369719	0.00661577	0.00883084	0.4103	204.751	42.9241	0.0200779	
366.01	-0.00657075	-0.00614405	0.00661577	0.00899578	0.396747	223.078	42.1371	0.0200779	
366.016	-0.00436465	-0.007742	0.00661577	0.00888756	0.405616	240.587	42.6501	0.0200779	
366.022	-0.00186775	-0.00830413	0.00661577	0.00851158	0.43709	257.324	44.5341	0.0200779	
366.028	0.000424615	-0.00790406	0.00661577	0.00791545	0.488826	273.075	47.8881	0.0200779	
366.034	0.00216933	-0.00679351	0.00661577	0.00713146	0.559346	287.71	53.1526	0.0200779	
366.04	0.0031998	-0.00536067	0.00661577	0.00624303	0.640667	300.833	60.7166	0.0200779	
366.046	0.00356504	-0.00396386	0.00661577	0.00533119	0.722757	311.968	71.1015	0.0200779	
366.052	0.00344041	-0.00283998	0.00661577	0.00446116	0.796638	320.461	84.968	0.0200779	
366.058	0.00311159	-0.00207088	0.00661577	0.00373772	0.852488	326.355	101.414	0.0200779	
366.064	0.00275692	-0.00163361	0.00661577	0.00320457	0.889306	329.351	118.286	0.0200779	
366.07	0.00250994	-0.00135123	0.00661577	0.00285055	0.911353	331.704	132.976	0.0200779	
366.076	0.00237172	-0.00109551	0.00661577	0.0026125	0.924993	335.208	145.093	0.0200779	
366.082	0.00221616	-0.000809805	0.00661577	0.00235948	0.938383	339.927	160.652	0.0200779	
366.088	0.00196047	-0.000485105	0.00661577	0.0020196	0.954474	346.102	187.689	0.0200779	
366.094	0.00153823	-0.000266198	0.00661577	0.0015611	0.972544	350.182	242.814	0.0200779	
366.1	0.000992861	-0.000290878	0.00661577	0.00103459	0.987847	343.671	366.382	0.0200779	
366.106	0.000495927	-0.000630318	0.00661577	0.000802025	0.992679	308.195	472.623	0.0200779	
366.112	0.000253835	-0.00127913	0.00661577	0.00130408	0.98076	281.224	290.67	0.0200779	
366.118	0.000474699	-0.00207554	0.00661577	0.00212914	0.949532	282.883	178.033	0.0200779	
366.124	0.00120608	-0.0027112	0.00661577	0.00296736	0.904305	293.982	127.742	0.0200779	
366.13	0.00234711	-0.00285772	0.00661577	0.00369804	0.855366	309.397	102.502	0.0200779	
366.136	0.00354645	-0.00230099	0.00661577	0.00422751	0.815329	327.024	89.6641	0.0200779	
366.142	0.00441086	-0.00102696	0.00661577	0.00452883	0.791121	346.894	83.6984	0.0200779	
366.148	0.00446116	0.00074996	0.00661577	0.00452376	0.791536	9.5427	83.7923	0.0200779	
366.154	0.00344543	0.00253359	0.00661577	0.00427669	0.811443	36.3288	88.633	0.0200779	
366.16	0.00134014	0.00365915	0.00661577	0.00389684	0.840739	69.8851	97.2725	0.0200779	
366.166	-0.00143028	0.00351932	0.00661577	0.00379886	0.848012	112.117	99.7815	0.0200779	
366.172	-0.00418123	0.00172375	0.00661577	0.00452261	0.79163	157.596	83.8135	0.0200779	
366.178	-0.00600116	-0.00173314	0.00661577	0.00624642	0.640357	196.109	60.6837	0.0200779	
366.184	-0.00597423	-0.00633407	0.00661577	0.008707	0.420607	226.675	43.5346	0.0200779	
366.19	-0.00353099	-0.0111304	0.00661577	0.0116771	0.210625	252.399	32.4616	0.0200779	
366.196	0.00145011	-0.0148887	0.00661577	0.0149591	0.0775864	275.563	25.3394	0.0200779	
366.202	0.00838035	-0.0163937	0.00661577	0.0184115	0.0208074	297.076	20.588	0.0200779	
366.208	0.0162723	-0.0147107	0.00661577	0.0219361	0.00409895	317.885	17.28	0.0200779	
366.214	0.0235219	-0.00947203	0.00661577	0.0253575	0.000645505	338.066	14.9485	0.0200779	
366.22	0.0285358	-0.00103208	0.00661577	0.0285545	9.01134e-05	357.929	13.2748	0.0200779	
366.226	0.0299664	0.00945731	0.00661577	0.0314234	1.26213e-05	17.5155	12.0629	0.0200779	
366.232	0.0270701	0.0202585	0.00661577	0.0338112	2.12953e-06	36.8101	11.211	0.0200779	
366.238	0.0198908	0.0296135	0.00661577	0.0356735	4.85598e-07	56.1116	10.6257	0.0200779	
366.244	0.00933338	0.0356996	0.00661577	0.0368995	1.75734e-07	75.3484	10.2726	0.0200779	
366.25	-0.00297239	0.0373344	0.00661577	0.0374525	1.0987e-07	94.552	10.121	0.0200779	
366.256	-0.0150018	0.0341248	0.00661577	0.0372767	1.27655e-07	113.731	10.1687	0.0200779	
366.262	-0.0247107	0.0266967	0.00661577	0.0363776	2.72015e-07	132.788	10.42	0.0200779	
366.268	-0.0307189	0.0163185	0.00661577	0.0347842	9.93464e-07	152.022	10.8974	0.0200779	
366.274	-0.0321409	0.00487587	0.00661577	0.0325086	5.7132e-06	171.374	11.6602	0.0200779	
366.28	-0.0291367	-0.00559017	0.00661577	0.0296681	4.29638e-05	190.861	12.7765	0.0200779	
366.286	-0.0226444	-0.0133923	0.00661577	0.0263082	0.000368297	210.601	14.4083	0.0200779	
366.292	-0.0143501	-0.0174612	0.00661577	0.0226013	0.00292199	230.586	16.7714	0.0200779	
366.298	-0.00595318	-0.017632	0.00661577	0.0186099	0.0191327	251.344	20.3685	0.0200779	
366.304	0.000847501	-0.0144906	0.00661577	0.0145154	0.090091	273.347	26.1141	0.0200779	
366.31	0.00490058	-0.00928734	0.00661577	0.010501	0.283739	297.819	36.0972	0.0200779	
366.316	0.0057929	-0.00357207	0.00661577	0.00680569	0.589124	328.341	55.6969	0.0200779	
366.322	0.00392151	0.00114947	0.00661577	0.00408651	0.826321	16.3369	92.7579	0.0200779	
366.328	0.000231677	0.00384948	0.00661577	0.00385645	0.843752	86.5559	98.2915	0.0200779	
366.334	-0.00401111	0.00405064	0.00661577	0.00570059	0.689882	134.719	66.4941	0.0200779	
366.34	-0.00751025	0.00196152	0.00661577	0.00776218	0.502431	165.363	48.8337	0.0200779	
366.346	-0.00931543	-0.00163201	0.00661577	0.00945731	0.359965	189.937	40.0807	0.0200779	
366.352	-0.00901554	-0.00563621	0.00661577	0.0106323	0.274881	212.012	35.6512	0.0200779	
366.358	-0.00673068	-0.00900234	0.00661577	0.0112403	0.236141	233.216	33.723	0.0200779	
366.364	-0.0031054	-0.0108724	0.00661577	0.0113072	0.232107	254.059	33.5234	0.0200779	
366.37	0.000920854	-0.0108473	0.00661577	0.0108863	0.258246	274.852	34.8196	0.0200779	
366.376	0.00439771	-0.00902576	0.00661577	0.0100401	0.316143	295.977	37.7541	0.0200779	
366.382	0.00657313	-0.00596087	0.00661577	0.00887344	0.40678	317.797	42.718	0.0200779	
366.388	0.00710442	-0.00240921	0.00661577	0.0075018	0.525768	341.267	50.5287	0.0200779	
366.394	0.00604135	0.000793599	0.00661577	0.00609325	0.654334	7.48359	62.2092	0.0200779	
366.4	0.00377854	0.00300547	0.00661577	0.00482807	0.766217	38.4989	78.5109	0.0200779	
366.406	0.00100208	0.0038528	0.00661577	0.00398098	0.834397	75.4208	95.2167	0.0200779	
366.412	-0.00163311	0.00339431	0.00661577	0.00376675	0.850369	115.694	100.632	0.0200779	
366.418	-0.00361031	0.0018809	0.00661577	0.00407089	0.827525	152.481	93.1138	0.0200779	
366.424	-0.00461965	-0.000166754	0.00661577	0.00462266	0.783399	182.067	81.9996	0.0200779	
366.43	-0.00462691	-0.00225408	0.00661577	0.00514676	0.738891	205.974	73.6494	0.0200779	
366.436	-0.00383684	-0.00396305	0.00661577	0.00551608	0.706387	225.927	68.7184	0.0200779	
366.442	-0.00257857	-0.00507249	0.00661577	0.00569027	0.690809	243.054	66.6147	0.0200779	
366.448	-0.0012073	-0.00557677	0.00661577	0.00570596	0.6894	257.785	66.4316	0.0200779	
366.454	4.43732e-05	-0.00560005	0.00661577	0.00560023	0.698879	270.454	67.6858	0.0200779	
366.46	0.00106097	-0.00533034	0.00661577	0.0054349	0.713597	281.257	69.7447	0.0200779	
366.466	0.00183399	-0.00494385	0.00661577	0.00527307	0.727865	290.353	71.8853	0.0200779	
366.472	0.00248624	-0.00454957	0.00661577	0.00518459	0.735599	298.656	73.112	0.0200779	
366.478	0.00311107	-0.00412423	0.00661577	0.00516604	0.737214	307.029	73.3745	0.0200779	
366.484	0.0037396	-0.00359311	0.00661577	0.00518604	0.735472	316.145	73.0915	0.0200779	
366.49	0.00431949	-0.00287768	0.00661577	0.00519028	0.735103	326.328	73.0318	0.0200779	
366.496	0.0047506	-0.0019137	0.00661577	0.00512156	0.741078	338.059	74.0117	0.0200779	
366.502	0.00488194	-0.000771128	0.00661577	0.00494247	0.756495	351.024	76.6937	0.0200779	
366.508	0.00460153	0.000389753	0.00661577	0.00461801	0.783783	4.84145	82.0822	0.0200779	
366.514	0.00389744	0.00139404	0.00661577	0.00413925	0.822237	19.6811	91.5761	0.0200779	
366.52	0.0028651	0.00204376	0.00661577	0.00351935	0.868062	35.5014	107.706	0.0200779	
366.526	0.00175807	0.00216789	0.00661577	0.00279116	0.914848	50.9593	135.806	0.0200779	
366.532	0.000787395	0.0018274	0.00661577	0.00198982	0.955776	66.6897	190.497	0.0200779	
366.538	0.000208671	0.0011523	0.00661577	0.00117104	0.984456	79.7355	323.692	0.0200779	
366.544	0.000144404	0.000407015	0.00661577	0.000431872	0.997872	70.466	877.704	0.0200779	
366.55	0.000534297	-0.000112337	0.00661577	0.000545979	0.9966	348.126	694.268	0.0200779	
366.556	0.00116733	-0.000151922	0.00661577	0.00117718	0.984294	352.585	322.004	0.0200779	
366.562	0.00172681	0.000355533	0.00661577	0.00176303	0.965115	11.6341	215.003	0.0200779	
366.568	0.00190766	0.00129981	0.00661577	0.00230839	0.940942	34.2691	164.208	0.0200779	
366.574	0.00142985	0.00241056	0.00661577	0.00280273	0.914172	59.3252	135.245	0.0200779	
366.58	0.000290625	0.00330944	0.00661577	0.00332217	0.881543	84.9813	114.099	0.0200779	
366.586	-0.00140689	0.00362705	0.00661577	0.00389036	0.841224	111.201	97.4348	0.0200779	
366.592	-0.00328396	0.00310473	0.00661577	0.00451926	0.791904	136.607	83.8757	0.0200779	
366.598	-0.00489837	0.00173172	0.00661577	0.00519547	0.734651	160.53	72.959	0.0200779	
366.604	-0.00583798	-0.000346112	0.00661577	0.00584823	0.676574	183.393	64.8154	0.0200779	
366.61	-0.00584935	-0.00270349	0.00661577	0.00644389	0.622285	204.806	58.824	0.0200779	
366.616	-0.00485753	-0.00489744	0.00661577	0.00689786	0.580685	225.234	54.9527	0.0200779	
366.622	-0.00308828	-0.00646499	0.00661577	0.00716474	0.556315	244.467	52.9057	0.0200779	
366.628	-0.000966107	-0.00711598	0.00661577	0.00718126	0.554811	262.268	52.784	0.0200779	
366.634	0.00107223	-0.00684336	0.00661577	0.00692685	0.578032	278.905	54.7227	0.0200779	
366.64	0.00258455	-0.00584753	0.00661577	0.00639324	0.626925	293.845	59.2901	0.0200779	
366.646	0.00330618	-0.00453299	0.00661577	0.0056106	0.697951	306.106	67.5607	0.0200779	
366.652	0.00327388	-0.00339605	0.00661577	0.00471714	0.775541	313.951	80.3571	0.0200779	
366.658	0.00273595	-0.00280849	0.00661577	0.00392084	0.838939	314.25	96.6772	0.0200779	
366.664	0.00214736	-0.00293059	0.00661577	0.00363311	0.86003	306.232	104.334	0.0200779	
366.67	0.00194577	-0.00367633	0.00661577	0.0041595	0.820659	297.891	91.1302	0.0200779	
366.676	0.00249332	-0.00467482	0.00661577	0.00529816	0.725662	298.073	71.5448	0.0200779	
366.682	0.0038897	-0.00546517	0.00661577	0.00670805	0.598072	305.44	56.5077	0.0200779	
366.688	0.00588992	-0.00548891	0.00661577	0.00805104	0.476885	317.018	47.0816	0.0200779	
366.694	0.00807915	-0.00446754	0.00661577	0.00923209	0.377697	331.059	41.0585	0.0200779	
366.7	0.00982849	-0.00235632	0.00661577	0.010107	0.311314	346.518	37.5043	0.0200779	
366.706	0.0105735	0.000534847	0.00661577	0.010587	0.277916	2.89576	35.8038	0.0200779	
366.712	0.00999301	0.00369635	0.00661577	0.0106547	0.273389	20.2991	35.5763	0.0200779	
366.718	0.00807317	0.00633808	0.00661577	0.0102639	0.300153	38.1347	36.931	0.0200779	
366.724	0.00515887	0.00789392	0.00661577	0.00943016	0.36208	56.8344	40.1961	0.0200779	
366.73	0.00191155	0.00798804	0.00661577	0.00821357	0.462699	76.5421	46.1499	0.0200779	
366.736	-0.000871085	0.00660798	0.00661577	0.00666514	0.602005	97.5096	56.8714	0.0200779	
366.742	-0.0025601	0.00415826	0.00661577	0.00488316	0.761548	121.619	77.6252	0.0200779	
366.748	-0.00274352	0.00138681	0.00661577	0.00307411	0.897667	153.184	123.306	0.0200779	
366.754	-0.00146266	-0.00091602	0.00661577	0.00172582	0.966547	212.058	219.638	0.0200779	
366.76	0.000819898	-0.00204353	0.00661577	0.00220187	0.946121	291.861	172.151	0.0200779	
366.766	0.00328177	-0.00161822	0.00661577	0.00365905	0.858174	333.753	103.594	0.0200779	
366.772	0.00508585	0.000252631	0.00661577	0.00509212	0.743628	2.84373	74.4398	0.0200779	
366.778	0.00548896	0.00299531	0.00661577	0.00625304	0.639752	28.6212	60.6194	0.0200779	
366.784	0.00418071	0.0056739	0.00661577	0.0070478	0.566978	53.616	53.7836	0.0200779	
366.79	0.00133381	0.007352	0.00661577	0.00747201	0.528455	79.7172	50.7301	0.0200779	
366.796	-0.00228729	0.00725495	0.00661577	0.00760697	0.516311	107.499	49.8301	0.0200779	
366.802	-0.00567962	0.00505922	0.00661577	0.00760617	0.516382	138.306	49.8353	0.0200779	
366.808	-0.00767766	0.00103582	0.00661577	0.00774721	0.503765	172.316	48.928	0.0200779	
366.814	-0.00737852	-0.00386708	0.00661577	0.00833047	0.452589	207.659	45.5023	0.0200779	
366.82	-0.00439841	-0.0084501	0.00661577	0.00952629	0.35462	242.502	39.7905	0.0200779	
366.826	0.000843928	-0.0112918	0.00661577	0.0113233	0.231145	274.274	33.4759	0.0200779	
366.832	0.0074454	-0.011354	0.00661577	0.0135774	0.121732	303.255	27.9181	0.0200779	
366.838	0.0139061	-0.00803396	0.00661577	0.01606	0.0525258	329.984	23.6025	0.0200779	
366.844	0.0184905	-0.00173027	0.00661577	0.0185713	0.0194487	354.654	20.4108	0.0200779	
366.85	0.0198928	0.00659833	0.00661577	0.0209585	0.0066178	18.3504	18.086	0.0200779	
366.856	0.0173833	0.0152131	0.00661577	0.0231001	0.0022521	41.191	16.4093	0.0200779	
366.862	0.0110137	0.0223474	0.00661577	0.024914	0.000832724	63.764	15.2146	0.0200779	
366.868	0.00175456	0.0262507	0.00661577	0.0263092	0.000368067	86.1761	14.4077	0.0200779	
366.874	-0.00868804	0.0258551	0.00661577	0.0272757	0.000203695	108.574	13.8972	0.0200779	
366.88	-0.018274	0.0209407	0.00661577	0.027793	0.000147113	131.11	13.6385	0.0200779	
366.886	-0.025006	0.0123649	0.00661577	0.0278961	0.000137777	153.689	13.5881	0.0200779	
366.892	-0.0275922	0.00156427	0.00661577	0.0276365	0.000162446	176.755	13.7158	0.0200779	
366.898	-0.0254116	-0.00934972	0.00661577	0.0270771	0.000230441	200.2	13.9992	0.0200779	
366.904	-0.0189124	-0.0182698	0.00661577	0.0262957	0.000371071	224.01	14.4151	0.0200779	
366.91	-0.00941147	-0.0235584	0.00661577	0.0253687	0.000641302	248.223	14.9419	0.0200779	
366.916	0.00108516	-0.0243519	0.00661577	0.0243761	0.00112731	272.552	15.5503	0.0200779	
366.922	0.0106954	-0.0207465	0.00661577	0.0233412	0.00198175	297.272	16.2398	0.0200779	
366.928	0.0175701	-0.0136952	0.00661577	0.022277	0.0034506	322.065	17.0156	0.0200779	
366.934	0.0206224	-0.00486035	0.00661577	0.0211874	0.00592736	346.738	17.8907	0.0200779	
366.94	0.0196518	0.0039048	0.00661577	0.020036	0.0101941	11.2383	18.9188	0.0200779	
366.946	0.0152858	0.010893	0.00661577	0.01877	0.017868	35.4744	20.1947	0.0200779	
366.952	0.00890079	0.0149145	0.00661577	0.0173685	0.0318678	59.1717	21.8243	0.0200779	
366.958	0.00200872	0.0156584	0.00661577	0.0157867	0.0580171	82.6898	24.0111	0.0200779	
366.964	-0.0038637	0.0134732	0.00661577	0.0140163	0.106006	106.001	27.044	0.0200779	
366.97	-0.00761052	0.0093565	0.00661577	0.0120609	0.189807	129.125	31.4286	0.0200779	
366.976	-0.00883656	0.0046438	0.00661577	0.00998247	0.32034	152.277	37.9722	0.0200779	
366.982	-0.00779121	0.000593011	0.00661577	0.00781375	0.497842	175.647	48.5114	0.0200779	
366.988	-0.00528959	-0.00192717	0.00661577	0.00562972	0.696239	200.018	67.3312	0.0200779	
366.994	-0.00236964	-0.00255557	0.00661577	0.00348513	0.870442	227.162	108.764	0.0200779	
