364	0.00082979	-0.00326919	0.00913309	0.00337286	0.934081	284.242	155.147	0.0276873	
364.006	0.00252912	-0.00262099	0.00913309	0.00364225	0.92356	313.978	143.671	0.0276873	
364.012	0.00377629	-0.00115321	0.00913309	0.00394846	0.910782	343.018	132.53	0.0276873	
364.018	0.0041897	0.000844228	0.00913309	0.00427391	0.896289	11.3926	122.438	0.0276873	
364.024	0.00357738	0.00289104	0.00913309	0.00459954	0.880898	38.9432	113.77	0.0276873	
364.03	0.00203519	0.00452735	0.00913309	0.00496376	0.862697	65.7946	105.422	0.0276873	
364.036	-0.000231225	0.00530671	0.00913309	0.00531174	0.844403	92.4949	98.5152	0.0276873	
364.042	-0.00272734	0.00496293	0.00913309	0.00566296	0.825117	118.791	92.4053	0.0276873	
364.048	-0.00491835	0.00344897	0.00913309	0.00600712	0.805489	144.96	87.1111	0.0276873	
364.054	-0.00629216	0.00101857	0.00913309	0.00637407	0.783849	170.805	82.0962	0.0276873	
364.06	-0.00644196	-0.0018762	0.00913309	0.00670962	0.76349	196.238	77.9906	0.0276873	
364.066	-0.00527014	-0.00471597	0.00913309	0.00707211	0.740966	221.824	73.9931	0.0276873	
364.072	-0.00288882	-0.00683473	0.00913309	0.00742016	0.718898	247.088	70.5223	0.0276873	
364.078	0.000299259	-0.00776932	0.00913309	0.00777508	0.696029	272.206	67.3031	0.0276873	
364.084	0.00371019	-0.00719425	0.00913309	0.00809461	0.675191	297.281	64.6464	0.0276873	
364.09	0.00664884	-0.00517291	0.00913309	0.00842414	0.653516	322.117	62.1176	0.0276873	
364.096	0.008532	-0.00196222	0.00913309	0.00875473	0.631643	347.048	59.772	0.0276873	
364.102	0.00887074	0.00184945	0.00913309	0.00906148	0.611286	11.7768	57.7485	0.0276873	
364.108	0.00753673	0.00558715	0.00913309	0.00938182	0.590016	36.5504	55.7767	0.0276873	
364.114	0.0046533	0.00850238	0.00913309	0.00969245	0.569429	61.3084	53.9892	0.0276873	
364.12	0.000721514	0.00996821	0.00913309	0.00999429	0.549503	85.8601	52.3586	0.0276873	
364.126	-0.00360069	0.00963257	0.00913309	0.0102835	0.530519	110.496	50.8859	0.0276873	
364.132	-0.00748005	0.00747439	0.00913309	0.0105744	0.511574	135.022	49.4863	0.0276873	
364.138	-0.0101762	0.00380205	0.00913309	0.0108633	0.49293	159.513	48.1702	0.0276873	
364.144	-0.0111012	-0.000797707	0.00913309	0.0111298	0.475912	184.11	47.0168	0.0276873	
364.15	-0.0100334	-0.00544342	0.00913309	0.0114149	0.457925	208.481	45.8425	0.0276873	
364.156	-0.0070386	-0.00929857	0.00913309	0.0116621	0.442529	232.876	44.8706	0.0276873	
364.162	-0.00261717	-0.0116405	0.00913309	0.0119311	0.426015	257.329	43.8593	0.0276873	
364.168	0.00247018	-0.0119258	0.00913309	0.012179	0.411021	281.702	42.9664	0.0276873	
364.174	0.00731624	-0.0100476	0.00913309	0.0124291	0.396135	306.061	42.1019	0.0276873	
364.18	0.0110052	-0.00626844	0.00913309	0.0126652	0.38231	330.335	41.3169	0.0276873	
364.186	0.0128419	-0.00119664	0.00913309	0.0128975	0.368942	354.676	40.5728	0.0276873	
364.192	0.0124299	0.00426237	0.00913309	0.0131404	0.355219	18.9276	39.8229	0.0276873	
364.198	0.00975648	0.00915224	0.00913309	0.0133773	0.342089	43.1697	39.1175	0.0276873	
364.204	0.0051963	0.0125515	0.00913309	0.0135846	0.330817	67.5106	38.5206	0.0276873	
364.21	-0.000408011	0.013801	0.00913309	0.013807	0.318956	91.6934	37.9002	0.0276873	
364.216	-0.00615123	0.0126235	0.00913309	0.0140424	0.306662	115.979	37.2647	0.0276873	
364.222	-0.0109324	0.00912529	0.00913309	0.0142404	0.296544	140.148	36.7468	0.0276873	
364.228	-0.0139206	0.00388843	0.00913309	0.0144535	0.285869	164.393	36.2049	0.0276873	
364.234	-0.0144691	-0.00219413	0.00913309	0.0146345	0.276989	188.623	35.7572	0.0276873	
364.24	-0.0125093	-0.00803568	0.00913309	0.0148679	0.265786	212.716	35.1957	0.0276873	
364.246	-0.00820501	-0.0126372	0.00913309	0.0150672	0.25645	237.005	34.7302	0.0276873	
364.252	-0.00235484	-0.0150821	0.00913309	0.0152648	0.247399	261.126	34.2806	0.0276873	
364.258	0.00406553	-0.0149253	0.00913309	0.0154691	0.238263	285.237	33.8279	0.0276873	
364.264	0.00992831	-0.0120945	0.00913309	0.0156477	0.230457	309.382	33.4419	0.0276873	
364.27	0.0141792	-0.00707096	0.00913309	0.0158445	0.222052	333.495	33.0264	0.0276873	
364.276	0.0160185	-0.000641996	0.00913309	0.0160313	0.214264	357.705	32.6415	0.0276873	
364.282	0.0150585	0.00602654	0.00913309	0.0162197	0.206602	21.8116	32.2624	0.0276873	
364.288	0.0114269	0.0117764	0.00913309	0.0164091	0.19909	45.8627	31.8901	0.0276873	
364.294	0.00568033	0.0156001	0.00913309	0.0166021	0.191629	69.9924	31.5193	0.0276873	
364.3	-0.00118704	0.0167392	0.00913309	0.0167813	0.18488	94.0563	31.1828	0.0276873	
364.306	-0.00802319	0.0149353	0.00913309	0.0169539	0.178537	118.245	30.8653	0.0276873	
364.312	-0.0135777	0.010479	0.00913309	0.0171512	0.171479	142.34	30.5102	0.0276873	
364.318	-0.0168265	0.00407376	0.00913309	0.0173126	0.165856	166.39	30.2258	0.0276873	
364.324	-0.0172106	-0.00319128	0.00913309	0.017504	0.159363	190.505	29.8954	0.0276873	
364.33	-0.0145767	-0.0100295	0.00913309	0.0176938	0.153105	214.53	29.5746	0.0276873	
364.336	-0.00928495	-0.0152565	0.00913309	0.0178598	0.147786	238.676	29.2998	0.0276873	
364.342	-0.00227519	-0.0178899	0.00913309	0.018034	0.142347	262.752	29.0167	0.0276873	
364.348	0.00524176	-0.0174202	0.00913309	0.0181917	0.137556	286.747	28.7652	0.0276873	
364.354	0.0120198	-0.0138935	0.00913309	0.0183713	0.132247	310.864	28.484	0.0276873	
364.36	0.016778	-0.00789183	0.00913309	0.0185414	0.127362	334.809	28.2227	0.0276873	
364.366	0.0186931	-0.000332946	0.00913309	0.018696	0.123041	358.98	27.9892	0.0276873	
364.372	0.0173487	0.00738747	0.00913309	0.0188561	0.118686	23.0654	27.7516	0.0276873	
364.378	0.0129626	0.013928	0.00913309	0.0190268	0.114174	47.056	27.5026	0.0276873	
364.384	0.00619685	0.0181352	0.00913309	0.0191648	0.110624	71.1346	27.3047	0.0276873	
364.39	-0.00174345	0.0192367	0.00913309	0.0193156	0.106843	95.1787	27.0915	0.0276873	
364.396	-0.00950446	0.0169895	0.00913309	0.0194673	0.103139	119.224	26.8803	0.0276873	
364.402	-0.0157237	0.0117088	0.00913309	0.0196044	0.0998804	143.326	26.6924	0.0276873	
364.408	-0.0192562	0.00436308	0.00913309	0.0197443	0.0966386	167.233	26.5032	0.0276873	
364.414	-0.0194843	-0.00390653	0.00913309	0.0198721	0.0937491	191.337	26.3328	0.0276873	
364.42	-0.0163023	-0.011583	0.00913309	0.0199983	0.0909635	215.394	26.1666	0.0276873	
364.426	-0.0102513	-0.0173124	0.00913309	0.0201199	0.0883433	239.369	26.0085	0.0276873	
364.432	-0.00230555	-0.0200795	0.00913309	0.0202114	0.08641	263.45	25.8907	0.0276873	
364.438	0.0060514	-0.0194083	0.00913309	0.0203298	0.083958	287.317	25.7399	0.0276873	
364.444	0.0135206	-0.01531	0.00913309	0.0204256	0.0820174	311.449	25.6192	0.0276873	
364.45	0.0186594	-0.00848771	0.00913309	0.0204991	0.0805513	335.54	25.5273	0.0276873	
364.456	0.0205759	-0.000215261	0.00913309	0.020577	0.0790211	359.401	25.4307	0.0276873	
364.462	0.0189372	0.00825149	0.00913309	0.0206568	0.077477	23.5442	25.3324	0.0276873	
364.468	0.0140248	0.0152297	0.00913309	0.0207036	0.0765842	47.3586	25.2752	0.0276873	
364.474	0.00656888	0.0196826	0.00913309	0.0207498	0.0757087	71.5441	25.2188	0.0276873	
364.48	-0.00201467	0.0206959	0.00913309	0.0207937	0.0748858	95.56	25.1656	0.0276873	
364.486	-0.0102358	0.0181254	0.00913309	0.0208159	0.074473	119.454	25.1388	0.0276873	
364.492	-0.016748	0.0123698	0.00913309	0.0208208	0.0743819	143.551	25.1329	0.0276873	
364.498	-0.0203212	0.00454783	0.00913309	0.0208238	0.0743256	167.385	25.1292	0.0276873	
364.504	-0.0204054	-0.00411351	0.00913309	0.0208159	0.0744739	191.397	25.1389	0.0276873	
364.51	-0.016909	-0.0120804	0.00913309	0.020781	0.0751243	215.543	25.1811	0.0276873	
364.516	-0.010565	-0.0178351	0.00913309	0.0207295	0.0760934	239.359	25.2436	0.0276873	
364.522	-0.00236197	-0.0205547	0.00913309	0.02069	0.0768425	263.445	25.2918	0.0276873	
364.528	0.00617119	-0.0196439	0.00913309	0.0205904	0.0787591	287.44	25.4141	0.0276873	
364.534	0.0135203	-0.0154151	0.00913309	0.0205043	0.0804493	311.253	25.5209	0.0276873	
364.54	0.0185433	-0.00850239	0.00913309	0.0203996	0.0825406	335.368	25.6519	0.0276873	
364.546	0.0202738	-0.000292626	0.00913309	0.0202759	0.0850668	359.173	25.8083	0.0276873	
364.552	0.0185154	0.00791833	0.00913309	0.0201375	0.0879682	23.1546	25.9857	0.0276873	
364.558	0.0135716	0.0146886	0.00913309	0.0199986	0.0909574	47.2635	26.1662	0.0276873	
364.564	0.00645409	0.0187378	0.00913309	0.0198182	0.0949595	70.9941	26.4044	0.0276873	
364.57	-0.00172902	0.0195477	0.00913309	0.019624	0.0994212	95.0547	26.6657	0.0276873	
364.576	-0.00935404	0.0170002	0.00913309	0.0194037	0.104678	118.821	26.9684	0.0276873	
364.582	-0.0152784	0.0116074	0.00913309	0.0191875	0.110047	142.775	27.2723	0.0276873	
364.588	-0.0184278	0.00432471	0.00913309	0.0189285	0.116756	166.793	27.6455	0.0276873	
364.594	-0.0183376	-0.00342017	0.00913309	0.0186538	0.12421	190.565	28.0526	0.0276873	
364.6	-0.0151417	-0.0104092	0.00913309	0.0183745	0.132153	214.507	28.479	0.0276873	
364.606	-0.00949621	-0.0153793	0.00913309	0.0180749	0.141094	238.306	28.9511	0.0276873	
364.612	-0.00241257	-0.0175965	0.00913309	0.0177611	0.15093	262.193	29.4625	0.0276873	
364.618	0.00484531	-0.0167453	0.00913309	0.0174322	0.161775	286.138	30.0184	0.0276873	
364.624	0.0109428	-0.0131067	0.00913309	0.0170742	0.174209	309.858	30.6478	0.0276873	
364.63	0.0149618	-0.00740517	0.00913309	0.0166941	0.188144	333.667	31.3457	0.0276873	
364.636	0.0162795	-0.000723299	0.00913309	0.0162956	0.203569	357.456	32.1122	0.0276873	
364.642	0.0148016	0.00575781	0.00913309	0.015882	0.220472	21.256	32.9484	0.0276873	
364.648	0.0109374	0.010936	0.00913309	0.0154668	0.238365	44.9963	33.833	0.0276873	
364.654	0.00544459	0.0139728	0.00913309	0.0149961	0.25976	68.7113	34.895	0.0276873	
364.66	-0.000630923	0.0145448	0.00913309	0.0145585	0.280696	92.4838	35.9437	0.0276873	
364.666	-0.00621164	0.0126382	0.00913309	0.0140822	0.304615	116.174	37.1596	0.0276873	
364.672	-0.0103755	0.00876243	0.00913309	0.0135806	0.331036	139.818	38.5321	0.0276873	
364.678	-0.0125509	0.00371114	0.00913309	0.0130881	0.358152	163.528	39.982	0.0276873	
364.684	-0.0124735	-0.00155809	0.00913309	0.0125704	0.38783	187.12	41.6284	0.0276873	
364.69	-0.0103425	-0.00613179	0.00913309	0.0120235	0.420395	210.663	43.5219	0.0276873	
364.696	-0.00672334	-0.00930304	0.00913309	0.0114782	0.453962	234.144	45.5895	0.0276873	
364.702	-0.00235611	-0.0106655	0.00913309	0.0109227	0.489123	257.543	47.9084	0.0276873	
364.708	0.00198061	-0.0101638	0.00913309	0.010355	0.525851	281.027	50.5348	0.0276873	
364.714	0.00551707	-0.00807624	0.00913309	0.00978078	0.563588	304.338	53.5016	0.0276873	
364.72	0.00776303	-0.0049335	0.00913309	0.00919804	0.602217	327.564	56.8912	0.0276873	
364.726	0.00848701	-0.00138395	0.00913309	0.0085991	0.641952	350.739	60.8537	0.0276873	
364.732	0.00777721	0.00188456	0.00913309	0.00800229	0.681233	13.6212	65.3922	0.0276873	
364.738	0.0059417	0.0044135	0.00913309	0.00740154	0.720088	36.605	70.6998	0.0276873	
364.744	0.0034828	0.00583523	0.00913309	0.00679557	0.758196	59.1688	77.0042	0.0276873	
364.75	0.000893332	0.00613367	0.00913309	0.00619838	0.794297	81.7135	84.4233	0.0276873	
364.756	-0.0013318	0.00541947	0.00913309	0.00558071	0.829703	103.807	93.7671	0.0276873	
364.762	-0.0028781	0.00407081	0.00913309	0.00498548	0.86158	125.261	104.962	0.0276873	
364.768	-0.00366666	0.002423	0.00913309	0.00439493	0.89067	146.542	119.066	0.0276873	
364.774	-0.00370838	0.000894074	0.00913309	0.00381464	0.916471	166.445	137.179	0.0276873	
364.78	-0.00324806	-0.00031575	0.00913309	0.00326337	0.938159	185.552	160.352	0.0276873	
364.786	-0.00251509	-0.00105582	0.00913309	0.00272771	0.95638	202.772	191.841	0.0276873	
364.792	-0.00181765	-0.00134959	0.00913309	0.0022639	0.969745	216.594	231.144	0.0276873	
364.798	-0.00130279	-0.00137048	0.00913309	0.00189089	0.978796	226.451	276.741	0.0276873	
364.804	-0.00105358	-0.0013259	0.00913309	0.00169353	0.982955	231.529	308.992	0.0276873	
364.81	-0.0009818	-0.00138293	0.00913309	0.001696	0.982906	234.627	308.542	0.0276873	
364.816	-0.000948308	-0.00164089	0.00913309	0.00189521	0.9787	239.975	276.111	0.0276873	
364.822	-0.000770357	-0.00211521	0.00913309	0.00225112	0.970081	249.988	232.456	0.0276873	
364.828	-0.000253984	-0.00263497	0.00913309	0.00264718	0.958865	264.494	197.677	0.0276873	
364.834	0.000647896	-0.00306872	0.00913309	0.00313637	0.94274	281.922	166.845	0.0276873	
364.84	0.00183857	-0.00310223	0.00913309	0.00360613	0.925011	300.654	145.111	0.0276873	
364.846	0.003191	-0.00260784	0.00913309	0.00412108	0.903208	320.743	126.978	0.0276873	
364.852	0.00436682	-0.00144358	0.00913309	0.00459924	0.880913	341.707	113.777	0.0276873	
364.858	0.00506427	0.000295883	0.00913309	0.0050729	0.857051	3.34374	103.153	0.0276873	
364.864	0.00501533	0.00237727	0.00913309	0.00555022	0.831393	25.361	94.2822	0.0276873	
364.87	0.00406111	0.00441414	0.00913309	0.0059981	0.806012	47.3852	87.2421	0.0276873	
364.876	0.00222314	0.00605103	0.00913309	0.0064465	0.779498	69.8267	81.1739	0.0276873	
364.882	-0.000293148	0.0068528	0.00913309	0.00685907	0.754266	92.4495	76.2913	0.0276873	
364.888	-0.0030832	0.00658189	0.00913309	0.00726824	0.728578	115.1	71.9964	0.0276873	
364.894	-0.00569195	0.00516392	0.00913309	0.00768533	0.701842	137.785	68.0891	0.0276873	
364.9	-0.00756989	0.00265511	0.00913309	0.00802202	0.679943	160.672	65.2314	0.0276873	
364.906	-0.00834546	-0.000540347	0.00913309	0.00836294	0.657553	183.705	62.5722	0.0276873	
364.912	-0.00776901	-0.00390756	0.00913309	0.00869635	0.635512	206.701	60.1732	0.0276873	
364.918	-0.00583803	-0.00685548	0.00913309	0.00900445	0.615073	229.583	58.1143	0.0276873	
364.924	-0.00276256	-0.00885907	0.00913309	0.00927981	0.596787	252.681	56.3899	0.0276873	
364.93	0.00093294	-0.00948405	0.00913309	0.00952982	0.5802	275.618	54.9105	0.0276873	
364.936	0.00466228	-0.00857952	0.00913309	0.00976448	0.564665	298.521	53.5909	0.0276873	
364.942	0.0078091	-0.00618029	0.00913309	0.00995882	0.551839	321.641	52.5451	0.0276873	
364.948	0.00977671	-0.00269867	0.00913309	0.0101423	0.539772	344.569	51.5944	0.0276873	
364.954	0.0102151	0.00137087	0.00913309	0.0103067	0.529008	7.64346	50.7718	0.0276873	
364.96	0.00899572	0.00530845	0.00913309	0.0104452	0.519968	30.5452	50.0983	0.0276873	
364.966	0.00627048	0.00848072	0.00913309	0.0105471	0.513344	53.5215	49.6143	0.0276873	
364.972	0.00252272	0.0103364	0.00913309	0.0106398	0.507335	76.2844	49.182	0.0276873	
364.978	-0.00170638	0.0105605	0.00913309	0.0106975	0.503608	99.1786	48.9169	0.0276873	
364.984	-0.00569089	0.00909631	0.00913309	0.0107298	0.50152	122.031	48.7694	0.0276873	
364.99	-0.00878296	0.0062221	0.00913309	0.0107636	0.499343	144.685	48.6164	0.0276873	
364.996	-0.0105059	0.00234238	0.00913309	0.0107639	0.499322	167.431	48.615	0.0276873	
365.002	-0.0105662	-0.00189013	0.00913309	0.0107339	0.501254	190.142	48.7508	0.0276873	
365.008	-0.00899545	-0.00576614	0.00913309	0.0106849	0.504422	212.66	48.9746	0.0276873	
365.014	-0.00606231	-0.00872132	0.00913309	0.0106213	0.508531	235.196	49.2675	0.0276873	
365.02	-0.00227559	-0.0102994	0.00913309	0.0105478	0.513298	257.541	49.611	0.0276873	
365.026	0.00181091	-0.0102901	0.00913309	0.0104482	0.519772	279.981	50.0838	0.0276873	
365.032	0.0055215	-0.00875511	0.00913309	0.0103508	0.526124	302.238	50.5553	0.0276873	
365.038	0.00830879	-0.0059659	0.00913309	0.0102288	0.534103	324.321	51.1583	0.0276873	
365.044	0.00982561	-0.00238369	0.00913309	0.0101106	0.541854	346.364	51.7562	0.0276873	
365.05	0.00986491	0.00145022	0.00913309	0.00997094	0.551041	8.36301	52.4813	0.0276873	
365.056	0.00848048	0.00494503	0.00913309	0.00981692	0.561201	30.2468	53.3047	0.0276873	
365.062	0.00595856	0.00761839	0.00913309	0.00967183	0.570794	51.97	54.1043	0.0276873	
365.068	0.00270192	0.00915238	0.00913309	0.00954287	0.579335	73.5526	54.8354	0.0276873	
365.074	-0.000820126	0.00934865	0.00913309	0.00938456	0.589835	95.0135	55.7605	0.0276873	
365.08	-0.00409279	0.00826265	0.00913309	0.00922076	0.600709	116.351	56.751	0.0276873	
365.086	-0.00671592	0.00612933	0.00913309	0.00909243	0.609231	137.615	57.552	0.0276873	
365.092	-0.0083491	0.00326544	0.00913309	0.00896496	0.617695	158.639	58.3703	0.0276873	
365.098	-0.00881998	6.00462e-05	0.00913309	0.00882018	0.627303	179.61	59.3284	0.0276873	
365.104	-0.0081679	-0.00306244	0.00913309	0.00872314	0.633737	200.553	59.9884	0.0276873	
365.11	-0.00647925	-0.00570073	0.00913309	0.00863012	0.639899	221.343	60.635	0.0276873	
365.116	-0.00401892	-0.0075371	0.00913309	0.00854164	0.645753	241.933	61.2631	0.0276873	
365.122	-0.00109027	-0.00838497	0.00913309	0.00845556	0.651441	262.592	61.8868	0.0276873	
365.128	0.00192021	-0.00820086	0.00913309	0.00842266	0.653613	283.178	62.1285	0.0276873	
365.134	0.00465442	-0.00699133	0.00913309	0.00839895	0.655178	303.653	62.3039	0.0276873	
365.14	0.00678546	-0.00491093	0.00913309	0.00837614	0.656682	324.105	62.4736	0.0276873	
365.146	0.0080865	-0.00221322	0.00913309	0.0083839	0.65617	344.693	62.4157	0.0276873	
365.152	0.00837477	0.000768898	0.00913309	0.00841	0.654449	5.24569	62.2221	0.0276873	
365.158	0.00761026	0.00367135	0.00913309	0.00844955	0.651838	25.7537	61.9308	0.0276873	
365.164	0.00585376	0.00615623	0.00913309	0.00849504	0.648833	46.4426	61.5992	0.0276873	
365.17	0.00332056	0.00790015	0.00913309	0.00856962	0.643902	67.2022	61.063	0.0276873	
365.176	0.000304613	0.00863195	0.00913309	0.00863733	0.639421	87.9789	60.5844	0.0276873	
365.182	-0.00283545	0.00825635	0.00913309	0.00872967	0.633304	108.954	59.9436	0.0276873	
365.188	-0.00566205	0.00674545	0.00913309	0.00880681	0.628189	130.01	59.4185	0.0276873	
365.194	-0.00779087	0.00429471	0.00913309	0.00889619	0.622259	151.134	58.8215	0.0276873	
365.2	-0.00891129	0.00117608	0.00913309	0.00898856	0.616128	172.482	58.217	0.0276873	
365.206	-0.00881149	-0.00218414	0.00913309	0.00907815	0.610179	193.922	57.6425	0.0276873	
365.212	-0.00747719	-0.00529331	0.00913309	0.00916119	0.604664	215.296	57.12	0.0276873	
365.218	-0.00505136	-0.00771966	0.00913309	0.00922547	0.600395	236.801	56.722	0.0276873	
365.224	-0.00186441	-0.00908687	0.00913309	0.00927616	0.59703	258.405	56.4121	0.0276873	
365.23	0.0016569	-0.00917943	0.00913309	0.00932777	0.593604	280.232	56.1	0.0276873	
365.236	0.00496024	-0.00795769	0.00913309	0.00937704	0.590334	301.936	55.8052	0.0276873	
365.242	0.00756391	-0.00553564	0.00913309	0.00937316	0.590591	323.802	55.8283	0.0276873	
365.248	0.00907377	-0.00234019	0.00913309	0.00937069	0.590755	345.538	55.843	0.0276873	
365.254	0.0092787	0.00123078	0.00913309	0.00935997	0.591466	7.55591	55.9069	0.0276873	
365.26	0.00809596	0.00459361	0.00913309	0.00930837	0.594891	29.5704	56.2169	0.0276873	
365.266	0.00576003	0.00723783	0.00913309	0.00925009	0.598761	51.4864	56.571	0.0276873	
365.272	0.00260424	0.0087716	0.00913309	0.00915003	0.605406	73.4642	57.1897	0.0276873	
365.278	-0.000853419	0.00898624	0.00913309	0.00902668	0.613597	95.4251	57.9712	0.0276873	
365.284	-0.0040803	0.00789857	0.00913309	0.00889024	0.622654	117.32	58.8609	0.0276873	
365.29	-0.00661312	0.00569395	0.00913309	0.00872665	0.633504	139.271	59.9643	0.0276873	
365.296	-0.00805667	0.00277964	0.00913309	0.00852269	0.647006	160.965	61.3993	0.0276873	
365.302	-0.00830878	-0.000391814	0.00913309	0.00831801	0.660513	182.7	62.9102	0.0276873	
365.308	-0.00734856	-0.00332439	0.00913309	0.00806554	0.677095	204.341	64.8794	0.0276873	
365.314	-0.00544179	-0.00558611	0.00913309	0.00779857	0.694505	225.75	67.1004	0.0276873	
365.32	-0.00293095	-0.00692354	0.00913309	0.00751837	0.712603	247.056	69.6012	0.0276873	
365.326	-0.000289019	-0.00720787	0.00913309	0.00721367	0.732038	267.704	72.5411	0.0276873	
365.332	0.00218442	-0.00652573	0.00913309	0.00688163	0.752866	288.507	76.0412	0.0276873	
365.338	0.00408228	-0.00508269	0.00913309	0.00651911	0.775111	308.771	80.2698	0.0276873	
365.344	0.0052629	-0.00323567	0.00913309	0.00617801	0.795498	328.417	84.7017	0.0276873	
365.35	0.00572998	-0.00125661	0.00913309	0.00586615	0.813611	347.631	89.2046	0.0276873	
365.356	0.00551069	0.000552493	0.00913309	0.00553832	0.832051	5.72525	94.4849	0.0276873	
365.362	0.00479984	0.00206764	0.00913309	0.00522624	0.848976	23.305	100.127	0.0276873	
365.368	0.0038179	0.00321367	0.00913309	0.0049904	0.861327	40.0886	104.859	0.0276873	
365.374	0.00271306	0.00395733	0.00913309	0.00479804	0.871103	55.5663	109.063	0.0276873	
365.38	0.00157166	0.00443996	0.00913309	0.00470992	0.875489	70.507	111.103	0.0276873	
365.386	0.000416419	0.00469517	0.00913309	0.0047136	0.875307	84.9316	111.016	0.0276873	
365.392	-0.000777868	0.00477262	0.00913309	0.0048356	0.869216	99.257	108.216	0.0276873	
365.398	-0.00205263	0.00466649	0.00913309	0.00509799	0.855741	113.743	102.646	0.0276873	
365.404	-0.00347701	0.00424334	0.00913309	0.00548594	0.834936	129.331	95.387	0.0276873	
365.41	-0.00492482	0.00334973	0.00913309	0.00595605	0.808444	145.778	87.8581	0.0276873	
365.416	-0.00624485	0.00189283	0.00913309	0.00652541	0.77473	163.138	80.1922	0.0276873	
365.422	-0.00717553	-0.000187057	0.00913309	0.00717797	0.734296	181.493	72.9019	0.0276873	
365.428	-0.00738992	-0.00278039	0.00913309	0.00789566	0.68819	200.618	66.2753	0.0276873	
365.434	-0.00659841	-0.00563831	0.00913309	0.00867926	0.636645	220.514	60.2917	0.0276873	
365.44	-0.00462254	-0.00829552	0.00913309	0.0094965	0.582409	240.872	55.1032	0.0276873	
365.446	-0.00148337	-0.0102379	0.00913309	0.0103448	0.526515	261.756	50.5845	0.0276873	
365.452	0.00251645	-0.0109591	0.00913309	0.0112443	0.468662	282.932	46.5382	0.0276873	
365.458	0.00690352	-0.0100146	0.00913309	0.0121635	0.411948	304.58	43.021	0.0276873	
365.464	0.0109133	-0.00722588	0.00913309	0.0130887	0.358118	326.491	39.9802	0.0276873	
365.47	0.0137885	-0.00276836	0.00913309	0.0140636	0.305569	348.647	37.2085	0.0276873	
365.476	0.0147531	0.00286002	0.00913309	0.0150278	0.258281	10.9712	34.8213	0.0276873	
365.482	0.0133895	0.00879132	0.00913309	0.0160177	0.214828	33.2882	32.6694	0.0276873	
365.488	0.00952618	0.0140808	0.00913309	0.0170005	0.176851	55.9203	30.7807	0.0276873	
365.494	0.00352472	0.0176566	0.00913309	0.018005	0.143243	78.7107	29.0635	0.0276873	
365.5	-0.00380561	0.0186147	0.00913309	0.0189997	0.11488	101.554	27.5418	0.0276873	
365.506	-0.0113432	0.0164946	0.00913309	0.0200185	0.0905238	124.516	26.1402	0.0276873	
365.512	-0.017697	0.011333	0.00913309	0.0210148	0.0708499	147.365	24.9009	0.0276873	
365.518	-0.0216936	0.00362428	0.00913309	0.0219943	0.0550395	170.515	23.792	0.0276873	
365.524	-0.0223564	-0.00544682	0.00913309	0.0230104	0.0418435	193.693	22.7414	0.0276873	
365.53	-0.0191622	-0.0144009	0.00913309	0.0239703	0.0319324	216.926	21.8307	0.0276873	
365.536	-0.0123884	-0.0216487	0.00913309	0.0249427	0.0240108	240.22	20.9796	0.0276873	
365.542	-0.00298646	-0.0257269	0.00913309	0.0258996	0.0179371	263.379	20.2044	0.0276873	
365.548	0.00773653	-0.0257032	0.00913309	0.0268423	0.0133142	286.751	19.4949	0.0276873	
365.554	0.0178965	-0.0212127	0.00913309	0.0277536	0.00988095	310.153	18.8548	0.0276873	
365.56	0.0256643	-0.0127389	0.00913309	0.028652	0.0072926	333.602	18.2636	0.0276873	
365.566	0.0294967	-0.00149119	0.00913309	0.0295344	0.00536065	357.106	17.7179	0.0276873	
365.572	0.0284762	0.0105931	0.00913309	0.0303827	0.00395277	20.4051	17.2232	0.0276873	
365.578	0.0224693	0.0216611	0.00913309	0.0312102	0.00291218	43.9508	16.7666	0.0276873	
365.584	0.0122584	0.0295661	0.00913309	0.0320066	0.00215357	67.4806	16.3494	0.0276873	
365.59	-0.000590204	0.0327936	0.00913309	0.0327989	0.00158299	91.0311	15.9544	0.0276873	
365.596	-0.0139889	0.0304516	0.00913309	0.0335111	0.00119274	114.673	15.6153	0.0276873	
365.602	-0.025465	0.0228465	0.00913309	0.0342115	0.00089755	138.102	15.2956	0.0276873	
365.608	-0.0331433	0.0109458	0.00913309	0.034904	0.000673697	161.724	14.9922	0.0276873	
365.614	-0.0353789	-0.00332039	0.00913309	0.0355344	0.000516269	185.362	14.7262	0.0276873	
365.62	-0.0316104	-0.0175207	0.00913309	0.0361412	0.000397776	208.998	14.479	0.0276873	
365.626	-0.0222597	-0.0291883	0.00913309	0.0367077	0.000310612	232.67	14.2555	0.0276873	
365.632	-0.00889243	-0.0361558	0.00913309	0.0372333	0.000246062	256.182	14.0543	0.0276873	
365.638	0.00646399	-0.0371603	0.00913309	0.0377183	0.000197881	279.868	13.8736	0.0276873	
365.644	0.0210942	-0.0317902	0.00913309	0.0381521	0.000162453	303.566	13.7158	0.0276873	
365.65	0.032435	-0.0208433	0.00913309	0.0385548	0.000134991	327.275	13.5726	0.0276873	
365.656	0.0384354	-0.00609264	0.00913309	0.0389153	0.000114183	350.993	13.4468	0.0276873	
365.662	0.0379708	0.00984035	0.00913309	0.0392251	9.87592e-05	14.5289	13.3406	0.0276873	
365.668	0.0310079	0.0244698	0.00913309	0.0395001	8.67403e-05	38.2786	13.2477	0.0276873	
365.674	0.0186445	0.0350857	0.00913309	0.0397319	7.76994e-05	62.0139	13.1705	0.0276873	
365.68	0.00296363	0.0398121	0.00913309	0.0399222	7.09494e-05	85.7427	13.1077	0.0276873	
365.686	-0.0133725	0.0377854	0.00913309	0.0400819	6.57201e-05	109.489	13.0555	0.0276873	
365.692	-0.0274136	0.0293555	0.00913309	0.0401653	6.31354e-05	133.041	13.0283	0.0276873	
365.698	-0.0369648	0.015842	0.00913309	0.0402164	6.15986e-05	156.802	13.0118	0.0276873	
365.704	-0.0402173	-0.000381204	0.00913309	0.0402191	6.15185e-05	180.543	13.0109	0.0276873	
365.71	-0.0366444	-0.0165546	0.00913309	0.0402103	6.17815e-05	204.312	13.0138	0.0276873	
365.716	-0.0268152	-0.0298305	0.00913309	0.0401113	6.47979e-05	228.047	13.0459	0.0276873	
365.722	-0.0126016	-0.0379693	0.00913309	0.0400058	6.81649e-05	251.64	13.0803	0.0276873	
365.728	0.00374059	-0.039664	0.00913309	0.0398399	7.37964e-05	275.387	13.1347	0.0276873	
365.734	0.0193102	-0.0345904	0.00913309	0.0396154	8.21257e-05	299.173	13.2092	0.0276873	
365.74	0.0313484	-0.0238533	0.00913309	0.0393917	9.13062e-05	322.732	13.2842	0.0276873	
365.746	0.0380635	-0.00904216	0.00913309	0.0391228	0.000103623	346.637	13.3755	0.0276873	
365.752	0.0381595	0.00700152	0.00913309	0.0387965	0.000120679	10.397	13.488	0.0276873	
365.758	0.0318646	0.0214837	0.00913309	0.0384305	0.000142961	33.9886	13.6165	0.0276873	
365.764	0.0203218	0.0321572	0.00913309	0.0380403	0.000170967	57.7091	13.7561	0.0276873	
365.77	0.00573599	0.0371837	0.00913309	0.0376235	0.000206535	81.2306	13.9085	0.0276873	
365.776	-0.00971555	0.0358449	0.00913309	0.0371383	0.000256705	105.165	14.0902	0.0276873	
365.782	-0.0230136	0.0285262	0.00913309	0.036652	0.000318314	128.895	14.2772	0.0276873	
365.788	-0.0320267	0.016724	0.00913309	0.0361304	0.00039965	152.427	14.4833	0.0276873	
365.794	-0.0354946	0.00239084	0.00913309	0.035575	0.000507404	176.147	14.7094	0.0276873	
365.8	-0.0329604	-0.0117602	0.00913309	0.0349955	0.000648351	199.636	14.953	0.0276873	
365.806	-0.0249408	-0.0236566	0.00913309	0.0343756	0.000839	223.486	15.2226	0.0276873	
365.812	-0.0131031	-0.0311056	0.00913309	0.0337528	0.001082	247.157	15.5035	0.0276873	
365.818	0.000382442	-0.0330866	0.00913309	0.0330888	0.00141175	270.662	15.8146	0.0276873	
365.824	0.0133497	-0.0295483	0.00913309	0.032424	0.00183293	294.313	16.1389	0.0276873	
365.83	0.0234851	-0.0213484	0.00913309	0.031738	0.00238629	317.729	16.4877	0.0276873	
365.836	0.0293887	-0.00991603	0.00913309	0.0310165	0.00313034	341.355	16.8712	0.0276873	
365.842	0.0301639	0.00267968	0.00913309	0.0302826	0.00409922	5.07668	17.2801	0.0276873	
365.848	0.0259632	0.0140994	0.00913309	0.0295445	0.00534149	28.5043	17.7118	0.0276873	
365.854	0.0177179	0.0226959	0.00913309	0.0287929	0.00694724	52.0222	18.1742	0.0276873	
365.86	0.0070848	0.0271507	0.00913309	0.0280599	0.00891868	75.3752	18.649	0.0276873	
365.866	-0.0042142	0.0269499	0.00913309	0.0272774	0.0115617	98.8875	19.1839	0.0276873	
365.872	-0.0142554	0.0223495	0.00913309	0.0265088	0.0148131	122.531	19.7402	0.0276873	
365.878	-0.021279	0.0144814	0.00913309	0.0257392	0.0188502	145.763	20.3304	0.0276873	
365.884	-0.0245134	0.00470563	0.00913309	0.024961	0.0238799	169.134	20.9642	0.0276873	
365.89	-0.0236295	-0.0052369	0.00913309	0.0242029	0.0298576	192.496	21.6208	0.0276873	
365.896	-0.0190449	-0.0136423	0.00913309	0.0234269	0.0372623	215.615	22.337	0.0276873	
365.902	-0.0116329	-0.0194417	0.00913309	0.0226562	0.0461031	239.106	23.0968	0.0276873	
365.908	-0.00300031	-0.0216979	0.00913309	0.0219043	0.0563579	262.127	23.8897	0.0276873	
365.914	0.00558569	-0.0204138	0.00913309	0.0211642	0.0682233	285.303	24.7251	0.0276873	
365.92	0.0127089	-0.0160076	0.00913309	0.0204392	0.0817437	308.447	25.6021	0.0276873	
365.926	0.0172918	-0.00945813	0.00913309	0.0197095	0.0974373	331.323	26.55	0.0276873	
365.932	0.0189089	-0.00186682	0.00913309	0.0190009	0.114851	354.362	27.5402	0.0276873	
365.938	0.017496	0.00542563	0.00913309	0.0183179	0.133808	17.229	28.5669	0.0276873	
365.944	0.0134958	0.0113888	0.00913309	0.0176591	0.154237	40.1603	29.6328	0.0276873	
365.95	0.00773578	0.0151379	0.00913309	0.017	0.176871	62.9321	30.7816	0.0276873	
365.956	0.00128006	0.0163285	0.00913309	0.0163786	0.200287	85.5175	31.9495	0.0276873	
365.962	-0.004925	0.0149795	0.00913309	0.0157684	0.225279	108.2	33.1859	0.0276873	
365.968	-0.00991305	0.011514	0.00913309	0.0151935	0.250644	130.727	34.4416	0.0276873	
365.974	-0.0130791	0.00658156	0.00913309	0.0146417	0.276639	153.288	35.7395	0.0276873	
365.98	-0.0140837	0.0010537	0.00913309	0.0141231	0.302515	175.721	37.0519	0.0276873	
365.986	-0.0129609	-0.00420235	0.00913309	0.0136251	0.328639	197.964	38.4061	0.0276873	
365.992	-0.010058	-0.00850688	0.00913309	0.0131731	0.353391	220.224	39.724	0.0276873	
365.998	-0.00590192	-0.0112805	0.00913309	0.0127311	0.378492	242.382	41.1029	0.0276873	
366.004	-0.0011738	-0.0122677	0.00913309	0.0123238	0.402373	264.534	42.4617	0.0276873	
366.01	0.00343923	-0.0114604	0.00913309	0.0119653	0.423927	286.704	43.7336	0.0276873	
366.016	0.00725837	-0.00909939	0.00913309	0.0116397	0.443917	308.579	44.9571	0.0276873	
366.022	0.00987018	-0.00556267	0.00913309	0.0113298	0.46327	330.595	46.1869	0.0276873	
366.028	0.0109658	-0.00140382	0.00913309	0.0110553	0.48065	352.705	47.3336	0.0276873	
366.034	0.0104535	0.00273083	0.00913309	0.0108043	0.496718	14.6405	48.433	0.0276873	
366.04	0.00848617	0.0063467	0.00913309	0.010597	0.51011	36.7924	49.3808	0.0276873	
366.046	0.00543728	0.008894	0.00913309	0.0104244	0.521327	58.5608	50.1985	0.0276873	
366.052	0.00165073	0.0101258	0.00913309	0.0102595	0.532095	80.7409	51.0053	0.0276873	
366.058	-0.00225987	0.0098586	0.00913309	0.0101143	0.541612	102.911	51.7374	0.0276873	
366.064	-0.00577461	0.00819091	0.00913309	0.0100218	0.54769	125.184	52.2147	0.0276873	
366.07	-0.00835546	0.00535328	0.00913309	0.00992327	0.554182	147.353	52.7333	0.0276873	
366.076	-0.00969721	0.00177054	0.00913309	0.00985752	0.55852	169.653	53.0851	0.0276873	
366.082	-0.00959398	-0.00206169	0.00913309	0.00981301	0.561459	192.128	53.3259	0.0276873	
366.088	-0.00803699	-0.00556691	0.00913309	0.00977669	0.563858	214.709	53.524	0.0276873	
366.094	-0.00524369	-0.00823002	0.00913309	0.00975856	0.565057	237.497	53.6234	0.0276873	
366.1	-0.00164479	-0.00960411	0.00913309	0.00974393	0.566024	260.282	53.7039	0.0276873	
366.106	0.00220129	-0.00949497	0.00913309	0.00974681	0.565834	283.053	53.6881	0.0276873	
366.112	0.00575463	-0.00787746	0.00913309	0.00975552	0.565258	306.149	53.6401	0.0276873	
366.118	0.00839476	-0.0049852	0.00913309	0.00976342	0.564736	329.296	53.5967	0.0276873	
366.124	0.00972837	-0.00125341	0.00913309	0.00980878	0.561738	352.658	53.3489	0.0276873	
366.13	0.00945487	0.00270188	0.00913309	0.00983334	0.560116	15.9482	53.2156	0.0276873	
366.136	0.00762674	0.00621768	0.00913309	0.00984006	0.559672	39.1885	53.1793	0.0276873	
366.142	0.00451994	0.0087883	0.00913309	0.00988251	0.55687	62.7826	52.9508	0.0276873	
366.148	0.000630084	0.00989794	0.00913309	0.00991797	0.554532	86.3576	52.7615	0.0276873	
366.154	-0.00340928	0.00935579	0.00913309	0.00995761	0.551919	110.022	52.5515	0.0276873	
366.16	-0.0069134	0.00723791	0.00913309	0.0100091	0.548527	133.686	52.281	0.0276873	
366.166	-0.00924844	0.00384793	0.00913309	0.010017	0.548008	157.41	52.2399	0.0276873	
366.172	-0.0100537	-0.000224478	0.00913309	0.0100562	0.545427	181.279	52.0361	0.0276873	
366.178	-0.00913181	-0.00429274	0.00913309	0.0100905	0.543177	205.178	51.8596	0.0276873	
366.184	-0.00662138	-0.00764181	0.00913309	0.0101114	0.541804	229.092	51.7523	0.0276873	
366.19	-0.00295332	-0.00970598	0.00913309	0.0101453	0.539573	253.076	51.579	0.0276873	
366.196	0.00122651	-0.0100817	0.00913309	0.010156	0.538875	276.936	51.525	0.0276873	
366.202	0.00522846	-0.00872502	0.00913309	0.0101717	0.537847	300.932	51.4456	0.0276873	
366.208	0.00831765	-0.00585832	0.00913309	0.0101737	0.537716	324.842	51.4355	0.0276873	
366.214	0.0099861	-0.00196226	0.00913309	0.0101771	0.537493	348.883	51.4183	0.0276873	
366.22	0.00992105	0.00228596	0.00913309	0.010181	0.537234	12.9753	51.3984	0.0276873	
366.226	0.00812471	0.00611101	0.00913309	0.0101664	0.538193	36.9487	51.4723	0.0276873	
366.232	0.00496451	0.00884752	0.00913309	0.0101452	0.539583	60.7024	51.5798	0.0276873	
366.238	0.000935838	0.0100694	0.00913309	0.0101128	0.541709	84.6903	51.7449	0.0276873	
366.244	-0.00322832	0.00955201	0.00913309	0.0100828	0.54368	108.674	51.899	0.0276873	
366.25	-0.0067854	0.00740889	0.00913309	0.0100466	0.546064	132.485	52.0862	0.0276873	
366.256	-0.00915748	0.0039907	0.00913309	0.00998925	0.549835	156.453	52.385	0.0276873	
366.262	-0.00991397	-2.53133e-05	0.00913309	0.009914	0.554793	180.146	52.7826	0.0276873	
366.268	-0.00900705	-0.0039909	0.00913309	0.00985161	0.55891	203.897	53.1169	0.0276873	
366.274	-0.00658144	-0.0072015	0.00913309	0.00975586	0.565235	227.576	53.6382	0.0276873	
366.28	-0.00310668	-0.00913796	0.00913309	0.00965162	0.572131	251.223	54.2175	0.0276873	
366.286	0.000798586	-0.0095049	0.00913309	0.00953839	0.579632	274.803	54.8612	0.0276873	
366.292	0.00444127	-0.00830394	0.00913309	0.00941703	0.58768	298.14	55.5682	0.0276873	
366.298	0.0072637	-0.0057683	0.00913309	0.00927548	0.597075	321.546	56.4162	0.0276873	
366.304	0.00883084	-0.00239072	0.00913309	0.00914873	0.605492	344.852	57.1978	0.0276873	
366.31	0.00890242	0.00127843	0.00913309	0.00899374	0.615784	8.17205	58.1835	0.0276873	
366.316	0.00755082	0.00457102	0.00913309	0.00882661	0.626876	31.1893	59.2852	0.0276873	
366.322	0.00509468	0.00701619	0.00913309	0.00867079	0.637205	54.0154	60.3506	0.0276873	
366.328	0.00193927	0.00824299	0.00913309	0.00846804	0.650617	76.7612	61.7956	0.0276873	
366.334	-0.00134959	0.00817186	0.00913309	0.00828255	0.662848	99.3778	63.1795	0.0276873	
366.34	-0.00426938	0.00686858	0.00913309	0.00808733	0.675668	121.864	64.7046	0.0276873	
366.346	-0.00639415	0.00459973	0.00913309	0.00787671	0.689424	144.27	66.4347	0.0276873	
366.352	-0.00746301	0.00185277	0.00913309	0.00768956	0.701569	166.058	68.0517	0.0276873	
366.358	-0.00741833	-0.00104971	0.00913309	0.00749222	0.714282	188.054	69.8441	0.0276873	
366.364	-0.00632457	-0.00360151	0.00913309	0.00727812	0.727951	209.659	71.8987	0.0276873	
366.37	-0.00448527	-0.00551186	0.00913309	0.00710622	0.738821	230.863	73.638	0.0276873	
366.376	-0.00213333	-0.00656873	0.00913309	0.00690647	0.751321	252.008	75.7677	0.0276873	
366.382	0.000302218	-0.00672333	0.00913309	0.00673012	0.76223	272.574	77.753	0.0276873	
366.388	0.0026048	-0.00605994	0.00913309	0.00659605	0.770437	293.26	79.3335	0.0276873	
366.394	0.00442149	-0.00469653	0.00913309	0.00645035	0.779266	313.272	81.1254	0.0276873	
366.4	0.00565873	-0.00285859	0.00913309	0.00633978	0.7859	333.199	82.5404	0.0276873	
366.406	0.0062368	-0.000786212	0.00913309	0.00628616	0.789096	352.815	83.2444	0.0276873	
366.412	0.00609698	0.0013243	0.00913309	0.00623914	0.791886	12.2546	83.8717	0.0276873	
366.418	0.00531578	0.00326966	0.00913309	0.00624084	0.791785	31.5951	83.8488	0.0276873	
366.424	0.00397225	0.00488046	0.00913309	0.00629267	0.788708	50.8576	83.1582	0.0276873	
366.43	0.00217123	0.00599838	0.00913309	0.00637925	0.783538	70.1013	82.0296	0.0276873	
366.436	6.67488e-05	0.00651279	0.00913309	0.00651313	0.775474	89.4128	80.3434	0.0276873	
366.442	-0.00213469	0.0063418	0.00913309	0.00669144	0.764606	108.604	78.2025	0.0276873	
366.448	-0.00427775	0.00541279	0.00913309	0.00689909	0.751781	128.319	75.8488	0.0276873	
366.454	-0.00604619	0.00376948	0.00913309	0.00712498	0.737639	148.059	73.444	0.0276873	
366.46	-0.00726772	0.00150906	0.00913309	0.00742273	0.718733	168.27	70.4979	0.0276873	
366.466	-0.00767702	-0.00116185	0.00913309	0.00776444	0.696719	188.606	67.3954	0.0276873	
366.472	-0.00707117	-0.00393248	0.00913309	0.00809109	0.675421	209.08	64.6745	0.0276873	
366.478	-0.00545093	-0.00648136	0.00913309	0.00846881	0.650566	229.936	61.7899	0.0276873	
366.484	-0.002875	-0.0083826	0.00913309	0.00886192	0.624534	251.069	59.049	0.0276873	
366.49	0.000376398	-0.00926775	0.00913309	0.00927539	0.597081	272.326	56.4167	0.0276873	
366.496	0.00390461	-0.00885278	0.00913309	0.00967562	0.570543	293.8	54.0831	0.0276873	
366.502	0.00721232	-0.00708033	0.00913309	0.0101069	0.5421	315.529	51.7755	0.0276873	
366.508	0.00973295	-0.00408008	0.00913309	0.0105535	0.512926	337.256	49.584	0.0276873	
366.514	0.0109883	-0.000128085	0.00913309	0.010989	0.484879	359.332	47.6191	0.0276873	
366.52	0.0106221	0.00416785	0.00913309	0.0114106	0.458197	21.4237	45.8599	0.0276873	
366.526	0.00859654	0.00820473	0.00913309	0.0118835	0.428915	43.6641	44.0347	0.0276873	
366.532	0.00499032	0.0112578	0.00913309	0.0123143	0.402937	66.0934	42.4944	0.0276873	
366.538	0.000345412	0.0127391	0.00913309	0.0127437	0.377765	88.4468	41.0623	0.0276873	
366.544	-0.00472198	0.0123078	0.00913309	0.0131825	0.352862	110.99	39.6955	0.0276873	
366.55	-0.0093793	0.00985054	0.00913309	0.0136016	0.329901	133.596	38.4724	0.0276873	
366.556	-0.0128186	0.00565938	0.00913309	0.0140124	0.308218	156.179	37.3447	0.0276873	
366.562	-0.0144116	0.000260212	0.00913309	0.014414	0.28783	178.966	36.3041	0.0276873	
366.568	-0.0137635	-0.00543768	0.00913309	0.0147988	0.269076	201.558	35.3602	0.0276873	
366.574	-0.0108429	-0.010607	0.00913309	0.0151683	0.251793	224.37	34.4987	0.0276873	
366.58	-0.00604883	-0.0143058	0.00913309	0.015532	0.235492	247.08	33.6908	0.0276873	
366.586	2.04373e-05	-0.0158716	0.00913309	0.0158716	0.22091	270.074	32.97	0.0276873	
366.592	0.006341	-0.014926	0.00913309	0.0162171	0.206708	293.017	32.2677	0.0276873	
366.598	0.011813	-0.0115284	0.00913309	0.0165061	0.195317	315.699	31.7028	0.0276873	
366.604	0.0156535	-0.00611229	0.00913309	0.0168046	0.184015	338.671	31.1396	0.0276873	
366.61	0.0170724	0.000424736	0.00913309	0.0170776	0.174088	1.42514	30.6417	0.0276873	
366.616	0.0157836	0.00718762	0.00913309	0.0173431	0.164809	24.4839	30.1727	0.0276873	
366.622	0.0119039	0.0129462	0.00913309	0.0175871	0.156601	47.4019	29.7541	0.0276873	
366.628	0.00604432	0.016734	0.00913309	0.0177922	0.149936	70.1403	29.4111	0.0276873	
366.634	-0.000955162	0.0179724	0.00913309	0.0179977	0.143467	93.0422	29.0752	0.0276873	
366.64	-0.00796257	0.0163381	0.00913309	0.0181751	0.138053	115.983	28.7914	0.0276873	
366.646	-0.0138082	0.0120652	0.00913309	0.0183368	0.133255	138.854	28.5376	0.0276873	
366.652	-0.0175496	0.00578271	0.00913309	0.0184778	0.129173	161.763	28.3198	0.0276873	
366.658	-0.0185639	-0.00143856	0.00913309	0.0186196	0.125163	184.431	28.1041	0.0276873	
366.664	-0.0166451	-0.00857117	0.00913309	0.0187223	0.122317	207.246	27.9499	0.0276873	
366.67	-0.0120623	-0.0144195	0.00913309	0.0187995	0.120213	230.087	27.8352	0.0276873	
366.676	-0.00561974	-0.0180063	0.00913309	0.0188629	0.118504	252.667	27.7416	0.0276873	
366.682	0.00185635	-0.0188208	0.00913309	0.0189121	0.11719	275.633	27.6694	0.0276873	
366.688	0.00898142	-0.0167066	0.00913309	0.0189677	0.11572	298.262	27.5883	0.0276873	
366.694	0.0147343	-0.011965	0.00913309	0.0189806	0.115382	320.922	27.5696	0.0276873	
366.7	0.0182265	-0.0053502	0.00913309	0.0189955	0.11499	343.641	27.5479	0.0276873	
366.706	0.0188767	0.00203119	0.00913309	0.0189857	0.115248	6.14156	27.5622	0.0276873	
366.712	0.0165957	0.00918054	0.00913309	0.0189658	0.115771	28.9508	27.5911	0.0276873	
366.718	0.0118308	0.0147887	0.00913309	0.0189386	0.116488	51.3407	27.6307	0.0276873	
366.724	0.00526269	0.0181799	0.00913309	0.0189263	0.116815	73.8554	27.6487	0.0276873	
366.73	-0.00209685	0.018753	0.00913309	0.0188699	0.118317	96.38	27.7313	0.0276873	
366.736	-0.00905779	0.0164864	0.00913309	0.0188108	0.119907	118.785	27.8185	0.0276873	
366.742	-0.0146643	0.0117184	0.00913309	0.0187713	0.120978	141.371	27.877	0.0276873	
366.748	-0.0179476	0.00527149	0.00913309	0.0187057	0.122774	163.632	27.9747	0.0276873	
366.754	-0.0185506	-0.00197018	0.00913309	0.0186549	0.124179	186.062	28.0509	0.0276873	
366.76	-0.0163479	-0.00883785	0.00913309	0.0185839	0.126163	208.396	28.1581	0.0276873	
366.766	-0.0117654	-0.0143087	0.00913309	0.0185247	0.127835	230.571	28.2481	0.0276873	
366.772	-0.00542944	-0.0176402	0.00913309	0.0184568	0.129773	252.892	28.352	0.0276873	
366.778	0.00172253	-0.0183107	0.00913309	0.0183916	0.131657	275.374	28.4526	0.0276873	
366.784	0.00844501	-0.0162702	0.00913309	0.0183313	0.133414	297.431	28.546	0.0276873	
366.79	0.0139441	-0.0118125	0.00913309	0.0182749	0.135076	319.731	28.6342	0.0276873	
366.796	0.0173041	-0.0056849	0.00913309	0.018214	0.136888	341.813	28.73	0.0276873	
366.802	0.0181134	0.00129393	0.00913309	0.0181596	0.138522	4.08599	28.816	0.0276873	
366.808	0.0162006	0.00807291	0.00913309	0.0181006	0.14031	26.4876	28.91	0.0276873	
366.814	0.011946	0.0135475	0.00913309	0.0180622	0.141483	48.5947	28.9715	0.0276873	
366.82	0.0059162	0.0170083	0.00913309	0.0180079	0.143153	70.8202	29.0588	0.0276873	
366.826	-0.000917747	0.0179509	0.00913309	0.0179744	0.144192	92.9267	29.113	0.0276873	
366.832	-0.00764686	0.0162283	0.00913309	0.0179397	0.145274	115.23	29.1693	0.0276873	
366.838	-0.0132482	0.0120382	0.00913309	0.0179006	0.146498	137.74	29.233	0.0276873	
366.844	-0.0167851	0.0061367	0.00913309	0.0178717	0.147407	159.917	29.2802	0.0276873	
366.85	-0.0178262	-0.00069668	0.00913309	0.0178398	0.148418	182.238	29.3325	0.0276873	
366.856	-0.0162011	-0.00738767	0.00913309	0.017806	0.149493	204.513	29.3882	0.0276873	
366.862	-0.0121232	-0.0129774	0.00913309	0.0177591	0.150998	226.949	29.4659	0.0276873	
366.868	-0.00622845	-0.0165938	0.00913309	0.0177243	0.15212	249.427	29.5238	0.0276873	
366.874	0.000595451	-0.0176822	0.00913309	0.0176922	0.153157	271.929	29.5772	0.0276873	
366.88	0.00731657	-0.0160537	0.00913309	0.0176424	0.154783	294.501	29.6608	0.0276873	
366.886	0.0128478	-0.0119943	0.00913309	0.0175764	0.156954	316.968	29.7722	0.0276873	
366.892	0.0164226	-0.0060986	0.00913309	0.0175184	0.15888	339.627	29.8707	0.0276873	
366.898	0.01743	0.000711291	0.00913309	0.0174445	0.161361	2.33686	29.9973	0.0276873	
366.904	0.0157327	0.00737745	0.00913309	0.0173766	0.163664	25.123	30.1145	0.0276873	
366.91	0.0115573	0.0128318	0.00913309	0.0172692	0.167354	47.9915	30.3017	0.0276873	
366.916	0.00566486	0.01619	0.00913309	0.0171525	0.171434	70.7152	30.5079	0.0276873	
366.922	-0.00107641	0.0170009	0.00913309	0.017035	0.175614	93.6228	30.7184	0.0276873	
366.928	-0.00758278	0.015106	0.00913309	0.0169024	0.180414	116.655	30.9594	0.0276873	
366.934	-0.0127602	0.0108126	0.00913309	0.0167253	0.18697	139.723	31.2872	0.0276873	
366.94	-0.0158198	0.00487712	0.00913309	0.0165545	0.19345	162.866	31.6099	0.0276873	
366.946	-0.0162615	-0.00171672	0.00913309	0.0163518	0.20134	186.026	32.0017	0.0276873	
366.952	-0.0140979	-0.00784501	0.00913309	0.0161336	0.21008	209.095	32.4346	0.0276873	
366.958	-0.00968979	-0.0125807	0.00913309	0.0158797	0.220569	232.396	32.9532	0.0276873	
366.964	-0.0038309	-0.0151633	0.00913309	0.0156398	0.230798	255.821	33.4587	0.0276873	
366.97	0.00246752	-0.0151405	0.00913309	0.0153402	0.244	279.256	34.1121	0.0276873	
366.976	0.00810813	-0.0126439	0.00913309	0.0150203	0.258628	302.671	34.8386	0.0276873	
366.982	0.0121927	-0.00819117	0.00913309	0.0146886	0.274365	326.106	35.6253	0.0276873	
366.988	0.0141056	-0.00255671	0.00913309	0.0143355	0.291752	349.726	36.503	0.0276873	
366.994	0.0135742	0.00323898	0.00913309	0.0139553	0.311183	13.4206	37.4975	0.0276873	
