364	0.0011471	0.00436592	0.00791568	0.0045141	0.849926	75.2788	100.471	0.0240229	
364.006	0.000291593	0.00541497	0.00791564	0.00542282	0.790836	86.9176	83.6342	0.0240228	
364.012	-0.00100428	0.00627021	0.00791561	0.00635012	0.724854	99.0996	71.4208	0.0240227	
364.018	-0.00282594	0.00703388	0.00791557	0.00758033	0.632203	111.888	59.8297	0.0240226	
364.024	-0.00519548	0.00715212	0.00791604	0.00884001	0.536047	125.996	51.3071	0.024024	
364.03	-0.00783728	0.00641236	0.00791596	0.0101263	0.441223	140.71	44.7896	0.0240238	
364.036	-0.01042	0.00470293	0.00791527	0.0114321	0.35239	155.708	39.67	0.0240217	
364.042	-0.0124379	0.00178168	0.00791573	0.0125649	0.28371	171.848	36.0958	0.0240231	
364.048	-0.0133842	-0.00189852	0.00791544	0.0135182	0.232624	188.073	33.549	0.0240222	
364.054	-0.0129893	-0.00602956	0.00791526	0.0143206	0.194629	204.9	31.6686	0.0240217	
364.06	-0.0109955	-0.00997381	0.00791543	0.0148451	0.172272	222.211	30.5502	0.0240222	
364.066	-0.0074631	-0.013107	0.00791485	0.0150828	0.16272	240.343	30.0665	0.0240204	
364.072	-0.00291501	-0.0147896	0.00791547	0.0150741	0.163106	258.85	30.0861	0.0240223	
364.078	0.00216933	-0.0145846	0.00791526	0.014745	0.176378	278.46	30.7569	0.0240217	
364.084	0.0068489	-0.0124843	0.00791544	0.0142396	0.19827	298.749	31.8494	0.0240222	
364.09	0.0104382	-0.00865791	0.00791555	0.0135615	0.230465	320.326	33.4423	0.0240226	
364.096	0.0121837	-0.003668	0.00791524	0.0127239	0.274706	343.245	35.6424	0.0240216	
364.102	0.0118028	0.00157052	0.0079155	0.0119068	0.322592	7.57948	38.0895	0.0240224	
364.108	0.00934175	0.00621649	0.00791569	0.0112211	0.366132	33.6418	40.4181	0.024023	
364.114	0.00516532	0.00942522	0.00791522	0.0107478	0.397763	61.2759	42.1955	0.0240215	
364.12	0.000101324	0.0105928	0.00791497	0.0105933	0.408345	89.452	42.8095	0.0240208	
364.126	-0.00500856	0.00946872	0.0079155	0.0107118	0.40025	117.877	42.3388	0.0240224	
364.132	-0.00915213	0.00636182	0.00791499	0.011146	0.371004	145.196	40.6867	0.0240208	
364.138	-0.011606	0.00171345	0.00791548	0.0117318	0.333417	171.602	38.6576	0.0240223	
364.144	-0.0118916	-0.00355145	0.00791522	0.0124106	0.29252	196.628	36.542	0.0240215	
364.15	-0.00993416	-0.0084384	0.00791511	0.0130343	0.25771	220.346	34.7929	0.0240212	
364.156	-0.00612176	-0.012106	0.00791517	0.0135658	0.230217	243.175	33.43	0.0240214	
364.162	-0.00114499	-0.013843	0.0079155	0.0138902	0.214449	265.272	32.6506	0.0240224	
364.168	0.00403038	-0.0133661	0.00791507	0.0139606	0.211086	286.78	32.4843	0.0240211	
364.174	0.00853117	-0.0108636	0.00791566	0.013813	0.218156	308.143	32.8339	0.0240229	
364.18	0.0115069	-0.00679732	0.00791541	0.0133646	0.240414	329.429	33.9344	0.0240221	
364.186	0.012553	-0.0019611	0.00791513	0.0127053	0.275734	351.121	35.6941	0.0240213	
364.192	0.0115227	0.00268448	0.00791537	0.0118313	0.327227	13.1144	38.332	0.024022	
364.198	0.00876463	0.00634455	0.00791567	0.01082	0.392893	35.9001	41.9164	0.0240229	
364.204	0.00489741	0.00838755	0.00791564	0.00971265	0.471051	59.7197	46.695	0.0240228	
364.21	0.000728244	0.00858315	0.00791497	0.00861399	0.553101	85.1503	52.6463	0.0240208	
364.216	-0.00300067	0.00704484	0.00791542	0.00765727	0.626304	113.071	59.2274	0.0240221	
364.222	-0.00550204	0.00412586	0.00791545	0.00687715	0.685622	143.135	65.9462	0.0240222	
364.228	-0.00638732	0.000540734	0.00791507	0.00641017	0.720404	175.161	70.747	0.0240211	
364.234	-0.00563813	-0.00295693	0.00791535	0.00636647	0.723638	207.675	71.2351	0.0240219	
364.24	-0.00343961	-0.00566908	0.0079151	0.00663094	0.704041	238.754	68.3918	0.0240212	
364.246	-0.000328104	-0.00708265	0.00791583	0.00709024	0.669554	267.348	63.9673	0.0240234	
364.252	0.00296414	-0.00700958	0.00791552	0.00761055	0.629888	292.922	59.5917	0.0240224	
364.258	0.00582584	-0.00550629	0.00791546	0.00801621	0.598811	316.615	56.5757	0.0240223	
364.264	0.00774642	-0.00301033	0.0079155	0.00831078	0.576267	338.763	54.5706	0.0240224	
364.27	0.00838142	-3.3764e-05	0.00791544	0.00838149	0.570859	359.769	54.1098	0.0240222	
364.276	0.00766112	0.00282591	0.00791529	0.00816569	0.587349	20.2472	55.5388	0.0240218	
364.282	0.00588576	0.00498032	0.00791569	0.0077101	0.62228	40.2367	58.8235	0.024023	
364.288	0.00340358	0.00606257	0.00791573	0.00695263	0.679952	60.6898	65.2326	0.0240231	
364.294	0.00084641	0.00592087	0.007916	0.00598106	0.751683	81.8645	75.8316	0.0240239	
364.3	-0.001246	0.00462154	0.0079157	0.00478656	0.832913	105.089	94.752	0.024023	
364.306	-0.00258113	0.00251313	0.00791538	0.00360251	0.901612	135.765	125.889	0.024022	
364.312	-0.00252098	9.85064e-05	0.00791538	0.0025229	0.950473	177.762	179.761	0.024022	
364.318	-0.00140592	-0.00210717	0.00791541	0.00253313	0.950081	236.289	179.035	0.0240221	
364.324	0.000763824	-0.00356391	0.00791525	0.00364484	0.899404	282.097	124.425	0.0240216	
364.33	0.00344299	-0.00392122	0.00791539	0.00521825	0.804682	311.285	86.9101	0.0240221	
364.336	0.00629279	-0.0030117	0.00791572	0.00697636	0.678161	334.424	65.0106	0.0240231	
364.342	0.00867337	-0.000878388	0.00791551	0.00871773	0.545265	354.217	52.0233	0.0240224	
364.348	0.0101078	0.00220644	0.00791574	0.0103458	0.425661	12.314	43.838	0.0240231	
364.354	0.0103226	0.00585045	0.00791584	0.0118653	0.325175	29.5428	38.2245	0.0240234	
364.36	0.00916251	0.00945538	0.00791525	0.0131665	0.250699	45.9012	34.4443	0.0240216	
364.366	0.0066561	0.0126483	0.0079151	0.0142928	0.195853	62.2447	31.7294	0.0240212	
364.372	0.00308221	0.0148167	0.00791548	0.0151339	0.160776	78.2487	29.9675	0.0240223	
364.378	-0.00110206	0.0156343	0.00791513	0.0156731	0.140792	94.0321	28.9352	0.0240213	
364.384	-0.00543163	0.0150172	0.00791537	0.0159694	0.130657	109.885	28.3992	0.024022	
364.39	-0.00932312	0.0129594	0.00791585	0.0159645	0.130851	125.732	28.4096	0.0240235	
364.396	-0.0122884	0.00971521	0.00791542	0.0156649	0.141099	141.67	28.9514	0.0240222	
364.402	-0.0140574	0.00568617	0.0079157	0.0151638	0.159631	157.977	29.9091	0.024023	
364.408	-0.0143549	0.0014274	0.00791551	0.0144257	0.190011	174.321	31.4388	0.0240224	
364.414	-0.0132314	-0.00266099	0.00791592	0.0134963	0.233763	191.371	33.6053	0.0240237	
364.42	-0.0108674	-0.00604213	0.00791521	0.0124341	0.291159	209.074	36.4729	0.0240215	
364.426	-0.00764872	-0.00835288	0.00791553	0.0113258	0.359284	227.52	40.0437	0.0240225	
364.432	-0.00399295	-0.00938041	0.00791557	0.0101949	0.436306	246.942	44.4859	0.0240226	
364.438	-0.000356296	-0.00911671	0.00791527	0.00912367	0.514623	267.762	49.7071	0.0240217	
364.444	0.00283925	-0.00768074	0.00791558	0.00818872	0.58561	290.287	55.3847	0.0240226	
364.45	0.00518564	-0.00544106	0.00791559	0.00751638	0.637093	313.623	60.3388	0.0240226	
364.456	0.00650877	-0.00273364	0.00791545	0.00705952	0.671855	337.218	64.2425	0.0240222	
364.462	0.00680818	2.40016e-05	0.00791537	0.00680822	0.690797	0.20199	66.6132	0.024022	
364.468	0.00624758	0.00245653	0.00791583	0.00671318	0.697948	21.4646	67.5603	0.0240234	
364.474	0.00506753	0.00434511	0.00791561	0.00667532	0.700762	40.6112	67.9415	0.0240227	
364.48	0.00360102	0.00555275	0.00791514	0.00661819	0.704993	57.0362	68.5239	0.0240213	
364.486	0.00218423	0.0061206	0.00791513	0.00649867	0.713868	70.3603	69.7841	0.0240213	
364.492	0.000986176	0.00625301	0.0079155	0.0063303	0.726303	81.0376	71.6435	0.0240224	
364.498	0.000203872	0.00617872	0.00791524	0.00618208	0.737118	88.1102	73.3588	0.0240216	
364.504	-0.000185754	0.00615467	0.00791507	0.00615747	0.738897	91.7287	73.6504	0.0240211	
364.51	-0.000375087	0.00645864	0.00791537	0.00646952	0.71604	93.3237	70.1006	0.024022	
364.516	-0.000557736	0.00717628	0.00791514	0.00719792	0.661337	94.4441	63.0048	0.0240213	
364.522	-0.00108532	0.0082818	0.00791514	0.00835261	0.573041	97.466	54.2949	0.0240213	
364.528	-0.0022159	0.00956222	0.00791545	0.00981562	0.463536	103.047	46.2041	0.0240222	
364.534	-0.004012	0.0107466	0.00791543	0.0114711	0.349902	110.472	39.5359	0.0240222	
364.54	-0.00659512	0.0115153	0.00791547	0.0132702	0.245293	119.801	34.1761	0.0240223	
364.546	-0.00970587	0.0114687	0.00791554	0.0150245	0.16507	130.241	30.1859	0.0240225	
364.552	-0.0130298	0.0104081	0.00791554	0.0166764	0.108686	141.383	27.1957	0.0240225	
364.558	-0.0162096	0.00816504	0.00791534	0.0181499	0.0721553	153.265	24.9872	0.0240219	
364.564	-0.0186991	0.00485722	0.00791559	0.0193196	0.0508677	165.439	23.4751	0.0240227	
364.57	-0.0201885	0.000670279	0.0079157	0.0201996	0.0385445	178.098	22.4527	0.024023	
364.576	-0.0203746	-0.00388538	0.00791563	0.0207418	0.0322858	190.797	21.8657	0.0240228	
364.582	-0.0191091	-0.00843378	0.00791547	0.0208874	0.0307562	203.814	21.7127	0.0240223	
364.588	-0.0165119	-0.0124246	0.00791581	0.0206643	0.0331278	216.96	21.9481	0.0240233	
364.594	-0.0128929	-0.0153739	0.00791539	0.0200645	0.0402444	230.016	22.603	0.0240221	
364.6	-0.00859516	-0.0170394	0.00791526	0.0190845	0.054655	243.232	23.7633	0.0240217	
364.606	-0.00407909	-0.0172712	0.00791532	0.0177464	0.0809966	256.711	25.5553	0.0240218	
364.612	3.96463e-06	-0.0161974	0.00791508	0.0161974	0.123209	270.014	27.9983	0.0240211	
364.618	0.00336829	-0.0140768	0.00791561	0.0144741	0.187907	283.457	31.3339	0.0240227	
364.624	0.00572794	-0.0110705	0.00791513	0.0124646	0.289396	297.357	36.3835	0.0240213	
364.63	0.00688573	-0.00778566	0.00791558	0.0103937	0.422282	311.49	43.6348	0.0240226	
364.636	0.00689176	-0.00459109	0.00791513	0.00828097	0.578516	326.33	54.7645	0.0240213	
364.642	0.00592703	-0.00188042	0.00791495	0.00621817	0.734472	342.398	72.9302	0.0240207	
364.648	0.00427423	0.000157175	0.00791517	0.00427712	0.864158	2.10597	106.031	0.0240214	
364.654	0.00228492	0.00127299	0.00791523	0.0026156	0.946865	29.1234	173.386	0.0240216	
364.66	0.000268677	0.0015969	0.00791523	0.00161935	0.97929	80.4495	280.057	0.0240216	
364.666	-0.00155083	0.00116246	0.00791513	0.00193814	0.970465	143.146	233.989	0.0240213	
364.672	-0.00287284	0.000211414	0.00791582	0.00288061	0.935931	175.791	157.447	0.0240233	
364.678	-0.00357557	-0.00105758	0.00791562	0.0037287	0.894986	196.477	121.633	0.0240227	
364.684	-0.00374385	-0.00233578	0.00791587	0.00441273	0.856092	211.96	102.781	0.0240235	
364.69	-0.0033587	-0.00344991	0.00791517	0.00481485	0.831089	225.767	94.189	0.0240214	
364.696	-0.00257747	-0.00419524	0.00791495	0.00492376	0.824075	238.434	92.1031	0.0240207	
364.702	-0.00166179	-0.00444017	0.00791546	0.00474095	0.835797	249.481	95.6606	0.0240223	
364.708	-0.000766742	-0.00420208	0.0079157	0.00427146	0.864509	259.659	106.178	0.024023	
364.714	-0.000177871	-0.00353558	0.00791543	0.00354006	0.904829	267.12	128.111	0.0240222	
364.72	-2.61646e-05	-0.00256848	0.00791586	0.00256861	0.948715	269.416	176.572	0.0240235	
364.726	-0.000451035	-0.00155709	0.00791534	0.0016211	0.979246	253.846	279.758	0.0240219	
364.732	-0.00148429	-0.000796049	0.0079157	0.00168429	0.977617	208.205	269.275	0.024023	
364.738	-0.00299423	-0.000520621	0.0079161	0.00303916	0.928953	189.864	149.238	0.0240242	
364.744	-0.00481192	-0.0009691	0.00791568	0.00490854	0.825089	191.387	92.3971	0.0240229	
364.75	-0.00659116	-0.00229948	0.00791572	0.00698076	0.677829	199.233	64.9697	0.0240231	
364.756	-0.00799251	-0.00450231	0.00791548	0.00917338	0.510919	209.393	49.4391	0.0240223	
364.762	-0.00856438	-0.0074642	0.00791543	0.0113606	0.357019	221.073	39.9205	0.0240222	
364.768	-0.00801175	-0.0108404	0.00791542	0.0134797	0.234557	233.533	33.6446	0.0240221	
364.774	-0.00619939	-0.0141534	0.00791548	0.0154516	0.148778	246.346	29.3512	0.0240223	
364.78	-0.00308522	-0.0169424	0.00791527	0.017221	0.0937836	259.679	26.3348	0.0240217	
364.786	0.00106763	-0.0187047	0.00791549	0.0187352	0.0607422	273.267	24.2071	0.0240223	
364.792	0.00586952	-0.0190765	0.00791598	0.019959	0.0416426	287.102	22.7241	0.0240238	
364.798	0.0107681	-0.0177985	0.00791532	0.0208024	0.0316348	301.174	21.8011	0.0240218	
364.804	0.0151296	-0.0149863	0.0079153	0.0212954	0.0268048	315.273	21.2962	0.0240218	
364.81	0.0185102	-0.0107013	0.00791534	0.0213809	0.0260367	329.966	21.2112	0.0240219	
364.816	0.0203528	-0.00554756	0.00791529	0.0210953	0.0286826	344.753	21.4983	0.0240218	
364.822	0.020423	-0.000105571	0.00791537	0.0204233	0.0358382	359.704	22.2059	0.024022	
364.828	0.0188196	0.00513113	0.00791547	0.0195066	0.0480009	15.2509	23.2498	0.0240223	
364.834	0.0156154	0.00932913	0.00791525	0.01819	0.0713178	30.8553	24.9319	0.0240216	
364.84	0.0114554	0.0122415	0.00791583	0.0167655	0.106151	46.9	27.0522	0.0240234	
364.846	0.00674762	0.0135851	0.00791538	0.0151686	0.159425	63.5867	29.8985	0.024022	
364.852	0.0021502	0.0133445	0.00791536	0.0135166	0.232695	80.8466	33.5525	0.024022	
364.858	-0.00187214	0.0117535	0.00791525	0.0119017	0.322885	99.0503	38.1049	0.0240216	
364.864	-0.00490235	0.00915902	0.00791545	0.0103885	0.422638	118.158	43.6562	0.0240222	
364.87	-0.00677599	0.00597464	0.00791549	0.00903384	0.521384	138.596	50.2028	0.0240224	
364.876	-0.00748475	0.00269633	0.00791519	0.00795561	0.603433	160.189	57.0047	0.0240214	
364.882	-0.00712811	-0.000312504	0.00791574	0.00713496	0.666158	182.51	63.5657	0.0240231	
364.888	-0.00598275	-0.00282233	0.0079154	0.00661505	0.705243	205.255	68.5587	0.0240221	
364.894	-0.0043668	-0.00460953	0.00791562	0.00634954	0.724898	226.549	71.4275	0.0240228	
364.9	-0.00251034	-0.0057446	0.00791541	0.00626915	0.730777	246.395	72.3415	0.0240221	
364.906	-0.000636698	-0.00625212	0.00791588	0.00628446	0.729685	264.185	72.1695	0.0240235	
364.912	0.0011049	-0.00626413	0.00791544	0.00636083	0.724057	280.003	71.2991	0.0240222	
364.918	0.00263985	-0.00596546	0.00791572	0.00652346	0.712068	293.87	69.5241	0.024023	
364.924	0.00393059	-0.00533569	0.00791522	0.00662716	0.70433	306.378	68.4318	0.0240215	
364.93	0.00507436	-0.00451573	0.00791544	0.00679271	0.691965	318.334	66.7658	0.0240222	
364.936	0.00591938	-0.00346416	0.00791544	0.00685853	0.687022	329.663	66.1252	0.0240222	
364.942	0.00654633	-0.0022794	0.00791518	0.00693182	0.681486	340.802	65.4239	0.0240214	
364.948	0.00688802	-0.000957441	0.00791567	0.00695424	0.679827	352.087	65.2169	0.0240229	
364.954	0.00685995	0.000410535	0.00791489	0.00687222	0.685956	3.42479	65.9889	0.0240205	
364.96	0.00649151	0.00163534	0.00791558	0.00669433	0.699341	14.1397	67.7483	0.0240226	
364.966	0.00574242	0.00269875	0.00791567	0.00634497	0.725237	25.172	71.4794	0.0240229	
364.972	0.00478699	0.00343192	0.00791516	0.0058901	0.758143	35.6377	76.9945	0.0240214	
364.978	0.00378126	0.00377256	0.00791527	0.00534136	0.796372	44.934	84.9056	0.0240217	
364.984	0.00283993	0.00374596	0.00791541	0.00470079	0.838328	52.8331	96.4774	0.0240221	
364.99	0.00208554	0.00338813	0.00791549	0.00397856	0.881335	58.3858	113.992	0.0240224	
364.996	0.00168772	0.00289241	0.0079154	0.00334879	0.914392	59.7364	135.428	0.0240221	
365.002	0.00166914	0.00239241	0.0079154	0.00291713	0.934344	55.0973	155.468	0.0240221	
365.008	0.00192991	0.00206873	0.00791546	0.00282917	0.938121	46.9883	160.302	0.0240223	
365.014	0.00232846	0.00208557	0.00791591	0.00312591	0.924993	41.8504	145.093	0.0240236	
365.02	0.00272498	0.00245937	0.00791558	0.0036707	0.898056	42.0671	123.554	0.0240226	
365.026	0.0028745	0.00312536	0.00791578	0.00424625	0.865993	47.3942	106.81	0.0240232	
365.032	0.00267542	0.00398596	0.00791551	0.0048006	0.832011	56.13	94.4726	0.0240224	
365.038	0.00207892	0.00477256	0.00791551	0.00520569	0.805529	66.4622	87.1211	0.0240224	
365.044	0.00110756	0.0053253	0.00791582	0.00543926	0.789719	78.2511	83.3833	0.0240234	
365.05	-4.45717e-05	0.00550134	0.00791593	0.00550152	0.785443	90.4642	82.4407	0.0240237	
365.056	-0.001194	0.00522552	0.00791542	0.0053602	0.795099	102.871	84.6089	0.0240222	
365.062	-0.00212931	0.00447924	0.00791567	0.0049596	0.821778	115.425	91.4458	0.0240229	
365.068	-0.00263027	0.00356766	0.00791525	0.00443244	0.854881	126.4	102.316	0.0240216	
365.074	-0.00268149	0.00264201	0.00791549	0.00376439	0.893075	135.425	120.478	0.0240223	
365.08	-0.00231412	0.00188735	0.00791529	0.00298618	0.931308	140.8	151.871	0.0240218	
365.086	-0.00163031	0.00149843	0.00791573	0.00221432	0.961629	137.414	204.821	0.0240231	
365.092	-0.000908722	0.00161752	0.00791549	0.0018553	0.972905	119.327	244.448	0.0240224	
365.098	-0.00039299	0.00223244	0.00791555	0.00226677	0.959826	99.9838	200.077	0.0240225	
365.104	-0.000287091	0.00318624	0.00791559	0.00319914	0.921575	95.1487	141.766	0.0240227	
365.11	-0.000723727	0.00428623	0.00791538	0.0043469	0.860024	99.584	104.331	0.024022	
365.116	-0.00171634	0.00524849	0.00791537	0.005522	0.784002	108.109	82.1291	0.024022	
365.122	-0.00323739	0.0058288	0.00791539	0.0066675	0.701332	119.048	68.0193	0.0240221	
365.128	-0.00504287	0.00583671	0.00791527	0.00771348	0.621991	130.827	58.7947	0.0240217	
365.134	-0.00691262	0.00521207	0.00791546	0.00865737	0.549844	142.984	52.3857	0.0240223	
365.14	-0.00862724	0.00398359	0.0079156	0.00950254	0.486471	155.215	47.7273	0.0240227	
365.146	-0.00993844	0.00223851	0.00791571	0.0101874	0.436849	167.307	44.5193	0.024023	
365.152	-0.0107225	0.000155613	0.00791577	0.0107237	0.399462	179.169	42.2934	0.0240232	
365.158	-0.0109489	-0.0020688	0.00791553	0.0111426	0.371282	190.7	40.7021	0.0240225	
365.164	-0.0107148	-0.00418923	0.00791534	0.0115046	0.347748	201.354	39.4202	0.0240219	
365.17	-0.00992833	-0.00619491	0.00791527	0.0117025	0.33523	211.963	38.7534	0.0240217	
365.176	-0.00886941	-0.00795227	0.00791542	0.0119124	0.322242	221.879	38.0713	0.0240222	
365.182	-0.00753875	-0.00949772	0.00791535	0.012126	0.309299	231.559	37.4004	0.0240219	
365.188	-0.00603874	-0.0107985	0.00791563	0.0123723	0.294781	240.785	36.657	0.0240228	
365.194	-0.00432791	-0.0118341	0.00791543	0.0126007	0.281648	249.912	35.9917	0.0240222	
365.2	-0.00240415	-0.0126655	0.00791535	0.0128916	0.265455	259.252	35.1791	0.0240219	
365.206	-0.000328886	-0.013193	0.00791565	0.0131971	0.249121	268.572	34.366	0.0240228	
365.212	0.00194481	-0.0133957	0.00791569	0.0135362	0.231744	278.261	33.5055	0.024023	
365.218	0.00431025	-0.0131205	0.00791505	0.0138103	0.218231	288.186	32.8376	0.024021	
365.224	0.00672169	-0.0123394	0.00791558	0.0140514	0.206887	298.579	32.2765	0.0240226	
365.23	0.00901621	-0.0109626	0.00791567	0.014194	0.200348	309.436	31.9525	0.0240229	
365.236	0.010944	-0.0090073	0.00791582	0.014174	0.201271	320.544	31.9983	0.0240234	
365.242	0.0123552	-0.00664563	0.00791565	0.014029	0.20793	331.725	32.3282	0.0240228	
365.248	0.0131878	-0.00402966	0.00791536	0.0137897	0.219253	343.009	32.8881	0.024022	
365.254	0.0133943	-0.0013393	0.00791551	0.0134611	0.235505	354.29	33.6915	0.0240224	
365.26	0.0130299	0.00127877	0.00791573	0.0130925	0.254658	5.60512	34.6411	0.0240231	
365.266	0.0120188	0.0036613	0.00791572	0.0125641	0.283749	16.9423	36.0977	0.024023	
365.272	0.0105839	0.005742	0.00791564	0.0120411	0.314429	28.4809	37.6653	0.0240228	
365.278	0.00881343	0.00738057	0.00791581	0.0114956	0.348368	39.9436	39.4535	0.0240233	
365.284	0.00682088	0.00859137	0.00791581	0.0109698	0.382804	51.5531	41.3447	0.0240233	
365.29	0.00474554	0.00934568	0.0079159	0.0104815	0.416183	63.0795	43.2713	0.0240236	
365.296	0.00247934	0.00964998	0.00791502	0.00996339	0.45281	75.5908	45.5164	0.0240209	
365.302	0.000228587	0.00955703	0.00791582	0.00955976	0.482274	88.6298	47.4429	0.0240234	
365.308	-0.0019578	0.00892315	0.00791502	0.0091354	0.513722	102.375	49.6417	0.0240209	
365.314	-0.00404201	0.00781949	0.00791566	0.0088024	0.53886	117.335	51.5239	0.0240229	
365.32	-0.00582565	0.00624445	0.00791551	0.00853999	0.558777	133.013	53.1061	0.0240224	
365.326	-0.00715837	0.00422949	0.00791526	0.00831449	0.575963	149.423	54.5446	0.0240216	
365.332	-0.00792581	0.00185564	0.00791554	0.00814014	0.589325	166.823	55.7149	0.0240225	
365.338	-0.00801334	-0.000636471	0.0079152	0.00803857	0.597078	184.541	56.4164	0.0240215	
365.344	-0.00738729	-0.00303027	0.00791507	0.00798464	0.601199	202.303	56.7965	0.0240211	
365.35	-0.00603918	-0.00517375	0.00791557	0.00795232	0.603715	220.587	57.031	0.0240226	
365.356	-0.00417205	-0.00673587	0.00791549	0.00792326	0.605936	238.227	57.2396	0.0240224	
365.362	-0.0019878	-0.00764462	0.00791563	0.00789884	0.607817	255.424	57.4176	0.0240228	
365.368	0.000167119	-0.00777212	0.00791518	0.00777391	0.617355	271.232	58.337	0.0240214	
365.374	0.00228818	-0.00725418	0.00791578	0.00760651	0.630216	287.507	59.6254	0.0240232	
365.38	0.00386666	-0.00620668	0.00791532	0.00731259	0.652626	301.922	62.0183	0.0240219	
365.386	0.00493306	-0.00482935	0.00791525	0.00690346	0.683628	315.609	65.6933	0.0240216	
365.392	0.00541313	-0.00345945	0.00791578	0.00642415	0.719415	327.418	70.5993	0.0240232	
365.398	0.00543393	-0.00223262	0.00791544	0.0058747	0.759255	337.664	77.199	0.0240222	
365.404	0.00520297	-0.00136489	0.00791518	0.00537901	0.793806	345.301	84.3103	0.0240214	
365.41	0.00491369	-0.000859601	0.00791513	0.00498832	0.819884	350.077	90.9131	0.0240213	
365.416	0.00476308	-0.000577932	0.0079158	0.00479801	0.832188	353.082	94.5271	0.0240233	
365.422	0.0048502	-0.000441787	0.00791535	0.00487028	0.827543	354.796	93.1191	0.0240219	
365.428	0.00520257	-0.000116444	0.00791563	0.00520387	0.805656	358.718	87.1528	0.0240228	
365.434	0.00561582	0.000406834	0.0079153	0.00563054	0.776461	4.14351	80.5452	0.0240218	
365.44	0.00599629	0.00135301	0.0079156	0.00614704	0.739684	12.7153	73.7803	0.0240227	
365.446	0.0060632	0.00262193	0.00791609	0.00660583	0.705972	23.3852	68.6604	0.0240242	
365.452	0.00568578	0.00408339	0.0079153	0.00700015	0.676335	35.685	64.7862	0.0240218	
365.458	0.00466362	0.00547463	0.00791562	0.00719173	0.66184	49.5737	63.0629	0.0240227	
365.464	0.0030597	0.00653216	0.00791541	0.00721325	0.660191	64.9013	62.8731	0.0240221	
365.47	0.00107146	0.0070333	0.00791579	0.00711445	0.667717	81.3381	63.7493	0.0240233	
365.476	-0.00108498	0.00677655	0.00791584	0.00686286	0.686722	99.0964	66.0868	0.0240234	
365.482	-0.00308952	0.00573703	0.00791557	0.00651603	0.71261	118.303	69.6021	0.0240226	
365.488	-0.0046141	0.00397941	0.00791517	0.00609308	0.743568	139.224	74.4296	0.0240214	
365.494	-0.00543123	0.00176903	0.0079154	0.00571206	0.770758	161.959	79.3967	0.0240221	
365.5	-0.00535846	-0.00059021	0.00791531	0.00539087	0.793004	186.286	84.1263	0.0240218	
365.506	-0.00442209	-0.00275912	0.00791526	0.00521226	0.805078	211.962	87.0085	0.0240216	
365.512	-0.00283847	-0.00436351	0.00791612	0.00520549	0.805569	236.956	87.1311	0.0240243	
365.518	-0.000793546	-0.00528422	0.0079155	0.00534347	0.796239	261.46	84.8746	0.0240224	
365.524	0.00133792	-0.0053811	0.00791562	0.00554493	0.782428	283.962	81.7921	0.0240227	
365.53	0.00324672	-0.00474169	0.00791517	0.00574672	0.768307	304.4	78.9156	0.0240214	
365.536	0.00470175	-0.00356836	0.00791579	0.00590251	0.757292	322.804	76.8387	0.0240233	
365.542	0.00557483	-0.0020484	0.00791513	0.00593925	0.754632	339.825	76.357	0.0240213	
365.548	0.00580897	-0.000490606	0.00791542	0.00582965	0.762456	355.172	77.7955	0.0240221	
365.554	0.00555574	0.000891769	0.00791549	0.00562685	0.776728	9.11894	80.6	0.0240224	
365.56	0.00490992	0.00191302	0.00791524	0.00526944	0.801236	21.2871	86.0642	0.0240216	
365.566	0.00410091	0.00247519	0.00791553	0.00478999	0.832688	31.1139	94.6821	0.0240225	
365.572	0.00336691	0.00268867	0.00791508	0.00430871	0.862286	38.6093	105.252	0.0240211	
365.578	0.00278775	0.00263348	0.00791544	0.00383494	0.889261	43.3699	118.26	0.0240222	
365.584	0.00251105	0.00241601	0.00791548	0.00348461	0.907647	43.8949	130.15	0.0240223	
365.59	0.00248186	0.00226502	0.00791538	0.00336005	0.913841	42.3845	134.974	0.024022	
365.596	0.00255762	0.0022212	0.00791506	0.0033875	0.912485	40.9731	133.874	0.0240211	
365.602	0.00276169	0.00240988	0.00791517	0.0036653	0.898329	41.1084	123.729	0.0240214	
365.608	0.00291992	0.00279143	0.00791542	0.00403956	0.877899	43.7112	112.27	0.0240222	
365.614	0.0029445	0.00330696	0.00791536	0.00442788	0.855161	48.3184	102.423	0.024022	
365.62	0.00275565	0.0039271	0.00791579	0.00479747	0.832222	54.9426	94.5377	0.0240233	
365.626	0.00231284	0.00455139	0.00791564	0.00510533	0.812214	63.0621	88.8351	0.0240228	
365.632	0.00167391	0.00505786	0.00791545	0.00532765	0.79731	71.6879	85.1261	0.0240223	
365.638	0.000837451	0.00534031	0.00791571	0.00540557	0.792018	81.0876	83.9017	0.024023	
365.644	-5.65765e-05	0.0054512	0.00791554	0.0054515	0.788866	90.5946	83.1932	0.0240225	
365.65	-0.000951042	0.00528873	0.00791572	0.00537356	0.794203	100.194	84.4016	0.0240231	
365.656	-0.00177551	0.00482687	0.0079153	0.00514307	0.809697	110.195	88.1796	0.0240218	
365.662	-0.00244976	0.00423173	0.00791526	0.00488967	0.82629	120.067	92.7488	0.0240217	
365.668	-0.0028641	0.00346118	0.00791549	0.00449253	0.851238	129.607	100.951	0.0240224	
365.674	-0.00311	0.00264763	0.00791558	0.00408436	0.875357	139.591	111.04	0.0240226	
365.68	-0.00305962	0.00186494	0.00791509	0.00358319	0.902605	148.636	126.563	0.0240211	
365.686	-0.00282741	0.00118337	0.00791554	0.00306507	0.927771	157.289	147.967	0.0240225	
365.692	-0.0024515	0.000655979	0.00791573	0.00253775	0.949907	165.02	178.717	0.0240231	
365.698	-0.00203614	0.000374995	0.00791535	0.00207038	0.96637	169.565	219.05	0.0240219	
365.704	-0.00162693	0.000277185	0.00791547	0.00165038	0.978498	170.331	274.8	0.0240223	
365.71	-0.00132786	0.000272929	0.00791525	0.00135562	0.985441	168.385	334.542	0.0240216	
365.716	-0.00119235	0.000356856	0.00791564	0.00124461	0.987715	163.338	364.399	0.0240228	
365.722	-0.00123199	0.000418402	0.00791583	0.00130109	0.986583	161.242	348.586	0.0240234	
365.728	-0.00140048	0.000340198	0.00791552	0.0014412	0.983561	166.346	314.685	0.0240224	
365.734	-0.00157099	4.4561e-05	0.00791549	0.00157163	0.980482	178.375	288.57	0.0240224	
365.74	-0.00163764	-0.000486987	0.00791516	0.00170851	0.976973	196.561	265.439	0.0240214	
365.746	-0.0014339	-0.00120763	0.00791578	0.00187468	0.972346	220.104	241.929	0.0240232	
365.752	-0.000834374	-0.00197878	0.00791551	0.0021475	0.963866	247.137	211.187	0.0240224	
365.758	0.000142654	-0.00255315	0.00791564	0.00255713	0.949158	273.198	177.36	0.0240228	
365.764	0.00153917	-0.00283015	0.00791491	0.00322162	0.920501	298.539	140.765	0.0240206	
365.77	0.00315908	-0.00252064	0.00791528	0.00404146	0.877788	321.414	112.215	0.0240217	
365.776	0.00480675	-0.00148206	0.00791604	0.00503004	0.817191	342.864	90.1693	0.024024	
365.782	0.00613635	0.000301769	0.0079151	0.00614377	0.739893	2.81539	73.815	0.0240212	
365.788	0.00680921	0.00269224	0.00791527	0.00732212	0.651896	21.573	61.9372	0.0240217	
365.794	0.00656942	0.00542462	0.00791553	0.00851961	0.560331	39.5478	53.2332	0.0240225	
365.8	0.00525604	0.00816279	0.00791571	0.00970861	0.471352	57.2224	46.7149	0.024023	
365.806	0.00285462	0.0104642	0.00791495	0.0108466	0.391023	74.7411	41.8097	0.0240207	
365.812	-0.000418537	0.0118557	0.00791536	0.0118631	0.325264	92.0219	38.2292	0.024022	
365.818	-0.00415987	0.0120204	0.00791537	0.0127199	0.274942	109.089	35.6543	0.024022	
365.824	-0.00793395	0.0108385	0.00791539	0.0134321	0.236967	126.205	33.7638	0.024022	
365.83	-0.011148	0.00835952	0.00791501	0.0139341	0.212327	143.135	32.5457	0.0240209	
365.836	-0.0133963	0.00476809	0.00791584	0.0142196	0.199205	160.408	31.8958	0.0240234	
365.842	-0.0142552	0.000528856	0.00791573	0.0142651	0.197147	177.875	31.7937	0.0240231	
365.848	-0.0135511	-0.00367881	0.00791495	0.0140416	0.207287	195.188	32.2963	0.0240207	
365.854	-0.0114975	-0.0073677	0.00791558	0.0136556	0.225805	212.652	33.2119	0.0240226	
365.86	-0.00832096	-0.0100186	0.00791557	0.0130235	0.258333	230.289	34.8239	0.0240226	
365.866	-0.00448328	-0.0113958	0.00791588	0.012246	0.302211	248.525	37.0363	0.0240235	
365.872	-0.000640283	-0.0112646	0.00791528	0.0112828	0.362061	266.747	40.1951	0.0240217	
365.878	0.00259084	-0.00981506	0.00791531	0.0101512	0.439385	284.787	44.6757	0.0240218	
365.884	0.00489827	-0.00763459	0.0079153	0.00907084	0.518589	302.684	49.9968	0.0240218	
365.89	0.00593394	-0.00484592	0.00791551	0.00766124	0.626007	320.763	59.1974	0.0240224	
365.896	0.00591757	-0.00231835	0.00791513	0.0063555	0.72443	338.606	71.356	0.0240213	
365.902	0.00497763	-0.00033977	0.00791543	0.00498921	0.819838	356.095	90.9002	0.0240222	
365.908	0.00351471	0.000704726	0.00791572	0.00358467	0.902543	11.3379	126.521	0.0240231	
365.914	0.00200927	0.000862653	0.00791516	0.00218662	0.96256	23.2356	207.4	0.0240213	
365.92	0.00102132	0.000167086	0.0079151	0.00103489	0.991489	9.29119	438.21	0.0240212	
365.926	0.000749769	-0.000886617	0.00791555	0.00116114	0.989299	310.22	390.589	0.0240225	
365.932	0.0013234	-0.00191268	0.00791538	0.00232588	0.957747	304.68	194.987	0.024022	
365.938	0.00262938	-0.0025105	0.00791558	0.00363541	0.899905	316.325	124.753	0.0240226	
365.944	0.004358	-0.00223381	0.00791539	0.00489715	0.825813	332.861	92.6087	0.0240221	
365.95	0.0060072	-0.000986781	0.00791559	0.00608771	0.74398	350.672	74.4993	0.0240227	
365.956	0.00715453	0.00112986	0.00791533	0.0072432	0.657908	8.97416	62.6126	0.0240219	
365.962	0.00733987	0.00383731	0.00791529	0.00828243	0.578417	27.6007	54.756	0.0240217	
365.968	0.00635876	0.00667933	0.00791517	0.00922211	0.50725	46.4085	49.1759	0.0240214	
365.974	0.00416574	0.00909271	0.00791532	0.0100015	0.450094	65.3856	45.3445	0.0240219	
365.98	0.00101678	0.0106002	0.00791518	0.0106488	0.404541	84.5209	42.5875	0.0240214	
365.986	-0.00259083	0.0108659	0.00791525	0.0111705	0.369415	103.411	40.5989	0.0240216	
365.992	-0.00618331	0.00973077	0.00791558	0.0115291	0.346208	122.433	39.3376	0.0240226	
365.998	-0.00919608	0.00730394	0.00791536	0.0117437	0.332661	141.542	38.6177	0.024022	
366.004	-0.0111169	0.00391967	0.00791494	0.0117877	0.32989	160.578	38.4718	0.0240207	
366.01	-0.0116713	9.78637e-05	0.00791492	0.0116717	0.337131	179.52	38.854	0.0240206	
366.016	-0.0108463	-0.00360885	0.00791494	0.0114309	0.352437	198.404	39.6725	0.0240207	
366.022	-0.00873952	-0.00670977	0.00791496	0.0110182	0.379489	217.515	41.1587	0.0240208	
366.028	-0.00578334	-0.00875371	0.0079155	0.0104916	0.415441	236.548	43.2273	0.0240224	
366.034	-0.0024729	-0.00951785	0.00791547	0.00983386	0.462214	255.436	46.1185	0.0240223	
366.04	0.000672775	-0.00906899	0.0079156	0.00909391	0.516884	274.243	49.8719	0.0240227	
366.046	0.00322425	-0.00758978	0.00791546	0.00824624	0.581198	293.017	54.9974	0.0240223	
366.052	0.00480742	-0.00548487	0.0079156	0.0072935	0.654099	311.234	62.1829	0.0240227	
366.058	0.00541471	-0.0031605	0.00791562	0.00626959	0.730757	329.728	72.3383	0.0240227	
366.064	0.00508249	-0.0011052	0.00791562	0.00520127	0.80583	347.732	87.1964	0.0240228	
366.07	0.00405734	0.000385888	0.00791546	0.00407565	0.875851	5.43298	111.276	0.0240223	
366.076	0.00273013	0.00108551	0.0079155	0.00293802	0.933434	21.6829	154.364	0.0240224	
366.082	0.00143035	0.00106483	0.00791575	0.00178319	0.974946	36.6661	254.342	0.0240231	
366.088	0.000550754	0.000435864	0.00791523	0.000702359	0.996071	38.3579	645.695	0.0240216	
366.094	0.000219574	-0.000513267	0.00791503	0.000558261	0.997516	293.161	812.34	0.024021	
366.1	0.000508402	-0.00141754	0.00791538	0.00150595	0.982064	289.73	301.15	0.024022	
366.106	0.0013412	-0.00199172	0.00791522	0.0024012	0.955028	303.956	188.867	0.0240215	
366.112	0.00244059	-0.0020554	0.00791576	0.00319079	0.92197	319.897	142.14	0.0240232	
366.118	0.0035019	-0.00144695	0.00791522	0.00378906	0.891741	337.55	119.689	0.0240215	
366.124	0.00418807	-0.000299785	0.00791566	0.00419879	0.868764	355.906	108.015	0.0240229	
366.13	0.00422176	0.00121411	0.00791542	0.00439287	0.857273	16.0444	103.24	0.0240222	
366.136	0.00342604	0.00266756	0.00791567	0.00434207	0.860322	37.9047	104.451	0.0240229	
366.142	0.00190518	0.00368811	0.00791542	0.00415113	0.87152	62.6802	109.252	0.0240222	
366.148	-0.000190938	0.00392551	0.00791554	0.00393015	0.884033	92.7847	115.397	0.0240225	
366.154	-0.00239195	0.00305963	0.00791549	0.00388366	0.886598	128.018	116.778	0.0240224	
366.16	-0.00430078	0.00106502	0.00791579	0.00443068	0.855006	166.091	102.364	0.0240233	
366.166	-0.00526767	-0.00197176	0.00791563	0.00562461	0.776891	200.522	80.6336	0.0240228	
366.172	-0.00486011	-0.00567728	0.00791534	0.00747343	0.640357	229.434	60.6837	0.0240219	
366.178	-0.00278492	-0.00945405	0.00791548	0.0098557	0.460631	253.586	46.0164	0.0240223	
366.184	0.00104424	-0.01259	0.00791528	0.0126332	0.279796	274.741	35.8984	0.0240217	
366.19	0.00642821	-0.0143165	0.00791535	0.0156934	0.140092	294.181	28.8986	0.0240219	
366.196	0.0128231	-0.014009	0.00791531	0.0189916	0.0562219	312.469	23.8797	0.0240218	
366.202	0.0193408	-0.0112359	0.00791548	0.0223676	0.0184518	329.846	20.2759	0.0240223	
366.208	0.0251546	-0.00588791	0.00791552	0.0258345	0.00486293	346.826	17.5551	0.0240224	
366.214	0.0291866	0.00173073	0.00791544	0.0292378	0.00108956	3.39359	15.5114	0.0240222	
366.22	0.0305791	0.0109477	0.00791519	0.0324798	0.00022058	19.698	13.9628	0.0240214	
366.226	0.0287721	0.0207455	0.00791575	0.0354712	4.36154e-05	35.7927	12.7861	0.0240231	
366.232	0.0236339	0.0298451	0.00791542	0.0380695	9.48462e-06	51.6248	11.9129	0.0240221	
366.238	0.0154309	0.037211	0.00791572	0.0402836	2.37789e-06	67.4768	11.2586	0.0240231	
366.244	0.00496313	0.0416726	0.00791557	0.0419671	7.87221e-07	83.2082	10.8068	0.0240226	
366.25	-0.00669503	0.0425294	0.00791561	0.0430531	3.76843e-07	98.9462	10.5342	0.0240227	
366.256	-0.0180969	0.0395877	0.0079158	0.043528	2.71633e-07	114.567	10.4195	0.0240233	
366.262	-0.0278626	0.0331538	0.00791581	0.043307	3.16589e-07	130.044	10.4727	0.0240233	
366.268	-0.0350436	0.0239976	0.00791583	0.0424728	5.60434e-07	145.597	10.6785	0.0240234	
366.274	-0.0386711	0.0132305	0.00791577	0.0408717	1.625e-06	161.113	11.0967	0.0240232	
366.28	-0.0386178	0.0022955	0.00791554	0.038686	6.5041e-06	176.598	11.7233	0.0240225	
366.286	-0.0351172	-0.0074866	0.00791556	0.0359064	3.40243e-05	192.035	12.6309	0.0240226	
366.292	-0.0290269	-0.0149424	0.00791528	0.0326471	0.000202246	207.238	13.8913	0.0240217	
366.298	-0.0213384	-0.0195887	0.00791574	0.0289663	0.00123667	222.552	15.6575	0.0240231	
366.304	-0.0133335	-0.0210683	0.00791557	0.024933	0.0070071	237.672	18.1899	0.0240226	
366.31	-0.00620617	-0.019761	0.00791555	0.0207126	0.0325962	252.564	21.8962	0.0240226	
366.316	-0.000826534	-0.016373	0.00791574	0.0163938	0.117114	267.11	27.6652	0.0240231	
366.322	0.00228479	-0.0119133	0.0079157	0.0121304	0.309064	280.857	37.3883	0.024023	
366.328	0.00312316	-0.00739067	0.0079156	0.00802348	0.598265	292.908	56.5254	0.0240227	
366.334	0.0020241	-0.00373342	0.00791567	0.00424682	0.865957	298.465	106.794	0.0240229	
366.34	-0.000249633	-0.00155197	0.00791552	0.00157192	0.980475	260.862	288.517	0.0240225	
366.346	-0.00289346	-0.0010415	0.00791581	0.0030752	0.927315	199.796	147.484	0.0240233	
366.352	-0.00507915	-0.00202962	0.00791541	0.00546966	0.787612	201.782	82.9156	0.0240221	
366.358	-0.00631036	-0.00405149	0.00791528	0.00749901	0.638398	212.702	60.4762	0.0240217	
366.364	-0.00618228	-0.00648975	0.00791558	0.00896311	0.526715	226.39	50.5995	0.0240226	
366.37	-0.00473923	-0.00865348	0.0079155	0.00986626	0.459868	241.292	45.9673	0.0240224	
366.376	-0.00241894	-0.00998851	0.00791529	0.0102772	0.43045	256.387	44.1279	0.0240218	
366.382	0.000280425	-0.0101267	0.00791541	0.0101306	0.440864	271.586	44.7673	0.0240221	
366.388	0.00287284	-0.00911578	0.00791565	0.00955775	0.482406	287.492	47.4519	0.0240228	
366.394	0.00476656	-0.00720014	0.00791525	0.00863494	0.551531	303.505	52.5204	0.0240216	
366.4	0.00567074	-0.00475481	0.00791508	0.00740037	0.645916	320.021	61.2808	0.0240211	
366.406	0.0054482	-0.00233213	0.00791551	0.00592636	0.755574	336.826	76.5268	0.0240224	
366.412	0.00433317	-0.000350191	0.00791567	0.0043473	0.86001	355.38	104.326	0.0240229	
366.418	0.0026173	0.000793105	0.00791558	0.00273482	0.942061	16.8581	165.835	0.0240226	
366.424	0.000706296	0.000972615	0.00791533	0.00120201	0.988536	54.0135	377.296	0.0240219	
366.43	-0.000933525	0.000258008	0.0079159	0.000968523	0.992543	164.55	468.288	0.0240236	
366.436	-0.00189824	-0.00110043	0.00791551	0.00219414	0.96231	210.101	206.698	0.0240224	
366.442	-0.00206602	-0.00274023	0.00791589	0.0034318	0.910305	232.985	132.16	0.0240236	
366.448	-0.00141917	-0.00430056	0.00791575	0.00452867	0.849035	251.737	100.148	0.0240232	
366.454	-4.29768e-05	-0.00540218	0.00791542	0.00540235	0.792225	269.544	83.9486	0.0240222	
366.46	0.00171586	-0.0058135	0.00791579	0.00606143	0.745889	286.444	74.8241	0.0240233	
366.466	0.00349389	-0.00545243	0.00791553	0.00647582	0.715583	302.652	70.0338	0.0240225	
366.472	0.00516392	-0.00446049	0.00791568	0.00682364	0.68966	319.18	66.4653	0.024023	
366.478	0.00627553	-0.00282387	0.00791554	0.00688161	0.685292	335.773	65.9042	0.0240225	
366.484	0.00678344	-0.000883092	0.0079153	0.00684068	0.688355	352.583	66.2966	0.0240218	
366.49	0.0066169	0.00106738	0.00791532	0.00670244	0.698718	9.16349	67.6641	0.0240218	
366.496	0.00580078	0.00277733	0.00791554	0.00643138	0.718867	25.5844	70.5178	0.0240225	
366.502	0.00447545	0.00422149	0.00791556	0.00615229	0.739301	43.3274	73.717	0.0240226	
