364	0.00194483	0.00294289	0.00791588	0.00352746	0.905482	56.5411	128.576	0.0240235	
364.006	0.0016342	0.00444078	0.00791557	0.00473192	0.836372	69.7965	95.8445	0.0240226	
364.012	0.000653634	0.00576131	0.0079155	0.00579827	0.764683	83.5273	78.2173	0.0240224	
364.018	-0.00112335	0.00720202	0.00791559	0.00728911	0.654433	98.8654	62.2202	0.0240227	
364.024	-0.00381543	0.00786821	0.00791568	0.0087445	0.543249	115.87	51.8652	0.0240229	
364.03	-0.00697224	0.00745406	0.00791567	0.0102066	0.435482	133.087	44.4353	0.0240229	
364.036	-0.0101502	0.00585704	0.00791544	0.0117188	0.334224	150.013	38.7002	0.0240222	
364.042	-0.01274	0.00263484	0.00791519	0.0130096	0.259044	168.315	34.8593	0.0240214	
364.048	-0.014014	-0.00152734	0.00791505	0.0140969	0.204736	186.22	32.17	0.024021	
364.054	-0.0136972	-0.00629829	0.00791512	0.0150759	0.163011	204.694	30.0813	0.0240212	
364.06	-0.0114424	-0.0108501	0.00791493	0.0157687	0.137438	223.478	28.7589	0.0240207	
364.066	-0.00727542	-0.0144194	0.00791542	0.0161509	0.12472	243.226	28.0802	0.0240222	
364.072	-0.00194891	-0.0161847	0.0079154	0.0163016	0.119945	263.134	27.8205	0.0240221	
364.078	0.0039667	-0.015635	0.00791543	0.0161303	0.125383	284.236	28.116	0.0240222	
364.084	0.00920937	-0.0128245	0.00791505	0.0157886	0.136758	305.682	28.7231	0.024021	
364.09	0.0130672	-0.00803883	0.0079154	0.0153419	0.152837	328.401	29.5607	0.0240221	
364.096	0.0145244	-0.00194827	0.00791536	0.0146545	0.180173	352.36	30.9473	0.024022	
364.102	0.0133563	0.00416906	0.007915	0.0139919	0.209612	17.3353	32.4114	0.0240209	
364.108	0.00980609	0.00929518	0.00791539	0.0135115	0.232957	43.4678	33.5654	0.0240221	
364.114	0.00434621	0.0124489	0.00791548	0.0131858	0.249705	70.7547	34.395	0.0240223	
364.12	-0.00188883	0.0129751	0.00791571	0.0131119	0.253626	98.2826	34.5897	0.024023	
364.126	-0.00772623	0.0106567	0.00791523	0.0131628	0.25089	125.943	34.4538	0.0240216	
364.132	-0.0120261	0.00617889	0.00791505	0.0135206	0.23247	152.806	33.5414	0.024021	
364.138	-0.0139753	0.000130078	0.00791493	0.0139759	0.210356	179.467	32.4482	0.0240207	
364.144	-0.0131656	-0.00613782	0.00791489	0.014526	0.185607	204.995	31.2191	0.0240205	
364.15	-0.0097007	-0.0114217	0.00791489	0.0149853	0.166577	229.658	30.2623	0.0240205	
364.156	-0.00433794	-0.0147634	0.00791559	0.0153876	0.15115	253.626	29.4738	0.0240227	
364.162	0.00189752	-0.0153972	0.00791518	0.0155137	0.146491	277.026	29.2326	0.0240214	
364.168	0.00763308	-0.0133242	0.00791536	0.0153557	0.152319	299.807	29.5341	0.024022	
364.174	0.0119156	-0.00910407	0.00791509	0.0149955	0.166184	322.619	30.2424	0.0240211	
364.18	0.01381	-0.00354371	0.00791495	0.0142575	0.197424	345.608	31.8074	0.0240207	
364.186	0.0131823	0.00217804	0.00791523	0.013361	0.240582	9.38189	33.9427	0.0240216	
364.192	0.010133	0.00681561	0.00791551	0.0122119	0.304194	33.9253	37.1379	0.0240224	
364.198	0.0055186	0.0094967	0.00791513	0.0109837	0.381808	59.8388	41.2887	0.0240213	
364.204	0.000407388	0.00974856	0.00791528	0.00975707	0.467778	87.607	46.4803	0.0240217	
364.21	-0.00411154	0.0076983	0.0079151	0.00872746	0.544492	118.106	51.9626	0.0240212	
364.216	-0.00713349	0.00390617	0.00791507	0.00813295	0.589839	151.296	55.7608	0.0240211	
364.222	-0.0079179	-0.000786545	0.00791515	0.00795687	0.603333	185.673	56.9953	0.0240213	
364.228	-0.00639039	-0.00528118	0.00791464	0.00829024	0.577769	219.571	54.6999	0.0240198	
364.234	-0.00301217	-0.00851371	0.00791511	0.00903086	0.521576	250.516	50.217	0.0240212	
364.24	0.0014954	-0.0098286	0.00791486	0.00994171	0.454358	278.651	45.6147	0.0240205	
364.246	0.00618875	-0.00897306	0.00791509	0.0109003	0.387408	304.594	41.6045	0.0240211	
364.252	0.0098583	-0.00612374	0.00791498	0.0116054	0.34131	328.152	39.0761	0.0240208	
364.258	0.0119062	-0.00191729	0.00791457	0.0120595	0.313219	350.852	37.6027	0.0240196	
364.264	0.0120068	0.00263381	0.00791488	0.0122923	0.299394	12.3724	36.8922	0.0240205	
364.27	0.0101006	0.00668223	0.00791506	0.0121109	0.310174	33.4873	37.4455	0.0240211	
364.276	0.00665254	0.00940149	0.00791541	0.0115171	0.346959	54.7166	39.3778	0.0240221	
364.282	0.00251752	0.0102776	0.00791523	0.0105814	0.409191	76.2362	42.8591	0.0240216	
364.288	-0.00149148	0.00926186	0.00791548	0.00938118	0.495438	99.1481	48.344	0.0240223	
364.294	-0.00447865	0.00662283	0.00791518	0.00799501	0.600414	124.068	56.7237	0.0240214	
364.3	-0.00586482	0.00297649	0.00791577	0.0065769	0.708104	153.091	68.9595	0.0240232	
364.306	-0.00570788	-0.000874587	0.00791568	0.0057745	0.766373	188.711	78.541	0.0240229	
364.312	-0.0033808	-0.00404886	0.00791535	0.00527475	0.800882	230.138	85.9786	0.0240219	
364.318	-0.000110555	-0.00597123	0.0079153	0.00597225	0.752278	268.939	75.9368	0.0240218	
364.324	0.00379369	-0.00619292	0.00791533	0.00726253	0.656437	301.491	62.4459	0.0240219	
364.33	0.0073269	-0.00470673	0.00791484	0.00870843	0.545914	327.284	52.0744	0.0240204	
364.336	0.0101395	-0.00178174	0.00791515	0.0102949	0.429193	350.034	44.0516	0.0240213	
364.342	0.0115325	0.00202023	0.00791552	0.0117082	0.334899	9.93607	38.7359	0.0240224	
364.348	0.0113326	0.00608432	0.00791518	0.0128626	0.267028	28.2308	35.2577	0.0240214	
364.354	0.00967015	0.00983819	0.00791532	0.013795	0.218993	45.4935	32.8753	0.0240218	
364.36	0.00684148	0.012622	0.00791517	0.0143569	0.193007	61.5411	31.5879	0.0240214	
364.366	0.00324466	0.0143613	0.00791551	0.0147233	0.177301	77.2689	30.8032	0.0240224	
364.372	-0.00060879	0.0147211	0.00791562	0.0147337	0.176877	92.3681	30.7819	0.0240227	
364.378	-0.00421659	0.0137787	0.00791556	0.0144095	0.190724	107.015	31.4743	0.0240226	
364.384	-0.00721674	0.0118889	0.00791559	0.0139078	0.213621	121.258	32.6097	0.0240227	
364.39	-0.00937135	0.00928155	0.0079155	0.0131897	0.249497	135.276	34.3846	0.0240224	
364.396	-0.0105161	0.00631036	0.00791556	0.0122641	0.301113	149.033	36.9801	0.0240226	
364.402	-0.0108198	0.0032975	0.00791547	0.0113111	0.360235	163.051	40.0955	0.0240223	
364.408	-0.010245	0.000575868	0.0079153	0.0102612	0.431583	176.783	44.1969	0.0240218	
364.414	-0.00902464	-0.0017346	0.00791558	0.00918983	0.509698	190.88	49.3513	0.0240226	
364.42	-0.00726639	-0.00355207	0.00791563	0.00808811	0.593316	206.051	56.0739	0.0240228	
364.426	-0.00524973	-0.0047924	0.00791538	0.00710821	0.668162	222.393	63.8019	0.024022	
364.432	-0.00304608	-0.00534935	0.00791523	0.00615582	0.739025	240.341	73.6716	0.0240216	
364.438	-0.000825451	-0.00528004	0.00791527	0.00534418	0.796181	261.115	84.8609	0.0240217	
364.444	0.00123723	-0.00457941	0.0079152	0.00474359	0.83562	285.119	95.6041	0.0240215	
364.45	0.00296759	-0.00343688	0.00791537	0.00454078	0.848278	310.809	99.8764	0.024022	
364.456	0.00425596	-0.00182887	0.0079153	0.00463228	0.842613	336.746	97.903	0.0240218	
364.462	0.00498769	-3.7393e-05	0.00791519	0.00498783	0.819918	359.57	90.9227	0.0240214	
364.468	0.00522613	0.00187587	0.00791536	0.00555259	0.781884	19.7451	81.6765	0.024022	
364.474	0.00491668	0.00369484	0.00791515	0.00615025	0.739425	36.9245	73.7375	0.0240213	
364.48	0.00419883	0.00530125	0.0079154	0.00676265	0.694217	51.6192	67.0623	0.0240221	
364.486	0.00321954	0.00660029	0.00791523	0.00734366	0.650252	63.9974	61.7552	0.0240216	
364.492	0.0020067	0.00759106	0.00791486	0.00785181	0.611362	75.1925	57.7558	0.0240204	
364.498	0.000782303	0.00827506	0.00791529	0.00831196	0.57616	84.5995	54.5615	0.0240217	
364.504	-0.000371226	0.00875254	0.0079151	0.00876041	0.541994	92.4287	51.7672	0.0240212	
364.51	-0.0014976	0.00912753	0.00791518	0.00924958	0.505201	99.3178	49.0299	0.0240214	
364.516	-0.00258381	0.0095327	0.00791552	0.00987666	0.459117	105.165	45.919	0.0240224	
364.522	-0.00381238	0.00996864	0.00791559	0.0106728	0.402932	110.929	42.4941	0.0240227	
364.528	-0.00528755	0.0102839	0.00791556	0.0115636	0.344017	117.21	39.2204	0.0240226	
364.534	-0.00697225	0.0104554	0.00791523	0.0125669	0.283546	123.698	36.0875	0.0240216	
364.54	-0.00907865	0.010342	0.00791534	0.0137615	0.220614	131.278	32.9554	0.0240219	
364.546	-0.0113756	0.00969958	0.00791556	0.0149494	0.168061	139.547	30.3375	0.0240226	
364.552	-0.013704	0.00849817	0.00791556	0.0161251	0.12556	148.196	28.1256	0.0240226	
364.558	-0.0159376	0.00650953	0.00791556	0.0172157	0.0939356	157.783	26.3438	0.0240226	
364.564	-0.0176971	0.00386333	0.00791523	0.0181139	0.0729062	167.685	25.0366	0.0240216	
364.57	-0.0187909	0.000595278	0.00791573	0.0188004	0.0595786	178.186	24.1239	0.0240231	
364.576	-0.0190564	-0.00293394	0.00791584	0.019281	0.0514871	188.753	23.5229	0.0240234	
364.582	-0.0183234	-0.00658756	0.00791506	0.0194716	0.048511	199.774	23.2903	0.024021	
364.588	-0.0166561	-0.00994583	0.00791522	0.0193996	0.0496125	210.843	23.3772	0.0240215	
364.594	-0.0141743	-0.0127379	0.00791501	0.0190569	0.0551063	221.945	23.797	0.0240209	
364.6	-0.0110489	-0.0147644	0.00791495	0.0184409	0.0662598	233.191	24.5917	0.0240207	
364.606	-0.00745441	-0.0157639	0.00791496	0.0174375	0.0883149	244.691	26.0068	0.0240208	
364.612	-0.00395186	-0.01593	0.00791509	0.0164129	0.11649	256.068	27.6308	0.0240211	
364.618	-0.000641078	-0.0152314	0.00791471	0.0152449	0.156451	267.59	29.7464	0.02402	
364.624	0.00230338	-0.0134843	0.00791509	0.0136796	0.224583	279.694	33.1515	0.0240212	
364.63	0.00450729	-0.0111755	0.00791488	0.0120502	0.313813	291.965	37.6334	0.0240205	
364.636	0.00590191	-0.00845227	0.00791489	0.0103089	0.428179	304.925	43.9901	0.0240205	
364.642	0.00640285	-0.00563607	0.00791432	0.00853005	0.559436	318.644	53.16	0.0240188	
364.648	0.00606771	-0.00281889	0.0079154	0.00669053	0.699612	335.082	67.7851	0.0240221	
364.654	0.00498006	-0.000516897	0.00791532	0.00500682	0.818683	354.074	90.5795	0.0240219	
364.66	0.00325503	0.00132788	0.00791507	0.00351547	0.906074	22.1928	129.001	0.0240211	
364.666	0.000985134	0.00236118	0.00791555	0.00255845	0.949106	67.3531	177.266	0.0240226	
364.672	-0.00136975	0.00257159	0.00791575	0.00291364	0.934502	118.042	155.661	0.0240231	
364.678	-0.0035265	0.00189273	0.00791572	0.00400233	0.880008	151.777	113.318	0.0240231	
364.684	-0.00529339	0.000468401	0.00791542	0.00531407	0.798229	174.943	85.3433	0.0240222	
364.69	-0.00630213	-0.00148907	0.00791581	0.00647566	0.715612	193.294	70.038	0.0240233	
364.696	-0.00637954	-0.00365597	0.00791513	0.00735287	0.649543	209.816	61.6771	0.0240213	
364.702	-0.00564578	-0.00556863	0.0079155	0.00792997	0.605421	224.606	57.1912	0.0240224	
364.708	-0.00413482	-0.00695188	0.00791553	0.0080886	0.593271	239.257	56.0698	0.0240225	
364.714	-0.00226007	-0.00748007	0.00791526	0.00781405	0.614286	253.188	58.0379	0.0240217	
364.72	-0.000405835	-0.00700481	0.00791564	0.00701655	0.675119	266.684	64.6376	0.0240228	
364.726	0.000968669	-0.00567702	0.00791538	0.00575906	0.767447	279.683	78.7485	0.024022	
364.732	0.00137937	-0.00385356	0.00791554	0.00409299	0.874863	289.695	110.806	0.0240225	
364.738	0.000709211	-0.00195985	0.00791475	0.00208422	0.965922	289.894	217.578	0.0240201	
364.744	-0.0011412	-0.000555628	0.00791571	0.00126928	0.987226	205.96	357.318	0.024023	
364.75	-0.00379494	-0.000257572	0.0079154	0.00380367	0.890957	183.883	119.232	0.0240221	
364.756	-0.00674082	-0.00139244	0.00791553	0.00688313	0.685176	191.671	65.8895	0.0240225	
364.762	-0.00915578	-0.00414372	0.00791562	0.0100498	0.446657	204.351	45.1283	0.0240227	
364.768	-0.0103724	-0.00819175	0.00791557	0.0132171	0.248069	218.3	34.3138	0.0240226	
364.774	-0.00983616	-0.0128757	0.00791529	0.0162029	0.123048	232.623	27.9896	0.0240218	
364.78	-0.00724524	-0.0175121	0.00791583	0.0189517	0.0569267	247.524	23.9315	0.0240234	
364.786	-0.00271	-0.0211619	0.00791537	0.0213347	0.0264512	262.702	21.2573	0.024022	
364.792	0.00326259	-0.023085	0.00791534	0.0233145	0.0130637	278.044	19.4521	0.0240219	
364.798	0.00986379	-0.0226509	0.00791527	0.0247054	0.00766539	293.532	18.3568	0.0240217	
364.804	0.0160833	-0.0198912	0.00791511	0.0255799	0.00539545	308.958	17.7289	0.0240212	
364.81	0.0211794	-0.0147693	0.00791496	0.0258205	0.00488737	325.11	17.5633	0.0240208	
364.816	0.0240917	-0.0081807	0.00791496	0.0254427	0.00570423	341.244	17.8241	0.0240208	
364.822	0.0244719	-0.00108003	0.00791486	0.0244957	0.008319	357.473	18.5129	0.0240205	
364.828	0.0224175	0.00575123	0.00791511	0.0231435	0.0139151	14.389	19.5952	0.0240212	
364.834	0.0180789	0.0109805	0.00791506	0.0211522	0.0281313	31.273	21.4398	0.024021	
364.84	0.0125401	0.0142452	0.00791571	0.0189784	0.0564639	48.6423	23.8975	0.024023	
364.846	0.00649607	0.0152093	0.00791562	0.0165385	0.112738	66.8721	27.4228	0.0240228	
364.852	0.00101808	0.0139709	0.00791546	0.0140079	0.208898	85.8321	32.3761	0.0240223	
364.858	-0.00322668	0.0110877	0.00791557	0.0115477	0.345026	106.226	39.2743	0.0240226	
364.864	-0.00575555	0.00723899	0.00791535	0.00924821	0.505319	128.487	49.0383	0.0240219	
364.87	-0.0065105	0.0032005	0.00791537	0.00725464	0.65704	153.822	62.5141	0.024022	
364.876	-0.00579277	-0.000241304	0.00791552	0.0057978	0.764718	182.385	78.2238	0.0240224	
364.882	-0.00399989	-0.00270367	0.00791516	0.00482794	0.830252	214.056	93.9336	0.0240214	
364.888	-0.0018172	-0.00403169	0.00791518	0.0044223	0.855492	245.738	102.55	0.0240214	
364.894	0.000149318	-0.00421957	0.00791551	0.00422221	0.867393	272.027	107.414	0.0240224	
364.9	0.00161578	-0.00375409	0.00791519	0.00408705	0.875192	293.287	110.962	0.0240214	
364.906	0.0024176	-0.00299031	0.00791532	0.00384535	0.88869	308.955	117.938	0.0240218	
364.912	0.00262909	-0.00238132	0.00791558	0.00354722	0.904465	317.831	127.855	0.0240226	
364.918	0.00252294	-0.00225307	0.00791551	0.00338253	0.912739	318.234	134.078	0.0240224	
364.924	0.0024512	-0.00249627	0.00791523	0.00349853	0.906937	314.478	129.628	0.0240216	
364.93	0.00282549	-0.00309069	0.00791529	0.00418757	0.869405	312.433	108.3	0.0240217	
364.936	0.00364645	-0.00358708	0.00791519	0.00511505	0.811551	315.47	88.6612	0.0240214	
364.942	0.00499757	-0.00377643	0.00791526	0.00626395	0.731149	322.923	72.4002	0.0240217	
364.948	0.0067189	-0.00328874	0.00791504	0.0074806	0.639788	333.919	60.6233	0.024021	
364.954	0.00826619	-0.00206232	0.00791528	0.00851957	0.560314	345.991	53.2318	0.0240217	
364.96	0.0094429	-0.000194866	0.00791502	0.00944491	0.490677	358.818	48.015	0.0240209	
364.966	0.00978975	0.00216156	0.00791503	0.0100255	0.448343	12.451	45.2342	0.024021	
364.972	0.00928929	0.00457889	0.00791513	0.0103565	0.424853	26.2397	43.7893	0.0240213	
364.978	0.00802224	0.0066745	0.00791504	0.0104358	0.419292	39.7605	43.4561	0.024021	
364.984	0.00606805	0.00815121	0.00791489	0.0101619	0.43859	53.3347	44.6266	0.0240205	
364.99	0.00376768	0.00873437	0.00791548	0.00951234	0.485736	66.6664	47.6773	0.0240223	
364.996	0.00159703	0.00853672	0.00791547	0.00868482	0.547759	79.4037	52.2202	0.0240223	
365.002	-0.000143337	0.00759912	0.00791519	0.00760047	0.630635	91.0806	59.6683	0.0240215	
365.008	-0.00125501	0.00624217	0.00791538	0.00636708	0.723594	101.368	71.2285	0.024022	
365.014	-0.00178322	0.00485339	0.00791553	0.00517062	0.807872	110.174	87.7122	0.0240225	
365.02	-0.00168058	0.00366302	0.00791579	0.00403014	0.878442	114.646	112.537	0.0240233	
365.026	-0.00126484	0.00280603	0.00791534	0.00307793	0.927183	114.264	147.344	0.0240219	
365.032	-0.000774842	0.00243952	0.00791537	0.00255962	0.949058	107.621	177.182	0.024022	
365.038	-0.000320525	0.00233735	0.00791559	0.00235923	0.956556	97.8084	192.237	0.0240226	
365.044	-9.27033e-05	0.00241598	0.00791554	0.00241776	0.954423	92.1974	187.582	0.0240225	
365.05	-7.48766e-07	0.00256595	0.00791563	0.00256595	0.948816	90.0167	176.75	0.0240228	
365.056	-3.16085e-05	0.00266394	0.00791544	0.00266412	0.944933	90.6798	170.233	0.0240222	
365.062	-2.81466e-05	0.00253639	0.00791554	0.00253654	0.949951	90.6358	178.797	0.0240225	
365.068	0.00015563	0.00252576	0.00791532	0.00253055	0.950179	86.4741	179.216	0.0240218	
365.074	0.000466875	0.00270297	0.00791529	0.00274299	0.941721	80.2002	165.335	0.0240218	
365.08	0.000810715	0.00307404	0.00791554	0.00317915	0.922512	75.2258	142.657	0.0240225	
365.086	0.00114308	0.00372307	0.00791536	0.0038946	0.885992	72.9322	116.448	0.024022	
365.092	0.00117019	0.00472002	0.00791541	0.00486291	0.828019	76.0759	93.2609	0.0240221	
365.098	0.000707033	0.00593186	0.00791494	0.00597385	0.752143	83.2029	75.913	0.0240207	
365.104	-0.000314715	0.00707453	0.0079153	0.00708153	0.670179	92.5472	64.0418	0.0240218	
365.11	-0.00187759	0.00795898	0.00791508	0.00817745	0.586433	103.274	55.4575	0.0240211	
365.116	-0.00377274	0.00829438	0.00791566	0.0091121	0.515524	114.459	49.7727	0.0240229	
365.122	-0.00580149	0.00792154	0.00791547	0.00981876	0.46331	126.218	46.1895	0.0240223	
365.128	-0.00766299	0.00685971	0.00791559	0.0102848	0.429943	138.166	44.0971	0.0240227	
365.134	-0.00910508	0.00529174	0.00791521	0.0105311	0.41267	149.835	43.0635	0.0240215	
365.14	-0.00999779	0.00347593	0.0079154	0.0105848	0.408973	160.829	42.8463	0.0240221	
365.146	-0.010283	0.00166068	0.00791582	0.0104163	0.420727	170.826	43.5418	0.0240234	
365.152	-0.0101174	6.20511e-05	0.00791577	0.0101176	0.441825	179.649	44.8269	0.0240232	
365.158	-0.00976169	-0.00122238	0.00791543	0.00983792	0.461915	187.138	46.0993	0.0240222	
365.164	-0.00952416	-0.00205017	0.00791556	0.00974232	0.468879	192.148	46.5524	0.0240226	
365.17	-0.00929896	-0.00285277	0.00791572	0.00972672	0.470031	197.055	46.628	0.0240231	
365.176	-0.00947508	-0.00375223	0.00791523	0.010191	0.436551	201.604	44.501	0.0240216	
365.182	-0.00975733	-0.00503718	0.00791495	0.0109808	0.381985	207.305	41.2986	0.0240207	
365.188	-0.00991671	-0.00686224	0.00791526	0.0120595	0.313285	214.683	37.6061	0.0240217	
365.194	-0.00960058	-0.00912783	0.00791531	0.0132472	0.246474	223.554	34.2347	0.0240218	
365.2	-0.00839349	-0.0117336	0.00791493	0.0144266	0.189922	234.422	31.4343	0.0240206	
365.206	-0.00625874	-0.014228	0.00791519	0.0155438	0.145405	246.256	29.1761	0.0240215	
365.212	-0.0030365	-0.0162211	0.00791528	0.0165029	0.11378	259.397	27.4808	0.0240217	
365.218	0.000917207	-0.0171234	0.0079153	0.017148	0.0956823	273.066	26.447	0.0240218	
365.224	0.005263	-0.0166826	0.00791526	0.0174931	0.0869743	287.509	25.9252	0.0240217	
365.23	0.00940832	-0.0146959	0.00791532	0.0174495	0.0880397	302.627	25.9901	0.0240218	
365.236	0.0126315	-0.0113289	0.00791565	0.0169676	0.10052	318.112	26.7294	0.0240228	
365.242	0.0144406	-0.00716312	0.0079155	0.0161196	0.125734	333.617	28.1349	0.0240224	
365.248	0.0147601	-0.00280608	0.00791531	0.0150245	0.165053	349.236	30.185	0.0240218	
365.254	0.0136054	0.0011183	0.00791495	0.0136512	0.225967	4.69891	33.22	0.0240207	
365.26	0.0114687	0.00414744	0.00791523	0.0121956	0.305138	19.8816	37.1864	0.0240216	
365.266	0.00859415	0.00595402	0.00791545	0.0104551	0.417979	34.7142	43.3779	0.0240222	
365.272	0.00578262	0.00659195	0.00791551	0.00876883	0.54139	48.742	51.7201	0.0240224	
365.278	0.00347941	0.0061764	0.00791558	0.00708902	0.66963	60.6057	63.9763	0.0240226	
365.284	0.00200844	0.00522708	0.00791518	0.00559966	0.778607	68.9814	80.9882	0.0240214	
365.29	0.00148958	0.00422852	0.00791495	0.00448322	0.851788	70.5942	101.154	0.0240207	
365.296	0.00135264	0.00359203	0.00791518	0.00383827	0.889073	69.3653	118.154	0.0240214	
365.302	0.00151545	0.00366094	0.00791487	0.00396221	0.882231	67.5128	114.454	0.0240205	
365.308	0.00146835	0.00425064	0.00791502	0.00449711	0.850942	70.943	100.842	0.0240209	
365.314	0.000699514	0.00518816	0.00791517	0.0052351	0.803542	82.3212	86.6279	0.0240214	
365.32	-0.000761529	0.00600623	0.00791513	0.00605431	0.746366	97.226	74.9058	0.0240213	
365.326	-0.00287524	0.00621361	0.00791541	0.0068466	0.687916	114.831	66.2401	0.0240221	
365.332	-0.00529811	0.00544536	0.00791523	0.00759749	0.630865	134.215	59.6919	0.0240216	
365.338	-0.00754066	0.00361573	0.00791514	0.00836272	0.572269	154.382	54.2293	0.0240213	
365.344	-0.00905173	0.000853565	0.00791545	0.00909189	0.517022	174.613	49.8821	0.0240222	
365.35	-0.00928887	-0.0026392	0.00791552	0.00965653	0.475144	195.861	46.9657	0.0240224	
365.356	-0.00815052	-0.00602578	0.00791553	0.0101361	0.440481	216.476	44.7436	0.0240225	
365.362	-0.00573079	-0.00881118	0.00791535	0.0105109	0.414089	236.96	43.1473	0.0240219	
365.368	-0.00258621	-0.0103924	0.00791487	0.0107093	0.400359	256.025	42.3452	0.0240205	
365.374	0.0012584	-0.0105782	0.00791523	0.0106528	0.404269	276.784	42.5717	0.0240216	
365.38	0.00454082	-0.0092866	0.00791513	0.0103373	0.426201	296.057	43.8705	0.0240213	
365.386	0.00691503	-0.00679724	0.00791541	0.0096964	0.472218	315.492	46.772	0.0240221	
365.392	0.00794916	-0.00383373	0.00791578	0.00882534	0.537134	334.253	51.3907	0.0240232	
365.398	0.00763389	-0.000875109	0.00791509	0.00768389	0.624243	353.46	59.0198	0.0240212	
365.404	0.00623323	0.00129145	0.00791514	0.00636561	0.723688	11.7054	71.2429	0.0240213	
365.41	0.00421048	0.00236868	0.00791495	0.00483102	0.830046	29.3607	93.871	0.0240207	
365.416	0.00226979	0.00232419	0.00791548	0.00324866	0.919227	45.6785	139.603	0.0240223	
365.422	0.000895274	0.0012378	0.00791553	0.00152763	0.981549	54.1226	296.882	0.0240225	
365.428	0.000477913	-0.000211945	0.00791489	0.000522802	0.997821	336.084	867.422	0.0240205	
365.434	0.00102505	-0.0016998	0.0079149	0.00198496	0.969042	301.092	228.463	0.0240206	
365.44	0.00243609	-0.00244816	0.00791494	0.0034537	0.90919	314.858	131.306	0.0240207	
365.446	0.00420421	-0.00224758	0.00791548	0.00476729	0.834129	331.871	95.1324	0.0240223	
365.452	0.00579629	-0.000941612	0.00791531	0.00587227	0.759421	350.773	77.2297	0.0240218	
365.458	0.00659739	0.00113297	0.00791529	0.00669397	0.69935	9.74433	67.7495	0.0240218	
365.464	0.0062421	0.00360096	0.00791536	0.0072063	0.660715	29.9799	62.9333	0.024022	
365.47	0.00473252	0.00588966	0.00791517	0.00755545	0.634077	51.2171	60.0237	0.0240214	
365.476	0.00214081	0.00739247	0.00791573	0.00769621	0.623347	73.8493	58.9301	0.0240231	
365.482	-0.00100546	0.00764961	0.00791562	0.0077154	0.621869	97.488	58.7827	0.0240228	
365.488	-0.00408735	0.00648895	0.0079156	0.00766896	0.625424	122.207	59.1385	0.0240227	
365.494	-0.00655433	0.00405523	0.00791549	0.00770741	0.622471	148.254	58.8426	0.0240224	
365.5	-0.0077609	0.000725533	0.00791492	0.00779474	0.61574	174.659	58.1792	0.0240206	
365.506	-0.00745475	-0.00287809	0.00791547	0.00799104	0.600741	201.11	56.754	0.0240223	
365.512	-0.00578475	-0.00602318	0.00791528	0.00835117	0.573162	226.157	54.3052	0.0240217	
365.518	-0.00287497	-0.00825422	0.00791531	0.00874058	0.543515	250.797	51.886	0.0240218	
365.524	0.000592468	-0.00912805	0.00791502	0.00914725	0.512834	273.714	49.5774	0.0240209	
365.53	0.00401291	-0.00853759	0.00791544	0.00943366	0.491547	295.175	48.0748	0.0240222	
365.536	0.00687894	-0.00672283	0.00791498	0.00961854	0.47788	315.658	47.148	0.0240208	
365.542	0.00869055	-0.00399862	0.0079152	0.00956632	0.481736	335.292	47.4067	0.0240215	
365.548	0.00919807	-0.000970277	0.00791514	0.00924911	0.505233	353.978	49.0322	0.0240213	
365.554	0.00857889	0.00185273	0.00791536	0.00877667	0.540783	12.1866	51.6729	0.024022	
365.56	0.00694527	0.00398764	0.00791546	0.00800862	0.599392	29.8624	56.6293	0.0240223	
365.566	0.00478241	0.00503799	0.00791533	0.00694642	0.680394	46.4908	65.2876	0.0240219	
365.572	0.00267615	0.0051645	0.00791541	0.00581669	0.763375	62.6077	77.9688	0.0240221	
365.578	0.000843502	0.00440944	0.00791535	0.0044894	0.851425	79.1705	101.019	0.0240219	
365.584	-0.000178635	0.00300339	0.00791493	0.0030087	0.930299	93.4038	150.727	0.0240207	
365.59	-0.000392008	0.00151673	0.00791492	0.00156657	0.980603	104.491	289.48	0.0240206	
365.596	3.54322e-05	0.000165354	0.00791556	0.000169108	0.999772	77.9055	2681.89	0.0240226	
365.602	0.0011138	-0.000626231	0.00791507	0.00127778	0.987054	330.653	354.914	0.0240211	
365.608	0.00248791	-0.000791478	0.0079153	0.00261077	0.947056	342.353	173.708	0.0240218	
365.614	0.00382783	-0.000288516	0.00791518	0.00383869	0.88905	355.69	118.141	0.0240214	
365.62	0.0048007	0.000816676	0.0079152	0.00486967	0.827576	9.6545	93.1289	0.0240215	
365.626	0.00521107	0.00235472	0.00791504	0.00571839	0.770295	24.3167	79.3053	0.024021	
365.632	0.00497736	0.00399617	0.00791559	0.00638306	0.722431	38.76	71.0521	0.0240227	
365.638	0.00400475	0.0054123	0.0079156	0.00673283	0.696463	53.501	67.361	0.0240227	
365.644	0.00259292	0.00650913	0.00791628	0.00700657	0.675917	68.2801	64.7349	0.0240248	
365.65	0.000877273	0.00696183	0.00791541	0.00701688	0.675078	82.8179	64.6326	0.0240221	
365.656	-0.000933836	0.00667824	0.00791526	0.00674322	0.695663	97.9602	67.2544	0.0240217	
365.662	-0.00251974	0.00584377	0.00791541	0.00636386	0.723832	113.325	71.2648	0.0240221	
365.668	-0.00359357	0.00445927	0.00791559	0.00572703	0.769715	128.864	79.1912	0.0240227	
365.674	-0.00419919	0.00282829	0.00791509	0.00506285	0.814995	146.038	89.5742	0.0240211	
365.68	-0.00402364	0.00116797	0.00791552	0.00418973	0.869287	163.813	108.247	0.0240224	
365.686	-0.00326346	-0.000252579	0.00791566	0.00327322	0.918057	184.426	138.559	0.0240229	
365.692	-0.0020675	-0.00118876	0.00791544	0.00238489	0.955625	209.898	190.164	0.0240222	
365.698	-0.000738918	-0.00146905	0.0079155	0.00164442	0.978652	243.298	275.797	0.0240224	
365.704	0.000572139	-0.0010958	0.00791546	0.00123617	0.987879	297.57	366.877	0.0240223	
365.71	0.00149514	-0.000344847	0.00791562	0.00153439	0.981388	347.012	295.578	0.0240228	
365.716	0.00184024	0.000786549	0.00791544	0.00200128	0.968543	23.1427	226.615	0.0240222	
365.722	0.00154672	0.00192056	0.00791554	0.00246595	0.952632	51.1538	183.916	0.0240225	
365.728	0.000666982	0.0027558	0.00791511	0.00283537	0.937854	76.3944	159.945	0.0240212	
365.734	-0.000536861	0.00298354	0.00791553	0.00303145	0.929289	100.201	149.607	0.0240225	
365.74	-0.00176346	0.00249707	0.00791531	0.00305699	0.928133	125.23	148.353	0.0240218	
365.746	-0.00264362	0.00131645	0.00791535	0.00295326	0.932763	153.528	153.565	0.0240219	
365.752	-0.0028047	-0.000342052	0.00791499	0.00282548	0.938271	186.953	160.502	0.0240208	
365.758	-0.00214898	-0.00200065	0.00791563	0.00293611	0.93352	222.953	154.467	0.0240228	
365.764	-0.000530795	-0.00341942	0.00791541	0.00346037	0.908865	261.176	131.061	0.0240221	
365.77	0.00177777	-0.00400717	0.00791562	0.00438382	0.857823	293.924	103.456	0.0240227	
365.776	0.00445119	-0.00343398	0.0079153	0.00562186	0.777067	322.351	80.6697	0.0240218	
365.782	0.00690434	-0.00156821	0.00791528	0.0070802	0.670278	347.203	64.0536	0.0240217	
365.788	0.00851915	0.0014226	0.00791521	0.00863711	0.551362	9.48027	52.5069	0.0240215	
365.794	0.00884614	0.00511893	0.00791503	0.0102205	0.434443	30.0564	44.3716	0.024021	
365.8	0.00756415	0.00901309	0.00791537	0.0117666	0.33124	49.9953	38.5429	0.024022	
365.806	0.0045972	0.0123676	0.00791475	0.0131944	0.249188	69.6092	34.3693	0.0240201	
365.812	0.000305785	0.0144092	0.00791494	0.0144124	0.190545	88.7843	31.4654	0.0240207	
365.818	-0.00463518	0.0146927	0.00791536	0.0154065	0.150431	107.509	29.4367	0.024022	
365.824	-0.00957522	0.0130386	0.00791507	0.0161769	0.123864	126.293	28.0339	0.0240211	
365.83	-0.0136261	0.0095689	0.00791513	0.0166503	0.109417	144.922	27.2369	0.0240213	
365.836	-0.01613	0.00463411	0.00791517	0.0167825	0.105628	163.971	27.0225	0.0240214	
365.842	-0.0165933	-0.000947516	0.0079152	0.0166203	0.110298	183.268	27.2864	0.0240215	
365.848	-0.0148775	-0.00616044	0.00791526	0.0161026	0.126271	202.493	28.1639	0.0240217	
365.854	-0.0114104	-0.0103142	0.00791495	0.0153811	0.151342	222.111	29.4837	0.0240207	
365.86	-0.00668761	-0.0127132	0.00791509	0.0143649	0.192651	242.254	31.5702	0.0240212	
365.866	-0.00149666	-0.0131788	0.00791498	0.0132635	0.245598	263.521	34.1912	0.0240208	
365.872	0.00311776	-0.0115114	0.00791529	0.0119261	0.321388	285.154	38.0268	0.0240218	
365.878	0.00633217	-0.0082904	0.00791533	0.010432	0.419581	307.372	43.4733	0.0240219	
365.884	0.00787822	-0.00465169	0.00791559	0.00914902	0.512751	329.44	49.5714	0.0240227	
365.89	0.00735842	-0.00064023	0.00791514	0.00738622	0.647	355.027	61.3986	0.0240213	
365.896	0.00556096	0.0022377	0.00791521	0.00599429	0.75069	21.9195	75.6566	0.0240215	
365.902	0.00279123	0.00375682	0.00791473	0.00468024	0.839594	53.3885	96.8926	0.02402	
365.908	-0.000129627	0.00354824	0.00791479	0.00355061	0.904274	92.0922	127.72	0.0240202	
365.914	-0.00245885	0.00192741	0.00791462	0.00312424	0.925047	141.908	145.147	0.0240197	
365.92	-0.00333294	-0.000781515	0.00791486	0.00342334	0.910704	193.196	132.47	0.0240204	
365.926	-0.00267947	-0.00354043	0.00791507	0.00444007	0.854413	232.881	102.138	0.0240211	
365.932	-0.000531804	-0.00569991	0.00791517	0.00572466	0.76986	264.67	79.2197	0.0240214	
365.938	0.00272003	-0.00662378	0.00791514	0.00716052	0.664177	292.325	63.3339	0.0240213	
365.944	0.00632071	-0.00578615	0.00791496	0.00856918	0.556509	317.528	52.9215	0.0240207	
365.95	0.00937069	-0.00319293	0.00791485	0.00989973	0.457388	341.184	45.8081	0.0240204	
365.956	0.011241	0.000718929	0.00791504	0.011264	0.363264	3.65941	40.2609	0.024021	
365.962	0.0112579	0.00536306	0.00791518	0.0124701	0.289082	25.4723	36.3676	0.0240214	
365.968	0.00930034	0.00983674	0.00791462	0.0135373	0.231597	46.6055	33.4982	0.0240197	
365.974	0.00556345	0.0132746	0.00791439	0.0143933	0.191342	67.2612	31.5051	0.024019	
365.98	0.000599874	0.0150384	0.00791503	0.0150504	0.164009	87.7157	30.1321	0.024021	
365.986	-0.00468596	0.0147725	0.00791468	0.0154979	0.147029	107.599	29.2605	0.0240199	
365.992	-0.00949877	0.0124836	0.0079145	0.0156865	0.140273	127.267	28.9081	0.0240194	
365.998	-0.0131148	0.00858084	0.00791464	0.0156726	0.140775	146.804	28.9344	0.0240198	
366.004	-0.0149268	0.00371312	0.00791491	0.0153817	0.151318	166.031	29.4825	0.0240206	
366.01	-0.0147883	-0.00127552	0.00791478	0.0148432	0.172298	184.93	30.5515	0.0240202	
366.016	-0.0129264	-0.00565632	0.00791478	0.0141098	0.204124	203.633	32.1397	0.0240202	
366.022	-0.00966963	-0.00884678	0.00791527	0.013106	0.2539	222.455	34.6033	0.0240217	
366.028	-0.00580276	-0.0104328	0.00791533	0.011938	0.320667	240.917	37.9892	0.0240219	
366.034	-0.00204536	-0.0104896	0.00791544	0.0106872	0.401929	258.966	42.436	0.0240222	
366.04	0.00108291	-0.00923663	0.0079157	0.00929989	0.501498	276.687	48.7679	0.024023	
366.046	0.00318516	-0.00715447	0.00791557	0.00783146	0.612976	293.999	57.9112	0.0240226	
366.052	0.00403622	-0.0048812	0.00791576	0.00633381	0.726061	309.587	71.6061	0.0240232	
366.058	0.00390693	-0.00286874	0.00791562	0.00484703	0.829047	323.711	93.569	0.0240228	
366.064	0.00310552	-0.00148421	0.00791542	0.00344196	0.909788	334.456	131.762	0.0240221	
366.07	0.00204557	-0.000899642	0.00791561	0.00223467	0.960934	336.26	202.953	0.0240227	
366.076	0.00116967	-0.00109446	0.00791543	0.00160186	0.979731	316.902	283.121	0.0240222	
366.082	0.000774427	-0.0017037	0.0079154	0.00187145	0.972437	294.444	242.336	0.0240221	
366.088	0.00104935	-0.0024378	0.00791509	0.00265405	0.945333	293.29	170.871	0.0240211	
366.094	0.0018299	-0.00294369	0.0079153	0.0034661	0.908575	301.867	130.843	0.0240218	
366.1	0.00293003	-0.00291056	0.00791555	0.00412994	0.872745	315.191	109.814	0.0240225	
366.106	0.00408819	-0.00224472	0.00791532	0.00466391	0.840639	331.23	97.2392	0.0240219	
366.112	0.00488334	-0.0010914	0.00791554	0.00500381	0.818889	347.402	90.6363	0.0240225	
366.118	0.00508301	0.000541241	0.00791562	0.00511174	0.811789	6.07798	88.7235	0.0240228	
366.124	0.0045641	0.00219654	0.00791555	0.00506516	0.814863	25.6998	89.5387	0.0240225	
366.13	0.00325889	0.0036678	0.00791544	0.00490644	0.825215	48.3784	92.434	0.0240222	
366.136	0.00126888	0.00441818	0.00791563	0.00459678	0.844831	73.9762	98.6631	0.0240228	
366.142	-0.00098725	0.0042876	0.00791528	0.00439979	0.856852	102.967	103.076	0.0240217	
366.148	-0.00326755	0.00318189	0.00791567	0.00456084	0.847054	135.761	99.441	0.0240229	
366.154	-0.00497034	0.00104368	0.00791556	0.00507873	0.813968	168.141	89.2994	0.0240226	
366.16	-0.00594911	-0.00186393	0.00791546	0.00623428	0.733328	197.396	72.7466	0.0240223	
366.166	-0.00567771	-0.00534496	0.00791573	0.00779776	0.615569	223.271	58.1626	0.0240231	
366.172	-0.00394789	-0.00891457	0.00791509	0.00974963	0.468303	246.113	46.5147	0.0240211	
366.178	-0.000798717	-0.0120322	0.00791542	0.0120587	0.313349	266.202	37.6094	0.0240221	
366.184	0.0036967	-0.0141416	0.00791541	0.0146168	0.181771	284.65	31.0274	0.0240221	
366.19	0.00927124	-0.0147221	0.00791544	0.0173982	0.0893131	302.201	26.0672	0.0240222	
366.196	0.0153739	-0.0133582	0.00791484	0.0203666	0.0364899	319.013	22.2662	0.0240204	
366.202	0.0212673	-0.00978671	0.00791507	0.0234111	0.0125977	335.289	19.3712	0.0240211	
366.208	0.026235	-0.00400903	0.00791534	0.0265395	0.00362082	351.312	17.0883	0.0240219	
366.214	0.0293977	0.00364118	0.0079154	0.0296224	0.000909442	7.06066	15.31	0.0240221	
366.22	0.0300593	0.0125924	0.00791555	0.0325903	0.000208433	22.7298	13.916	0.0240225	
366.226	0.0277339	0.0219215	0.00791574	0.0353514	4.66685e-05	38.3237	12.8294	0.0240231	
366.232	0.0223402	0.0304593	0.00791555	0.0377737	1.13485e-05	53.7421	12.0064	0.0240226	
366.238	0.0141106	0.0373059	0.00791558	0.0398853	3.06668e-06	69.2814	11.3708	0.0240226	
366.244	0.00378956	0.0413556	0.00791589	0.0415289	1.0553e-06	84.7644	10.9212	0.0240236	
366.25	-0.00767414	0.0419171	0.0079156	0.0426138	5.08825e-07	100.375	10.6428	0.0240227	
366.256	-0.0188744	0.0387771	0.0079157	0.0431267	3.58368e-07	115.954	10.5164	0.024023	
366.262	-0.0284482	0.0322114	0.00791562	0.0429752	3.97557e-07	131.45	10.5533	0.0240228	
366.268	-0.0354621	0.0229652	0.00791572	0.0422489	6.51765e-07	147.073	10.7349	0.0240231	
366.274	-0.038862	0.0120641	0.0079158	0.0406915	1.82745e-06	162.754	11.1459	0.0240233	
366.28	-0.0385331	0.0010507	0.00791507	0.0385474	7.07408e-06	178.438	11.7647	0.0240211	
366.286	-0.0347325	-0.00875283	0.00791568	0.0358184	3.57916e-05	194.144	12.6621	0.0240229	
366.292	-0.0283318	-0.0160776	0.00791529	0.0325758	0.0002099	209.574	13.9218	0.0240218	
366.298	-0.0203557	-0.0205278	0.00791561	0.0289093	0.00126936	225.241	15.6881	0.0240227	
366.304	-0.0121265	-0.0216351	0.00791532	0.0248018	0.0073794	240.729	18.2856	0.0240218	
366.31	-0.00495058	-0.0199032	0.00791548	0.0205097	0.0348446	256.032	22.1127	0.0240223	
366.316	0.000305753	-0.0160907	0.00791527	0.0160936	0.126562	271.089	28.1796	0.0240217	
366.322	0.00310849	-0.0113229	0.0079157	0.0117419	0.33281	285.351	38.6256	0.024023	
366.328	0.00351765	-0.0066287	0.0079157	0.00750424	0.63803	297.954	60.4374	0.024023	
366.334	0.00198262	-0.00306448	0.00791568	0.0036499	0.89915	302.902	124.26	0.0240229	
366.34	-0.000600062	-0.00118283	0.00791546	0.00132634	0.986059	243.101	341.936	0.0240223	
366.346	-0.00339664	-0.00106571	0.00791575	0.0035599	0.903819	197.419	127.402	0.0240231	
366.352	-0.00546857	-0.00243808	0.00791555	0.00598744	0.751201	204.029	75.7465	0.0240226	
366.358	-0.00643358	-0.00469404	0.00791536	0.00796397	0.602806	216.115	56.946	0.024022	
366.364	-0.00592132	-0.00719617	0.00791517	0.00931916	0.500018	230.551	48.6638	0.0240214	
366.37	-0.00408517	-0.00917806	0.00791552	0.0100462	0.446909	246.006	45.1442	0.0240224	
366.376	-0.00161177	-0.0101234	0.00791532	0.0102509	0.432316	260.954	44.2416	0.0240218	
366.382	0.000994267	-0.00979611	0.00791541	0.00984644	0.461296	275.795	46.0592	0.0240221	
366.388	0.00322549	-0.00840249	0.00791562	0.00900031	0.523918	291	50.3907	0.0240228	
366.394	0.00453752	-0.00641617	0.00791532	0.00785852	0.610883	305.268	57.7099	0.0240218	
366.4	0.00487582	-0.00420135	0.00791575	0.00643622	0.718523	319.249	70.4667	0.0240232	
366.406	0.00420077	-0.00238344	0.00791516	0.00482983	0.830131	330.43	93.8966	0.0240213	
366.412	0.00301287	-0.00117813	0.00791507	0.00323503	0.919868	338.643	140.184	0.0240211	
366.418	0.00170853	-0.000891374	0.00791554	0.00192708	0.9708	332.448	235.344	0.0240225	
366.424	0.00061792	-0.00133018	0.00791529	0.00146669	0.982979	294.917	309.207	0.0240217	
366.43	7.58146e-05	-0.00223126	0.00791539	0.00223255	0.961004	271.946	203.14	0.0240221	
366.436	0.000344289	-0.00317251	0.00791578	0.00319114	0.921955	276.194	142.125	0.0240232	
366.442	0.0011105	-0.0038256	0.00791563	0.00398351	0.881061	286.187	113.852	0.0240228	
366.448	0.00217503	-0.00401631	0.0079156	0.00456744	0.846644	298.438	99.2964	0.0240227	
366.454	0.00332502	-0.00355468	0.00791529	0.00486739	0.827726	313.088	93.1737	0.0240217	
366.46	0.00406483	-0.00260876	0.00791562	0.00482995	0.830141	327.308	93.8998	0.0240228	
366.466	0.00422276	-0.00145224	0.00791555	0.0044655	0.852887	341.021	101.563	0.0240225	
366.472	0.00411439	-0.000501919	0.00791542	0.0041449	0.87188	353.045	109.417	0.0240221	
366.478	0.00351831	0.000290641	0.00791561	0.00353029	0.905331	4.72237	128.468	0.0240227	
366.484	0.00284904	0.000685414	0.00791522	0.00293033	0.933766	13.527	154.764	0.0240215	
366.49	0.00238134	0.000621466	0.00791587	0.00246109	0.952818	14.6265	184.286	0.0240235	
366.496	0.00219356	0.000306726	0.00791527	0.0022149	0.961605	7.96005	204.755	0.0240217	
366.502	0.00231261	0.00031911	0.00791543	0.00233453	0.957439	7.85644	194.267	0.0240222	
366.508	0.00263466	0.000295345	0.00791499	0.00265116	0.945447	6.39613	171.055	0.0240208	
366.514	0.00315315	0.000744281	0.00791503	0.0032398	0.919641	13.2812	139.977	0.0240209	
366.52	0.00330583	0.00175992	0.00791534	0.00374511	0.894104	28.0294	121.096	0.0240219	
366.526	0.00283415	0.0029634	0.00791512	0.00410051	0.874421	46.2772	110.597	0.0240212	
366.532	0.00228833	0.00394365	0.00791544	0.00455947	0.84713	59.8753	99.468	0.0240222	
366.538	0.000786256	0.0046404	0.00791557	0.00470654	0.837972	80.3833	96.3613	0.0240226	
366.544	-0.000823945	0.00488007	0.00791539	0.00494914	0.822446	99.5834	91.6357	0.024022	
366.55	-0.00236906	0.0043653	0.00791486	0.00496672	0.821282	118.489	91.3054	0.0240205	
366.556	-0.00361949	0.00321868	0.00791535	0.00484362	0.829255	138.355	93.6317	0.0240219	
366.562	-0.00417495	0.00178252	0.0079155	0.00453956	0.848358	156.88	99.9051	0.0240224	
366.568	-0.00408699	0.000319	0.00791562	0.00409942	0.874498	175.537	110.633	0.0240227	
366.574	-0.00343093	-0.000784595	0.00791572	0.0035195	0.905884	192.881	128.864	0.0240231	
366.58	-0.00257322	-0.00130223	0.00791566	0.00288397	0.935784	206.843	157.261	0.0240229	
366.586	-0.00163039	-0.00113342	0.00791546	0.00198565	0.969025	214.806	228.4	0.0240223	
366.592	-0.00132593	-0.000482673	0.00791529	0.00141105	0.984236	200.003	321.401	0.0240218	
366.598	-0.00170738	0.00032745	0.00791577	0.0017385	0.976171	169.143	260.881	0.0240232	
366.604	-0.00271199	0.000811693	0.0079155	0.00283086	0.938051	163.338	160.208	0.0240224	
366.61	-0.00421503	0.000555714	0.00791513	0.0042515	0.865665	172.489	106.669	0.0240213	
366.616	-0.0057867	-0.000699869	0.00791541	0.00582887	0.762511	186.896	77.8058	0.0240221	
366.622	-0.00681217	-0.00288794	0.00791522	0.00739905	0.646028	202.974	61.2929	0.0240215	
366.628	-0.00688977	-0.00574198	0.00791543	0.0089688	0.526274	219.808	50.5665	0.0240222	
366.634	-0.00555627	-0.00885072	0.0079156	0.0104502	0.418334	237.88	43.3991	0.0240227	
366.64	-0.00293773	-0.0114927	0.00791534	0.0118622	0.325319	255.661	38.232	0.0240219	
366.646	0.000890742	-0.0129962	0.00791525	0.0130267	0.258132	273.921	34.8139	0.0240216	
366.652	0.00531308	-0.0128909	0.00791515	0.0139429	0.211925	292.399	32.5258	0.0240213	
366.658	0.00947682	-0.0110261	0.00791535	0.0145391	0.185083	310.679	31.1929	0.0240219	
366.664	0.0128538	-0.00757798	0.00791559	0.0149213	0.169194	329.478	30.3948	0.0240227	
366.67	0.0146023	-0.00296947	0.00791511	0.0149012	0.169971	348.505	30.4341	0.0240212	
366.676	0.0144363	0.00194571	0.00791541	0.0145668	0.183899	7.67603	31.1338	0.0240221	
366.682	0.0123122	0.00639091	0.00791512	0.0138721	0.21528	27.4325	32.6918	0.0240212	
366.688	0.00871209	0.00959659	0.00791503	0.0129613	0.261639	47.7658	34.9886	0.024021	
366.694	0.00424646	0.0110185	0.00791517	0.0118085	0.328619	68.9237	38.405	0.0240214	
366.7	-0.000230996	0.0105397	0.00791513	0.0105422	0.411895	91.2555	43.0179	0.0240213	
366.706	-0.00382596	0.00839219	0.00791551	0.00922317	0.507201	114.508	49.1724	0.0240224	
366.712	-0.00602368	0.004964	0.007916	0.00780551	0.614996	140.509	58.1068	0.0240239	
366.718	-0.00647056	0.00113158	0.00791559	0.00656877	0.708697	170.08	69.0434	0.0240227	
366.724	-0.00520311	-0.00224648	0.00791552	0.00566736	0.773899	203.353	80.0242	0.0240225	
366.73	-0.0026008	-0.00453944	0.00791562	0.0052317	0.80379	240.19	86.6891	0.0240227	
366.736	0.000575921	-0.00524893	0.00791526	0.00528043	0.800495	276.262	85.8853	0.0240217	
366.742	0.00371804	-0.00451872	0.00791487	0.00585172	0.76086	309.448	77.4966	0.0240205	
366.748	0.00610206	-0.00240831	0.00791538	0.00656011	0.709327	338.462	69.1326	0.024022	
366.754	0.0071439	0.000654861	0.0079157	0.00717385	0.663204	5.23751	63.2208	0.024023	
366.76	0.00671106	0.00393357	0.00791536	0.0077789	0.616986	30.376	58.3009	0.024022	
366.766	0.00482781	0.0066453	0.00791521	0.00821387	0.583655	54.0016	55.2125	0.0240215	
366.772	0.00186826	0.00833641	0.00791572	0.0085432	0.55855	77.3683	53.0875	0.024023	
366.778	-0.00169228	0.00862117	0.00791614	0.00878569	0.540166	101.106	51.625	0.0240243	
366.784	-0.00505461	0.00723399	0.00791529	0.00882494	0.537124	124.943	51.3899	0.0240218	
366.79	-0.00767009	0.00443088	0.00791531	0.00885793	0.534631	149.986	51.1986	0.0240218	
366.796	-0.00894416	0.000735605	0.00791573	0.00897436	0.525881	175.298	50.5371	0.0240231	
366.802	-0.00859175	-0.00333959	0.00791556	0.00921797	0.507593	201.241	49.2004	0.0240226	
366.808	-0.00651258	-0.00704126	0.00791537	0.0095913	0.479916	227.234	47.2843	0.024022	
366.814	-0.00301172	-0.00973253	0.00791558	0.0101879	0.436805	252.805	44.5166	0.0240226	
366.82	0.00147359	-0.0109715	0.00791527	0.01107	0.376065	277.65	40.9675	0.0240217	
366.826	0.00619151	-0.0102771	0.00791527	0.0119981	0.317004	301.067	37.7988	0.0240217	
366.832	0.010604	-0.00771336	0.00791564	0.0131126	0.253582	323.968	34.5876	0.0240228	
366.838	0.0138242	-0.00344208	0.00791546	0.0142462	0.19797	346.018	31.8345	0.0240223	
366.844	0.0153385	0.00187587	0.00791517	0.0154528	0.148714	6.97254	29.3479	0.0240214	
366.85	0.0145954	0.00768903	0.00791531	0.0164969	0.113963	27.7808	27.4909	0.0240218	
366.856	0.0116638	0.0129144	0.00791492	0.0174019	0.0891919	47.913	26.0599	0.0240206	
366.862	0.00682133	0.0169296	0.00791528	0.0182522	0.0700396	68.0544	24.847	0.0240217	
366.868	0.000554953	0.0188633	0.0079155	0.0188714	0.0583092	88.3149	24.0323	0.0240224	
366.874	-0.0061855	0.0182853	0.00791507	0.0193032	0.051107	108.69	23.4936	0.0240211	
366.88	-0.0123806	0.0152563	0.00791569	0.0196477	0.0459375	129.06	23.0834	0.024023	
366.886	-0.0170714	0.00985427	0.0079152	0.0197114	0.0450112	150.005	23.0074	0.0240215	
366.892	-0.019457	0.00294651	0.00791513	0.0196788	0.0454713	171.389	23.0452	0.0240213	
366.898	-0.0189907	-0.00460496	0.00791506	0.019541	0.0474734	193.63	23.2076	0.024021	
366.904	-0.0155999	-0.0114769	0.00791524	0.0193669	0.0501178	216.342	23.4168	0.0240216	
366.91	-0.00973252	-0.0166291	0.00791549	0.0192678	0.0516823	239.661	23.5379	0.0240223	
366.916	-0.0022526	-0.0190957	0.0079154	0.0192281	0.0523134	263.272	23.5863	0.0240221	
366.922	0.00580107	-0.0184689	0.00791576	0.0193585	0.0502673	287.437	23.4284	0.0240232	
366.928	0.0130065	-0.0146823	0.0079156	0.0196148	0.0464102	311.537	23.1218	0.0240227	
366.934	0.0182978	-0.00842712	0.00791536	0.0201451	0.0392154	335.271	22.5125	0.024022	
366.94	0.0207058	-0.000581464	0.00791502	0.020714	0.0325669	358.391	21.8933	0.0240209	
366.946	0.0199593	0.00768327	0.00791512	0.021387	0.0259774	21.0541	21.2046	0.0240212	
366.952	0.0161214	0.0149437	0.00791506	0.0219821	0.0211405	42.829	20.6304	0.0240211	
366.958	0.00996161	0.0202612	0.00791516	0.0225777	0.0171072	63.8186	20.0865	0.0240214	
366.964	0.00230299	0.0227631	0.00791481	0.0228793	0.0153284	84.2229	19.8208	0.0240203	
366.97	-0.00552495	0.0223228	0.00791552	0.0229964	0.0146962	103.902	19.7216	0.0240224	
366.976	-0.012447	0.0191786	0.00791532	0.0228637	0.0154244	122.984	19.8356	0.0240219	
366.982	-0.0175216	0.0139715	0.00791554	0.0224101	0.0181753	141.432	20.2377	0.0240225	
366.988	-0.0203108	0.00765689	0.00791518	0.0217061	0.0232788	159.344	20.893	0.0240214	
366.994	-0.0206554	0.00119661	0.00791503	0.02069	0.0328257	176.684	21.9187	0.024021	
