1388620500	735	723.632	6108.75
1388706900	686	712.832	6056.26
1388793300	723	710.971	6099.54
1388879700	378	355.703	3055.3
1388966100	359	350.42	2990.45
1389052500	761	707.618	6048.86
1389138900	702	704.04	6022.93
1389225300	731	709.078	6048.01
1389311700	682	705.321	6017.91
1389398100	673	699.795	6028.33
1389484500	698	693.696	6011.6
1389570900	746	701.108	6030.11
1389657300	721	692.581	5953.94
1389743700	681	703.825	6059.98
1389830100	708	721.263	6198.4
1389916500	712	721.887	6161.08
1390002900	773	728.376	6237.23
1390089300	696	727.832	6262.61
1390175700	650	635.247	5413.65
1390262100	739	735.003	6206.38
1390348500	696	732.641	6187.07
1390434900	685	687.576	5794.17
1390521300	534	560.761	4755.57
1390607700	715	699.316	6021.41
1390694100	697	683.909	5835.83
1390780500	690	701.788	5977.62
1390866900	635	667.676	5689.51
1390953300	668	652.318	5599.44
1391039700	726	714.975	6096.88
1391126100	731	717.961	6113.7
1391212500	744	715.712	6094.58
1391298900	736	715.937	6039.5
1391385300	720	703.225	5934.66
1391471700	683	715.491	6053.8
1391558100	704	710.515	5984.08
1391644500	493	497.225	4227.72
1391730900	651	641.754	5437.7
1391817300	686	712.959	6049.45
1391903700	703	708.673	6037.41
1391990100	666	686.639	5861.81
1392076500	543	599.923	5120.58
1392162900	676	684.943	5867.46
1392249300	716	690.959	5942.6
1392335700	620	667.997	5770.62
1392422100	320	315.527	2723.92
1392508500	267	292.164	2507.65
1392594900	281	286.04	2446.95
1392681300	473	508.016	4351.97
1392767700	536	546.322	4673.01
1392854100	529	521.809	4461.92
1392940500	525	552.095	4707.86
1393026900	611	624.45	5348.28
1393113300	760	700.7	5993.2
1393199700	692	669.134	5680.64
1393286100	607	686.426	5916.35
1393372500	581	590.233	5079.89
1393458900	654	657.937	5647.49
1393545300	690	660.67	5631.05
1393631700	412	407.196	3458.33
1393718100	721	673.573	5778.08
1393804500	699	677.858	5832.9
1393890900	705	684.315	5848.22
1393977300	659	684.844	5839.76
1394063700	648	683.209	5849.73
1394150100	684	684.825	5892.52
1394236500	728	676.055	5800.62
1394322900	741	688.714	5855.38
1394409300	577	643.795	5492.02
1394495700	662	671.185	5718.1
1394582100	678	648.964	5529.95
1394668500	649	672.581	5733.05
1394754900	698	688.103	5852.39
1394841300	686	690.353	5858.34
1394927700	651	691.75	5814.78
1395014100	695	690.009	5832.2
1395100500	604	661.892	5660.5
1395186900	699	692.861	5892.14
1395273300	763	717.634	6094.45
1395359700	704	715.167	6048.74
1395446100	737	725.831	6249.44
1395532500	827	735.205	6322.03
1395618900	752	731.703	6273.17
1395705300	774	727.272	6272.92
1395791700	809	732.61	6351.97
1395878100	693	736.599	6309.05
1395964500	717	683.972	5819
1396050900	707	711.814	6013.67
1396137300	746	698.998	5830.95
1396223700	718	736.339	6205.99
1396310100	714	730.906	6269.93
1396396500	734	725.731	6261.93
1396482900	710	691.479	5907.88
1396569300	719	729.971	6226.53
1396655700	740	747.93	6392.7
1396742100	740	744.641	6363.13
1396828500	512	527.454	4457.83
1396914900	711	759.079	6377.48
1397001300	543	531.674	4503.54
1397087700	736	744.959	6314.61
1397174100	729	757.466	6455.75
1397260500	790	766.501	6504.65
1397346900	754	758.369	6530.51
1397433300	662	654.978	5609.81
1397519700	566	546.115	4650.96
1397606100	72	60.8802	515.128
1397692500	632	594.147	5039.94
1397778900	764	752.103	6381.08
1397865300	789	749.029	6355.93
1397951700	734	729.463	6234.44
1398038100	743	735.991	6282
1398124500	723	732.765	6300.16
1398210900	325	336.873	2875.39
1398297300	724	709.687	6112.14
1398383700	653	671.421	5765.18
1398470100	762	745.786	6340.24
1398556500	805	751.394	6341.65
1398642900	718	743.104	6361.11
1398729300	726	755.981	6420.06
1398815700	776	740.822	6281.44
1398902100	747	773.388	6499.76
1398988500	696	771.338	6457.42
1399074900	753	742.876	6271.12
1399161300	737	756.034	6405.92
1399247700	720	750.127	6404.11
1399334100	753	718.075	6121.1
1399420500	806	756.431	6426.27
1399506900	768	733.761	6351.12
1399593300	697	747.829	6432.92
1399679700	744	741.981	6348.1
1399766100	706	691.388	5904.19
1399852500	793	754.314	6410.56
1399938900	736	721.576	6106.54
1400025300	763	732.561	6201.2
1400111700	756	738.676	6270.9
1400198100	613	604.968	5153.96
1400284500	702	707.778	6037.59
1400370900	765	747.568	6333.76
1400457300	780	759.765	6402.44
1400543700	742	738.294	6212.89
1400630100	779	748.368	6250.61
1400716500	684	746.059	6293.67
1400802900	771	737.208	6338.17
1400889300	790	737.172	6260.62
1400975700	743	740.931	6247.65
1401062100	704	673.648	5726.71
1401148500	769	731.914	6218.83
1401234900	730	711.395	6012.78
1401321300	819	769.044	6399.75
1401407700	798	775.793	6503.77
1401494100	787	777.447	6571.22
1401580500	779	782.936	6604.46
1401666900	839	784.603	6566.15
1401753300	807	803.399	6683.76
1401839700	771	806.567	6640.93
1401926100	800	798.89	6637.07
1402012500	779	796.348	6623.65
1402098900	776	808.117	6649.59
1402185300	792	795.847	6613.61
1402271700	780	782.057	6561.69
1402358100	841	784.919	6623.5
1402444500	817	795.454	6610.78
1402530900	753	762.292	6290.95
1402617300	766	785.433	6612.89
1402703700	783	747.168	6325.02
1402790100	855	772.346	6513.56
1402876500	781	762.219	6514.36
1402962900	785	761.164	6516.61
1403049300	755	753.303	6511.63
1403135700	806	752.347	6462.98
1403222100	809	757.304	6408.64
1403308500	789	768.514	6431.93
1403394900	809	766.94	6417.98
1403481300	746	704.21	5927.23
1403567700	758	758.438	6419.23
1403654100	757	764.193	6460.65
1403740500	777	771.134	6527.33
1403826900	781	757.811	6487.66
1403913300	812	762.388	6563.74
1403999700	806	767.324	6539.22
1404086100	812	758.459	6404.38
1404172500	750	774.388	6471.84
1404258900	788	774.055	6419.82
1404345300	754	768.347	6426.08
1404431700	824	771.795	6430.97
1404518100	726	755.668	6357.87
1404604500	765	760.106	6447.35
1404690900	775	753.072	6401.86
1404777300	732	747.669	6396.18
1404863700	838	754.488	6425.52
1404950100	728	747.642	6398.38
1405036500	796	738.181	6226.39
1405122900	795	755.756	6329.81
1405209300	769	754.057	6378.81
1405295700	801	761.356	6360.88
1405382100	761	753.221	6311.17
1405468500	641	709.986	6006.74
1405554900	759	737.899	6279.8
1405641300	798	726.947	6260.02
1405727700	738	730.036	6237.22
1405814100	725	683.216	5774.47
1405900500	653	581.939	4869.62
1405986900	763	737.81	6209.78
1406073300	700	704.519	5951.83
1406159700	726	696.026	5921.6
1406246100	803	741.693	6261.61
1406332500	710	727.613	6163.73
1406418900	711	734.767	6204.51
1406505300	748	721.358	6066.32
1406591700	714	725.387	6121.83
1406678100	650	712.489	6069.82
1406764500	756	722.598	6107.27
1406850900	756	727.709	6146.27
1406937300	672	738.19	6208.45
1407023700	701	748.901	6242.16
1407110100	697	738.63	6255.47
1407196500	783	752.168	6333.28
1407282900	722	739.638	6193.81
1407369300	719	726.857	6221.15
1407455700	743	726.711	6247.42
1407542100	753	738.73	6245.77
1407628500	789	742.343	6245.24
1407714900	679	739.843	6252.05
1407801300	718	739.003	6268.38
1407887700	742	733.951	6311.96
1407974100	752	751.618	6377.15
1408060500	813	759.782	6400.25
1408146900	825	749.775	6370.03
1408233300	747	733.42	6317
1408319700	709	730.135	6282.07
1408406100	795	734.083	6266.36
1408492500	753	740.328	6287.36
1408578900	824	747.156	6319.1
1408665300	761	753.714	6381.12
1408751700	728	721.13	6048.23
1408838100	660	693.489	5798.27
1408924500	737	753.93	6373.52
1409010900	756	746.607	6363.54
1409097300	797	756.32	6399.16
1409183700	799	762.75	6433.61
1409270100	765	770.503	6489.82
1409356500	822	772.113	6486.72
1409442900	757	761.636	6449.44
1409529300	822	781.547	6560.7
1409615700	797	783.485	6556.75
1409702100	794	779.137	6558.93
1409788500	793	770.276	6526.18
1409874900	664	683.668	5778.03
1409961300	759	783.178	6603.08
1410047700	773	777.619	6570.05
1410134100	800	772.551	6527
1410220500	782	782.607	6551.41
1410306900	758	742.279	6229.3
1410393300	787	780.969	6592.42
1410479700	747	784.049	6581.19
1410566100	788	786.26	6651.65
1410652500	750	738.664	6325.83
1410738900	681	709.435	6105.49
1410825300	843	771.576	6558.01
1410911700	765	784.341	6661.37
1410998100	665	730.039	6204.37
1411084500	762	718.115	6106.76
1411170900	747	776.857	6648.7
1411257300	797	777.143	6638.74
1411343700	836	790.884	6661.53
1411430100	725	751.562	6330.84
1411516500	788	782.843	6612.86
1411602900	808	791.122	6628.33
1411689300	761	782.559	6608.83
1411775700	789	788.677	6648.96
1411862100	767	789.203	6628.12
1411948500	793	784.007	6644.62
1412034900	786	780.156	6596.6
1412121300	784	746.44	6380.64
1412207700	760	771.639	6611.39
1412294100	711	762.672	6508.53
1412380500	702	763.682	6451.7
1412466900	713	718.394	6075.3
1412553300	648	646.146	5513.25
1412639700	848	761.741	6489.02
1412726100	809	794.001	6737.41
1412812500	773	794.244	6682.2
1412898900	787	797.42	6759.84
1412985300	682	661.178	5614.02
1413071700	361	352.363	3000.98
1413158100	342	351.269	2998.57
1413244500	342	349.898	2989.73
1413330900	614	612.758	5181.6
1413417300	794	803.753	6811.15
1413503700	830	801.978	6791.65
1413590100	787	804.844	6783.02
1413676500	768	799.159	6801.88
1413762900	738	758.241	6484.7
1413849300	830	797.134	6825.01
1413935700	793	790.725	6758.66
1414022100	784	784.943	6761.15
1414108500	740	781.894	6741.61
1414194900	806	792.343	6819.21
1414281300	811	790.423	6740.23
1414367700	763	795.48	6754.01
1414454100	800	799.84	6808.24
1414540500	819	807.721	6810.79
1414626900	775	807.388	6823.12
1414713300	773	806.964	6826.75
1414799700	738	800.518	6811.78
1414886100	690	783.371	6687.59
1414972500	834	789.233	6673.51
1415058900	823	796.332	6758.26
1415145300	832	802.101	6780.89
1415231700	765	770.297	6543.31
1415318100	801	771.859	6574.68
1415404500	759	787.412	6742.49
1415490900	773	778.674	6666.92
1415577300	764	755.573	6426.07
1415663700	803	791.868	6744.91
1415750100	759	780.984	6680.24
1415836500	692	687.914	5893.88
1415922900	810	790.26	6774.76
1416009300	810	789.02	6773.03
1416095700	817	786.165	6800.04
1416182100	803	787.975	6764.57
1416268500	702	704.35	5969.11
1416354900	736	780.244	6603
1416441300	712	788.995	6703.77
1416527700	631	581.828	4949.19
1416614100	765	773.729	6598.44
1416700500	757	777.896	6599.24
1416786900	739	780.667	6586.67
1416873300	670	707.067	6015.97
1416959700	769	743.099	6333.6
1417046100	804	753.675	6446.37
1417132500	818	761.923	6493.3
1417218900	789	779.271	6555.34
1417305300	680	724.373	6149.7
1417391700	574	563.087	4825.7
1417478100	775	762.488	6532.92
1417564500	764	764.954	6534.14
1417650900	751	767.339	6536.11
1417737300	771	766.15	6518.79
1417823700	757	760.924	6461.83
1417910100	772	766.759	6530.25
1417996500	801	765.226	6533.93
1418082900	796	771.835	6541.9
1418169300	673	684.107	5809.02
1418255700	782	756.205	6483.66
1418342100	730	711.664	6096.04
1418428500	548	589.495	5042.46
1418514900	780	748.495	6413.58
1418601300	697	701.563	5967.02
1418687700	574	589.503	5038.99
1418774100	587	620.348	5320.28
1418860500	701	709.769	6089.45
1418946900	749	718.386	6101.68
1419033300	730	765.775	6417.06
1419119700	739	764.693	6434.06
1419206100	658	621.892	5283.45
1419292500	634	658.536	5659.3
1419378900	681	684.98	5831.32
1419465300	671	646.342	5488
1419551700	718	643.199	5472.8
1419638100	730	698.673	5986.83
1419724500	749	731.156	6244.16
1419810900	640	681.248	5797.08
1419897300	751	743.43	6335.77
1419983700	582	620.282	5245.01
1420070100	722	733.398	6173.57
1420156500	717	743.715	6342.81
1420242900	732	736.799	6280.5
1420329300	749	735.647	6327.36
1420415700	771	738.451	6306.48
1420502100	751	723.259	6155.19
1420588500	797	738.688	6309.19
1420674900	738	750.194	6412.03
1420761300	750	751.132	6401.46
1420847700	759	752.109	6430.96
1420934100	700	684.498	5868.69
1421020500	597	572.136	4898.21
1421106900	657	675.376	5756.9
1421193300	654	690.055	5888.4
1421279700	573	593.204	5127.34
1421366100	729	732.6	6287.95
1421452500	428	379.059	3260.33
1421538900	0	0	0
1421625300	0	0	0
1421711700	0	0	0
1421798100	0	0	0
1421884500	0	0	0
1421970900	0	0	0
1422057300	0	0	0
1422143700	0	0	0
1422230100	0	0	0
1422316500	0	0	0
1422402900	0	0	0
1422489300	0	0	0
1422575700	0	0	0
1422662100	0	0	0
1422748500	0	0	0
1422834900	0	0	0
1422921300	0	0	0
1423007700	0	0	0
1423094100	0	0	0
1423180500	0	0	0
1423266900	0	0	0
1423353300	0	0	0
1423439700	0	0	0
1423526100	0	0	0
1423612500	0	0	0
1423698900	0	0	0
1423785300	0	0	0
1423871700	0	0	0
1423958100	243	273.072	2348.38
1424044500	755	698.327	6002.66
1424130900	654	622.187	5352.93
1424217300	732	720.28	6123.15
1424303700	751	726.747	6177.12
1424390100	724	717.329	6107.27
1424476500	672	677.754	5797.96
1424562900	713	699.947	5997.51
1424649300	682	704.859	6068.33
1424735700	729	704.957	6040.31
1424822100	608	593.591	5080.01
1424908500	658	680.74	5873.93
1424994900	593	583.174	4990.02
1425081300	674	680.805	5848.5
1425167700	721	686.674	5870.84
1425254100	702	682.605	5826.98
1425340500	531	499.993	4265.85
1425426900	370	368.377	3151.26
1425513300	0	0	0
1425599700	0	0	0
1425686100	0	0	0
1425772500	0	0	0
1425858900	0	0	0
1425945300	0	0	0
1426031700	1	4.14598	35.559
1426118100	726	698.548	5975.91
1426204500	487	464.376	3961.56
1426290900	652	686.441	5869.55
1426377300	698	679.712	5827.25
1426463700	678	693.332	5927.11
1426550100	670	643.003	5509.2
1426636500	542	560.194	4829.55
1426722900	628	653.862	5624.79
1426809300	277	286.618	2468.68
1426895700	466	476.476	4131.53
1426982100	671	670.361	5761.64
1427068500	2	0	0
1427154900	376	388.179	3344.26
1427241300	563	570.669	4916.11
1427327700	545	557.167	4797.24
1427414100	595	566.828	4870.9
1427500500	686	648.976	5591.84
1427586900	671	673.007	5793.31
1427673300	706	677.549	5793.72
1427759700	724	678.688	5813.4
1427846100	706	673.165	5751.11
1427932500	659	672.938	5740.62
1428018900	716	678.853	5781.23
1428105300	674	679.339	5777.61
1428191700	648	673.47	5743.57
1428278100	685	670.493	5769.84
1428364500	702	686.8	5855.2
1428450900	675	677.321	5763.05
1428537300	666	663.361	5657.99
1428623700	645	671.072	5766.21
1428710100	704	666.851	5751.33
1428796500	695	663.289	5701.37
1428882900	625	626.352	5342.54
1428969300	647	644.094	5512.23
1429055700	637	651.49	5559.33
1429142100	642	665.61	5659.64
1429228500	660	669.616	5680.53
1429314900	632	607.324	5157.9
1429401300	727	683.792	5717
1429487700	691	681.989	5775.08
1429574100	687	685.965	5866.58
1429660500	759	712.197	6109.7
1429746900	763	734.814	6289.6
1429833300	768	722.848	6181.2
1429919700	741	733.613	6308.88
1430006100	784	733.011	6248.68
1430092500	758	729.829	6269.54
1430178900	772	731.481	6291.53
1430265300	724	742.126	6349.9
1430351700	719	742.65	6353.09
1430438100	758	701.34	5956.33
1430524500	772	767.669	6450.65
1430610900	751	760.529	6379.15
1430697300	808	744.41	6284.5
1430783700	759	750.518	6341.45
1430870100	744	749.364	6410.98
1430956500	769	760.023	6476.88
1431042900	822	770.653	6504.24
1431129300	823	776.791	6545.63
1431215700	788	762.974	6515.97
1431302100	731	755.358	6469.55
1431388500	796	750.422	6367.83
1431474900	795	762.208	6456.55
1431561300	774	760.87	6466.11
1431647700	793	771.922	6524.08
1431734100	798	750.245	6367.19
1431820500	771	703.641	5950.88
1431906900	700	702.381	5996.82
1431993300	783	747.079	6420.62
1432079700	703	702.84	5962.26
1432166100	785	751.119	6313.77
1432252500	734	751.866	6373.72
1432338900	678	759.401	6393.98
1432425300	768	758.235	6399.42
1432511700	785	748.503	6335.59
1432598100	782	753.228	6369.62
1432684500	772	743.698	6339.88
1432770900	810	746.701	6354.76
1432857300	784	757.078	6370.55
1432943700	780	760.036	6415.62
1433030100	745	758.606	6400.33
1433116500	764	746.597	6301.99
1433202900	796	749.837	6344.47
1433289300	607	637.612	5377.77
1433375700	760	747.592	6337.72
1433462100	823	742.885	6289.98
1433548500	774	767.824	6443.98
1433634900	725	761.21	6411.96
1433721300	799	765.721	6448.83
1433807700	786	768.388	6442.83
1433894100	803	757.049	6380.31
1433980500	796	754.458	6365.36
1434066900	802	739.368	6279.33
1434153300	679	662.984	5555.9
1434239700	0	0	0
1434326100	0	0	0
1434412500	594	621.131	5201.03
1434498900	773	749.712	6283.91
1434585300	361	375.516	3200.85
1434671700	821	758.935	6457.48
1434758100	859	771.715	6475.02
1434844500	776	763.098	6486.66
1434930900	793	762.317	6467.86
1435017300	742	755.275	6465.07
1435103700	775	761.847	6429.51
1435190100	873	758.058	6344.14
1435276500	726	746.348	6341.74
1435362900	801	746.273	6350.19
1435449300	718	722.782	6119.88
1435535700	743	755.238	6357.01
1435622100	805	750.061	6356.4
1435708500	746	750.454	6366.33
1435794900	740	764.876	6451.1
1435881300	720	759.539	6426.82
1435967700	758	755.474	6392.28
1436054100	784	765.893	6361.31
1436140500	802	762.139	6364.27
1436226900	739	753.177	6364.62
1436313300	756	721.396	6080.57
1436399700	613	635.166	5329.14
1436486100	739	756.944	6382.21
1436572500	774	757.19	6371.6
1436658900	730	762.539	6314.02
1436745300	732	731.233	6041.42
1436831700	724	733.216	6131.38
1436918100	744	746.962	6304.73
1437004500	754	752.566	6371.62
1437090900	754	752.772	6369.45
1437177300	794	758.862	6365.87
1437263700	715	727.604	6102.99
1437350100	726	749.957	6359.7
1437436500	770	741.342	6315.26
1437522900	777	748.057	6314.32
1437609300	758	736.514	6249.93
1437695700	750	739.468	6308.42
1437782100	753	741.29	6268.24
1437868500	875	750.742	6287.81
1437954900	626	607.151	5082.18
1438041300	681	719.823	6034.48
1438127700	787	744.666	6284.48
1438214100	797	742.633	6265.73
1438300500	771	744.019	6239.18
1438386900	703	739.747	6226.76
1438473300	722	734.972	6134.31
1438559700	666	677.988	5709.11
1438646100	738	723.994	6110.89
1438732500	718	730.953	6128.2
1438818900	730	742.761	6120.31
1438905300	755	727.834	5987.95
1438991700	651	625.743	5186.84
1439078100	479	493.084	4093.96
1439164500	378	336.381	2811.55
1439250900	0	0	0
1439337300	4	10.1075	85.9444
1439423700	508	534.788	4563.43
1439510100	542	568.079	4816.14
1439596500	703	682.357	5731.89
1439682900	625	679.319	5761.73
1439769300	607	606.892	5139.36
1439855700	670	655.117	5568.16
1439942100	635	685.315	5861.94
1440028500	737	706.439	6031.21
1440114900	755	701.668	5931.97
1440201300	686	721.822	6020.92
1440287700	683	712.634	6035.75
1440374100	652	705.994	5996.08
1440460500	739	706.405	5941.61
1440546900	707	714.329	5985.78
1440633300	663	674.794	5728.28
1440719700	730	710.794	6022.67
1440806100	725	714.229	6015.94
1440892500	524	534.185	4531.84
1440978900	430	435.82	3712.61
1441065300	427	500.194	4329.37
1441151700	634	609.061	5220.82
1441238100	650	682.771	5878.17
1441324500	692	691.554	5932.7
1441410900	715	692.805	5962.75
1441497300	580	560.453	4744.31
1441583700	387	377.131	3142.61
1441670100	74	113.97	958.698
1441756500	0	0	0
1441842900	661	696.049	5836.84
1441929300	675	705.276	5977.99
1442015700	743	704.785	5996.5
1442102100	723	700.668	5975.27
1442188500	699	702.061	5950.4
1442274900	702	716.036	5992.67
1442361300	730	711.116	5961.22
1442447700	706	709.949	5953.28
1442534100	696	704.492	5946.54
1442620500	718	701.19	5956.89
1442706900	744	704.015	5970.06
1442793300	715	707.348	5948.43
1442879700	108	117.679	990.51
1442966100	464	489.585	4122.58
1443052500	601	586.754	4931.76
1443138900	587	611.481	5166.01
1443225300	696	715.227	6064.15
1443311700	706	722.426	6127.62
1443398100	732	730.249	6155.36
1443484500	697	722.442	6099.66
1443570900	690	730.862	6175.45
1443657300	794	748.192	6264.62
1443743700	605	605.018	5120.06
1443830100	495	474.128	4044.8
1443916500	322	322.95	2727.7
1444002900	341	296.38	2495.73
1444089300	287	309.096	2608.36
1444175700	544	529.964	4477.42
1444262100	654	664.887	5627.6
1444348500	649	644.133	5485.25
1444434900	578	588.055	5050.59
1444521300	468	513.255	4415.81
1444607700	577	626.007	5336.99
1444694100	644	671.709	5622.53
1444780500	450	467.544	3877.1
1444866900	742	714.366	5957.93
1444953300	707	745.092	6320.38
1445039700	691	743.567	6363.16
1445126100	734	747.695	6389.68
1445212500	769	757.354	6390.27
1445298900	743	744.991	6259.99
1445385300	599	637.156	5365.9
1445471700	744	757.852	6415.71
1445558100	723	761.888	6509.49
1445644500	719	702.167	5980.26
1445730900	725	698.462	5914.93
1445817300	689	724.594	6160.37
1445903700	722	742.304	6338.56
1445990100	762	697.537	5953.8
1446076500	706	710.504	6065.54
1446162900	752	731.818	6253.19
1446249300	594	617.586	5295.98
1446335700	587	573.59	4903.17
1446422100	590	577.105	4929.14
1446508500	501	480.847	4090.68
1446594900	547	546.38	4720.56
1446681300	728	723.12	6243.67
1446767700	760	723.646	6227.5
1446854100	750	737.797	6306.68
1446940500	772	745.803	6323.25
1447026900	639	616.068	5192.69
1447113300	631	642.921	5491.22
1447199700	742	734.376	6326.55
1447286100	725	712.033	6042.6
1447372500	778	742.55	6302.99
1447458900	752	743.966	6334.23
1447545300	760	744.067	6299.18
1447631700	777	743.291	6293.7
1447718100	648	706.876	5945.34
1447804500	686	679.008	5718.2
1447890900	716	744.164	6235.78
1447977300	746	739.641	6288.09
1448063700	775	750.411	6305.76
1448150100	731	747.75	6320.79
1448236500	738	746.997	6331.25
1448322900	606	623.78	5246.37
1448409300	730	749.444	6303.69
1448495700	573	526.73	4451.74
1448582100	728	745.291	6334.69
1448668500	609	610.94	5220.64
1448754900	678	667.088	5725.06
1448841300	621	586.477	5035.83
1448927700	566	563.071	4788.21
1449014100	574	543.84	4659.31
1449100500	636	655.382	5596.11
1449186900	704	715.319	6115.1
1449273300	552	555.391	4774.21
1449359700	715	705.381	6092.13
1449446100	725	711.629	6083.88
1449532500	623	602.865	5102.6
1449618900	607	662.747	5645.78
1449705300	691	704.735	6028.06
1449791700	704	710.91	6056.63
1449878100	547	561.264	4740.33
1449964500	712	708.121	5966
1450050900	670	699.139	5896.83
1450137300	333	350.268	2972.93
1450223700	685	672.538	5729.22
1450310100	709	716.788	6059.1
1450396500	683	726.935	6172.23
1450482900	745	725.673	6206.98
1450569300	739	730.355	6224.93
1450655700	679	692.587	5870.45
1450742100	663	660.663	5579.48
1450828500	710	660.897	5570.17
1450914900	696	693.515	5918.68
1451001300	734	706.034	6035.59
1451087700	617	606.6	5181.81
1451174100	673	697.636	5934.36
1451260500	724	701.358	5962.11
1451346900	310	299.135	2537.2
1451433300	0	0	0
1451519700	0	0	0
1451606100	0	0	0
1451692500	0	0	0
1451778900	0	0	0
1451865300	0	0	0
1451951700	556	538.223	4623.75
1452038100	579	577.275	4994.67
1452124500	613	603.538	5213.49
1452210900	328	355.879	3041.66
1452297300	530	539.116	4624.06
1452383700	555	556.754	4769.9
1452470100	619	652.398	5586.06
1452556500	640	668.586	5679.87
1452642900	637	665.156	5701.15
1452729300	669	681.54	5838.1
1452815700	632	690.351	5900.45
1452902100	349	345.537	2963.15
1452988500	679	687.669	5890.85
1453074900	688	682.493	5882.26
1453161300	680	685.399	5903.11
1453247700	674	687.148	5908.91
1453334100	624	652.445	5628.48
1453420500	638	651.97	5586.02
1453506900	747	668.605	5766.59
1453593300	447	408.864	3486.78
1453679700	461	465.913	3936.38
1453766100	668	601.584	5120.42
1453852500	583	518.814	4429.98
1453938900	600	633.966	5408.35
1454025300	565	562.697	4808.94
1454111700	310	292.474	2509.86
1454198100	524	510.632	4438.07
1454284500	559	576.078	5005.71
1454370900	578	569.556	4917.26
1454457300	514	542.188	4630.59
1454543700	644	650.254	5539.41
1454630100	607	616.339	5273.37
1454716500	477	492.553	4242.43
1454802900	496	511.661	4389.6
1454889300	522	570.668	4878.18
1454975700	652	627.288	5391.79
1455062100	669	630.629	5438.51
1455148500	414	439.371	3767.58
1455234900	579	637.627	5448.42
1455321300	628	655.968	5572.18
1455407700	629	635.288	5427.52
1455494100	658	650.455	5560.56
1455580500	645	642.905	5451.72
1455666900	644	662.555	5579.02
1455753300	703	664.656	5657.2
1455839700	646	647.791	5552.61
1455926100	670	671.527	5763.06
1456012500	359	337.438	2879.87
1456098900	585	636.438	5428.48
1456185300	585	581.52	4997.41
1456271700	638	630.285	5421.11
1456358100	724	673.67	5767.06
1456444500	712	708.392	5988.28
1456530900	652	712.013	6052.04
1456617300	365	353.589	3007.99
1456703700	692	680.916	5848.38
1456790100	691	666.609	5747.1
1456876500	681	690.58	5970.06
1456962900	341	346.163	2972.62
1457049300	728	671.148	5749.78
1457135700	369	342.528	2944.59
1457222100	622	651.219	5595.24
1457308500	550	544.135	4652.11
1457394900	660	685.077	5870.39
1457481300	696	688.98	5916.13
1457567700	680	689.962	5965
1457654100	664	678.861	5838.85
1457740500	674	680.49	5886.22
1457826900	696	688.69	5941.69
1457913300	735	669.777	5761.12
1457999700	651	644.8	5537.51
1458086100	678	680.24	5868.16
1458172500	665	694.961	5927.05
1458258900	501	534.547	4560.08
1458345300	322	319.42	2771.44
1458431700	332	303.791	2615.38
1458518100	63	68.0299	583.139
1458604500	372	328.988	2822.29
1458690900	316	308.478	2659.92
1458777300	745	703.673	6040.01
1458863700	306	338.497	2938.84
1458950100	208	202.948	1757.34
1459036500	302	293.524	2525.45
1459122900	333	313.528	2693.42
1459209300	353	311.32	2674.19
1459295700	384	348.507	2985.77
1459382100	592	617.761	5273.5
1459468500	605	569.713	4876.24
1459554900	305	289.296	2461.26
1459641300	260	276.446	2354.09
1459727700	433	477.625	4069.95
1459814100	657	700.324	6012.27
1459900500	719	714.418	6065.61
1459986900	713	708.974	5996.89
1460073300	709	710.765	6055.75
1460159700	548	552.627	4718.96
1460246100	702	706.981	6065.33
1460332500	713	696.918	6007.86
1460418900	697	693.807	5963.29
1460505300	730	692.751	5890.1
1460591700	717	696.53	5888.06
1460678100	699	701.791	5884.38
1460764500	695	702.242	5881.57
1460850900	718	693.9	5877.93
1460937300	590	582.36	4958.45
1461023700	534	528.14	4478.19
1461110100	633	623.032	5250.25
1461196500	697	701.549	5928.73
1461282900	720	711.572	6033.01
1461369300	745	719.848	6018.19
1461455700	695	715.554	5970.89
1461542100	588	647.443	5478.37
1461628500	0	0	0
1461714900	346	337.757	2913.4
1461801300	707	687.815	5863.23
1461887700	668	688.537	5878.86
1461974100	690	670.467	5770.22
1462060500	717	674.215	5694.12
1462146900	650	664.726	5656.32
1462233300	665	643.408	5544.39
1462319700	518	530.127	4520.52
1462406100	619	627.201	5356.45
1462492500	662	664.001	5671.67
1462578900	497	503.37	4308.72
1462665300	523	533.469	4533.21
1462751700	495	521.255	4426.18
1462838100	509	520.306	4446.39
1462924500	166	147.431	1264.01
1463010900	0	0	0
1463097300	0	0	0
1463183700	0	0	0
1463270100	0	0	0
1463356500	0	0	0
1463442900	0	0	0
1463529300	0	0	0
1463615700	0	0	0
1463702100	0	0	0
1463788500	0	0	0
1463874900	0	0	0
1463961300	130	145.059	1245.17
1464047700	194	184.366	1569.19
1464134100	207	220.706	1868.01
1464220500	573	588.151	5046.6
1464306900	547	583.369	5028.42
1464393300	490	449.592	3860.76
1464479700	163	173.401	1483.76
1464566100	220	189.972	1606.58
1464652500	181	183.774	1553.1
1464738900	190	199.889	1677.9
1464825300	291	281.398	2364.62
1464911700	673	634.629	5346.37
1464998100	216	209.093	1747.88
1465084500	398	401.805	3396.38
1465170900	218	214.444	1821.47
1465257300	255	232.817	2018.28
1465343700	315	308.379	2715.92
1465430100	252	251.432	2150.21
1465516500	403	417.721	3588.21
1465602900	649	630	5425.3
1465689300	690	640.574	5491.73
1465775700	727	648.423	5489.24
1465862100	660	643.998	5489.19
1465948500	634	639.375	5485.32
1466034900	662	631.595	5440.75
1466121300	597	645.841	5543.13
1466207700	675	650.919	5555.05
1466294100	623	646.435	5543.69
1466380500	642	645.859	5526.99
1466466900	645	642.145	5485.97
1466553300	636	645.704	5497.77
1466639700	664	654.497	5530.12
1466726100	640	636.99	5375.02
1466812500	611	617.648	5292.08
1466898900	638	613.89	5272.11
1466985300	648	611.447	5258.1
1467071700	3	0	0
1467158100	677	630.354	5300.91
1467244500	624	640.025	5410.98
1467330900	673	656.151	5576.04
1467417300	652	651.704	5524.57
1467503700	680	658.44	5572.32
1467590100	617	632.918	5366.81
1467676500	668	654.089	5559
1467762900	708	670.063	5702.83
1467849300	690	672.208	5708.9
1467935700	707	676.657	5708.89
1468022100	720	679.417	5713.44
1468108500	721	682.5	5714.04
1468194900	655	685.251	5708.09
1468281300	432	470.705	3948.84
1468367700	628	632.124	5269.19
1468454100	693	698.462	5801.69
1468540500	665	689.924	5811.18
1468626900	631	663.786	5645.4
1468713300	658	684.17	5795.29
1468799700	689	685.954	5796.16
1468886100	693	680.465	5806.94
1468972500	731	695.682	5877.05
1469058900	767	695.431	5917.11
1469145300	733	701.196	5943.81
1469231700	728	708.906	5966.28
1469318100	716	698.152	5895.86
1469404500	715	699.131	5870.84
1469490900	671	684.067	5800.53
1469577300	708	670.695	5711.68
1469663700	668	684.046	5787.34
1469750100	708	688.596	5792.71
1469836500	702	689.574	5780.61
1469922900	690	686.312	5767.08
1470009300	715	676.163	5765.16
1470095700	747	667.232	5702.76
1470182100	734	682.127	5774.85
1470268500	724	686.781	5791.16
1470354900	662	679.692	5719.69
1470441300	724	683.32	5784.87
1470527700	730	678.003	5784.73
1470614100	687	680.16	5787.31
1470700500	711	671.102	5753.54
1470786900	713	672.339	5756.85
1470873300	743	674.941	5719.08
1470959700	704	679.082	5767.21
1471046100	678	682.224	5769.78
1471132500	690	681.585	5762.21
1471218900	654	673.561	5680.51
1471305300	688	680.194	5702.48
1471391700	621	670.198	5639.35
1471478100	513	524.087	4448.41
1471564500	654	645.323	5472.21
1471650900	653	671.553	5704.02
1471737300	668	659.709	5697.56
1471823700	679	661.125	5661.21
1471910100	703	648.991	5522.59
1471996500	698	658.426	5563.84
1472082900	676	655.779	5544.67
1472169300	659	648.761	5475.09
1472255700	624	645.052	5457.55
1472342100	626	645.017	5474.73
1472428500	617	637.976	5466.75
1472514900	733	640.865	5470.91
1472601300	606	642.314	5442.34
1472687700	638	638.758	5438.5
1472774100	607	626.552	5389.41
1472860500	574	630.401	5482.97
1472946900	570	631.928	5482.32
1473033300	574	634.975	5469.21
1473119700	653	637.919	5467.94
1473206100	642	641.616	5466.92
1473292500	685	644.689	5495.96
1473378900	661	644.51	5487.82
1473465300	692	640.472	5469.24
1473551700	640	641.244	5470.61
1473638100	612	645.106	5440.08
1473724500	519	509.485	4305.68
1473810900	388	394.621	3379.53
1473897300	582	599.887	5113.72
1473983700	613	632.963	5383.15
1474070100	632	642.909	5428.94
1474156500	618	630.837	5399.85
1474242900	614	625.005	5405.02
1474329300	705	630.484	5398.02
1474415700	649	627.32	5338.62
1474502100	610	632.227	5383.14
1474588500	616	615.309	5351.18
1474674900	615	617.996	5328.92
1474761300	629	622.371	5335.12
1474847700	635	623.003	5288.4
1474934100	651	626.042	5323.24
1475020500	591	619.7	5298.3
1475106900	594	591.801	5086
1475193300	615	604.443	5117.91
1475279700	625	598.816	5105.08
1475366100	620	597.512	5097.99
1475452500	608	593.419	5095.63
1475538900	566	603.814	5127.49
1475625300	571	597.094	5129
1475711700	537	577.451	4931.76
1475798100	626	606.694	5125.19
1475884500	595	600.386	5096.9
1475970900	588	599.383	5080.1
1476057300	612	596.955	5083.59
1476143700	608	601.939	5111.84
1476230100	608	602.539	5085.02
1476316500	588	605.089	5092.92
1476402900	576	599.17	5067.74
1476489300	521	596.341	5027.26
1476575700	417	430.75	3585.94
1476662100	548	552.361	4644.84
1476748500	414	431.737	3652.02
1476834900	354	373.015	3163.54
1476921300	434	440.108	3772.66
1477007700	600	599.86	5124.16
1477094100	615	626.094	5297.09
1477180500	445	433.638	3671.32
1477266900	511	536.454	4563.09
1477353300	535	616.773	5263
1477439700	581	610.949	5250.34
1477526100	623	604.686	5237.8
1477612500	0	0	0
1477698900	650	612.524	5225.51
1477785300	618	616.632	5256.52
1477871700	501	515.475	4360.97
1477958100	601	622.587	5214.15
1478044500	579	610.53	5186.91
1478130900	586	602.538	5156.59
1478217300	571	593.931	5129.25
1478303700	571	594.856	5129.46
1478390100	590	595.617	5092.5
1478476500	608	598.903	5132.02
1478562900	590	597.164	5122.81
1478649300	621	595.823	5070.78
1478735700	556	592.707	5045.11
1478822100	606	591.657	5047.72
1478908500	610	597.506	5085.64
1478994900	579	601.779	5089.36
1479081300	582	606.012	5124.89
1479167700	599	601.59	5074.98
1479254100	558	589.744	5014.59
1479340500	568	582.673	5003.19
1479426900	594	579.103	4979.81
1479513300	593	590.206	5020.22
1479599700	395	381.323	3236.3
1479686100	1	0	0
1479772500	584	557.646	4795.02
1479858900	561	573.248	4885.08
1479945300	414	459.107	3903.49
1480031700	375	350.149	2978.53
1480118100	470	433.25	3658.47
1480204500	389	367.733	3126.63
1480290900	0	0	0
1480377300	0	0	0
1480463700	560	539.446	4640.34
1480550100	575	582.997	4986.75
1480636500	575	565.226	4837.16
1480722900	585	561.798	4830.51
1480809300	589	596.579	5076.69
1480895700	406	407.866	3443.84
1480982100	602	598.484	5088.17
1481068500	577	603.918	5131.67
1481154900	524	554.734	4742.85
1481241300	605	609.133	5202.92
1481327700	635	614.026	5225.38
1481414100	647	611.281	5226.27
1481500500	550	609.434	5182.17
1481586900	597	607.757	5160.68
1481673300	621	605.42	5199.97
1481759700	606	611.077	5241.33
1481846100	621	612.382	5239.15
1481932500	593	621.206	5303.48
1482018900	593	597.513	5095.53
1482105300	586	620.271	5312.94
1482191700	592	574.631	4889.23
1482278100	640	616.345	5229.04
1482364500	646	622.381	5300.64
1482450900	596	632.327	5385.61
1482537300	596	602.732	5123.75
1482623700	547	559.701	4711.08
1482710100	641	637.246	5369.99
1482796500	585	614.855	5244.7
1482882900	612	566.368	4864.75
1482969300	682	652.481	5585.84
1483055700	679	659.123	5622.45
1483142100	662	666.087	5662.23
1483228500	608	629.082	5366.31
1483314900	614	646.043	5543.15
1483401300	655	651.553	5539.89
1483487700	641	661.326	5599.11
1483574100	673	675.474	5732.35
1483660500	689	679.374	5800.8
1483746900	682	688.775	5865.61
1483833300	620	622.622	5321.69
1483919700	323	345.567	2929.72
1484006100	685	691.582	5884.87
1484092500	693	697.153	5955.81
1484178900	678	692.116	5941.32
1484265300	708	695.583	5958.63
1484351700	686	698.764	5980.04
1484438100	548	564.037	4791.75
1484524500	538	556.201	4752.17
1484610900	642	694.639	5955.7
1484697300	687	695.919	5959.57
1484783700	670	696.365	5973.07
1484870100	689	659.302	5695.92
1484956500	707	679.494	5885.92
1485042900	605	592.122	5102.52
1485129300	688	647.098	5574.41
1485215700	632	585.935	5027.42
1485302100	622	645.967	5571.12
1485388500	650	659.983	5743.34
1485474900	716	676.507	5893.63
1485561300	716	691.303	5964.91
1485647700	727	698.12	5979.07
1485734100	697	697.758	5955.23
1485820500	723	695.059	5953.51
1485906900	533	507.321	4347.59
1485993300	665	670.284	5719.65
1486079700	628	659.645	5577.25
1486166100	526	545.114	4621.12
1486252500	431	411.399	3510.56
1486338900	698	669.696	5739.69
1486425300	654	679.216	5778.27
1486511700	592	615.508	5227.59
1486598100	616	626.345	5333.98
1486684500	600	587.985	5039.16
1486770900	661	678.375	5824.87
1486857300	706	679.281	5826.36
1486943700	567	557.148	4806.42
1487030100	516	513.385	4409.78
1487116500	435	486.341	4178.2
1487202900	488	488.518	4188.77
1487289300	575	564.801	4798.1
1487375700	644	657.856	5559.5
1487462100	703	662.155	5666.14
1487548500	634	665.855	5728.44
1487634900	697	666.705	5759.28
1487721300	648	631.783	5471.97
1487807700	625	659.46	5688.65
1487894100	689	654.61	5634.11
1487980500	450	435.766	3751.09
1488066900	405	411.45	3533.62
1488153300	346	356.956	3057.4
1488239700	355	356.292	3056.24
1488326100	320	306.531	2601.58
1488412500	548	563.977	4743.65
1488498900	648	657.815	5604.58
1488585300	660	660.265	5633.03
1488671700	619	660.963	5621.41
1488758100	648	640.578	5454.16
1488844500	665	648.219	5560.32
1488930900	683	648.78	5505.57
1489017300	658	655.352	5518.75
1489103700	591	647.031	5492.76
1489190100	701	653.383	5536.52
1489276500	612	645.507	5520.9
1489362900	684	648.768	5557.97
1489449300	693	662.557	5644.68
1489535700	599	627.274	5333.86
1489622100	681	644.553	5554.04
1489708500	648	648.103	5588.32
1489794900	703	652.134	5599.01
1489881300	660	648.981	5565.84
1489967700	551	531.116	4569.12
1490054100	605	622.242	5366.01
1490140500	275	274.926	2368.19
1490226900	435	411.624	3549.46
1490313300	684	655.09	5613.26
1490399700	451	440.253	3742.11
1490486100	573	632.405	5371.85
1490572500	592	599.03	5110.86
1490658900	634	618.8	5302.49
1490745300	653	651.322	5586.05
1490831700	629	662.667	5633.91
1490918100	631	659.467	5622.73
1491004500	408	404.857	3474.88
1491090900	388	397.637	3394.56
1491177300	542	542.653	4632.46
1491263700	584	617.564	5223.86
1491350100	634	651.299	5539.49
1491436500	586	619.447	5276.49
1491522900	684	650.718	5461.96
1491609300	607	653.067	5505
1491695700	638	650.87	5533.66
1491782100	591	644.938	5492.97
1491868500	354	333.435	2843.72
1491954900	605	622.598	5366.63
1492041300	573	558.952	4776.61
1492127700	633	643.581	5476.57
1492214100	609	612.53	5226.14
1492300500	632	633.434	5464.62
1492386900	581	622.809	5356.1
1492473300	606	612.708	5252.8
1492559700	629	612.113	5205.24
1492646100	618	611.004	5191.91
1492732500	642	618.8	5254.08
1492818900	605	616.746	5257.14
1492905300	630	613.777	5242.35
1492991700	556	559.799	4750.4
1493078100	493	566.415	4763.37
1493164500	679	621.388	5262.44
1493250900	658	637.463	5421.53
1493337300	699	642.83	5482.22
1493423700	534	538.845	4612.23
1493510100	702	631.146	5407.79
1493596500	730	639.533	5455.46
1493682900	649	632.207	5347.56
1493769300	628	637.797	5457.76
1493855700	652	640.358	5464.07
1493942100	670	649.038	5482.63
1494028500	717	666.831	5599.3
1494114900	643	671.345	5615.3
1494201300	555	548.319	4643.86
1494287700	615	653.438	5575.75
1494374100	633	654.944	5598.93
1494460500	644	663.143	5606.96
1494546900	665	657.301	5519.88
1494633300	571	656.066	5544.72
1494719700	695	657.847	5555.31
1494806100	640	651.202	5530.5
1494892500	689	661.082	5606.33
1494978900	690	677.112	5683.26
1495065300	427	455.198	3803.77
1495151700	599	576.309	4859.78
1495238100	661	679.56	5708.33
1495324500	683	681.257	5738.9
1495410900	669	680.941	5726.24
1495497300	647	679.991	5735.75
1495583700	683	678.814	5698.85
1495670100	682	678.85	5700.34
1495756500	653	671.038	5680.12
1495842900	654	666.685	5716.38
1495929300	647	670.596	5716.98
1496015700	677	625.577	5304.49
1496102100	661	669.445	5721.75
1496188500	716	670.101	5733.75
1496274900	339	357.804	3051.36
1496361300	693	685.823	5812.75
1496447700	725	701.633	5884.24
1496534100	666	694.01	5834.64
1496620500	652	683.875	5775.15
1496706900	676	676.051	5687.47
1496793300	584	620.517	5185.96
1496879700	700	688.271	5746.46
1496966100	687	686.833	5881.05
1497052500	669	689.492	5879.77
1497138900	663	690.879	5832
1497225300	691	687.277	5812.3
1497311700	741	691.76	5790.93
1497398100	749	689.293	5803.18
1497484500	708	689.669	5794.96
1497570900	677	696.292	5813.52
1497657300	703	703.445	5826.92
1497743700	694	693.08	5828.09
1497830100	690	682.981	5822.66
1497916500	721	691.061	5847.38
1498002900	742	697.05	5850.44
1498089300	530	558.047	4651.18
1498175700	418	442.444	3687.4
1498262100	441	439.106	3690.9
1498348500	437	443.504	3691.2
1498434900	446	439.546	3680.48
1498521300	266	281.852	2371.43
1498607700	0	0	0
1498694100	299	328.074	2780.42
1498780500	645	687.685	5868.67
1498866900	634	688.102	5917.02
1498953300	729	702.204	5985.05
1499039700	771	706.159	5963.33
1499126100	706	711.424	5954.87
1499212500	730	710.431	5977.7
1499298900	663	706.514	5974.73
1499385300	719	696.244	5939.98
1499471700	656	695.066	5926.75
1499558100	697	697.114	5915.97
1499644500	682	693.558	5919.12
1499730900	735	695.537	5905.75
1499817300	691	705.793	5899.64
1499903700	735	707.111	5914.59
1499990100	657	698.607	5901.45
1500076500	673	710.151	5904.59
1500162900	652	695.033	5861.92
1500249300	654	683.212	5845
1500335700	742	680.273	5836.57
1500422100	723	685.488	5855.53
1500508500	708	684.762	5830.88
1500594900	677	684.651	5838.94
1500681300	763	683.22	5763.65
1500767700	670	693.357	5791.71
1500854100	657	683.346	5767.91
1500940500	671	677.497	5757.17
1501026900	692	678.498	5749.74
1501113300	660	678.651	5735.74
1501199700	680	686.267	5752.86
1501286100	678	681.852	5771.83
1501372500	689	673.423	5773.43
1501458900	596	670.716	5741.69
1501545300	681	678.514	5716.86
1501631700	715	671.718	5710.74
1501718100	672	662.612	5664.29
1501804500	610	572.307	4860.38
1501890900	687	671.344	5664.46
1501977300	458	455.125	3826.22
1502063700	308	304.552	2564.29
1502150100	343	334.752	2811.61
1502236500	442	449.433	3770.71
1502322900	688	694.033	5797.6
1502409300	632	690.183	5772.26
1502495700	700	689.475	5785.22
1502582100	650	676.764	5695.79
1502668500	648	664.358	5572.99
1502754900	603	672.02	5673.55
1502841300	677	671.481	5724.66
1502927700	748	685.532	5817.75
1503014100	712	699.591	5872.87
1503100500	658	672.591	5625.35
1503186900	628	663.789	5639.55
1503273300	673	662.163	5644.08
1503359700	694	672.789	5629.99
1503446100	591	640.959	5338.88
1503532500	430	427.171	3558.99
1503618900	515	493.803	4130.35
1503705300	612	627.413	5306.28
1503791700	693	657.874	5528.81
1503878100	687	655.117	5481.96
1503964500	596	623.761	5243.19
1504050900	609	641.054	5468.81
1504137300	678	651.005	5514.32
1504223700	685	664.152	5566
1504310100	619	660.718	5568.35
1504396500	472	499.784	4236.28
1504482900	535	555.978	4753.39
1504569300	659	656.889	5625.14
1504655700	672	677.576	5702.43
1504742100	680	677.911	5735.12
1504828500	716	688.512	5786.79
1504914900	674	695.002	5851.57
1505001300	691	695.915	5864.11
1505087700	713	690.49	5830.22
1505174100	634	679.165	5771.52
1505260500	691	694.631	5910.43
1505346900	688	701.695	5945.83
1505433300	638	676.15	5812.86
1505519700	699	681.691	5890.09
1505606100	677	680.788	5838.99
1505692500	702	692.409	5899.84
1505778900	703	692.341	5847.64
1505865300	665	633.108	5349.14
1505951700	687	681.372	5857.77
1506038100	677	681.419	5837.62
1506124500	660	652.778	5601.04
1506210900	686	687.927	5841.76
1506297300	683	683.488	5842.08
1506383700	702	683.535	5850.91
1506470100	654	685.577	5859.79
1506556500	683	690.407	5893.02
1506642900	610	647.493	5497.58
1506729300	772	711.326	5968.37
1506815700	626	689.83	5739.62
1506902100	691	712.362	5991.03
1506988500	703	724.275	6085.85
1507074900	761	739.631	6187.24
1507161300	725	765.262	6304.09
1507247700	755	744.203	6265.03
1507334100	629	646.088	5530.8
1507420500	593	613.967	5196.45
1507506900	657	680.101	5772.14
1507593300	635	673.271	5699.3
1507679700	696	710.987	5999.98
1507766100	686	736.36	6268.67
1507852500	553	559.135	4780.36
1507938900	657	599.577	5140.06
1508025300	698	678.78	5807
1508111700	343	314.628	2669.32
1508198100	437	473.636	3997.14
1508284500	741	730.418	6180.49
1508370900	737	725.215	6180.7
1508457300	751	736.646	6208.74
1508543700	735	735.623	6231.68
1508630100	736	724.176	6222.08
1508716500	761	728.922	6192.36
1508802900	738	728.654	6180.13
1508889300	754	730.003	6200.89
1508975700	760	733.516	6220.2
1509062100	721	728.486	6185.8
1509148500	739	740.209	6221.9
1509234900	735	740.9	6197.43
1509321300	715	734.681	6197.12
1509407700	731	739.541	6274.24
1509494100	750	750.15	6328.98
1509580500	772	755.722	6355.31
1509666900	746	756.76	6364.85
1509753300	740	762.26	6455.38
1509839700	746	764.014	6472.2
1509926100	736	751.924	6432.05
1510012500	718	723.469	6166.17
1510098900	608	599.616	5094
1510185300	752	725.748	6179.96
1510271700	718	755.845	6458.78
1510358100	753	757.444	6475.48
1510444500	759	746.145	6360.04
1510530900	759	743.754	6346.15
1510617300	606	651.759	5540.59
1510703700	750	747.241	6307.44
1510790100	691	740.414	6304.17
1510876500	779	741.24	6279.8
1510962900	719	746.257	6337.94
1511049300	691	715.132	6063.49
1511135700	668	689.221	5825.21
1511222100	714	737.011	6267.53
1511308500	676	742.422	6343.43
1511394900	748	748.987	6351.36
1511481300	719	739.92	6286.88
1511567700	708	736.806	6301.91
1511654100	737	733.957	6275.57
1511740500	739	737.839	6304.42
1511826900	735	725.012	6226.39
1511913300	758	739.716	6302.81
1511999700	721	738.02	6304.83
1512086100	601	650.355	5531.12
1512172500	674	753.887	6428.7
1512258900	449	449.333	3832.82
1512345300	441	430.675	3702.56
1512431700	643	682.101	5831.55
1512518100	648	684.543	5843.63
1512604500	731	741.013	6339.94
1512690900	431	422.827	3592.72
1512777300	375	349.475	2969.17
1512863700	687	709.879	6085.85
1512950100	744	707.937	6102.31
1513036500	697	716.912	6102.27
1513122900	671	700.964	5976.08
1513209300	716	729.727	6268.03
1513295700	739	732.863	6287.68
1513382100	749	728.319	6164.94
1513468500	493	480.223	4056.65
1513554900	715	718.536	6161.3
1513641300	803	748.747	6390.44
1513727700	771	721.942	6166.72
1513814100	748	752.214	6401.39
1513900500	746	740.934	6310.8
1513986900	767	752.937	6419.24
1514073300	725	749.941	6412.42
1514159700	787	750.154	6401.18
1514246100	664	682.929	5806.92
1514332500	573	583.057	4995.24
1514418900	731	738.584	6339.58
1514505300	699	710.142	6093.68
1514591700	767	734.753	6264.05
1514678100	612	663.924	5675.75
1514764500	432	459.367	3928.76
1514850900	663	691.927	5910.53
1514937300	675	692.269	5904.27
1515023700	715	748.216	6337.94
1515110100	700	733.03	6201.9
1515196500	758	726.198	6233.18
1515282900	695	672.179	5791.99
1515369300	659	665.258	5737.65
1515455700	545	537.219	4604.51
1515542100	454	440.765	3786.31
1515628500	557	580.644	4993.51
1515714900	593	595.314	5112.78
1515801300	720	723.325	6191.41
1515887700	611	637.744	5472.81
1515974100	632	596.941	5103.93
1516060500	727	697.356	5970.15
1516146900	630	601.931	5168.87
1516233300	662	689.514	5931.6
1516319700	761	716.665	6176.85
1516406100	740	721.526	6195.82
1516492500	684	720.904	6150.35
1516578900	576	557.588	4735.47
1516665300	524	577.937	4880.84
1516751700	644	672.427	5733.09
1516838100	697	705.417	6042.82
1516924500	580	568.458	4847.62
1517010900	652	715.838	6081.49
1517097300	676	698.332	5967.87
1517183700	721	677.311	5772.58
1517270100	618	614.993	5187.34
1517356500	653	655.258	5611.66
1517442900	588	648.63	5598.85
1517529300	677	613.061	5279.92
1517615700	716	703.224	6027.14
1517702100	697	657.635	5646.77
1517788500	606	600.784	5178.83
1517874900	694	701.259	6016.41
1517961300	681	691.753	5913.72
1518047700	633	679.261	5796.99
1518134100	634	656.033	5563.84
1518220500	654	705.206	6007.8
1518306900	701	715.938	6134.83
1518393300	719	709.778	6140.76
1518479700	761	716.456	6144.38
1518566100	672	686.872	5905.59
1518652500	763	708.64	6084.3
1518738900	634	629.867	5408.88
1518825300	650	644.073	5564.88
1518911700	549	567.599	4851.97
1518998100	646	654.845	5548.59
1519084500	544	567.154	4807.96
1519170900	682	725.052	6219.84
1519257300	752	727.781	6256.72
1519343700	487	458.709	3931.07
1519430100	604	596.721	5129.13
1519516500	565	530.685	4571.03
1519602900	718	708.901	6109.16
1519689300	520	512.069	4389.83
1519775700	476	481.731	4135.29
1519862100	700	699.218	5995.12
1519948500	734	733.081	6314.91
1520034900	741	737.156	6320.64
1520121300	639	647.695	5530.88
1520207700	682	672.462	5767.49
1520294100	733	734.32	6323.61
1520380500	778	727.445	6240.44
1520466900	719	715.422	6092.1
1520553300	612	642.16	5466.74
1520639700	745	738.939	6251.36
1520726100	730	724.835	6174.84
1520812500	732	732.061	6216.41
1520898900	729	742.248	6284.8
1520985300	702	702.88	5929.69
1521071700	751	741.082	6268.34
1521158100	754	745.484	6293.72
1521244500	748	750.346	6322.17
1521330900	729	748.694	6304.4
1521417300	762	741.734	6311.46
1521503700	765	748.417	6360.68
1521590100	736	727.729	6232.56
1521676500	786	744.606	6270.49
1521762900	784	754.085	6341.43
1521849300	751	743.003	6311.4
1521935700	708	731.204	6294.89
1522022100	748	738.892	6298.92
1522108500	746	742.847	6338.42
1522194900	778	742.667	6324.11
1522281300	764	741.855	6343.62
1522367700	745	717.124	6157.31
1522454100	686	704.126	6033.84
1522540500	743	741.244	6358.05
1522626900	682	729.58	6280.38
1522713300	743	735.042	6270.86
1522799700	747	733.753	6251.42
1522886100	722	732.582	6216.24
1522972500	541	616.239	5262.92
1523058900	467	507.459	4291.22
1523145300	667	713.99	6064.42
1523231700	730	711.288	6074.72
1523318100	699	716.099	6035.24
1523404500	655	716.636	6034.45
1523490900	645	711.022	6037.74
1523577300	541	550.378	4749.43
1523663700	731	697.724	5973.92
1523750100	728	697.063	6002.68
1523836500	740	698.468	5992.49
1523922900	713	707.575	6029.9
1524009300	715	699.093	6002.89
1524095700	703	701.949	5995.05
1524182100	717	679.274	5801.9
1524268500	743	722.795	6168.22
1524354900	721	711.261	6038.7
1524441300	754	716.386	6122.42
1524527700	709	732.366	6272.58
1524614100	694	743.375	6367.25
1524700500	804	751.248	6391.94
1524786900	836	752.187	6360.49
1524873300	700	748.417	6385.05
1524959700	792	741.416	6296.1
1525046100	763	748.852	6387.98
1525132500	733	743.071	6339.23
1525218900	749	749.648	6374.64
1525305300	739	753.303	6402.53
1525391700	731	751.333	6384.98
1525478100	742	742.474	6352.68
1525564500	787	743.425	6360.34
1525650900	737	738.787	6313.53
1525737300	725	737.226	6303.82
1525823700	707	737.405	6280.93
1525910100	576	733.89	6257.67
1525996500	683	725.489	6203.72
1526082900	739	724.694	6170.38
1526169300	781	728.138	6151.12
1526255700	752	726.811	6107.88
1526342100	665	727.864	6147.3
1526428500	682	717.71	6119.15
1526514900	767	720.256	6088.31
1526601300	734	718.971	6075.1
1526687700	700	708.936	6071.31
1526774100	381	713.506	6066.42
1526860500	744	717.259	6073.5
1526946900	726	700.404	5969.12
1527033300	721	696.89	5932.86
1527119700	729	717.221	6136.74
1527206100	764	733.538	6238.63
1527292500	735	712.593	5988.21
1527378900	711	737.196	6212.52
1527465300	732	740.946	6209.43
1527551700	728	731.646	6157.75
1527638100	637	717.58	6069.3
1527724500	640	716.683	6072.65
1527810900	670	705.728	6020.2
1527897300	727	708.047	6024.31
1527983700	326	703.273	6016.97
1528070100	683	701.695	5987.03
1528156500	684	694.721	5895.26
1528242900	727	695.82	5841.66
1528329300	678	680.489	5776.9
1528415700	710	702.059	5900.69
1528502100	726	740.12	6185.9
1528588500	752	758.605	6222.88
1528674900	705	750.376	6212.24
1528761300	708	740.966	6218.71
1528847700	728	731.857	6223.2
1528934100	764	730.1	6219.38
1529020500	740	728.359	6220.62
1529106900	784	731.851	6250.4
1529193300	770	736.225	6299.14
1529279700	816	739.123	6317.93
1529366100	779	745.946	6304.31
1529452500	774	743.106	6300.19
1529538900	787	743.824	6312.15
1529625300	741	745.279	6311.45
1529711700	780	752.863	6317.42
1529798100	311	735.559	6268.81
1529884500	713	740.812	6234.67
1529970900	382	737.685	6212.87
1530057300	697	728.221	6133.3
1530143700	566	722.965	6101.34
1530230100	498	735.005	6191.95
1530316500	636	733.179	6145.48
1530402900	488	734.314	6133.56
1530489300	725	730.504	6128.31
1530575700	538	588.074	5010.42
1530662100	721	723.217	6053.91
1530748500	670	714.065	5922.64
1530834900	707	706.534	5908.7
1530921300	672	697.713	5878.32
1531007700	628	671.591	5741.83
1531094100	618	658.609	5680.45
1531180500	676	664.488	5672.65
1531266900	744	676.334	5681.07
1531353300	712	705.751	5962.48
1531439700	698	704.452	5972.8
1531526100	733	701.434	5922.32
1531612500	712	711.255	5984.36
1531698900	660	703.427	5949.99
1531785300	726	708.335	5966.6
1531871700	692	711.848	5983.99
1531958100	657	698.81	5857.95
1532044500	678	682.913	5777.87
1532130900	693	690.192	5829.26
1532217300	677	702.335	5858.43
1532303700	684	681.703	5826.35
1532390100	663	678.162	5811.29
1532476500	627	688.466	5878.71
1532562900	731	690.863	5897.62
1532649300	717	697.506	5897.71
1532735700	716	719.831	6070.22
1532822100	729	719.235	6081.86
1532908500	771	722.747	6081.67
1532994900	683	715.277	6079.57
1533081300	722	730.872	6149.78
1533167700	755	728.372	6146.07
1533254100	689	738.229	6198.19
1533340500	763	732.434	6209.73
1533426900	616	598.535	5030.77
1533513300	605	596.182	5028.33
1533599700	693	687.446	5728.42
1533686100	707	733.6	6252.3
1533772500	794	735.069	6311.97
1533858900	767	751.192	6356.13
1533945300	831	755.288	6377.6
1534031700	746	758.009	6387.78
1534118100	699	759.104	6394.85
1534204500	719	752.071	6411.59
1534290900	788	750.603	6401.68
1534377300	833	758.128	6448.86
1534463700	876	765.48	6488.65
1534550100	778	761.82	6466.67
1534636500	710	751.705	6456.59
1534722900	729	749.422	6460.59
1534809300	780	758.893	6451.55
1534895700	812	764.6	6460.94
1534982100	790	775.669	6456.02
1535068500	739	764.666	6447.18
1535154900	729	754.549	6455.14
1535241300	811	751.885	6466.35
1535327700	393	388.898	3309.65
1535414100	771	766.341	6485.14
1535500500	734	769.179	6475.47
1535586900	789	766.468	6482.52
1535673300	703	757.772	6443.33
1535759700	732	761.682	6481.91
1535846100	781	752.932	6421.8
1535932500	781	749.671	6409.85
1536018900	197	170.512	1468.87
1536105300	783	765.398	6439.2
1536191700	775	769.518	6502.8
1536278100	729	761.104	6485.1
1536364500	768	751.136	6417.03
1536450900	755	755.112	6467.34
1536537300	710	749.205	6425.63
1536623700	771	758.065	6459.41
1536710100	766	755.843	6446.17
1536796500	729	753.769	6444.47
1536882900	755	751.011	6397.2
1536969300	763	759.483	6410.27
1537055700	661	726.504	6133.72
1537142100	485	466.762	3944.1
1537228500	686	728.743	6108.58
1537314900	757	763.228	6370.66
1537401300	758	756.986	6381.01
1537487700	771	751.433	6341.13
1537574100	708	659.71	5545.82
1537660500	694	724.174	6090.18
1537746900	657	721.089	6125.97
1537833300	715	733.682	6210.45
1537919700	799	744.776	6299.34
1538006100	736	747.732	6329.63
1538092500	749	752.623	6332.32
1538178900	724	757.429	6317.77
1538265300	722	756.33	6317.01
1538351700	678	745.679	6277.1
1538438100	752	749.435	6338.54
1538524500	724	745.844	6332.98
1538610900	733	741.718	6343.77
1538697300	737	747.258	6420.27
1538783700	838	757.131	6438.02
1538870100	764	728.479	6152.87
1538956500	764	728.327	6121.81
1539042900	762	747.879	6313.07
1539129300	711	741.081	6301.3
1539215700	754	734.196	6268
1539302100	716	752.656	6369.43
1539388500	774	742.953	6338.43
1539474900	763	740.397	6330.14
1539561300	760	740.777	6298.13
1539647700	717	722.299	6067.75
1539734100	699	745.314	6244.28
1539820500	690	744.306	6295.34
1539906900	687	731.282	6282.7
1539993300	717	738.455	6309.17
1540079700	696	738.057	6279.99
1540166100	734	737.686	6281.37
1540252500	692	738.541	6315.1
1540338900	762	742.316	6320.85
1540425300	696	740.879	6323.34
1540511700	715	739.249	6318.53
1540598100	780	745.703	6360.97
1540684500	707	742.79	6332.98
1540770900	559	587.863	4970.67
1540857300	734	749.374	6314.5
1540943700	661	677.693	5769.88
1541030100	690	702.645	5997.32
1541116500	718	757.346	6359.83
1541202900	668	759.978	6417.6
1541289300	731	747.215	6325.34
1541375700	796	732.731	6209.29
1541462100	688	702.393	6038.41
1541548500	671	739.149	6403
1541634900	771	754.073	6444.95
1541721300	721	727.909	6162.3
1541807700	785	762.843	6443.7
1541894100	657	662.895	5589.79
1541980500	681	754.674	6377.21
1542066900	687	748.688	6345.81
1542153300	764	745.882	6321.98
1542239700	728	747.217	6316.99
1542326100	711	745.855	6343.89
1542412500	716	751.429	6338.6
1542498900	751	745.282	6346.09
1542585300	723	744.518	6342.52
1542671700	716	724.065	6171.51
1542758100	701	707.737	6030
1542844500	708	694.668	5893.69
1542930900	665	715.333	6128.31
1543017300	704	715.088	6109.19
1543103700	751	733.695	6256.6
1543190100	684	730.101	6229.73
1543276500	677	668.18	5706.12
1543362900	575	626.087	5364.01
1543449300	719	728.918	6226.34
1543535700	719	716.382	6112.74
1543622100	624	645.517	5528.54
1543708500	667	708.634	6105.67
1543794900	792	721.049	6156.37
1543881300	683	706.198	6005.82
1543967700	583	584.861	4979.65
1544054100	677	695.158	5992.12
1544140500	628	700.084	6064.7
1544226900	722	708.774	6086.97
1544313300	659	699.535	5945.15
1544399700	326	354.833	3025.26
1544486100	663	694.643	5913.04
1544572500	644	691.77	5932.06
1544658900	703	719.042	6101.66
1544745300	737	719.629	6057.88
1544831700	658	676.152	5777.73
1544918100	0	0	0
1545004500	387	382.029	3263.51
1545090900	663	683.928	5889.99
1545177300	702	689.28	5897.38
1545263700	718	686.515	5818.61
1545350100	679	672.171	5737.34
1545436500	639	678.2	5779.59
1545522900	661	652.606	5591.45
1545609300	230	219.644	1888.38
1545695700	300	291.727	2481.23
1545782100	266	276.046	2353.38
1545868500	565	635.748	5389.7
1545954900	591	603.737	5137.57
1546041300	661	658.592	5592.24
1546127700	669	669.852	5682.01
1546214100	721	679.997	5810.27
1546300500	696	677.687	5772.54
1546386900	669	677.542	5788.99
1546473300	657	677.755	5803.86
1546559700	656	610.553	5199.51
1546646100	719	699.279	5965.52
1546732500	692	654.271	5552.47
1546818900	690	701.376	5922.55
1546905300	710	714.077	6000.24
1546991700	727	736.893	6221.15
1547078100	684	740.692	6297.3
1547164500	781	745.339	6380.7
1547250900	730	747.137	6375.14
1547337300	701	704.137	6034.77
1547423700	665	734.455	6317.75
1547510100	731	737.586	6318.35
1547596500	767	735.945	6276.28
1547682900	726	721.567	6195.26
1547769300	707	718.365	6232.38
1547855700	745	718.725	6199.49
1547942100	791	717.239	6145.07
1548028500	724	717.118	6117.6
1548114900	624	691.119	5910.19
1548201300	614	629.005	5393.74
1548287700	730	709.049	6104.15
1548374100	748	706.248	6037.68
1548460500	684	709.106	6098.72
1548546900	712	707.658	6099.89
1548633300	623	620.539	5315.45
1548719700	688	708.161	6061.16
1548806100	689	705.455	6044.05
1548892500	709	703.454	6031.08
1548978900	693	355.287	3041.05
1549065300	592	0	0
1549151700	689	0	0
1549238100	696	0	0
1549324500	660	0	0
1549410900	748	0	0
1549497300	611	0	0
1549583700	661	0	0
1549670100	690	0	0
1549756500	672	0	0
1549842900	686	0	0
1549929300	639	0	0
1550015700	679	0	0
1550102100	684	0	0
1550188500	700	0	0
1550274900	762	0	0
1550361300	666	0	0
1550447700	648	0	0
1550534100	697	0	0
1550620500	691	0	0
1550706900	707	0	0
1550793300	675	0	0
1550879700	681	0	0
1550966100	688	0	0
1551052500	678	0	0
1551138900	667	0	0
1551225300	683	0	0
1551311700	726	0	0
1551398100	726	0	0
1551484500	702	0	0
1551570900	697	0	0
1551657300	662	0	0
1551743700	676	0	0
1551830100	668	0	0
1551916500	766	0	0
1552002900	677	0	0
1552089300	606	0	0
1552175700	623	0	0
1552262100	651	0	0
1552348500	726	0	0
1552434900	667	0	0
1552521300	675	0	0
1552607700	697	0	0
1552694100	678	0	0
1552780500	595	0	0
1552866900	574	0	0
1552953300	646	0	0
1553039700	602	0	0
1553126100	689	0	0
1553212500	709	0	0
1553298900	796	0	0
1553385300	725	0	0
1553471700	708	0	0
1553558100	772	0	0
1553644500	759	0	0
1553730900	760	0	0
1553817300	771	0	0
1553903700	764	0	0
1553990100	747	0	0
1554076500	674	0	0
1554162900	768	0	0
1554249300	737	0	0
1554335700	699	0	0
1554422100	691	0	0
1554508500	711	0	0
1554594900	754	0	0
1554681300	790	0	0
1554767700	730	0	0
1554854100	773	0	0
1554940500	742	0	0
1555026900	659	0	0
1555113300	770	0	0
1555199700	751	0	0
1555286100	725	0	0
1555372500	731	0	0
1555458900	746	0	0
1555545300	753	0	0
1555631700	679	0	0
1555718100	716	0	0
1555804500	714	0	0
1555890900	740	0	0
1555977300	755	0	0
1556063700	716	0	0
1556150100	691	0	0
1556236500	715	0	0
1556322900	722	0	0
1556409300	758	0	0
1556495700	763	0	0
1556582100	696	0	0
1556668500	711	0	0
1556754900	719	0	0
1556841300	658	0	0
1556927700	695	0	0
1557014100	737	0	0
1557100500	680	0	0
1557186900	782	0	0
1557273300	725	0	0
1557359700	734	0	0
1557446100	703	0	0
1557532500	696	0	0
1557618900	681	0	0
1557705300	749	0	0
1557791700	743	0	0
1557878100	740	0	0
1557964500	743	0	0
1558050900	757	0	0
1558137300	711	0	0
1558223700	707	0	0
1558310100	677	0	0
1558396500	362	0	0
1558482900	82	0	0
1558569300	330	0	0
1558655700	593	0	0
1558742100	729	0	0
1558828500	727	0	0
1558914900	635	0	0
1559001300	706	0	0
1559087700	737	0	0
1559174100	659	0	0
1559260500	732	0	0
1559346900	330	0	0
1559433300	742	0	0
1559519700	675	0	0
1559606100	686	0	0
1559692500	767	0	0
1559778900	731	0	0
1559865300	751	0	0
1559951700	743	0	0
1560038100	761	0	0
1560124500	704	0	0
1560210900	737	0	0
1560297300	758	0	0
1560383700	717	0	0
1560470100	710	0	0
1560556500	741	0	0
1560642900	652	0	0
1560729300	722	0	0
1560815700	735	0	0
1560902100	719	0	0
1560988500	748	0	0
1561074900	786	0	0
1561161300	784	0	0
1561247700	775	0	0
1561334100	728	0	0
1561420500	673	0	0
1561506900	745	0	0
1561593300	748	0	0
1561679700	699	0	0
1561766100	698	0	0
1561852500	707	0	0
1561938900	694	0	0
1562025300	813	0	0
1562111700	677	0	0
1562198100	751	0	0
1562284500	732	0	0
1562370900	745	0	0
1562457300	750	0	0
1562543700	810	0	0
1562630100	730	0	0
1562716500	726	0	0
1562802900	743	0	0
1562889300	778	0	0
1562975700	727	0	0
1563062100	789	0	0
1563148500	760	0	0
1563234900	731	0	0
1563321300	757	0	0
1563407700	695	0	0
1563494100	718	0	0
1563580500	760	0	0
1563666900	711	0	0
1563753300	636	0	0
1563839700	668	0	0
1563926100	692	0	0
1564012500	672	0	0
1564098900	693	0	0
1564185300	644	0	0
1564271700	670	0	0
1564358100	731	0	0
1564444500	672	0	0
1564530900	730	0	0
1564617300	631	0	0
1564703700	646	0	0
1564790100	713	0	0
1564876500	745	0	0
1564962900	728	0	0
1565049300	769	0	0
1565135700	641	0	0
1565222100	670	0	0
1565308500	685	0	0
1565394900	756	0	0
1565481300	785	0	0
1565567700	627	0	0
1565654100	638	0	0
1565740500	673	0	0
1565826900	758	0	0
1565913300	721	0	0
1565999700	698	0	0
1566086100	696	0	0
1566172500	639	0	0
1566258900	673	0	0
1566345300	732	0	0
1566431700	690	0	0
1566518100	697	0	0
1566604500	723	0	0
1566690900	731	0	0
1566777300	679	0	0
1566863700	725	0	0
1566950100	737	0	0
1567036500	691	0	0
1567122900	679	0	0
1567209300	712	0	0
1567295700	763	0	0
1567382100	716	0	0
1567468500	643	0	0
1567554900	713	0	0
1567641300	727	0	0
1567727700	720	0	0
1567814100	670	0	0
1567900500	689	0	0
1567986900	715	0	0
1568073300	686	0	0
1568159700	692	0	0
1568246100	693	0	0
1568332500	703	0	0
1568418900	711	0	0
1568505300	778	0	0
1568591700	701	0	0
1568678100	712	0	0
1568764500	736	0	0
1568850900	742	0	0
1568937300	707	0	0
1569023700	698	0	0
1569110100	696	0	0
1569196500	714	0	0
1569282900	721	0	0
1569369300	713	0	0
1569455700	660	0	0
1569542100	684	0	0
1569628500	744	0	0
1569714900	757	0	0
1569801300	689	0	0
1569887700	673	0	0
1569974100	688	0	0
1570060500	712	0	0
1570146900	649	0	0
1570233300	657	0	0
1570319700	696	0	0
1570406100	693	0	0
1570492500	655	0	0
1570578900	690	0	0
1570665300	722	0	0
1570751700	702	0	0
1570838100	700	0	0
1570924500	672	0	0
1571010900	692	0	0
1571097300	691	0	0
1571183700	671	0	0
1571270100	724	0	0
1571356500	677	0	0
1571442900	685	0	0
1571529300	747	0	0
1571615700	654	0	0
1571702100	690	0	0
1571788500	680	0	0
1571874900	708	0	0
1571961300	718	0	0
1572047700	712	0	0
1572134100	666	0	0
1572220500	678	0	0
1572306900	661	0	0
1572393300	646	0	0
1572479700	685	0	0
1572566100	717	0	0
1572652500	655	0	0
1572738900	671	0	0
1572825300	684	0	0
1572911700	620	0	0
1572998100	690	0	0
1573084500	642	0	0
1573170900	723	0	0
1573257300	689	0	0
1573343700	579	0	0
1573430100	555	0	0
1573516500	658	0	0
1573602900	724	0	0
1573689300	689	0	0
1573775700	669	0	0
1573862100	693	0	0
1573948500	679	0	0
1574034900	682	0	0
1574121300	638	0	0
1574207700	666	0	0
1574294100	683	0	0
1574380500	702	0	0
1574466900	679	0	0
1574553300	710	0	0
1574639700	707	0	0
1574726100	689	0	0
1574812500	675	0	0
1574898900	698	0	0
1574985300	690	0	0
1575071700	670	0	0
1575158100	695	0	0
1575244500	708	0	0
1575330900	710	0	0
1575417300	640	0	0
1575503700	726	0	0
1575590100	719	0	0
1575676500	695	0	0
1575762900	707	0	0
1575849300	629	0	0
1575935700	355	0	0
1576022100	316	0	0
1576108500	318	0	0
1576194900	374	0	0
1576281300	643	0	0
1576367700	643	0	0
1576454100	705	0	0
1576540500	699	0	0
1576626900	721	0	0
1576713300	669	0	0
1576799700	719	0	0
1576886100	700	0	0
1576972500	552	0	0
1577058900	722	0	0
1577145300	689	0	0
1577231700	684	0	0
1577318100	660	0	0
1577404500	713	0	0
1577490900	590	0	0
1577577300	697	0	0
1577663700	641	0	0
1577750100	578	0	0
1577836500	680	0	0
