1104623721	135	137.537	1020.44
1104796565	135	136.948	1008.09
1104969409	174	175.68	1294.62
1105142253	187	189.532	1399.25
1105315097	124	144.277	1066.41
1105487941	204	211.376	1557.28
1105660785	172	194.572	1435.15
1105833629	200	198.054	1465.62
1106006473	140	150.923	1119.22
1106179317	214	240.192	1784.01
1106352161	245	253.637	1869.55
1106525005	262	258.413	1915.84
1106697849	219	226.398	1686.65
1106870692	258	251.187	1856.89
1107043536	240	248.683	1845.52
1107216380	203	239.206	1820.84
1107389224	213	240.943	1807.21
1107562068	130	129.947	960.646
1107734912	183	169.616	1249.8
1107907756	169	188.349	1397.99
1108080600	234	235.709	1762.25
1108253444	136	169.724	1258.53
1108426288	227	241.223	1792.72
1108599132	244	252.388	1861.63
1108771976	190	203.898	1514.84
1108944820	221	216.304	1601.9
1109117663	204	194.414	1433.82
1109290507	43	44.2581	328.578
1109463351	122	116.805	852.253
1109636195	166	172.24	1296.1
1109809039	176	182.282	1366.76
1109981883	197	217.378	1614.07
1110154727	68	86.7337	644.315
1110327571	220	206.512	1552.25
1110500415	212	223.559	1614.59
1110673259	256	245.58	1842.17
1110846103	167	188.12	1411.16
1111018947	181	196.617	1438.7
1111191791	185	189.772	1414.45
1111364634	191	226.251	1702.1
1111537478	257	249.143	1855.12
1111710322	205	225.84	1706.05
1111883166	22	27.979	207.608
1112056010	0	0	0
1112228854	0	0	0
1112401698	0	0	0
1112574542	0	0	0
1112747386	0	0	0
1112920230	138	153.462	1139.03
1113093074	13	14.309	105.441
1113265918	108	105.076	779.605
1113438762	256	266.626	2006.78
1113611605	235	238.263	1802.43
1113784449	164	180.154	1330.11
1113957293	231	258.882	1946.27
1114130137	38	40.2705	318.961
1114302981	0	0	0
1114475825	0	0	0
1114648669	0	0	0
1114821513	0	0	0
1114994357	4	6.23287	32.1649
1115167201	242	231.284	1714.49
1115340045	256	278.465	2127.79
1115512889	299	286.597	2169.68
1115685733	320	287.928	2149.12
1115858576	229	243.265	1809.46
1116031420	231	260.554	1964.19
1116204264	218	223.376	1672.6
1116377108	269	270.411	2018.22
1116549952	202	224.305	1694.55
1116722796	169	145.686	1098.78
1116895640	189	216.386	1604.15
1117068484	248	254.929	1913.02
1117241328	247	252.678	1873.76
1117414172	242	238.389	1796.72
1117587016	185	192.03	1434.91
1117759860	268	304.276	2277.51
1117932704	225	241.44	1831.23
1118105547	282	295.408	2202.82
1118278391	286	319.006	2400.8
1118451235	172	170.908	1279
1118624079	134	144.4	1087.28
1118796923	296	316.055	2399.59
1118969767	198	224.42	1704.73
1119142611	319	316.452	2394.66
1119315455	257	282.68	2147.64
1119488299	290	320.4	2429.72
1119661143	331	338.872	2564.59
1119833987	77	73.754	553.78
1120006831	194	225.581	1693.01
1120179675	152	148.307	1113.11
1120352518	0	0	0
1120525362	77	79.545	619.99
1120698206	124	125.601	962.71
1120871050	0	0	0
1121043894	0	0	0
1121216738	134	126.554	942.2
1121389582	230	247.785	1899.55
1121562426	358	330.086	2512.57
1121735270	347	328.242	2501.99
1121908114	280	276.277	2093.19
1122080958	318	315.875	2433.43
1122253802	109	124.922	955.482
1122426646	262	274.93	2081.11
1122599489	320	333.078	2476.5
1122772333	160	220.321	1628.39
1122945177	98	90.0279	685.24
1123118021	320	328.413	2459.55
1123290865	266	280.137	2137.08
1123463709	281	298.744	2318.6
1123636553	316	320.854	2439.88
1123809397	314	320.1	2393.5
1123982241	297	326.684	2452.31
1124155085	324	327.552	2461.16
1124327929	187	180.702	1364.79
1124500773	321	309.225	2330.01
1124673617	271	320.915	2398.73
1124846460	317	330.203	2456.94
1125019304	308	327.798	2447.05
1125192148	335	331.021	2461.62
1125364992	276	299.383	2259.98
1125537836	297	312.012	2406.78
1125710680	286	314.449	2385.51
1125883524	296	307.975	2340.16
1126056368	221	215.654	1623.28
1126229212	156	160.087	1227.99
1126402056	251	296.909	2257.82
1126574900	309	288.932	2234.33
1126747744	273	294.637	2248.26
1126920588	319	311.567	2392.35
1127093431	207	217.896	1609.18
1127266275	302	292.686	2189.11
1127439119	296	327.55	2438.53
1127611963	323	335.25	2540.4
1127784807	323	334.528	2512.7
1127957651	315	346.959	2598.34
1128130495	324	342.825	2579.77
1128303339	333	336.56	2518.73
1128476183	297	316.363	2396.97
1128649027	324	347.54	2614.73
1128821871	355	342.542	2587.71
1128994715	333	344.869	2557.4
1129167559	332	340.426	2540.37
1129340402	298	340.189	2551.18
1129513246	175	182.127	1368.36
1129686090	319	327.736	2451.61
1129858934	325	338.146	2505.1
1130031778	320	330.489	2475.76
1130204622	329	326.797	2447.24
1130377466	327	335.154	2511.12
1130550310	315	340	2570.33
1130723154	320	341.234	2570.11
1130895998	320	343.511	2557.16
1131068842	317	348.461	2602.57
1131241686	348	346.259	2602.07
1131414530	383	345.458	2580.78
1131587373	312	320.923	2386.23
1131760217	366	349.114	2582.71
1131933061	322	341.757	2526.12
1132105905	351	346.227	2566.34
1132278749	291	309.657	2291.69
1132451593	267	277.134	2052.12
1132624437	330	327.371	2407.15
1132797281	348	355.651	2636.47
1132970125	401	354.851	2623.92
1133142969	375	358.831	2639.42
1133315813	360	359.193	2678.53
1133488657	370	373.07	2773.8
1133661501	298	324.269	2390.98
1133834344	395	364.913	2721.78
1134007188	370	376.279	2783.46
1134180032	392	374.91	2799.97
1134352876	312	285.045	2099
1134525720	302	302.171	2225.82
1134698564	377	369.629	2729.77
1134871408	390	384.704	2842.78
1135044252	347	388.876	2882.43
1135217096	413	408.228	3015.01
1135389940	392	393.5	2930.05
1135562784	421	394.994	2915.6
1135735628	349	345.552	2555.23
1135908472	390	389.796	2880.36
1136081315	161	164.976	1208.91
1136254159	228	238.101	1779.36
1136427003	306	316.76	2330.35
1136599847	318	343.295	2515.31
1136772691	187	220.8	1620.58
1136945535	226	239.965	1775.95
1137118379	237	238.732	1773.17
1137291223	201	211.019	1550.94
1137464067	238	241.04	1807.8
1137636911	269	249.204	1833.79
1137809755	259	249.657	1857.74
1137982599	239	239.686	1771.03
1138155443	226	263.851	1963.35
1138328286	401	401.387	2960.9
1138501130	380	397.427	2927.87
1138673974	380	391.349	2884.3
1138846818	367	383.414	2824.88
1139019662	377	375.362	2771.95
1139192506	383	355.69	2572.31
1139365350	359	371.266	2748.5
1139538194	405	379.544	2841.45
1139711038	289	271.771	2028.42
1139883882	316	321.153	2381.76
1140056726	371	357.905	2644.31
1140229570	408	382.262	2818.12
1140402414	373	351.907	2604.32
1140575257	339	351.584	2592.02
1140748101	408	377.718	2833.72
1140920945	368	339.501	2537.74
1141093789	36	29.4489	217.029
1141266633	28	29.6933	220.122
1141439477	313	305.879	2253.28
1141612321	391	397.984	2944.55
1141785165	154	153.989	1140.78
1141958009	295	292.196	2198.25
1142130853	233	241.775	1765.42
1142303697	317	352.609	2612.92
1142476541	356	370.026	2751.18
1142649385	373	364.115	2726.79
1142822228	410	366.645	2724.41
1142995072	354	367.724	2731.7
1143167916	328	365.363	2724.44
1143340760	355	361.656	2724.73
1143513604	366	363.32	2736.74
1143686448	381	375.385	2795.29
1143859292	395	384.41	2873.33
1144032136	386	381.054	2837.91
1144204980	359	368.779	2762.14
1144377824	381	370.31	2772.11
1144550668	372	362.815	2730.14
1144723512	390	369.048	2740.06
1144896356	340	370.385	2754.72
1145069199	347	363.669	2758.82
1145242043	354	356.784	2719.98
1145414887	356	361.461	2663.31
1145587731	375	358.165	2684.15
1145760575	351	353.397	2637.34
1145933419	349	356.484	2668.45
1146106263	323	296.228	2224.63
1146279107	324	321.108	2413.17
1146451951	242	252.343	1935.91
1146624795	374	323.555	2450.19
1146797639	400	382.17	2884.93
1146970483	344	376.403	2872
1147143327	383	370.612	2820.84
1147316170	375	370.232	2808.47
1147489014	427	375.708	2845.16
1147661858	406	377.666	2825.25
1147834702	363	370.582	2780.68
1148007546	392	363.726	2778.32
1148180390	369	358.325	2734.69
1148353234	326	359.999	2737.3
1148526078	386	368.211	2754.63
1148698922	341	364.285	2739.85
1148871766	350	358.945	2706.28
1149044610	339	340.389	2569.33
1149217454	347	328.057	2470.29
1149390298	287	275.366	2081.5
1149563141	366	349.956	2612.92
1149735985	337	367.649	2725.34
1149908829	329	363.981	2774.76
1150081673	336	310.129	2333.73
1150254517	358	359.192	2703.09
1150427361	293	309.579	2344.77
1150600205	407	365.77	2751.76
1150773049	323	329.338	2458.07
1150945893	383	372.67	2829.14
1151118737	358	371.919	2809.59
1151291581	335	326.325	2476.34
1151464425	353	348.106	2645.52
1151637269	359	357.375	2700.65
1151810112	345	347.143	2625.12
1151982956	344	354.872	2690.65
1152155800	365	329.57	2477.48
1152328644	333	358.448	2676.56
1152501488	373	356.083	2655.07
1152674332	313	303.855	2252.06
1152847176	333	340.027	2599.57
1153020020	321	322.174	2443.18
1153192864	343	339.064	2547.08
1153365708	338	340.101	2545.6
1153538552	349	348.594	2552.87
1153711396	309	337.849	2540.1
1153884240	325	342.704	2544.66
1154057083	323	350.503	2665.63
1154229927	320	351.254	2708.37
1154402771	383	354.691	2709
1154575615	350	347.84	2631.49
1154748459	370	363.545	2737.5
1154921303	343	361.045	2702.82
1155094147	348	361.421	2707.6
1155266991	357	370.774	2763.64
1155439835	376	360.078	2685.3
1155612679	330	348.764	2639.63
1155785523	341	356.109	2726.96
1155958367	354	369.188	2798.05
1156131211	365	370.198	2821.3
1156304054	190	186.928	1405.72
1156476898	420	392.367	2927.72
1156649742	393	393.755	2981.07
1156822586	370	384.099	2913.03
1156995430	402	394.922	2950.22
1157168274	336	365.687	2800.99
1157341118	210	229.339	1758.53
1157513962	391	391.348	2940.5
1157686806	430	396.309	2999.7
1157859650	413	416.002	3073.43
1158032494	400	405.373	3061.87
1158205338	414	402.087	3032.16
1158378182	426	402.184	3043.05
1158551025	439	395.647	2974.57
1158723869	414	377.005	2832.36
1158896713	413	405.161	3020.22
1159069557	379	399.939	3019.72
1159242401	385	406.219	3017.97
1159415245	412	398.892	3024.96
1159588089	429	398.623	2974.29
1159760933	441	406.275	3034.96
1159933777	398	385.082	2872.09
1160106621	414	397.001	2984.31
1160279465	419	391.32	2925.9
1160452309	377	375.895	2807.47
1160625153	364	357.734	2659.27
1160797996	380	381.587	2841.99
1160970840	383	388.465	2913.31
1161143684	268	258.754	1941.2
1161316528	260	254.502	1909.08
1161489372	364	371.026	2761.16
1161662216	389	377.108	2783.78
1161835060	388	377.141	2833.69
1162007904	398	384.113	2855.3
1162180748	426	376.838	2811.87
1162353592	415	366.383	2747.54
1162526436	367	372.895	2787.7
1162699280	380	382.764	2830.22
1162872124	363	378.62	2847.63
1163044967	416	383.808	2885.84
1163217811	377	364.219	2705.96
1163390655	389	385.371	2835.86
1163563499	391	385.088	2830.38
1163736343	361	375.878	2813.21
1163909187	306	335.338	2522.27
1164082031	414	370.892	2748.46
1164254875	389	375.104	2767.6
1164427719	356	374.239	2769.91
1164600563	388	364.909	2727.31
1164773407	400	384.577	2855.65
1164946251	358	387.866	2847.44
1165119095	353	337.699	2514.85
1165291938	391	338.032	2501.56
1165464782	351	334.97	2475.14
1165637626	355	353.097	2619.24
1165810470	340	351.44	2607.81
1165983314	375	366.074	2709.36
1166156158	420	408.558	3013.76
1166329002	397	418.548	3076.49
1166501846	412	422.029	3096.69
1166674690	464	447.061	3290.88
1166847534	469	480.597	3522.28
1167020378	471	477.415	3525.08
1167193222	478	480.245	3521.17
1167366066	417	441.001	3207.96
1167538909	21	18.2057	133.812
1167711753	0	0	0
1167884597	0	0	0
1168057441	0	0	0
1168230285	0	0	0
1168403129	117	130.971	934.675
1168575973	420	438.087	3244.09
1168748817	453	435.366	3231.75
1168921661	397	366.929	2716.29
1169094505	336	332.745	2450.65
1169267349	385	368.714	2724.73
1169440193	481	459.723	3384.18
1169613037	396	428.748	3159.44
1169785880	450	456.534	3373.78
1169958724	470	448.603	3329.66
1170131568	478	449.199	3342.02
1170304412	448	437.287	3244.39
1170477256	483	463.955	3420.06
1170650100	470	465.589	3434.79
1170822944	472	473.958	3518.85
1170995788	478	475.121	3547.22
1171168632	444	444.249	3325.45
1171341476	461	451.014	3323.79
1171514320	423	438.917	3220.94
1171687164	485	437.479	3270.77
1171860008	475	432.98	3231.53
1172032851	444	436.889	3271.05
1172205695	451	446.524	3313.8
1172378539	486	454.294	3343.8
1172551383	495	449.542	3321.38
1172724227	479	463.147	3426.68
1172897071	393	366.353	2748.57
1173069915	505	472.96	3512.55
1173242759	480	482.845	3581.89
1173415603	470	470.388	3491.31
1173588447	528	481.688	3580.26
1173761291	460	480.343	3560.97
1173934135	420	483.245	3602.35
1174106979	430	467.259	3499.61
1174279822	441	441.796	3287.06
1174452666	455	438.808	3255.42
1174625510	429	423.064	3159.84
1174798354	485	445.418	3311.68
1174971198	453	436.226	3263.6
1175144042	452	450.821	3374.57
1175316886	362	395.786	2990.84
1175489730	468	439.937	3284.42
1175662574	475	442.393	3320.62
1175835418	458	442.143	3321.23
1176008262	475	447.463	3361.93
1176181106	469	453.253	3380.48
1176353950	488	464.999	3485.77
1176526793	482	474.574	3512.65
1176699637	472	467.94	3473.53
1176872481	507	487.177	3601.69
1177045325	476	490.143	3682.7
1177218169	510	491.491	3695.42
1177391013	499	475.8	3576.83
1177563857	468	484.669	3673.24
1177736701	523	494.568	3739.99
1177909545	532	498.617	3722.73
1178082389	490	496.868	3730.46
1178255233	559	502.925	3749.77
1178428077	516	495.219	3738.31
1178600920	456	476.562	3656.11
1178773764	522	493.573	3754.27
1178946608	530	500.143	3812.7
1179119452	546	503.332	3810.14
1179292296	496	506.133	3819.49
1179465140	558	531.147	4031.97
1179637984	555	546.567	4105.24
1179810828	601	581.019	4419.36
1179983672	640	590.076	4501.71
1180156516	659	596.449	4510.8
1180329360	583	579.31	4458.1
1180502204	606	579.578	4419.23
1180675048	173	167.607	1266.75
1180847891	472	460.344	3473.43
1181020735	363	340.29	2607.33
1181193579	647	590.779	4474.31
1181366423	614	592.005	4445.15
1181539267	584	583.099	4372.51
1181712111	509	575.383	4305.78
1181884955	524	510.597	3914.24
1182057799	596	586.558	4446.23
1182230643	625	574.686	4323.65
1182403487	603	604.253	4445.99
1182576331	637	615.469	4633.14
1182749175	648	603.563	4609.16
1182922019	621	610.032	4646.31
1183094862	700	625.417	4762.31
1183267706	681	628.6	4781.33
1183440550	681	635.766	4794.28
1183613394	672	629.634	4681.97
1183786238	632	608.359	4577.41
1183959082	618	608.328	4732.55
1184131926	637	596.829	4598.12
1184304770	613	617.555	4658.8
1184477614	587	616.69	4679.77
1184650458	636	611.896	4639.09
1184823302	568	554.256	4100.37
1184996146	685	625.174	4701.88
1185168990	564	601.618	4533.75
1185341833	574	580.076	4397.11
1185514677	619	607.97	4648.98
1185687521	638	612.945	4694.16
1185860365	664	623.836	4717.94
1186033209	502	526.257	4076.34
1186206053	612	579.143	4459.29
1186378897	518	547.528	4145.82
1186551741	618	622.291	4659.42
1186724585	595	618.248	4735.42
1186897429	641	622.956	4675.13
1187070273	628	606.398	4509.93
1187243117	332	336.184	2589.04
1187415961	473	496.555	3827.1
1187588804	550	537.277	4157.69
1187761648	649	607.14	4606.45
1187934492	615	618.282	4692.28
1188107336	620	605.622	4640.27
1188280180	643	601.069	4581.4
1188453024	631	600.046	4605.04
1188625868	655	614.096	4644.15
1188798712	637	618.451	4601.65
1188971556	616	613.091	4606.31
1189144400	686	630.645	4717.26
1189317244	660	640.194	4741.64
1189490088	613	586.689	4418.56
1189662932	644	627.326	4712.19
1189835775	615	618.515	4725.12
1190008619	625	603.559	4564.47
1190181463	638	631.854	4747.7
1190354307	586	634.194	4789.59
1190527151	599	575.353	4385.52
1190699995	529	529.671	4035.06
1190872839	596	548.179	4129.01
1191045683	652	658.139	4936.2
1191218527	680	654.876	4861.42
1191391371	658	651.319	4856.01
1191564215	665	648.644	4829.6
1191737059	655	642.019	4837.58
1191909903	653	647.385	4819.52
1192082746	616	639.342	4827.03
1192255590	624	637.469	4781.9
1192428434	410	417.144	3148.95
1192601278	505	477.29	3571.26
1192774122	683	636.521	4748.75
1192946966	11	22.1778	157.062
1193119810	0	0	0
1193292654	0	0	0
1193465498	0	0	0
1193638342	0	0	0
1193811186	0	0	0
1193984030	0	0	0
1194156874	0	0	0
1194329717	0	0	0
1194502561	0	0	0
1194675405	0	0	0
1194848249	0	0	0
1195021093	172	160.885	1244.84
1195193937	15	22.7293	146.696
1195366781	0	0	0
1195539625	0	0	0
1195712469	552	542.216	4055.05
1195885313	153	161.366	1182.62
1196058157	231	213.337	1602.77
1196231001	542	554.403	4101.78
1196403845	631	656.697	4845.43
1196576688	621	580.098	4315.18
1196749532	596	592.91	4325.65
1196922376	459	456.569	3457.4
1197095220	3	3.14421	27.343
1197268064	545	557.649	4068.06
1197440908	658	638.103	4714.52
1197613752	643	646.33	4791.42
1197786596	659	640.942	4776.76
1197959440	635	640.851	4751.22
1198132284	665	641.046	4721.6
1198305128	257	242.946	1797.11
1198477972	615	604.971	4548.31
1198650816	369	384.159	2838.12
1198823659	323	299.092	2212.13
1198996503	305	256.183	1908.22
1199169347	0	0	0
1199342191	486	459.739	3409.37
1199515035	518	508.152	3727.73
1199687879	605	603.658	4437.66
1199860723	658	610.654	4480.55
1200033567	662	595.342	4431.92
1200206411	618	606.347	4452.75
1200379255	630	613.901	4527.43
1200552099	649	631.734	4656.94
1200724943	675	653.078	4843.01
1200897787	624	648.584	4796.66
1201070630	555	545.225	4072.8
1201243474	624	609.205	4534.33
1201416318	515	456.652	3415.04
1201589162	532	547.769	4099.77
1201762006	571	579.637	4303.86
1201934850	564	518.966	3876.86
1202107694	517	508.498	3750.38
1202280538	462	450.192	3351.06
1202453382	448	402.498	2989.19
1202626226	556	543.989	4068.15
1202799070	596	554.403	4116.93
1202971914	597	599.369	4417.47
1203144758	591	603.148	4458.18
1203317601	578	543.402	4030.99
1203490445	554	573.408	4263.68
1203663289	538	573.442	4266.04
1203836133	625	583.082	4360.69
1204008977	531	553.059	4123.65
1204181821	584	531.474	3944.67
1204354665	596	585.306	4336.03
1204527509	534	535.608	3998.05
1204700353	638	575.179	4287.67
1204873197	538	530.126	3962.06
1205046041	564	571.02	4273.56
1205218885	582	569.959	4274.46
1205391729	619	589.1	4416.95
1205564572	504	492.506	3655.94
1205737416	577	564.506	4219.71
1205910260	646	592.045	4393.4
1206083104	559	584.089	4359.06
1206255948	588	578.319	4340.22
1206428792	615	579.476	4304.77
1206601636	587	586.002	4382.2
1206774480	588	582.423	4378.36
1206947324	644	594.496	4437.74
1207120168	630	597.732	4493.39
1207293012	605	608.988	4562.41
1207465856	663	618.898	4576.11
1207638700	517	526.354	3925.59
1207811543	646	615.516	4545.61
1207984387	592	621.442	4634.11
1208157231	517	541.724	4112.82
1208330075	661	621.725	4665.37
1208502919	628	620.536	4660.84
1208675763	674	654.98	4890.87
1208848607	665	647.843	4839.92
1209021451	696	650.601	4855.74
1209194295	645	642.281	4780.11
1209367139	623	629.904	4718.87
1209539983	632	614.24	4670.33
1209712827	575	568.531	4299.62
1209885671	526	526.814	4022.03
1210058514	610	609.761	4588.19
1210231358	654	608.669	4612.22
1210404202	615	610.08	4620.62
1210577046	355	369.441	2772.86
1210749890	587	566.998	4306.07
1210922734	743	648.727	4870.15
1211095578	635	672.187	4864.97
1211268422	661	652.939	4837.26
1211441266	670	648.315	4806.95
1211614110	592	639.038	4838.67
1211786954	640	633.943	4742.62
1211959798	559	548.906	4182.81
1212132642	583	599.601	4617.16
1212305485	586	610.46	4657.2
1212478329	642	626.285	4723.09
1212651173	633	612.826	4610.55
1212824017	661	615.764	4652.91
1212996861	608	623.385	4744.28
1213169705	658	637.715	4800.88
1213342549	629	640.209	4837.72
1213515393	437	453.938	3478.89
1213688237	574	569.868	4257.49
1213861081	627	665.721	5025.38
1214033925	653	624.995	4780.62
1214206769	636	617.611	4712.33
1214379613	694	664.438	5040.13
1214552456	740	701.166	5310.86
1214725300	761	708.661	5341.27
1214898144	689	674.557	5090.2
1215070988	779	717.452	5435.57
1215243832	742	750.366	5564.2
1215416676	755	732.081	5529.89
1215589520	772	742.445	5592.45
1215762364	637	640.635	4869.49
1215935208	736	671.384	5034
1216108052	738	740.331	5533.33
1216280896	759	758.105	5657.71
1216453740	677	655.723	4979.7
1216626584	799	743.92	5632.93
1216799427	673	666.859	5050.1
1216972271	772	725.756	5502.85
1217145115	600	559.417	4260.27
1217317959	592	566.182	4280.66
1217490803	364	375.482	2818.61
1217663647	759	773.962	5818.93
1217836491	807	763.168	5715.7
1218009335	685	721.81	5380.31
1218182179	753	740.487	5628.73
1218355023	702	705.675	5267.53
1218527867	759	752.871	5674.36
1218700711	823	772.143	5832.14
1218873555	791	773.515	5768.91
1219046398	726	714.942	5415.15
1219219242	800	766.038	5818.07
1219392086	705	724.305	5519.81
1219564930	618	604.085	4529.09
1219737774	816	793.309	5891.52
1219910618	757	730.293	5512.56
1220083462	849	791.325	5919.52
1220256306	815	778.094	5751.98
1220429150	681	752.112	5684.97
1220601994	772	769.126	5882.16
1220774838	791	760.379	5754.76
1220947682	737	706.976	5326.82
1221120526	750	748.28	5695.55
1221293369	828	758.085	5766.21
1221466213	816	762.188	5766.23
1221639057	763	760.698	5709.14
1221811901	709	732.839	5607.32
1221984745	787	749.502	5683.36
1222157589	797	766.16	5739.17
1222330433	807	772.537	5793.89
1222503277	749	786.347	5860.53
1222676121	774	782.14	5899.37
1222848965	804	793.306	5929.49
1223021809	816	787.4	5901.74
1223194653	298	297.663	2257.48
1223367497	780	765.569	5802.9
1223540340	778	783.379	5854.63
1223713184	783	760.921	5635.11
1223886028	762	773.43	5811.06
1224058872	820	746.025	5641.07
1224231716	734	770.452	5805.28
1224404560	769	778.577	5789.51
1224577404	786	779.326	5808.6
1224750248	836	769.091	5756.53
1224923092	733	776.595	5787.38
1225095936	784	771.05	5754.42
1225268780	756	768.377	5779.09
1225441624	875	802.341	5863.28
1225614468	803	782.634	5826.48
1225787311	799	784.463	5826.64
1225960155	808	795.569	5888.51
1226132999	226	194.668	1503.09
1226305843	356	409.147	3023.27
1226478687	672	696.6	5150.7
1226651531	758	782.77	5776.98
1226824375	673	676.157	5077.91
1226997219	640	612.724	4577.4
1227170063	787	773.199	5728.18
1227342907	820	780.677	5751.82
1227515751	802	780.499	5777.34
1227688595	727	725.402	5364.24
1227861439	781	767.911	5674.51
1228034282	688	646.724	4857.51
1228207126	782	743.797	5592.73
1228379970	790	762.705	5675.5
1228552814	452	427.661	3241.45
1228725658	460	427.878	3131.69
1228898502	667	636.492	4754.1
1229071346	760	755.08	5614.7
1229244190	718	733.91	5446.76
1229417034	757	728.276	5358.8
1229589878	727	734.841	5453.71
1229762722	734	756.226	5564.17
1229935566	743	723.251	5391.25
1230108410	806	728.432	5391.79
1230281253	766	728.008	5389.9
1230454097	579	579.123	4288.38
1230626941	672	625.984	4632.54
1230799785	108	117.02	896.64
1230972629	594	563.191	4184.84
1231145473	717	691.23	5096.69
1231318317	681	671.069	4974.68
1231491161	780	711.618	5298.21
1231664005	594	602.109	4478.65
1231836849	668	642.118	4737.34
1232009693	780	697.206	5165.79
1232182537	563	559.427	4134.07
1232355381	755	692.5	5168.78
1232528224	712	697.706	5176.95
1232701068	711	681.173	5031.3
1232873912	702	693.925	5147.15
1233046756	696	691.368	5146.12
1233219600	702	698.201	5163.56
1233392444	709	688.344	5104.85
1233565288	661	655.813	4835.38
1233738132	730	710.639	5254.87
1233910976	716	710.044	5266.41
1234083820	698	705.914	5241.61
1234256664	696	724.307	5340.52
1234429508	751	739.317	5477.77
1234602352	752	698.723	5163.52
1234775195	763	728.715	5364.05
1234948039	693	655.28	4813.77
1235120883	607	608.678	4513.07
1235293727	747	703.457	5256.47
1235466571	693	672.431	5015.01
1235639415	712	718.096	5325.82
1235812259	690	688.416	5100.88
1235985103	711	711.95	5264.52
1236157947	772	717.828	5350.12
1236330791	771	735.268	5457.29
1236503635	753	742.754	5558.26
1236676479	730	744.316	5551.59
1236849323	733	719.327	5330.83
1237022166	756	736.098	5469.51
1237195010	774	748.55	5574.71
1237367854	792	755.423	5655.7
1237540698	553	592.293	4371.53
1237713542	660	621.529	4637.88
1237886386	791	740.466	5515.87
1238059230	737	721.583	5351.89
1238232074	786	757.607	5587.57
1238404918	731	754.326	5589.84
1238577762	679	713.605	5355.88
1238750606	757	736.334	5442.49
1238923450	733	732.969	5463.96
1239096294	716	750.448	5629.77
1239269137	750	741.832	5581.41
1239441981	774	739.575	5509.86
1239614825	739	738.744	5524.07
1239787669	780	750.434	5507.61
1239960513	228	209.841	1620.93
1240133357	0	0	0
1240306201	0	0	0
1240479045	0	0	0
1240651889	0	0	0
1240824733	0	0	0
1240997577	0	0	0
1241170421	0	0	0
1241343265	0	0	0
1241516108	0	0	0
1241688952	0	0	0
1241861796	0	0	0
1242034640	0	0	0
1242207484	0	0	0
1242380328	0	0	0
1242553172	0	0	0
1242726016	0	0	0
1242898860	0	0	0
1243071704	0	0	0
1243244548	0	0	0
1243417392	0	0	0
1243590236	0	0	0
1243763079	0	0	0
1243935923	0	0	0
1244108767	0	0	0
1244281611	0	0	0
1244454455	393	382.806	2890.62
1244627299	589	584.376	4460.78
1244800143	614	596.503	4542.91
1244972987	511	560.581	4173.9
1245145831	590	601.835	4544.6
1245318675	602	592.433	4383.83
1245491519	546	588.415	4419.39
1245664363	592	568.579	4327.91
1245837207	467	469.823	3603.25
1246010050	580	564.192	4305.27
1246182894	540	582.96	4365.31
1246355738	542	561.075	4230.95
1246528582	571	588.166	4439.59
1246701426	549	573.522	4280.02
1246874270	552	603.451	4519.5
1247047114	548	588.7	4501.03
1247219958	595	589.336	4465.56
1247392802	625	596.781	4498.05
1247565646	590	578.829	4439.27
1247738490	605	581.069	4407.93
1247911334	540	574.07	4369.59
1248084178	507	554.93	4164.75
1248257021	525	562.453	4254.18
1248429865	601	551.254	4223.34
1248602709	497	512.046	3899.61
1248775553	408	410.371	3128.75
1248948397	631	600.398	4571.1
1249121241	624	628.392	4781.71
1249294085	619	640.748	4791.75
1249466929	586	638.767	4807.28
1249639773	652	640.227	4890
1249812617	623	648.877	4961.63
1249985461	710	671.936	5023.96
1250158305	404	493.587	3666.52
1250331149	388	441.584	3288.47
1250503992	451	542.12	4101.34
1250676836	517	585.384	4416.09
1250849680	617	627.15	4717.46
1251022524	644	637.853	4781.41
1251195368	350	325.152	2433.93
1251368212	639	658.537	4927.07
1251541056	635	685.746	5062.34
1251713900	601	643.716	4815.46
1251886744	595	591.091	4471.86
1252059588	689	696.488	5266.58
1252232432	634	698.594	5214.91
1252405276	664	693.598	5272.23
1252578120	652	722.232	5530.49
1252750963	726	727.303	5506.48
1252923807	748	754.375	5628.63
1253096651	735	708.666	5366.21
1253269495	752	772.939	5827.49
1253442339	814	770.683	5800.6
1253615183	699	769.245	5817.87
1253788027	731	771.701	5797.93
1253960871	747	782.232	5872.42
1254133715	300	312.086	2294.48
1254306559	750	762.499	5807.53
1254479403	732	778.699	5829.18
1254652247	730	788.238	5855.2
1254825091	735	777.082	5862.54
1254997934	757	797.072	5999.52
1255170778	806	818.117	6043.75
1255343622	485	524.669	3910.31
1255516466	754	802.461	6012.61
1255689310	779	794.395	5956.07
1255862154	770	798.718	5972.71
1256034998	768	794.653	5934.81
1256207842	785	808.783	5976.5
1256380686	786	807.083	6005.62
1256553530	733	801.743	5979.66
1256726374	779	788.694	5850.08
1256899218	757	813.882	5990.37
1257072062	764	808.389	5958.59
1257244905	746	803.627	5982.92
1257417749	773	815.471	6055.4
1257590593	731	804.885	6014.94
1257763437	789	803.376	5989.88
1257936281	701	730.241	5432.61
1258109125	783	719.521	5331.74
1258281969	780	715.821	5325.73
1258454813	735	759.011	5596.05
1258627657	760	730.289	5414.06
1258800501	722	742.258	5483.6
1258973345	746	748.93	5499.98
1259146189	749	752.744	5555.76
1259319033	775	752.487	5572.53
1259491876	758	744.542	5486.81
1259664720	785	734.565	5416.2
1259837564	437	475.114	3538.12
1260010408	700	720.441	5325.18
1260183252	685	684.781	5133.54
1260356096	649	630.208	4695.75
1260528940	667	667.396	4980.32
1260701784	740	703.869	5208.08
1260874628	694	711.084	5269.2
1261047472	733	714.659	5263.04
1261220316	739	700.674	5193.12
1261393160	680	608.586	4521.57
1261566004	696	686.506	5054.18
1261738847	645	684.893	5057.89
1261911691	706	695.07	5105.75
1262084535	570	577.723	4262.39
1262257379	677	660.845	4887.54
1262430223	700	670.132	4955.46
1262603067	727	675.307	4955.23
1262775911	665	712.358	5281.89
1262948755	745	721.754	5331.49
1263121599	715	704.762	5197.63
1263294443	712	718.239	5319.72
1263467287	748	705.453	5254.49
1263640131	708	716.23	5274.67
1263812975	666	665.556	4916.85
1263985818	603	612.38	4527.9
1264158662	681	678.227	5016.31
1264331506	666	662.968	4899.78
1264504350	626	645.542	4773.13
1264677194	569	593.636	4334.34
1264850038	671	656.101	4859.94
1265022882	735	671.798	4931.26
1265195726	682	646.47	4718.79
1265368570	671	649.406	4777.23
1265541414	614	605.077	4448.05
1265714258	691	658.245	4836.55
1265887102	710	673.787	4972.24
1266059946	636	623.421	4599.81
1266232789	633	611.363	4534.54
1266405633	702	663.562	4889.6
1266578477	662	672.752	4961.35
1266751321	630	647.008	4788.06
1266924165	663	655.564	4857.71
1267097009	596	611.839	4588.06
1267269853	639	635.526	4754.21
1267442697	668	642.588	4773.35
1267615541	640	640.51	4757.84
1267788385	647	642.407	4775.93
1267961229	682	643.866	4738.76
1268134073	595	632.702	4713.56
1268306917	664	597.707	4437.03
1268479760	571	572.941	4146.05
1268652604	498	481.677	3585.36
1268825448	556	561.014	4150.3
1268998292	639	629.479	4676.63
1269171136	634	638.449	4721.27
1269343980	665	650.489	4829.3
1269516824	682	629.737	4737.62
1269689668	555	519.967	3846.51
1269862512	407	411.718	3056.47
1270035356	464	442.469	3274.01
1270208200	459	448.24	3367.29
1270381044	421	425.808	3251.11
1270553888	446	430.808	3240.94
1270726731	426	423.298	3181.63
1270899575	541	528.476	3934
1271072419	558	554.744	4156.2
1271245263	562	537.194	4085.32
1271418107	564	513.983	3835.67
1271590951	592	513.942	3843.4
1271763795	566	529.882	3964.74
1271936639	471	512.022	3909.25
1272109483	561	525.991	3947.95
1272282327	576	563.157	4244.76
1272455171	549	537.138	4063.46
1272628015	548	543.473	4105.7
1272800859	628	559.436	4188.4
1272973702	582	540.749	4046.29
1273146546	542	533.725	4020.16
1273319390	596	581.686	4448.45
1273492234	577	597.24	4553.67
1273665078	649	615.518	4631.41
1273837922	580	591.612	4414.71
1274010766	506	514.39	3927.81
1274183610	615	605.225	4564.83
1274356454	639	611.102	4635.81
1274529298	563	546.602	4104.16
1274702142	616	580.818	4395.71
1274874986	434	433.334	3286.63
1275047830	493	516.041	3900.38
1275220673	565	551.206	4209.05
1275393517	611	598.76	4554.09
1275566361	657	606.733	4604.37
1275739205	656	612.771	4664.77
1275912049	618	610.337	4641.67
1276084893	537	511.755	3898.82
1276257737	450	411.471	3101.58
1276430581	602	581.793	4370.81
1276603425	625	312.632	2347.89
1276776269	605	619.541	4651.84
1276949113	604	596.381	4476.12
1277121957	591	613.191	4617.85
1277294801	614	631.79	4671.83
1277467644	571	603.325	4584.3
1277640488	658	607.495	4648.68
1277813332	622	590.764	4465.55
1277986176	608	571.552	4270.79
1278159020	679	631.093	4743.25
1278331864	670	648.459	4861.19
1278504708	641	631.281	4746.49
1278677552	662	632.303	4787.48
1278850396	567	590.595	4435.34
1279023240	599	571.321	4382.38
1279196084	491	514.629	4008.19
1279368928	506	514.701	4032.65
1279541772	585	600.778	4599.33
1279714615	583	608.86	4629.3
1279887459	677	629.639	4777.36
1280060303	547	598.123	4574.41
1280233147	602	624.77	4733.09
1280405991	711	667.248	5037.1
1280578835	642	684.3	5192.75
1280751679	566	611.592	4736.46
1280924523	495	500.565	3880.61
1281097367	592	551.046	4200.61
1281270211	511	535.087	4085.57
1281443055	683	675.117	5139.25
1281615899	672	661.365	5008.05
1281788743	622	660.389	5087.05
1281961586	698	696.797	5221.39
1282134430	678	701.759	5276.33
1282307274	701	703.709	5304.72
1282480118	673	709.192	5299.62
1282652962	733	715.455	5392.52
1282825806	740	754.94	5535.14
1282998650	750	743.948	5552.37
1283171494	705	727.951	5491.12
1283344338	684	708.938	5429.89
1283517182	672	696.795	5325.96
1283690026	748	733.043	5557.38
1283862870	733	735.596	5553.98
1284035714	758	752.538	5636.25
1284208557	787	753.235	5660.57
1284381401	730	732.387	5535.24
1284554245	720	732.411	5514.37
1284727089	721	739.741	5602.76
1284899933	766	732.332	5478.71
1285072777	720	741.691	5549.5
1285245621	774	737.909	5551.36
1285418465	682	721.395	5369.57
1285591309	635	665.081	4956.31
1285764153	730	714.818	5355.88
1285936997	704	731.022	5542.89
1286109841	755	733.694	5495.37
1286282685	765	738.975	5519.53
1286455528	723	757.216	5707.65
1286628372	741	776.304	5870.2
1286801216	834	787.355	5878.19
1286974060	744	786.723	5845.47
1287146904	758	803.49	6050.62
1287319748	834	815.334	6147.8
1287492592	779	808.11	6016.79
1287665436	916	843.981	6292.47
1287838280	859	864.991	6454.03
1288011124	862	863.168	6459.99
1288183968	840	871.466	6437.18
1288356812	713	742.613	5522.36
1288529656	790	783.062	5865.05
1288702499	807	858.181	6368.05
1288875343	844	868.183	6466.13
1289048187	844	882.244	6499.93
1289221031	709	748.54	5605.98
1289393875	795	840.011	6310.53
1289566719	838	856.621	6380.65
1289739563	815	836.378	6268.5
1289912407	818	838.741	6272.3
1290085251	850	848.772	6265.03
1290258095	716	759.926	5624.85
1290430939	880	831.953	6209.5
1290603783	833	849.964	6283.94
1290776627	596	661.169	4900.36
1290949470	842	845.114	6292.97
1291122314	820	836.734	6194.53
1291295158	781	838.425	6182.03
1291468002	857	842.614	6264.08
1291640846	841	820.9	6070.02
1291813690	831	838.015	6189.28
1291986534	831	836.392	6143.88
1292159378	793	825.061	6185.03
1292332222	840	834.675	6151.48
1292505066	808	823.676	6059.99
1292677910	830	825.644	6116.15
1292850754	847	833.93	6183.53
1293023598	911	863.718	6356.53
1293196441	921	868.053	6412.85
1293369285	884	869.488	6400.37
1293542129	892	848.346	6295.43
1293714973	784	766.559	5694.55
1293887817	753	782.16	5800.84
1294060661	790	773.588	5704.67
1294233505	792	793.74	5953.66
1294406349	829	807.524	5981.31
1294579193	779	830.241	6191.04
1294752037	712	747.922	5495.36
1294924881	901	835.133	6144.37
1295097725	821	851.817	6261.63
1295270569	760	797.958	5900.09
1295443412	893	834.894	6153.68
1295616256	809	841.307	6222.28
1295789100	928	856.551	6321.92
1295961944	850	831.964	6138.62
1296134788	733	697.764	5154.53
1296307632	890	816.525	6053.75
1296480476	873	880.174	6533.15
1296653320	849	870.408	6412.33
1296826164	930	859.175	6346.24
1296999008	825	851.886	6331.06
1297171852	875	852.1	6240.77
1297344696	765	774.104	5779.8
1297517540	876	833.229	6189.83
1297690383	752	784.897	5835.72
1297863227	806	799.638	5912.09
1298036071	820	801.197	6021.38
1298208915	802	788.079	5900.11
1298381759	801	780.978	5775.32
1298554603	665	617.89	4648.71
1298727447	797	789.396	5873.11
1298900291	857	812.539	6033.93
1299073135	695	709.268	5241.6
1299245979	830	819.848	6113.99
1299418823	731	770.839	5727.97
1299591667	751	768.127	5695.49
1299764511	767	733.916	5436.35
1299937354	687	721.423	5376.57
1300110198	658	662.558	4952.88
1300283042	643	639.935	4767.12
1300455886	759	761.215	5708.15
1300628730	680	655.144	4880.32
1300801574	744	769.514	5697.65
1300974418	725	735.254	5503.67
1301147262	785	806.768	6024.45
1301320106	799	786.522	5914.67
1301492950	824	809.712	6031.2
1301665794	779	806.023	6047.47
1301838638	844	807.002	6025.27
1302011482	777	784.262	5868.43
1302184325	761	764.787	5727.07
1302357169	829	161.13	1246.91
1302530013	743	619.714	4574.65
1302702857	730	704.122	5217.01
1302875701	745	712.75	5371.39
1303048545	818	784.369	5900.36
1303221389	803	781.098	5864.14
1303394233	772	792.902	5864.35
1303567077	645	671.721	5054.58
1303739921	714	657.568	4952.2
1303912765	660	675.985	5073.59
1304085609	677	690.695	5269.44
1304258453	736	760.162	5803.62
1304431296	790	773.35	5845.71
1304604140	780	741.954	5576.49
1304776984	663	649.214	4881.89
1304949828	586	550.24	4128.31
1305122672	811	745.887	5620.59
1305295516	760	723.743	5473.66
1305468360	703	657.053	4965.07
1305641204	731	741.671	5570.96
1305814048	742	762.798	5675.47
1305986892	747	759.575	5714.8
1306159736	757	746.359	5653.93
1306332580	737	744.941	5658.34
1306505424	785	761.987	5791.3
1306678267	775	778.902	5908.4
1306851111	767	767.425	5830.57
1307023955	800	791.715	5994.92
1307196799	774	785.285	5971.07
1307369643	762	784.707	5892.59
1307542487	759	788.299	5891.12
1307715331	739	722.648	5411.07
1307888175	777	781.85	5900.65
1308061019	840	789.042	5963.34
1308233863	753	787.546	5925.9
1308406707	627	633.078	4742.76
1308579551	463	524.641	3964.85
1308752395	668	638.026	4880
1308925238	727	148.644	1096.06
1309098082	741	597.756	4644.78
1309270926	835	778.576	5852.23
1309443770	735	765.925	5800.47
1309616614	436	469.868	3590.87
1309789458	784	744.369	5739.74
1309962302	798	769.46	5866.2
1310135146	788	771.759	5826.3
1310307990	819	802.701	5994.24
1310480834	635	673.486	5069.62
1310653678	789	808.673	5990.34
1310826522	769	795.51	6018.31
1310999366	695	726.27	5553.5
1311172209	784	764.205	5822.89
1311345053	849	790.543	5995.77
1311517897	792	795.817	5958.92
1311690741	804	802.771	5957.49
1311863585	840	814.497	6089.1
1312036429	669	676.238	5188.42
1312209273	714	698.036	5331.78
1312382117	781	789.084	6014.18
1312554961	789	791.603	5931.05
1312727805	775	766.091	5781.97
1312900649	721	799.622	5988.88
1313073493	803	799.709	5947.8
1313246337	764	802.151	6060.45
1313419180	771	810.451	6072.73
1313592024	795	807.142	6066.05
1313764868	720	740.207	5690.48
1313937712	655	700.36	5393.66
1314110556	794	797.113	6007.37
1314283400	782	798.333	6046.57
1314456244	808	821.229	6135.23
1314629088	796	811.423	6125.28
1314801932	773	810.36	6169.05
1314974776	838	851.134	6330.65
1315147620	658	716.118	5407.22
1315320464	768	813.999	6158.17
1315493308	838	835.46	6286.3
1315666151	838	844.766	6349.43
1315838995	776	838.676	6312.11
1316011839	832	836.886	6280.81
1316184683	778	831.71	6207.11
1316357527	856	798.67	6080.96
1316530371	736	762.369	5731.53
1316703215	810	793.801	5991.11
1316876059	837	780.042	5857.01
1317048903	741	760.322	5723.38
1317221747	747	786.279	5829.26
1317394591	567	588.408	4381.63
1317567435	781	779.032	5867.81
1317740279	741	760.971	5672.8
1317913122	815	854.983	6369.08
1318085966	720	774.075	5820.28
1318258810	808	849.439	6337.05
1318431654	619	682.402	5072.88
1318604498	866	875.764	6577.08
1318777342	856	874.908	6551.2
1318950186	824	825.038	6208.53
1319123030	866	823.331	6122.9
1319295874	811	597.141	4470.78
1319468718	858	272.883	2051.11
1319641562	849	868.097	6514.34
1319814406	833	884.759	6579.99
1319987250	834	864.613	6482.77
1320160093	893	887.914	6590.18
1320332937	944	911.484	6758.54
1320505781	833	913.137	6791.62
1320678625	856	923.659	6791.64
1320851469	847	906.851	6741.16
1321024313	919	902.993	6727.89
1321197157	831	865.122	6461.15
1321370001	894	811.737	6065.93
1321542845	855	869.571	6469.21
1321715689	842	876.712	6499.63
1321888533	899	866.981	6449.95
1322061377	904	881.393	6499.84
1322234220	888	897.924	6649.14
1322407064	899	877.53	6483.42
1322579908	872	857.273	6387.6
1322752752	884	902.72	6695.79
1322925596	884	900.903	6651.14
1323098440	911	895.752	6648.51
1323271284	805	801.389	5950.28
1323444128	873	877.136	6477.09
1323616972	889	894.482	6627.5
1323789816	883	894.099	6674.52
1323962660	913	880.555	6544.41
1324135504	851	859.396	6351.44
1324308348	817	805.781	5934.95
1324481191	861	893.78	6575.05
1324654035	846	877.185	6570.89
1324826879	801	796.402	5945.5
1324999723	828	835.266	6189.56
1325172567	846	890.309	6568.28
1325345411	595	598.895	4371.93
1325518255	327	326.586	2467.59
1325691099	824	873.749	6463.81
1325863943	906	871.014	6457.79
1326036787	851	865.662	6238.62
1326209631	449	494.683	3627.87
1326382475	530	532.436	3946.43
1326555319	586	591.202	4362.91
1326728162	430	434.768	3244.12
1326901006	619	645.155	4752.64
1327073850	532	520.386	3841.59
1327246694	710	721.057	5330.9
1327419538	439	456.401	3449.24
1327592382	381	376.28	2718.07
1327765226	745	798.772	5859.62
1327938070	878	811.834	5967.04
1328110914	546	564.796	4190.02
1328283758	774	802.026	5914.77
1328456602	709	730.266	5373.09
1328629446	662	690.741	5104.25
1328802290	770	808.871	6030.95
1328975133	903	856.365	6311.07
1329147977	53	48.183	371.302
1329320821	527	580.771	4275.88
1329493665	792	832.478	6119.67
1329666509	772	759.693	5621.21
1329839353	820	817.691	6064.3
1330012197	820	841.838	6257.24
1330185041	835	844.921	6237.79
1330357885	849	845.527	6232.08
1330530729	762	795.412	5940.19
1330703573	827	830.193	6148.97
1330876417	833	839.513	6175.93
1331049261	823	825.896	6125.44
1331222104	657	639.193	4737.61
1331394948	804	817.009	6012.13
1331567792	827	847.372	6271.15
1331740636	825	829.336	6213.3
1331913480	856	844.724	6248.16
1332086324	873	850.138	6278.2
1332259168	829	831.755	6210.79
1332432012	889	845.921	6319.07
1332604856	828	847.931	6311.41
1332777700	807	817.157	6183.9
1332950544	821	841.126	6290.53
1333123388	902	873.968	6539.28
1333296232	516	509.448	3788.28
1333469075	356	366.675	2696.7
1333641919	870	839.998	6262.18
1333814763	859	858.439	6381.14
1333987607	674	694.49	5181.13
1334160451	494	472.623	3538.71
1334333295	793	821.895	6133.19
1334506139	827	847.047	6331.66
1334678983	872	842.504	6303.85
1334851827	826	840.947	6292.13
1335024671	812	832.202	6303.04
1335197515	844	844.644	6374.7
1335370359	865	867.274	6506.26
1335543203	789	829.114	6263.71
1335716046	751	821.531	6215.8
1335888890	837	825.569	6146.17
1336061734	870	850.678	6357.07
1336234578	823	849.806	6375.35
1336407422	838	847.119	6349.09
1336580266	850	841.728	6302.64
1336753110	760	827.112	6206.16
1336925954	786	828.789	6213.97
1337098798	793	831.451	6217.14
1337271642	812	841.166	6343.9
1337444486	875	858.012	6430.13
1337617330	849	826.04	6272.29
1337790174	929	865.376	6574.6
1337963017	906	871.191	6544.61
1338135861	892	863.699	6406.88
1338308705	871	873.142	6545.84
1338481549	858	866.997	6553.09
1338654393	865	874.025	6538.28
1338827237	837	858.44	6517.04
1339000081	830	847.698	6516.46
1339172925	861	853.924	6515.89
1339345769	857	840.39	6330.94
1339518613	834	874.179	6462.05
1339691457	810	803.358	6058.45
1339864301	737	776.648	5884.98
1340037145	718	767.719	5791.64
1340209988	750	788.259	5876.33
1340382832	457	504.688	3691.14
1340555676	806	821.946	6235.4
1340728520	904	867.992	6521.33
1340901364	813	840.124	6284.21
1341074208	753	772.342	5768.44
1341247052	706	718.155	5467.51
1341419896	837	846.815	6372.29
1341592740	791	845.578	6471.93
1341765584	837	831.791	6296.37
1341938428	825	839.192	6363.64
1342111272	811	843.79	6340.98
1342284116	781	806.38	6179.89
1342456959	813	725.681	5574.88
1342629803	851	838.286	6360.88
1342802647	866	848.132	6333.88
1342975491	753	754.343	5690.48
1343148335	812	803.597	6136.4
1343321179	630	627.476	4789.72
1343494023	812	812.987	6113.74
1343666867	872	815.483	6248.28
1343839711	855	829.817	6261.19
1344012555	768	805.518	6113.63
1344185399	840	825.319	6277.87
1344358243	719	771.371	5826.07
1344531087	93	102.605	797.486
1344703930	0	0	0
1344876774	675	669.756	5026.77
1345049618	820	832.753	6244.62
1345222462	857	861.782	6509.43
1345395306	849	819.624	6206.26
1345568150	860	827.826	6175.61
1345740994	807	841.526	6395.42
1345913838	830	828.395	6381.44
1346086682	821	828.447	6342.03
1346259526	880	846.426	6365.12
1346432370	859	839.564	6316.04
1346605214	855	829.525	6259.9
1346778058	777	834.232	6295.8
1346950901	810	796.951	6001.98
1347123745	205	226.857	1701.55
1347296589	562	510.849	3827.01
1347469433	793	839.107	6300.54
1347642277	841	850.11	6287.05
1347815121	823	827.408	6191.51
1347987965	793	803.747	6058.05
1348160809	792	825.189	6151.49
1348333653	817	818.845	6150.77
1348506497	525	526.113	3970.47
1348679341	760	809.32	6128.15
1348852185	797	781.954	5864.94
1349025029	758	807.308	6036.27
1349197872	839	796.306	5997.01
1349370716	868	811.974	6040
1349543560	803	804.059	6024
1349716404	721	766.387	5794.71
1349889248	758	800.167	6045.88
1350062092	824	803.602	5992.26
1350234936	702	748.4	5574.29
1350407780	819	797.739	5963.38
1350580624	793	795.774	5901.68
1350753468	753	798.712	5935.09
1350926312	755	792.615	5913.72
1351099156	794	798.461	5949.34
1351272000	732	713.618	5302.9
1351444843	812	775.472	5760.25
1351617687	728	702.913	5239.35
1351790531	708	722.686	5386.82
1351963375	870	850.051	6330.34
1352136219	873	841.197	6230.4
1352309063	843	851.87	6234.43
1352481907	810	855.367	6383.17
1352654751	798	833.642	6289.44
1352827595	801	831.996	6210.49
1353000439	753	758.656	5572.48
1353173283	811	795.068	5990.94
1353346127	850	842.136	6239.36
1353518971	780	825.31	6088.86
1353691814	805	822.84	6170.78
1353864658	795	828.355	6165.63
1354037502	853	838.92	6195.94
1354210346	392	391.01	2845.35
1354383190	858	793.161	5936.2
1354556034	653	661.723	4882.47
1354728878	818	821.95	5969.81
1354901722	737	778.349	5734.46
1355074566	798	823.891	6060.8
1355247410	476	443.836	3323.6
1355420254	782	791.672	5785.36
1355593098	793	809.624	5954.79
1355765942	809	798.794	5877.48
1355938785	743	795.675	5863.01
1356111629	772	785.499	5840.34
1356284473	786	801.629	5844.89
1356457317	746	780.642	5779.58
1356630161	795	779.148	5788.23
1356803005	767	782.79	5770.37
1356975849	797	774.947	5749.1
1357148693	790	766.584	5693.69
1357321537	743	795.592	5871.77
1357494381	772	780.946	5726.17
1357667225	812	850.644	6283.45
1357840069	915	849.646	6248.14
1358012913	573	588.412	4364.12
1358185756	796	805.013	5913.48
1358358600	789	765.922	5662.14
1358531444	571	601.28	4483.66
1358704288	784	826.064	6179.87
1358877132	836	833.745	6178.67
1359049976	842	835.773	6180.36
1359222820	885	864.24	6401.83
1359395664	739	682.107	5093.87
1359568508	812	795.281	5893.63
1359741352	795	786.15	5798.53
1359914196	803	835.134	6203.07
1360087040	487	546.047	4030.78
1360259884	179	158.591	1172.82
1360432727	611	562.891	4162.57
1360605571	425	393.217	2894.02
1360778415	403	408.583	3019.4
1360951259	795	808.502	5955.03
1361124103	839	824.231	6139.57
1361296947	790	791.615	5926.68
1361469791	806	865.732	6429.86
1361642635	793	863.922	6383.83
1361815479	869	867.19	6488.09
1361988323	881	857.372	6337.94
1362161167	788	862.891	6382.05
1362334011	868	861.412	6453.66
1362506855	855	882.435	6520.75
1362679698	891	875.144	6494.12
1362852542	832	870.881	6454.33
1363025386	823	870.249	6449.22
1363198230	777	826.496	6234.97
1363371074	739	786.81	5952.95
1363543918	731	796.201	5984.92
1363716762	834	851.177	6346
1363889606	883	854.544	6392.56
1364062450	886	854.797	6374.76
1364235294	861	848.053	6351.11
1364408138	795	833.627	6238.75
1364580982	836	848.393	6301.58
1364753826	769	742.33	5586.05
1364926669	511	500.453	3771.69
1365099513	599	637.574	4745.03
1365272357	778	778.768	5816.02
1365445201	822	831.535	6222.86
1365618045	826	850.689	6314.09
1365790889	861	838.199	6326.95
1365963733	842	838.81	6294.48
1366136577	835	834.018	6227.34
1366309421	795	837.45	6241.32
1366482265	839	830.874	6200.03
1366655109	823	831.148	6225.44
1366827953	810	829.562	6193.34
1367000797	744	724.703	5427.8
1367173640	746	792.669	5957.76
1367346484	825	824.822	6152.35
1367519328	758	821.18	6135.99
1367692172	797	810.841	6120.64
1367865016	779	791.006	5985.04
1368037860	899	814.158	6089.26
1368210704	826	811.029	6046.45
1368383548	783	802.955	6048.52
1368556392	720	786.441	5947.26
1368729236	799	748.594	5711.96
1368902080	756	741.309	5609.77
1369074924	772	748.985	5536.68
1369247768	706	724.969	5472.22
1369420611	834	814.108	6140.8
1369593455	848	803.712	6000.27
1369766299	747	750.309	5596.78
1369939143	808	809.941	6018.14
1370111987	797	816.711	6118.02
1370284831	826	796.336	6017.44
1370457675	862	825.965	6210.43
1370630519	645	652.637	4921.99
1370803363	833	823.176	6231.76
1370976207	839	824.279	6220.25
1371149051	851	813.937	6179.18
1371321895	706	750.236	5638.32
1371494739	798	806.984	6082.27
1371667582	662	691.607	5357.21
1371840426	832	806.211	5997.93
1372013270	725	769.144	5844.73
1372186114	888	817.503	6189.14
1372358958	866	822.346	6134.03
1372531802	750	765.436	5795.67
1372704646	836	774.595	5839.86
1372877490	832	816.612	6081.34
1373050334	766	788.866	5966.14
1373223178	703	711.511	5453.37
1373396022	481	477.786	3600.47
1373568866	506	500.363	3784.82
1373741710	783	762.09	5734.93
1373914553	816	790.954	5960.56
1374087397	830	809.044	6081.07
1374260241	675	717.592	5436.63
1374433085	723	796.993	6141.65
1374605929	815	786.968	6017.41
1374778773	849	785.5	5919.16
1374951617	826	804.59	6112.8
1375124461	824	805.924	6068.72
1375297305	846	811.707	6134.34
1375470149	756	765.537	5792.48
1375642993	813	834.159	6258.81
1375815837	818	843.687	6295.57
1375988681	800	795.338	6065.45
1376161524	795	817.742	6159.73
1376334368	712	741.6	5633.37
1376507212	816	807.51	6158.62
1376680056	894	858.79	6531.6
1376852900	879	867.191	6485.27
1377025744	749	778.7	5839.03
1377198588	768	769.804	5850.46
1377371432	67	79.8571	608.924
1377544276	310	311.1	2364.47
1377717120	678	682.832	5134.11
1377889964	759	757.687	5643.55
1378062808	793	771.901	5782.96
1378235652	745	783.895	5931.63
1378408495	747	705.712	5277.1
1378581339	785	793.423	5905.88
1378754183	642	556.474	4107.48
1378927027	806	790.111	5903.03
1379099871	736	780.812	5947.12
1379272715	683	730.241	5576.9
1379445559	602	624.851	4752.26
1379618403	743	713.495	5357.12
1379791247	809	808.52	6143.67
1379964091	793	795.605	6124.48
1380136935	821	824.299	6198.02
1380309779	823	822.614	6243.99
1380482623	830	817.645	6233.39
1380655466	673	687.592	5137.62
1380828310	785	775.972	5904.64
1381001154	854	821.62	6186.53
1381173998	778	811.103	6053.49
1381346842	790	809.534	6062.16
1381519686	710	709.316	5292.65
1381692530	158	148.433	1135.39
1381865374	57	75.7593	572.455
1382038218	542	604.097	4502.73
1382211062	857	865.434	6374.38
1382383906	870	860.49	6401.68
1382556750	776	839.124	6304.46
1382729594	859	849.923	6359.06
1382902437	851	857.269	6380.07
1383075281	761	742.57	5462.12
1383248125	588	626.775	4688.22
1383420969	843	846.744	6209.96
1383593813	773	831.49	6168.86
1383766657	798	828.47	6125.41
1383939501	811	845.627	6298.45
1384112345	848	848.815	6296.06
1384285189	909	855.362	6333.87
1384458033	877	856.942	6329.5
1384630877	848	844.341	6275.87
1384803721	806	841.563	6241.17
1384976565	855	831.841	6196.54
1385149408	805	807.23	5946.42
1385322252	817	833.898	6175.95
1385495096	810	799.076	5987.96
1385667940	763	798.728	5928.76
1385840784	674	694.194	5143.38
1386013628	785	809.175	6008.64
1386186472	865	847.533	6252.76
1386359316	903	857.33	6333.43
1386532160	806	813.247	6008.68
1386705004	822	829.996	6183.34
1386877848	826	833.344	6191.19
1387050692	688	693.002	5101.46
1387223536	706	737.482	5410.86
1387396379	686	673.254	5018.54
1387569223	718	749.491	5496.7
1387742067	761	750.286	5587.75
1387914911	722	717.217	5228.15
1388087755	729	740.668	5465.72
1388260599	680	670.46	4928.77
1388433443	863	832.778	6105.19
1388606287	820	830.579	6102.5
1388779131	840	816.417	6078.76
1388951975	411	410.738	3016.98
1389124819	804	817.439	6035.48
1389297663	810	819.275	6029.16
1389470507	798	808.299	6021.18
1389643350	827	813.917	6005.88
1389816194	780	831.428	6117.74
1389989038	876	845.787	6236.57
1390161882	770	792.927	5831.29
1390334726	842	847.548	6183.99
1390507570	684	713.249	5266.49
1390680414	809	787.775	5878.79
1390853258	737	796.518	5886.96
1391026102	810	789.616	5844.94
1391198946	836	828.584	6098.22
1391371790	769	813.57	5980.45
1391544634	776	817.409	5989.55
1391717478	645	657.988	4863.08
1391890321	804	821.241	6043.03
1392063165	692	737.141	5452.93
1392236009	805	798.034	5934.88
1392408853	490	481.281	3642.18
1392581697	299	330.546	2483.08
1392754541	637	638.055	4730.07
1392927385	634	649.519	4835.57
1393100229	776	781.092	5810.08
1393273073	672	725.701	5450.15
1393445917	796	752.253	5648.65
1393618761	636	614.013	4572.55
1393791605	803	776.06	5819.11
1393964449	763	784.312	5832.8
1394137292	755	781.134	5842.1
1394310136	805	791.7	5858.93
1394482980	674	742.686	5525.91
1394655824	775	769.775	5718.54
1394828668	776	788.585	5854.98
1395001512	776	784.428	5789.49
1395174356	752	780.788	5851.46
1395347200	834	820.399	6087.25
1395520044	901	837.767	6305.51
1395692888	881	837.028	6273.35
1395865732	838	843.453	6321.12
1396038576	766	775.235	5719.22
1396211420	825	840.736	6229.84
1396384263	816	829.975	6258.79
1396557107	818	815.491	6082.72
1396729951	777	815.561	6020.32
1396902795	609	646.71	4844.61
1397075639	831	851.343	6352.98
1397248483	844	864.951	6494.3
1397421327	782	756.566	5727.72
1397594171	306	298.318	2247.97
1397767015	840	862.715	6363.38
1397939859	854	831.909	6284.46
1398112703	826	833.169	6281.36
1398285547	584	602.431	4517.39
1398458391	844	809.537	6043.92
1398631234	870	844.252	6344.15
1398804078	789	849.994	6386.89
1398976922	827	870.806	6465.47
1399149766	839	848.671	6330.41
1399322610	856	835.748	6268.89
1399495454	885	848.2	6388.02
1399668298	830	853.064	6387.95
1399841142	832	817.264	6151.76
1400013986	827	821.613	6134.91
1400186830	782	739.663	5547.91
1400359674	825	842.281	6370.62
1400532518	830	833.7	6281.17
1400705362	806	833.685	6290.99
1400878205	850	823.638	6296.11
1401051049	820	790.279	5984.28
1401223893	832	813.546	6130.69
1401396737	862	870.071	6481.6
1401569581	901	873.034	6597.42
1401742425	892	897.242	6632.1
1401915269	859	891.022	6634
1402088113	875	886.037	6639.58
1402260957	890	879.96	6588
1402433801	888	890.494	6606.99
1402606645	837	839.871	6337.76
1402779489	900	860.58	6521.42
1402952333	888	853.609	6511.76
1403125176	865	846.537	6492.21
1403298020	984	851.495	6403.86
1403470864	836	819.165	6164.16
1403643708	849	851.039	6448.67
1403816552	891	852.475	6536.82
1403989396	864	849.105	6507.27
1404162240	813	856.695	6456.29
1404335084	845	853.355	6422.69
1404507928	833	847.825	6394.54
1404680772	841	841.864	6405.68
1404853616	901	839.437	6420.75
1405026460	820	828.212	6289.11
1405199304	870	843.173	6370.99
1405372147	820	824.138	6184.42
1405544991	856	828.177	6272.55
1405717835	818	820.322	6249.8
1405890679	793	707.132	5305.28
1406063523	805	801.218	6084.24
1406236367	804	799.84	6105.17
1406409211	780	809.322	6162.29
1406582055	762	813.232	6083.39
1406754899	789	810.72	6090.83
1406927743	782	838.153	6199.94
1407100587	785	829.386	6257.43
1407273431	811	835.04	6244.84
1407446275	851	814.185	6248.36
1407619118	847	831.679	6245.95
1407791962	788	824.408	6267.44
1407964806	851	832.171	6369.21
1408137650	878	843.791	6373.16
1408310494	841	836.091	6288.58
1408483338	891	841.452	6280.54
1408656182	909	852.503	6362.01
1408829026	749	794.233	5923.88
1409001870	866	838.443	6378.13
1409174714	818	851.399	6433.51
1409347558	905	869.354	6493.08
1409520402	910	871.518	6508.64
1409693246	846	877.645	6552.9
1409866089	825	824.812	6165.22
1410038933	868	876.343	6581.06
1410211777	929	878.032	6536.22
1410384621	838	846.069	6390.17
1410557465	904	883.45	6627.33
1410730309	831	821.637	6204.03
1410903153	829	862.182	6448.45
1411075997	819	848.556	6355.77
1411248841	926	886.926	6649.83
1411421685	882	867.624	6495.24
1411594529	852	887.149	6615.14
1411767373	877	883.871	6638.14
1411940217	907	893.525	6626.84
1412113060	875	881.735	6487.3
1412285904	797	872.683	6525.24
1412458748	772	814.287	6081.84
1412631592	932	836.084	6228.66
1412804436	860	904.47	6724.04
1412977280	714	712.907	5421.38
1413150124	395	400.211	2998.01
1413322968	679	660.249	4858.12
1413495812	926	915.875	6802.55
1413668656	889	890.463	6647.26
1413841500	896	912.242	6804.99
1414014344	887	907.884	6743.56
1414187188	888	916.762	6795.09
1414360031	860	915.86	6752.62
1414532875	963	922.862	6813.62
1414705719	882	915.626	6821.11
1414878563	843	885.56	6726.44
1415051407	928	898.472	6730.73
1415224251	890	882.929	6563
1415397095	898	901.538	6709.99
1415569939	930	887.961	6583.45
1415742783	910	902.262	6718.56
1415915627	839	849.111	6339.94
1416088471	964	912.766	6781.06
1416261315	879	855.909	6288.6
1416434159	865	906.718	6733.23
1416607002	764	769.967	5748.56
1416779846	817	868.54	6410.24
1416952690	863	848.01	6317.02
1417125534	899	876.072	6486.02
1417298378	764	796.079	5961.66
1417471222	767	811.932	6081.05
1417644066	869	884.705	6522.32
1417816910	885	885.446	6497.19
1417989754	876	881.428	6529.62
1418162598	839	834.068	6135.47
1418335442	761	770.49	5758.14
1418508286	822	817.455	6048.19
1418681130	669	699.445	5199.65
1418853973	804	814.212	6066.28
1419026817	813	876.182	6437.09
1419199661	752	746.785	5603.98
1419372505	763	781.477	5806.78
1419545349	813	739.942	5464.58
1419718193	864	848.016	6258.56
1419891037	817	830.579	6111.65
1420063881	730	772.888	5702.94
1420236725	819	849.048	6310.02
1420409569	904	851.573	6282.68
1420582413	875	852.346	6284.37
1420755257	888	867.841	6405.94
1420928101	791	792.416	5857.3
1421100944	722	762.688	5626.61
1421273788	662	735.997	5455.4
1421446632	495	465.757	3430.7
1421619476	0	0	0
1421792320	0	0	0
1421965164	0	0	0
1422138008	0	0	0
1422310852	0	0	0
1422483696	0	0	0
1422656540	0	0	0
1422829384	0	0	0
1423002228	0	0	0
1423175072	0	0	0
1423347915	0	0	0
1423520759	0	0	0
1423693603	0	0	0
1423866447	0	0	0
1424039291	763	746.028	5562.72
1424212135	778	773.916	5721.69
1424384979	795	817.456	6109.94
1424557823	777	790.862	5914.63
1424730667	748	757.111	5610.15
1424903511	769	770.629	5774.83
1425076355	742	736.582	5512.98
1425249199	765	714.047	5255.39
1425422043	387	401.841	2988.57
1425594886	0	0	0
1425767730	0	0	0
1425940574	0	0	0
1426113418	524	511.199	3754.35
1426286262	740	734.823	5504.4
1426459106	779	797.526	5804.03
1426631950	657	694.699	5144.09
1426804794	433	445.903	3303.05
1426977638	572	582.631	4445.52
1427150482	356	397.658	2928.22
1427323326	571	586.302	4432.54
1427496170	758	761.224	5712.77
1427669014	777	777.867	5803.09
1427841857	762	772.887	5781.31
1428014701	787	775.289	5750.29
1428187545	745	771.237	5753.76
1428360389	800	779.213	5811.09
1428533233	755	767.437	5716.87
1428706077	785	766.982	5734.48
1428878921	772	737.223	5467.37
1429051765	717	749.388	5591.22
1429224609	672	722.208	5402.27
1429397453	830	772.301	5720.3
1429570297	791	781.231	5884.38
1429743141	826	834.658	6281.06
1429915985	864	828.496	6227.65
1430088828	881	834.929	6249.23
1430261672	800	842.677	6321.26
1430434516	804	831.15	6203.32
1430607360	883	854.746	6386.46
1430780204	828	836.907	6316.75
1430953048	847	851.498	6470.91
1431125892	898	871.864	6541.16
1431298736	837	857.166	6470.73
1431471580	881	854.365	6424.49
1431644424	869	866.564	6484.32
1431817268	870	820.079	6135.13
1431990112	836	814.682	6133.76
1432162956	884	833.755	6210.43
1432335799	771	851.313	6393.04
1432508643	871	836.27	6360.16
1432681487	843	835.42	6350.2
1432854331	911	850.088	6375.74
1433027175	813	849.076	6404.7
1433200019	894	836.678	6258.35
1433372863	812	785.773	5865.93
1433545707	903	870.738	6438.92
1433718551	854	854.638	6424.7
1433891395	923	849.978	6402.27
1434064239	858	830.74	6302.33
1434237083	166	170.962	1287.69
1434409927	506	540.299	4050.7
1434582770	603	630.52	4808.61
1434755614	932	860.084	6486.71
1434928458	906	849.985	6468.49
1435101302	897	836.777	6412.26
1435274146	862	836.736	6356.39
1435446990	799	821.93	6231.81
1435619834	898	845.073	6361.83
1435792678	821	849.851	6419.35
1435965522	812	835.945	6394.12
1436138366	898	848.275	6361.01
1436311210	762	774.107	5841.21
1436484054	791	833.275	6242.6
1436656898	810	835.155	6237.35
1436829741	789	817.606	6159.63
1437002585	807	839.892	6371.07
1437175429	815	828.318	6231.06
1437348273	844	833.685	6354.04
1437521117	847	824.478	6281.15
1437693961	837	829.16	6310.47
1437866805	862	800.941	5989.29
1438039649	738	785.125	5840.44
1438212493	885	829.831	6265.29
1438385337	777	828.328	6199.93
1438558181	759	791.053	5924.44
1438731025	781	819.185	6117.97
1438903869	840	805.989	5969.34
1439076712	504	510.634	3790.92
1439249556	127	113.534	854.111
1439422400	427	443.874	3434.11
1439595244	730	742.914	5619.35
1439768088	641	695.762	5265.14
1439940932	777	783.023	5913.14
1440113776	808	799.406	5979.4
1440286620	725	801.604	6021.3
1440459464	790	800.208	5964.78
1440632308	759	781.537	5865.95
1440805152	783	779.332	5663.52
1440977996	522	535.52	4018.61
1441150840	669	684.054	5185.76
1441323683	757	785.038	5950.93
1441496527	742	715.76	5355.96
1441669371	67	68.4188	572.295
1441842215	581	591.739	4387.51
1442015059	769	790.748	5988.6
1442187903	795	796.746	5970.29
1442360747	782	800.277	5969.83
1442533591	802	791.706	5947.42
1442706435	792	797.018	5968.75
1442879279	358	342.046	2552.07
1443052123	676	673.529	5039.8
1443224967	821	803.616	6057.49
1443397811	789	822.546	6128.73
1443570654	807	829.824	6181.8
1443743498	734	703.573	5296
1443916342	432	370.76	2809.07
1444089186	358	378.112	2810.67
1444262030	747	739.594	5583.07
1444434874	648	651.314	5003.02
1444607718	628	679.191	5149.28
1444780562	630	644.843	4777.9
1444953406	792	839.386	6317.57
1445126250	837	848.194	6383.39
1445299094	739	788.179	5872.84
1445471938	805	850.206	6373.71
1445644782	821	805.417	6099.47
1445817625	764	816.886	6123.6
1445990469	833	807.705	6018.85
1446163313	759	770.901	5777.37
1446336157	691	697.681	5265.77
1446509001	573	544.964	4070.95
1446681845	846	826.753	6252.28
1446854689	869	842.319	6287.8
1447027533	723	722.151	5349.27
1447200377	828	843.074	6320.31
1447373221	873	830.941	6173.55
1447546065	907	854.372	6307.12
1447718909	734	790.713	5836.53
1447891753	796	840.995	6251.06
1448064596	858	848.293	6308.54
1448237440	779	779.36	5791.9
1448410284	876	849.225	6269.12
1448583128	696	728.096	5429.7
1448755972	706	694.727	5203.79
1448928816	600	591.893	4392.15
1449101660	745	787.113	5876.7
1449274504	696	728.278	5440.16
1449447348	818	805.468	5969.7
1449620192	727	739.051	5473.76
1449793036	694	730.934	5392.52
1449965880	781	809.554	5950.54
1450138724	559	586.884	4340.16
1450311567	841	824.477	6073.19
1450484411	839	831.54	6206.26
1450657255	781	798.161	5888.55
1450830099	796	765.752	5625.08
1451002943	756	763.288	5642.53
1451175787	793	807.965	5930.05
1451348631	364	370.13	2700.44
1451521475	0	0	0
1451694319	0	0	0
1451867163	123	126.584	954.948
1452040007	705	681.738	5102.83
1452212851	518	543.735	4034.44
1452385695	657	671.284	4998.46
1452558538	746	770.043	5670.32
1452731382	728	786.136	5819.81
1452904226	545	598.973	4425.48
1453077070	811	795.732	5893.94
1453249914	751	784.041	5772.01
1453422758	792	775.233	5704.43
1453595602	600	556.788	4095.33
1453768446	711	641.117	4766.79
1453941290	664	656.406	4827.69
1454114134	471	456.995	3435.42
1454286978	663	696.741	5212.48
1454459822	637	652.736	4827.82
1454632666	643	681.561	5040.69
1454805509	578	593.603	4390.92
1454978353	739	730.228	5404.03
1455151197	603	623.651	4609.97
1455324041	699	769.359	5539.35
1455496885	742	744.657	5492.77
1455669729	749	756.489	5540.69
1455842573	724	759.506	5630.42
1456015417	530	563.646	4158.98
1456188261	716	734.67	5414
1456361105	800	759.076	5604.85
1456533949	741	793.326	5930.06
1456706793	607	614.842	4511.91
1456879637	762	763.611	5757.17
1457052480	643	585.852	4347.19
1457225324	526	564.368	4135.99
1457398168	721	739.257	5511.21
1457571012	728	793.796	5961.61
1457743856	769	781.545	5851.62
1457916700	821	765.021	5686.16
1458089544	782	791.895	5872.99
1458262388	645	657.269	4931.17
1458435232	188	185.719	1392.09
1458608076	429	404.493	3011.71
1458780920	605	604.097	4502.58
1458953764	287	274.055	2060.33
1459126608	380	360.032	2683.12
1459299451	415	436.876	3192.13
1459472295	659	618.816	4656.72
1459645139	292	321.329	2397.52
1459817983	684	739.646	5503.27
1459990827	816	811.433	6031.03
1460163671	717	718.228	5391.43
1460336515	816	790.406	6010.2
1460509359	814	785.003	5903.95
1460682203	766	793.96	5886.03
1460855047	775	764.34	5729.7
1461027891	585	608.374	4567.44
1461200735	808	793.556	5925.5
1461373579	799	809.909	6020.7
1461546422	465	535.551	4071.09
1461719266	400	404.437	3069.68
1461892110	763	770.192	5859.94
1462064954	795	755.442	5695.85
1462237798	660	697.433	5281.29
1462410642	669	701.776	5281.32
1462583486	610	616.5	4654.12
1462756330	580	591.833	4450.98
1462929174	225	213.796	1621.49
1463102018	0	0	0
1463274862	0	0	0
1463447706	0	0	0
1463620550	0	0	0
1463793393	0	0	0
1463966237	171	185.583	1407.18
1464139081	282	310.128	2343.99
1464311925	671	657.105	5020.1
1464484769	270	273	2071.39
1464657613	229	216.379	1624.27
1464830457	357	352.73	2675.34
1465003301	454	432.227	3265.82
1465176145	338	314.558	2387.41
1465348989	326	319.654	2451.99
1465521833	428	429.233	3307.95
1465694677	735	717.028	5486.84
1465867520	727	726.538	5492.18
1466040364	721	714.283	5476.72
1466213208	718	727.531	5553.35
1466386052	724	722.062	5516.93
1466558896	697	723.478	5502.31
1466731740	719	708.92	5388.86
1466904584	709	685.497	5273.23
1467077428	387	347.807	2637.37
1467250272	753	718.924	5430.3
1467423116	732	732.678	5554.43
1467595960	701	718.788	5457.7
1467768804	740	748.415	5681.96
1467941648	802	755.041	5709.62
1468114491	715	760.99	5712.16
1468287335	561	622.352	4676.41
1468460179	701	762.863	5713.36
1468633023	723	748.917	5729.9
1468805867	763	761.078	5794.57
1468978711	826	772.431	5872.65
1469151555	841	787.839	5944.04
1469324399	800	785.919	5907.25
1469497243	752	757.836	5758.9
1469670087	783	780.01	5803.6
1469842931	765	767.278	5778.08
1470015775	777	756.184	5730.19
1470188619	793	765.179	5783.24
1470361462	758	766.199	5754.52
1470534306	804	764.695	5783.49
1470707150	766	759.796	5764.49
1470879994	798	761.844	5738.02
1471052838	765	773.83	5767.31
1471225682	766	768.197	5701.83
1471398526	707	710.302	5309.17
1471571370	666	706.494	5325.12
1471744214	719	741.436	5692.9
1471917058	777	738.391	5563.16
1472089902	748	745.025	5527.68
1472262746	688	727.241	5460.44
1472435590	738	719.783	5471.52
1472608433	751	725.53	5445.24
1472781277	667	706.708	5428.2
1472954121	635	707.791	5478.92
1473126965	714	713.482	5468.65
1473299809	733	729.909	5485.29
1473472653	747	731.054	5477.68
1473645497	679	707.498	5301.61
1473818341	506	508.528	3833.93
1473991185	709	722.912	5396.48
1474164029	699	716.316	5404.48
1474336873	741	714.922	5374.07
1474509717	699	717.896	5377.49
1474682561	716	698.68	5328.87
1474855404	725	710.314	5309.79
1475028248	666	698.858	5235.34
1475201092	740	681.682	5111.79
1475373936	668	678.179	5099.35
1475546780	652	686.128	5123.62
1475719624	654	667.988	5029.59
1475892468	670	679.458	5099.17
1476065312	681	678.519	5087.13
1476238156	693	687.806	5095.81
1476411000	611	680.049	5067.37
1476583844	519	552.063	4098.22
1476756688	464	504.543	3796.14
1476929532	515	531.797	4031.32
1477102375	607	630.795	4718.39
1477275219	576	622.481	4670.97
1477448063	661	694.733	5247.17
1477620907	380	348.857	2618.16
1477793751	633	647.113	4805.06
1477966595	671	699.337	5211.57
1478139439	626	690.623	5156.54
1478312283	652	688.044	5115.28
1478485127	675	688.534	5124.03
1478657971	659	683.757	5071.02
1478830815	695	680.551	5059.6
1479003659	640	688.8	5102.93
1479176503	656	687.432	5066.13
1479349346	637	665.25	5014.01
1479522190	610	610.68	4522.56
1479695034	251	266.648	2013.32
1479867878	599	612.485	4563.31
1480040722	447	420.671	3117.25
1480213566	372	346.648	2547.4
1480386410	178	177.107	1340.03
1480559254	680	660.453	4892.62
1480732098	653	669.207	4958.38
1480904942	577	578.548	4266.21
1481077786	632	660.972	4913.47
1481250630	681	700.478	5209.26
1481423474	694	704.833	5212.75
1481596317	670	700.028	5173.67
1481769161	707	704.198	5231.03
1481942005	697	703.89	5182.46
1482114849	671	717.683	5309.66
1482287693	722	689.393	5067.42
1482460537	699	724.087	5360.93
1482633381	705	668.834	4903.08
1482806225	666	706.438	5265.54
1482979069	749	724.565	5353.94
1483151913	738	766.16	5612.84
1483324757	668	735.216	5448.11
1483497601	773	766.249	5640.98
1483670445	787	783.354	5806.53
1483843288	687	721.396	5251.81
1484016132	640	656.731	4776.29
1484188976	777	806.25	5949.22
1484361820	734	758.026	5590.73
1484534664	634	697.839	5149.88
1484707508	798	807.87	5965.43
1484880352	756	785.67	5811
1485053196	775	740.075	5472.26
1485226040	712	698.31	5163.89
1485398884	771	777.605	5812.01
1485571728	824	806.268	5958.28
1485744572	828	812.119	5959.88
1485917416	714	681.075	5056
1486090259	710	724.694	5344.43
1486263103	595	588.915	4405.3
1486435947	719	742.409	5490.69
1486608791	708	712.742	5319.25
1486781635	762	771.01	5687.35
1486954479	679	661.694	4919.44
1487127323	537	552.822	4119.56
1487300167	666	673.132	4956.95
1487473011	760	769.961	5690.53
1487645855	747	759.552	5619.6
1487818699	751	772.877	5697.55
1487991543	551	539.537	4006.64
1488164387	362	413.816	3065.63
1488337230	432	449.899	3293.82
1488510074	732	756.077	5607.02
1488682918	753	757.073	5626.29
1488855762	728	737.522	5473.62
1489028606	693	748.162	5512.48
1489201450	702	737.997	5509.62
1489374294	736	745.666	5576.49
1489547138	732	735.856	5466.74
1489719982	761	741.09	5586.64
1489892826	680	681.337	5088.16
1490065670	653	646.557	4865.65
1490238514	484	482.009	3571.63
1490411358	600	611.642	4543.88
1490584201	644	700.445	5204.91
1490757045	711	753.001	5607.07
1490929889	605	640.661	4788.32
1491102733	536	528.699	3946.47
1491275577	673	702.879	5228.5
1491448421	736	723.633	5382.96
1491621265	690	736.521	5505.58
1491794109	624	684.174	5158.58
1491966953	561	570.015	4301.34
1492139797	710	704.126	5267.62
1492312641	664	702.479	5313.13
1492485485	675	697.532	5248.27
1492658329	696	697.997	5210.74
1492831172	711	701.339	5259.49
1493004016	594	638.381	4768.41
1493176860	725	704.47	5295.42
1493349704	696	670.425	5037.84
1493522548	769	722.676	5436.91
1493695392	746	724.008	5399.65
1493868236	729	726.937	5475.34
1494041080	777	751.297	5580.3
1494213924	662	684.393	5117.57
1494386768	724	740.895	5599.22
1494559612	713	741.75	5538.44
1494732456	748	741.811	5552.87
1494905300	757	743.593	5611.34
1495078143	639	589.425	4410.88
1495250987	743	750.483	5633.38
1495423831	759	767.048	5735.24
1495596675	752	757.512	5705.99
1495769519	729	749.859	5691.38
1495942363	735	744.686	5708.79
1496115207	739	723.548	5533.35
1496288051	610	581.046	4414.66
1496460895	809	781.463	5857.64
1496633739	705	760.403	5759.82
1496806583	689	723.278	5441.4
1496979427	722	778.09	5870.38
1497152271	788	773.27	5832.52
1497325114	791	767.932	5800.34
1497497958	762	780.461	5795.27
1497670802	763	784.459	5828.56
1497843646	781	760.353	5834.76
1498016490	707	750.947	5610.94
1498189334	448	496.121	3689.62
1498362178	500	502.994	3690.19
1498535022	246	235.668	1811.41
1498707866	362	446.814	3316.19
1498880710	770	782.083	5946.33
1499053554	857	792.996	5963.74
1499226398	775	791.206	5970.56
1499399242	738	779.868	5938.8
1499572085	759	784.306	5918.48
1499744929	795	774.741	5908.62
1499917773	758	790.633	5907.44
1500090617	748	783.126	5891.17
1500263461	722	756.546	5849.25
1500436305	808	770.011	5840
1500609149	758	772.932	5831.44
1500781993	754	770.703	5760.01
1500954837	782	757.037	5754.01
1501127681	736	760.896	5741.56
1501300525	795	764.453	5768.37
1501473369	714	748.906	5742.02
1501646213	761	747.145	5700.05
1501819056	724	693.079	5259.46
1501991900	446	433.961	3260.43
1502164744	410	428.995	3209.42
1502337588	728	774.67	5783.19
1502510432	764	764.473	5766.06
1502683276	674	749.997	5609.33
1502856120	750	758.75	5743.01
1503028964	790	776.612	5780.88
1503201808	711	742.522	5640.37
1503374652	712	748.834	5573.48
1503547496	524	530.557	3962.63
1503720340	678	694.8	5233.9
1503893184	738	733.071	5485
1504066027	732	705.95	5374.29
1504238871	706	745.102	5558.42
1504411715	541	596.192	4509.61
1504584559	718	739.825	5619.3
1504757403	735	764.639	5753.79
1504930247	761	776.406	5845.69
1505103091	748	767.421	5803.45
1505275935	824	783.947	5912.51
1505448779	764	770.279	5861.23
1505621623	744	775.819	5867.45
1505794467	779	755.553	5602.69
1505967311	768	773.213	5850.57
1506140155	728	760.878	5723.48
1506312998	798	778.429	5843.56
1506485842	762	775.543	5873.11
1506658686	781	762.564	5703.67
1506831530	769	790.262	5882.02
1507004374	786	823.554	6101.77
1507177218	831	849.104	6277.92
1507350062	683	726.628	5438.51
1507522906	757	768.953	5748.66
1507695750	740	799.364	6041.39
1507868594	673	650.259	4962.82
1508041438	726	695.047	5215.23
1508214282	539	554.951	4125.6
1508387126	819	830.911	6186.08
1508559969	858	829.18	6231.97
1508732813	798	828.856	6199.22
1508905657	858	832.674	6198.2
1509078501	822	833.534	6202.36
1509251345	815	836.669	6199.5
1509424189	854	841.862	6279.33
1509597033	850	856.44	6348.28
1509769877	830	864.675	6456.86
1509942721	803	844.62	6297.89
1510115565	742	755.707	5636.53
1510288409	838	866.687	6466.99
1510461253	913	860.912	6371.32
1510634097	793	806.241	5935.24
1510806940	781	849.44	6294.6
1510979784	858	844.628	6267.62
1511152628	795	805.246	5972.27
1511325472	789	851.349	6338.77
1511498316	824	847.973	6301.99
1511671160	807	848.154	6291.9
1511844004	804	839.091	6267.95
1512016848	864	856.112	6333.41
1512189692	631	682.066	5055.07
1512362536	557	589.012	4435.25
1512535380	801	822.102	6094.18
1512708224	607	577.639	4210.49
1512881068	662	707.527	5170.81
1513053911	804	814.852	6023.49
1513226755	797	846.197	6276.07
1513399599	740	750.225	5569.95
1513572443	826	786.486	5799.5
1513745287	881	853.426	6280.85
1513918131	879	861.583	6364.15
1514090975	879	861.746	6413.02
1514263819	677	732.176	5412.56
1514436663	870	841.109	6221.02
1514609507	821	819.363	6030.13
1514782351	634	663.708	4924.85
1514955195	807	822.102	6057.86
1515128039	860	850.629	6267.28
1515300882	732	776.508	5793.79
1515473726	594	591.043	4387.33
1515646570	631	659.437	4868.79
1515819414	810	796.579	5884.47
1515992258	784	729.79	5408.01
1516165102	761	746.925	5555.91
1516337946	779	832.543	6182.74
1516510790	801	788.865	5825.76
1516683634	658	681.883	5011.36
1516856478	743	723.148	5377.76
1517029322	790	820.629	6063.39
1517202166	751	742.56	5480.96
1517375010	716	780.306	5785.64
1517547853	734	735.803	5440.69
1517720697	715	739.89	5445.85
1517893541	789	815.98	5995.48
1518066385	732	772.086	5687.98
1518239229	778	804.091	5987.02
1518412073	834	816.697	6143.85
1518584917	805	809.785	6004.79
1518757761	766	754.1	5585.16
1518930605	720	705.173	5191.31
1519103449	684	727.589	5396.84
1519276293	677	693.637	5169.93
1519449137	669	641.077	4798.13
1519621981	763	713.345	5312.35
1519794824	701	673.423	5017.57
1519967668	852	843.686	6265.79
1520140512	756	764.69	5660.14
1520313356	811	840.29	6296.02
1520486200	775	780.001	5770.56
1520659044	804	842.792	6216.37
1520831888	814	839.872	6244.45
1521004732	778	822.007	6104.14
1521177576	835	849.688	6292.58
1521350420	847	854.25	6315.77
1521523264	876	842.65	6311.31
1521696108	899	847.52	6283.41
1521868952	814	847.434	6314.85
1522041795	804	839.281	6307.59
1522214639	864	850.68	6334.61
1522387483	817	816.054	6088.62
1522560327	794	848.875	6335.91
1522733171	811	841.623	6264.82
1522906015	808	834.964	6209.63
1523078859	592	634.35	4735.53
1523251703	763	816.38	6060.9
1523424547	710	817.048	6029.06
1523597391	704	707.983	5371.25
1523770235	790	795.391	5996.15
1523943079	828	802.061	6016.43
1524115923	787	804.071	6010.46
1524288766	810	807.3	6006.79
1524461610	815	820.471	6142.69
1524634454	810	850.256	6367.15
1524807298	852	856.734	6370.92
1524980142	899	843.112	6338.62
1525152986	855	842.816	6361.71
1525325830	783	855.3	6393.43
1525498674	877	845.097	6360.66
1525671518	821	841.549	6318
1525844362	756	836.558	6275.12
1526017206	781	822.39	6199.98
1526190050	822	820.598	6134.16
1526362894	738	816.114	6133.94
1526535737	827	808.337	6087.84
1526708581	823	796.837	6069.75
1526881425	850	798.428	6038.93
1527054269	824	805.945	6006.35
1527227113	835	815.67	6175.81
1527399957	829	821.494	6136.84
1527572801	776	822.685	6133
1527745645	756	793.845	6056.25
1527918489	755	781.239	6021.01
1528091333	737	775.061	5960.01
1528264177	787	765.753	5819.31
1528437021	799	799.184	5984.96
1528609865	834	837.736	6220.61
1528782708	818	817.322	6217.3
1528955552	807	806.807	6221.17
1529128396	847	817.397	6263.32
1529301240	919	832.321	6309.64
1529474084	863	838.192	6307.57
1529646928	815	838.339	6312.71
1529819772	763	826.036	6264.45
1529992616	831	830.452	6188.54
1530165460	768	822.201	6133.64
1530338304	827	819.288	6148.86
1530511148	708	739.843	5596.26
1530683992	744	788.75	5992.74
1530856836	732	778.587	5897.02
1531029679	686	745.942	5733.4
1531202523	765	741.112	5673.56
1531375367	810	786.676	5932.14
1531548211	808	800.03	5951.21
1531721055	755	784.702	5962.3
1531893899	787	784.02	5938.8
1532066743	765	758.927	5802.5
1532239587	762	775.907	5842.87
1532412431	720	756.934	5836.49
1532585275	783	770.828	5896.47
1532758119	824	798.455	6055.11
1532930963	838	798.768	6079.84
1533103807	782	805.004	6141.32
1533276650	849	818.898	6201.83
1533449494	673	683.277	5161.96
1533622338	773	779.835	5841.14
1533795182	881	824.316	6325.65
1533968026	901	845.1	6377.67
1534140870	755	845.741	6402.04
1534313714	894	843.315	6420.99
1534486558	951	861.807	6476.02
1534659402	791	838.392	6460.57
1534832246	876	844.181	6454.48
1535005090	897	863.139	6452.32
1535177934	834	845.143	6457.66
1535350778	639	652.253	4896.55
