1372722986	377	516.193	1185.1
1372809422	372	533.926	1216.34
1372895858	326	527.102	1213.93
1372982295	335	528.578	1218.47
1373068731	367	516.96	1189.75
1373155168	319	504.596	1174.01
1373241604	284	474.488	1108.29
1373328040	201	328.513	755.495
1373414477	228	306.745	704.81
1373500913	212	297.726	685.797
1373587349	232	334.925	781.461
1373673786	343	460.654	1067.14
1373760222	328	495.456	1151.41
1373846658	335	486.893	1133.08
1373933095	395	526.178	1224.29
1374019531	361	537.694	1242.04
1374105968	382	518.652	1195.11
1374192404	270	459.851	1066.95
1374278840	305	492.124	1124.1
1374365277	306	529.139	1220.48
1374451713	328	524.403	1219.85
1374538149	350	512.717	1190.16
1374624586	338	520.527	1217.33
1374711022	395	528.823	1224.27
1374797458	364	498.004	1145.91
1374883895	358	527.638	1222.16
1374970331	372	524.695	1221.81
1375056768	365	521.668	1211.79
1375143204	357	523.637	1213
1375229640	359	534.074	1232.39
1375316077	344	525.893	1216.1
1375402513	306	460.484	1068.22
1375488949	369	541.934	1245.94
1375575386	360	545.138	1255.68
1375661822	333	541.151	1247.48
1375748258	334	544.292	1261.39
1375834695	372	551.75	1255.85
1375921131	354	548.072	1253
1376007568	345	529.47	1234.45
1376094004	318	489.775	1144.73
1376180440	368	544.134	1255.21
1376266877	355	547.945	1258.89
1376353313	321	477.153	1092.27
1376439749	317	524.933	1201.2
1376526186	350	527.963	1223.23
1376612622	343	530.678	1238.4
1376699059	378	558.416	1306.23
1376785495	382	565.803	1306.39
1376871931	409	559.139	1289.35
1376958368	352	562.408	1303.11
1377044804	311	466.63	1080.75
1377131240	331	509.485	1167.26
1377217677	324	493.415	1141.69
1377304113	137	245.529	592.59
1377390549	0	0	0
1377476986	0	0	0
1377563422	163	272.693	614.761
1377649859	320	475.496	1131.93
1377736295	315	467.722	1068.11
1377822731	309	422.328	991.079
1377909168	322	492.974	1124.01
1377995604	342	507.748	1174.72
1378082040	333	490.42	1156.5
1378168477	298	514.443	1179.16
1378254913	314	519.153	1206.73
1378341349	353	494.172	1139.46
1378427786	279	404.272	934.855
1378514222	364	530.081	1225.5
1378600659	356	528.047	1228.22
1378687095	270	357.987	834.813
1378773531	278	356.556	821.128
1378859968	328	457.811	1053.71
1378946404	320	522.929	1202.13
1379032840	315	512.593	1189.78
1379119277	294	514.35	1193.22
1379205713	312	496.325	1150.91
1379292149	290	468.754	1087.3
1379378586	294	516.094	1198.69
1379465022	265	402.812	934.66
1379551459	203	284.508	651.997
1379637895	345	538.182	1236.23
1379724331	366	536.844	1230.58
1379810768	327	528.348	1227.03
1379897204	341	520.27	1228.66
1379983640	324	518.962	1220.46
1380070077	314	529.231	1229.27
1380156513	354	542.047	1246.16
1380242949	376	538.3	1244.04
1380329386	339	537.466	1252.51
1380415822	358	536.651	1252.98
1380502259	351	534.774	1249.22
1380588695	217	393.572	918.11
1380675131	354	541.898	1250.75
1380761568	306	428.697	998.533
1380848004	330	528.591	1238.58
1380934440	354	540.399	1257.38
1381020877	360	521.217	1219.42
1381107313	330	520.816	1215.29
1381193750	330	521.827	1210.17
1381280186	333	510.68	1180.24
1381366622	349	529.283	1232
1381453059	381	547.042	1274.17
1381539495	333	508.755	1190.8
1381625931	0	0	0
1381712368	89	133.218	312.083
1381798804	56	68.3356	159.088
1381885240	0	0	0
1381971677	106	169.732	404.097
1382058113	328	541.688	1264.88
1382144550	348	545.195	1263.17
1382230986	395	565.977	1291.7
1382317422	355	556.708	1284.5
1382403859	347	552.659	1269.13
1382490295	365	558.272	1280.71
1382576731	328	531.831	1241.82
1382663168	359	545.696	1271.24
1382749604	373	548.955	1274.13
1382836040	360	544.21	1273.69
1382922477	378	550.831	1276.73
1383008913	391	547.534	1265.61
1383095350	308	471.18	1081.75
1383181786	238	386.259	886.779
1383268222	227	359.007	846.353
1383354659	368	538.668	1259.94
1383441095	327	524.777	1228.28
1383527531	366	535.628	1247.24
1383613968	333	526.857	1226.6
1383700404	357	508.404	1173.01
1383786840	360	539.38	1250.53
1383873277	351	548.969	1273.02
1383959713	366	545.818	1252.58
1384046150	371	541.813	1248.98
1384132586	352	545.077	1262.18
1384219022	396	547.647	1267.37
1384305459	386	548.637	1267.86
1384391895	394	550.418	1262.89
1384478331	353	548.336	1270.78
1384564768	358	537.069	1259.4
1384651204	390	538.871	1252.78
1384737641	336	543.58	1254.08
1384824077	347	537.985	1245.76
1384910513	374	536.115	1246.76
1384996950	353	526.777	1234.31
1385083386	324	492.98	1151.26
1385169822	346	528.664	1224.8
1385256259	352	538.769	1236.69
1385342695	357	555.208	1233.97
1385429131	336	529.225	1236.71
1385515568	334	501.079	1165.07
1385602004	306	515.218	1188.82
1385688441	343	510.213	1186.62
1385774877	264	359.6	832.203
1385861313	349	525.816	1218.44
1385947750	336	522.16	1212.47
1386034186	341	510.029	1189.73
1386120622	395	536.417	1236.05
1386207059	342	545.489	1260.06
1386293495	379	547.764	1270
1386379931	375	551.033	1274.43
1386466368	359	493.862	1140.31
1386552804	352	536.964	1245.14
1386639241	369	539.198	1267.96
1386725677	381	526.244	1233.82
1386812113	326	535.569	1244.44
1386898550	413	545.354	1263.41
1386984986	252	426.277	992.719
1387071422	343	482.612	1121.84
1387157859	300	425.515	993.125
1387244295	281	456.769	1067.05
1387330731	406	526.382	1223.7
1387417168	261	411.403	968.875
1387503604	283	397.154	924.848
1387590041	308	458.398	1065.46
1387676477	377	501.347	1174.76
1387762913	326	503.531	1178.13
1387849350	279	374.795	876.112
1387935786	331	489.94	1135.66
1388022222	321	451.955	1054.55
1388108659	329	470.996	1098.17
1388195095	270	387.923	920.12
1388281531	328	460.492	1052.84
1388367968	376	535.254	1230.75
1388454404	341	526.1	1212.84
1388540841	402	531.109	1222.11
1388627277	566	531.043	1221.12
1388713713	486	522.317	1211.32
1388800150	548	522.112	1219.55
1388886586	235	214.883	512.026
1388973022	310	302.871	698.955
1389059459	566	520.688	1209.85
1389145895	513	517.413	1204.66
1389232332	558	521.887	1209.02
1389318768	537	518.236	1203.8
1389405204	507	514.489	1205.92
1389491641	521	510.755	1202.16
1389578077	551	516.186	1205.9
1389664513	519	509.749	1190.62
1389750950	519	519.199	1214.07
1389837386	560	532.151	1240.86
1389923822	514	531.479	1232.92
1390010259	583	535.54	1247.5
1390096695	542	535.926	1252.72
1390183132	505	465.56	1081.88
1390269568	582	539.905	1240.72
1390356004	538	538.091	1236
1390442441	527	505.328	1159.44
1390528877	395	410.084	950.228
1390615313	535	511.395	1199.52
1390701750	538	502.034	1166.5
1390788186	503	517.363	1198.82
1390874622	488	491.007	1139.72
1390961059	512	477.42	1120.11
1391047495	539	525.269	1218.13
1391133932	554	528.316	1223.53
1391220368	549	526.304	1219.26
1391306804	540	525.252	1206.84
1391393241	521	515.765	1186.6
1391479677	522	525.688	1211.53
1391566113	529	518.476	1189.16
1391652550	351	341.415	788.965
1391738986	525	497.371	1151
1391825422	516	524.292	1210.35
1391911859	528	520.465	1207.39
1391998295	492	503.506	1169.84
1392084732	425	441.671	1026.16
1392171168	538	503.601	1173.41
1392257604	507	508.256	1189.01
1392344041	445	467.515	1096.36
1392430477	241	227.505	534.556
1392516913	188	214.121	500.48
1392603350	206	208.965	487.26
1392689786	394	394.235	925.236
1392776223	424	394.8	917.178
1392862659	382	385.896	899.903
1392949095	396	408.467	952.537
1393035532	470	463.167	1087.21
1393121968	580	515.156	1198.37
1393208404	516	490.354	1135.03
1393294841	433	492.498	1148.4
1393381277	444	442.293	1046.54
1393467713	474	482.321	1127.12
1393554150	533	485.891	1127.3
1393640586	317	294.632	691.847
1393727023	538	495.566	1159.5
1393813459	519	498.039	1166.48
1393899895	512	502.588	1169.38
1393986332	507	502.18	1166.43
1394072768	487	502.182	1172.73
1394159204	531	503.102	1178
1394245641	569	518.211	1160.35
1394332077	530	505.614	1169.85
1394418513	459	470.292	1093.28
1394504950	508	494.551	1148.29
1394591386	506	476.259	1105.55
1394677823	496	494.504	1148.39
1394764259	508	505.105	1170.35
1394850695	531	506.622	1171.85
1394937132	512	506.99	1161.62
1395023568	514	505.822	1167.11
1395110004	429	483.665	1129.32
1395196441	561	512.161	1186.5
1395282877	578	524.498	1213.03
1395369313	556	527.193	1216.9
1395455750	551	533.709	1254.29
1395542186	644	540.053	1263.89
1395628623	576	537.355	1253.39
1395715059	567	533.804	1255.64
1395801495	600	539.551	1272.09
1395887932	509	538.802	1255.9
1395974368	561	502.974	1165.66
1396060804	511	514.885	1183.89
1396147241	564	518.179	1184.7
1396233677	567	540.098	1245.13
1396320113	540	535.555	1254.72
1396406550	568	532.546	1250.83
1396492986	542	505.126	1180.47
1396579423	539	536.599	1247.09
1396665859	540	549.978	1280.45
1396752295	560	546.609	1271.33
1396838732	404	384.367	889.065
1396925168	482	497.288	1154.65
1397011604	449	439.044	1006.22
1397098041	573	556.094	1283.14
1397184477	544	555.763	1291.37
1397270914	626	561.149	1302.29
1397357350	584	556.105	1306.8
1397443786	491	458.914	1075.64
1397530223	431	392.136	916.851
1397616659	0	0	0
1397703095	535	506.45	1166.42
1397789532	586	552.065	1277.68
1397875968	600	547.031	1270.77
1397962404	559	533.909	1245.91
1398048841	581	538.461	1255.56
1398135277	551	537.66	1259
1398221714	250	244.59	572.387
1398308150	523	523.626	1228.88
1398394586	505	494.547	1155.5
1398481023	587	546.811	1266.16
1398567459	598	549.988	1268.76
1398653895	557	544.095	1271.51
1398740332	565	555.173	1287.53
1398826768	554	543.469	1258.22
1398913204	546	566.119	1298.25
1398999641	505	563.303	1290.38
1399086077	583	543.886	1254.76
1399172514	513	552.863	1278.89
1399258950	549	550.466	1282.02
1399345386	562	526.589	1224.18
1399431823	617	552.518	1283.79
1399518259	573	539.59	1272.13
1399604695	522	549.646	1286.43
1399691132	555	544.637	1269.38
1399777568	552	504.864	1180.77
1399864004	615	552.492	1281.32
1399950441	560	525.291	1214.64
1400036877	575	537.982	1242.74
1400123314	552	541.071	1255.55
1400209750	436	414.784	963.426
1400296186	545	543.189	1265.74
1400382623	612	552.276	1278.58
1400469059	600	550.877	1271.03
1400555495	561	542.838	1249.12
1400641932	576	546.892	1251.14
1400728368	488	543.983	1259.42
1400814805	589	539.753	1269.08
1400901241	589	538.594	1250.07
1400987677	526	535.455	1236.14
1401074114	574	497.645	1157.91
1401160550	565	536.477	1246.91
1401246986	562	520.63	1201.05
1401333423	602	564.282	1283.93
1401419859	608	566.437	1302.31
1401506295	608	569.311	1316.97
1401592732	596	572.454	1320.54
1401679168	612	573.328	1312.54
1401765605	641	589.289	1338.56
1401852041	598	588.245	1327.91
1401938477	576	582.566	1327.48
1402024914	594	581.489	1324.88
1402111350	549	588.256	1330.24
1402197786	590	580.56	1321.68
1402284223	612	569.854	1312.93
1402370659	658	575.393	1325.03
1402457095	566	581.778	1320.45
1402543532	581	555.758	1258.69
1402629968	555	553.855	1280.12
1402716405	627	563.215	1306.06
1402802841	642	563.476	1301.2
1402889277	596	557.395	1303.67
1402975714	584	556.851	1302.44
1403062150	588	551.21	1302.36
1403148586	601	574.864	1292.85
1403235023	634	553.625	1280.45
1403321459	626	561.06	1284.06
1403407895	592	559.75	1283.96
1403494332	553	512.946	1183.5
1403580768	588	555.766	1286.61
1403667205	547	556.017	1286.07
1403753641	603	566.682	1315.56
1403840077	613	553.002	1297.8
1403926514	615	557.338	1311.72
1404012950	591	555.896	1294.05
1404099386	601	560.834	1294.53
1404185823	591	564.347	1291.8
1404272259	574	563.04	1280.4
1404358696	556	561.507	1288.62
1404445132	604	563.002	1285.81
1404531568	549	550.818	1272.1
1404618005	590	554.99	1289.47
1404704441	576	549.223	1278.53
1404790877	594	547.517	1279.78
1404877314	638	550.712	1285.03
1404963750	543	547.321	1279.06
1405050186	615	537.42	1238.84
1405136623	585	553.524	1271.7
1405223059	592	551.264	1275.89
1405309496	576	557.205	1272.14
1405395932	578	546.435	1258.73
1405482368	491	519.422	1201
1405568805	582	538.275	1255.99
1405655241	577	532.385	1252.27
1405741677	563	535.235	1247.27
1405828114	522	480.47	1112.02
1405914550	505	443.147	1011.8
1406000986	581	541.161	1247.34
1406087423	519	512.378	1187.73
1406173859	548	508.757	1186.28
1406260296	591	542.214	1252.74
1406346732	545	530.578	1231.54
1406433168	554	535.889	1238.99
1406519605	545	526.54	1211.71
1406606041	543	530.1	1223.42
1406692477	489	521.189	1212.64
1406778914	573	529.037	1220.76
1406865350	571	535.746	1235.68
1406951786	491	542.177	1241.36
1407038223	508	547.311	1249.65
1407124659	533	538.079	1250.92
1407211096	581	550.523	1264.54
1407297532	544	539.272	1238.19
1407383968	542	531.247	1247.02
1407470405	570	532.554	1249.36
1407556841	558	541.395	1248.79
1407643277	589	542.031	1249.55
1407729714	515	541.08	1250.67
1407816150	544	538.812	1254.29
1407902586	545	537.709	1264.04
1407989023	611	551.961	1278.84
1408075459	626	553.784	1278.97
1408161896	612	548.009	1273.89
1408248332	559	536.401	1260.21
1408334768	522	536.176	1255.33
1408421205	602	538.763	1253.36
1408507641	581	543.781	1258.48
1408594077	613	548.595	1266.54
1408680514	547	552.58	1276.75
1408766950	574	528.659	1210.36
1408853387	479	505.812	1159.19
1408939823	547	549.762	1274.73
1409026259	583	545.921	1272.63
1409112696	615	553.56	1279.8
1409199132	590	558.874	1290.42
1409285568	615	564.575	1300.6
1409372005	589	564.558	1296.81
1409458441	561	557.419	1290.48
1409544877	615	573.234	1312.36
1409631314	601	571.478	1310.68
1409717750	605	569.63	1311.17
1409804187	598	564.413	1305.39
1409890623	495	501.71	1157.52
1409977059	593	572.078	1321.12
1410063496	562	568.698	1312.94
1410149932	601	565.919	1303.58
1410236368	598	573.038	1311.74
1410322805	539	541.259	1246.05
1410409241	610	564.982	1305.57
1410495677	560	580.204	1331.67
1410582114	613	574.726	1331.92
1410668550	544	533.41	1247.54
1410754987	528	520.805	1220.87
1410841423	636	573.954	1330.25
1410927859	570	573.722	1330.46
1411014296	506	534.913	1241.09
1411100732	589	526.096	1221.43
1411187168	555	569.079	1330.68
1411273605	637	571.816	1327.66
1411360041	617	579.463	1332.97
1411446477	542	549.312	1265.53
1411532914	578	572.358	1320.87
1411619350	604	579.107	1326.57
1411705787	539	571.208	1321.38
1411792223	599	578.253	1331.58
1411878659	586	577.535	1324.41
1411965096	590	574.307	1328.89
1412051532	574	578.692	1282.53
1412137968	623	561.983	1312.02
1412224405	555	564.443	1318.4
1412310841	567	559.437	1299.48
1412397278	508	559.779	1290.23
1412483714	550	508.616	1179.72
1412570150	495	481.514	1119.48
1412656587	645	571.097	1322.77
1412743023	573	586.161	1353.02
1412829459	623	580.928	1335.38
1412915896	589	583.849	1355.33
1413002332	444	412.277	972.442
1413088768	260	257.82	600.07
1413175205	264	257.757	599.47
1413261641	255	256.361	596.78
1413348078	539	521.813	1188.49
1413434514	591	589.231	1364.25
1413520950	626	588.682	1357.11
1413607387	588	589.639	1358.75
1413693823	568	578.494	1359.77
1413780259	586	562.116	1297
1413866696	627	586.02	1365.57
1413953132	575	579.673	1349.76
1414039568	599	576.216	1350.27
1414126005	555	576.35	1351.06
1414212441	633	584.75	1365.38
1414298878	622	582.027	1347.88
1414385314	560	583.714	1350.59
1414471750	630	587.952	1360.71
1414558187	597	593.324	1364.43
1414644623	580	592.147	1364.32
1414731059	567	589.256	1363.01
1414817496	558	584.61	1361.03
1414903932	517	572.71	1335.41
1414990368	623	576.578	1332.52
1415076805	618	585.309	1356.35
1415163241	606	588.838	1358.04
1415249678	558	546.768	1268.01
1415336114	613	581.952	1351.9
1415422550	582	572.176	1334.57
1415508987	571	578.638	1347.58
1415595423	594	554.988	1284.74
1415681859	586	581.455	1349.42
1415768296	568	572.97	1336.23
1415854732	536	504.361	1179.08
1415941168	617	581.57	1356.68
1416027605	594	580.288	1355.61
1416114041	609	577.676	1358.72
1416200478	627	581	1351.39
1416286914	493	505.733	1163.92
1416373350	541	584.184	1349.61
1416459787	579	579.62	1343.05
1416546223	439	419.802	975.171
1416632659	585	571.682	1328.72
1416719096	550	571.103	1316.98
1416805532	510	549.994	1266.52
1416891969	531	539.878	1253.88
1416978405	569	540.964	1257.59
1417064841	612	554.82	1291.18
1417151278	595	562.348	1303.38
1417237714	600	573.775	1314.18
1417324150	470	487.272	1135.01
1417410587	480	449.734	1053.31
1417497023	589	563.288	1313.82
1417583459	588	561.139	1303.78
1417669896	567	564.338	1308.1
1417756332	534	556.918	1287.63
1417842769	596	567.215	1309.71
1417929205	573	561.33	1304.48
1418015641	660	563.043	1307.79
1418102078	615	564.296	1299.1
1418188514	494	497.79	1154.53
1418274950	584	562.369	1312.81
1418361387	530	522.891	1218.39
1418447823	397	430.796	1004.39
1418534259	551	519.653	1207.5
1418620696	539	540.404	1246.21
1418707132	384	387.119	902.347
1418793569	498	500.777	1170.29
1418880005	503	495.807	1170.85
1418966441	578	559.936	1290.65
1419052878	560	562.005	1284.17
1419139314	583	557.753	1284.94
1419225750	453	418.84	973.569
1419312187	517	513.82	1203.16
1419398623	492	492.75	1138.65
1419485059	523	473.215	1093.98
1419571496	523	471.612	1094.58
1419657932	563	531.32	1239.7
1419744369	552	537.145	1247.37
1419830805	476	500.086	1157.37
1419917241	536	547.436	1268.67
1420003678	432	442.504	1016.57
1420090114	530	549.988	1266.52
1420176550	567	545.745	1269.52
1420262987	555	540.409	1255.14
1420349423	558	540.278	1263.93
1420435860	591	542.19	1256.58
1420522296	560	530.184	1228.17
1420608732	606	547.966	1274.19
1420695169	550	552.281	1283.79
1420781605	578	551.036	1278.35
1420868041	552	553.653	1287.37
1420954478	493	477.009	1108.95
1421040914	479	465.841	1034.89
1421127350	493	502.066	1162.45
1421213787	448	438.381	1019.65
1421300223	455	495.022	1161.99
1421386660	583	549.01	1280.48
1421473096	171	133.243	342.548
1421559532	0	0	0
1421645969	0	0	0
1421732405	0	0	0
1421818841	0	0	0
1421905278	0	0	0
1421991714	0	0	0
1422078150	0	0	0
1422164587	0	0	0
1422251023	0	0	0
1422337460	0	0	0
1422423896	0	0	0
1422510332	0	0	0
1422596769	0	0	0
1422683205	0	0	0
1422769641	0	0	0
1422856078	0	0	0
1422942514	0	0	0
1423028950	0	0	0
1423115387	0	0	0
1423201823	0	0	0
1423288260	0	0	0
1423374696	0	0	0
1423461132	0	0	0
1423547569	0	0	0
1423634005	0	0	0
1423720441	0	0	0
1423806878	0	0	0
1423893314	0	0	0
1423979751	329	342.571	788.662
1424066187	576	514.123	1200.89
1424152623	467	455.862	1064.95
1424239060	563	530.671	1225.82
1424325496	559	529.879	1228.57
1424411932	525	522.728	1216.71
1424498369	527	499.959	1165.79
1424584805	537	514.839	1202.78
1424671241	504	517.359	1211.11
1424757678	569	519.31	1207.3
1424844114	449	432.484	1012.31
1424930551	519	497.738	1167.27
1425016987	422	427.438	998.362
1425103423	538	500.802	1169.68
1425189860	566	504.811	1175.22
1425276296	520	491.933	1145.6
1425362732	384	370.901	860.021
1425449169	157	142.513	335.407
1425535605	0	0	0
1425622041	0	0	0
1425708478	0	0	0
1425794914	0	0	0
1425881351	0	0	0
1425967787	0	0	0
1426054223	131	139.254	324.543
1426140660	560	506.982	1177.2
1426227096	363	347.092	805.172
1426313532	494	504.023	1176.19
1426399969	535	498.858	1163.82
1426486405	508	504.754	1173.8
1426572841	507	473.001	1105.14
1426659278	402	406.392	950.459
1426745714	482	491.172	1148.65
1426832151	75	77.6083	176.871
1426918587	445	474.788	1122.66
1427005023	390	367.732	855.978
1427091460	0	0	0
1427177896	405	407.576	959.554
1427264332	362	364.319	856.289
1427350769	419	405.903	948.877
1427437205	539	482.714	1134.84
1427523641	494	474.483	1113.6
1427610078	522	494.785	1156.75
1427696514	548	499.877	1164.41
1427782951	522	494.634	1154.14
1427869387	519	498.015	1158.9
1427955823	532	491.622	1142.76
1428042260	527	499.841	1158.85
1428128696	511	498.589	1155.1
1428215132	485	492.108	1147.08
1428301569	533	493.46	1155.68
1428388005	519	504.298	1168.89
1428474442	517	497.807	1155.31
1428560878	510	485.543	1130.94
1428647314	524	491.262	1150.14
1428733751	539	489.295	1147.5
1428820187	526	487.901	1138.85
1428906623	458	453.472	1052.28
1428993060	480	478.636	1116.14
1429079496	482	480.307	1116.54
1429165932	500	488.752	1130.87
1429252369	461	475.446	1087.96
1429338805	519	460.672	1079.89
1429425242	578	500.767	1144.67
1429511678	509	500.082	1159.41
1429598114	548	505.186	1181.92
1429684551	586	528.655	1237.83
1429770987	583	543.001	1266.47
1429857423	548	526.051	1229.14
1429943860	575	563.615	1264.88
1430030296	586	535.951	1246.83
1430116732	581	535.668	1254.65
1430203169	592	539.792	1262.47
1430289605	543	540.061	1259.56
1430376042	528	508.317	1184.22
1430462478	632	560.844	1296.28
1430548914	586	560.808	1285.81
1430635351	584	553.704	1272.57
1430721787	592	542.926	1255.27
1430808223	553	548.856	1270.14
1430894660	592	549.128	1287.93
1430981096	602	559.062	1296.16
1431067532	612	565.286	1303.13
1431153969	645	567.887	1312.2
1431240405	576	555.22	1297.87
1431326842	551	554.566	1293.8
1431413278	599	548.423	1268.22
1431499714	588	560.562	1299.36
1431586151	570	558.631	1294.46
1431672587	602	562.043	1299.36
1431759023	628	538.089	1247.37
1431845460	564	523.022	1207.79
1431931896	541	515.755	1204.67
1432018333	582	534.219	1250.47
1432104769	553	529.201	1219.85
1432191205	554	550.945	1267.32
1432277642	494	550.492	1274.31
1432364078	541	556.615	1281.67
1432450514	598	552.833	1279.8
1432536951	572	546.339	1265.68
1432623387	601	548.716	1273.18
1432709823	564	543.174	1266.66
1432796260	644	548.649	1271.33
1432882696	591	554.956	1277.46
1432969133	581	556.833	1284.25
1433055569	537	553.49	1278.71
1433142005	606	542.813	1254.66
1433228442	617	553.049	1275.66
1433314878	417	463.249	1069.46
1433401314	609	540.022	1249.25
1433487751	604	556.871	1283.55
1433574187	606	563.247	1290.36
1433660623	523	554.923	1280.62
1433747060	597	560.954	1289.76
1433833496	611	561.244	1289.49
1433919933	595	551.955	1274.21
1434006369	615	544.742	1263.2
1434092805	613	543.655	1258.16
1434179242	331	317.157	731.306
1434265678	0	0	0
1434352114	92	92.6594	210.515
1434438551	529	528.353	1206.9
1434524987	593	547.576	1265.36
1434611423	255	273.014	639.656
1434697860	658	560.987	1298.9
1434784296	629	562.039	1295.52
1434870733	581	558.464	1294.91
1434957169	557	554.533	1293.69
1435043605	565	553.096	1292.33
1435130042	637	553.331	1276.47
1435216478	636	553.336	1272.64
1435302914	575	544.492	1268.75
1435389351	570	527.16	1225.66
1435475787	570	548.015	1267.86
1435562223	588	551.262	1270.36
1435648660	572	548.707	1273.35
1435735096	560	550.535	1274.84
1435821533	574	560.103	1291.83
1435907969	542	550.349	1279.49
1435994405	568	554.307	1280.09
1436080842	630	559.907	1272.48
1436167278	584	553.707	1272.6
1436253714	557	549.645	1273.5
1436340151	554	502.836	1151.12
1436426587	496	490.126	1129.9
1436513024	548	553.229	1277.85
1436599460	580	554.21	1272.32
1436685896	523	544.058	1229.51
1436772333	553	540.19	1228.01
1436858769	567	533.496	1229.48
1436945205	582	550.584	1272.25
1437031642	576	549.548	1275.69
1437118078	568	551.421	1271.63
1437204514	596	553.713	1274.14
1437290951	568	532.416	1221.08
1437377387	535	543.151	1269.41
1437463824	536	543.424	1262.2
1437550260	625	539.943	1249.96
1437636696	569	542.636	1262.92
1437723133	547	541.442	1261.23
1437809569	574	541.656	1249.45
1437896005	624	521.074	1188.19
1437982442	479	452.455	1038.62
1438068878	536	547.302	1256.96
1438155314	594	542.45	1255.62
1438241751	597	544.631	1252.14
1438328187	561	541.53	1246.35
1438414624	515	539.012	1236.39
1438501060	504	517.593	1176
1438587496	518	513.983	1195.02
1438673933	553	529.985	1222.15
1438760369	565	536.887	1224.99
1438846805	546	565.1	1221.24
1438933242	565	519.422	1178.31
1439019678	435	405.294	930.3
1439106114	359	328.998	769.306
1439192551	177	148.551	341.644
1439278987	0	0	0
1439365424	167	180.378	391.824
1439451860	350	347.867	816.496
1439538296	468	444.757	1025.31
1439624733	536	520.581	1197.15
1439711169	460	469.66	1097.39
1439797605	451	452.688	1063.71
1439884042	497	484.038	1107.61
1439970478	492	514.762	1199.94
1440056915	524	510.609	1191.48
1440143351	566	524.685	1201.29
1440229787	513	527.032	1206.11
1440316224	469	516.697	1202.79
1440402660	533	518.244	1197.66
1440489096	553	518.307	1187.38
1440575533	515	521.516	1200
1440661969	539	493.453	1146.52
1440748405	546	523.287	1206.05
1440834842	470	478.56	1106.35
1440921278	363	362.047	845.681
1441007715	306	329.114	762.043
1441094151	358	382.595	902.762
1441180587	535	483.352	1126.94
1441267024	490	506.626	1189.79
1441353460	520	507.658	1189.08
1441439896	516	482.593	1147.32
1441526333	468	441.708	994.91
1441612769	110	91.2949	224.822
1441699205	51	83.3759	191.076
1441785642	162	172.202	386.926
1441872078	493	515.003	1184.41
1441958515	535	516.419	1200.52
1442044951	542	513.397	1195.19
1442131387	535	514.654	1198.62
1442217824	524	516.788	1189.29
1442304260	540	523.816	1198.52
1442390696	547	518.873	1191.04
1442477133	529	517.845	1188.98
1442563569	551	513.673	1189.59
1442650005	540	514.02	1193.04
1442736442	563	517.465	1194.38
1442822878	427	421.365	976.69
1442909315	20	21.0538	44.25
1442995751	489	491.589	1131.67
1443082187	410	385.039	885.828
1443168624	494	516.109	1196.71
1443255060	563	527.65	1220.89
1443341496	540	529.728	1226.37
1443427933	549	533.063	1225.45
1443514369	516	530.86	1226.21
1443600805	548	539.731	1241.37
1443687242	513	474.844	1087.05
1443773678	474	465.358	1082.98
1443860115	323	288.901	672.954
1443946551	222	221.222	509.599
1444032987	252	228.051	525.494
1444119424	212	229.376	528.995
1444205860	493	471.672	1089.63
1444292296	476	481.644	1117.26
1444378733	474	473.029	1105.54
1444465169	411	399.155	938.108
1444551606	361	392.168	922.284
1444638042	453	475.188	1100.07
1444724478	475	468.295	1066.91
1444810915	384	363.07	825.628
1444897351	551	547.046	1256.43
1444983787	551	545.618	1268.96
1445070224	530	544.259	1274.96
1445156660	577	550.811	1278.16
1445243096	563	555.353	1275.36
1445329533	535	529.067	1208.78
1445415969	479	481.395	1117.22
1445502406	565	557.323	1293.4
1445588842	553	555.954	1298.19
1445675278	557	495.335	1148.91
1445761715	538	516.096	1195.92
1445848151	527	540.654	1256.18
1445934587	563	547.023	1274.39
1446021024	565	493.322	1142.26
1446107460	573	535.557	1251.4
1446193896	464	462.757	1064.42
1446280333	513	487.435	1151.25
1446366769	439	419.627	978.24
1446453206	433	424.647	986.43
1446539642	291	272.548	623.955
1446626078	524	517.966	1234.11
1446712515	573	531.087	1247.64
1446798951	549	532.577	1246.86
1446885387	604	544.53	1264.23
1446971824	494	451.368	1046.85
1447058260	547	536.064	1216.14
1447144696	497	477.788	1138.64
1447231133	550	541.698	1265.63
1447317569	561	523.297	1207.16
1447404006	568	544.047	1262.61
1447490442	599	545.881	1264.48
1447576878	589	546.558	1259.46
1447663315	522	522.877	1204.4
1447749751	457	515.057	1130.6
1447836187	566	546.439	1253.01
1447922624	524	542.029	1247.91
1448009060	620	544.566	1260.97
1448095497	567	550.265	1261.47
1448181933	559	548.352	1267.18
1448268369	415	453.717	1048.58
1448354806	574	551.727	1263.69
1448441242	580	548.276	1261.43
1448527678	407	385.631	891.941
1448614115	550	544.525	1265.27
1448700551	460	437.181	1041.67
1448786987	506	468.151	1079.77
1448873424	450	412.304	960.512
1448959860	393	364.838	861.901
1449046297	458	448.221	1029
1449132733	527	526.127	1220.04
1449219169	529	523.169	1218.3
1449305606	434	407.046	958.325
1449392042	566	518.707	1213.68
1449478478	544	523.43	1219.02
1449564915	434	430.218	987.233
1449651351	481	498.382	1159.84
1449737787	529	517.541	1203.88
1449824224	395	412.41	953.675
1449910660	517	520.544	1197.13
1449997097	540	515.872	1184.27
1450083533	509	516.654	1191.23
1450169969	239	233.527	543.953
1450256406	536	522.44	1204.77
1450342842	538	529.067	1218.29
1450429278	531	533.079	1240.27
1450515715	561	533.127	1242.08
1450602151	539	527.873	1235.14
1450688587	504	498.887	1138.46
1450775024	496	483.252	1111.16
1450861460	513	489.221	1125.49
1450947897	540	519.693	1209.79
1451034333	517	487.278	1142.06
1451120769	468	475.371	1093.73
1451207206	516	512.833	1185.75
1451293642	541	516.178	1192.61
1451380078	25	17.8718	49.2549
1451466515	0	0	0
1451552951	0	0	0
1451639388	0	0	0
1451725824	0	0	0
1451812260	0	0	0
1451898697	102	99.2072	226.742
1451985133	441	425.061	996.492
1452071569	508	477.968	1128.4
1452158006	277	270.519	630.766
1452244442	357	389.802	907.204
1452330878	399	380.811	891.367
1452417315	456	474.81	1105.36
1452503751	491	483.58	1122.87
1452590188	492	492.496	1140.18
1452676624	439	491.181	1148.02
1452763060	554	505.826	1174.99
1452849497	491	507.697	1183.44
1452935933	243	252.53	586.917
1453022369	503	506.509	1181.57
1453108806	541	501.835	1176.63
1453195242	526	505.757	1180.56
1453281678	464	482.041	1127.79
1453368115	480	480.695	1123.82
1453454551	524	498.978	1161.37
1453540988	527	490.128	1146.78
1453627424	267	234.346	537.536
1453713860	390	384.516	889.455
1453800297	497	435.754	1012.27
1453886733	446	395.799	920.313
1453973169	411	434.797	1010.37
1454059606	450	431.875	1006.1
1454146042	156	147.982	346.131
1454232478	429	436.218	1027.82
1454318915	450	443.337	1048.98
1454405351	384	369.432	857.274
1454491788	462	457.459	1068.25
1454578224	455	457.381	1060.79
1454664660	462	462.911	1068.61
1454751097	314	313.785	734.559
1454837533	368	386.239	914.499
1454923969	465	463.837	1078.93
1455010406	512	461.37	1080.62
1455096842	425	379.298	876.833
1455183278	404	410.193	966.026
1455269715	442	474.527	1099.65
1455356151	478	480.458	1112.88
1455442588	465	468.139	1087.66
1455529024	485	478.88	1111.93
1455615460	468	473.844	1088.83
1455701897	501	487.421	1123
1455788333	527	490.812	1137.94
1455874769	465	475.143	1111.76
1455961206	531	495.27	1153.92
1456047642	224	228.097	526.021
1456134079	451	454.943	1041.92
1456220515	503	463.559	1102.31
1456306951	500	464.188	1082.71
1456393388	554	498.494	1155.59
1456479824	530	526.27	1212.6
1456566260	496	520.516	1207.46
1456652697	274	275.408	593.96
1456739133	509	500.353	1169.74
1456825569	498	490.513	1152.88
1456912006	495	508.889	1192.42
1456998442	287	255.513	595.877
1457084879	539	490.489	1145.04
1457171315	245	225.271	527.905
1457257751	445	463.89	1089.96
1457344188	452	442.866	1024.6
1457430624	492	502.42	1173.21
1457517060	518	507.613	1187.42
1457603497	509	507.299	1194.54
1457689933	486	491.465	1151.44
1457776369	480	505.974	1190.11
1457862806	560	505.842	1186.05
1457949242	543	489.89	1144.29
1458035679	509	474.881	1110.45
1458122115	528	505.507	1182.22
1458208551	467	513.787	1187.32
1458294988	494	386.557	917.367
1458381424	576	237.51	556.844
1458467860	495	0	12.6396
1458554297	547	275.697	626.566
1458640733	561	239.347	565.465
1458727169	577	231.988	530.046
1458813606	496	512.943	1207.18
1458900042	502	172.163	426.865
1458986479	514	201.756	468.463
1459072915	542	230.414	538.735
1459159351	544	228.692	538.717
1459245788	529	238.21	538.724
1459332224	275	255.241	592.594
1459418660	374	362.756	845.394
1459505097	549	492.991	1158.8
1459591533	529	208.159	483.333
1459677970	464	172.556	387.855
1459764406	537	403.315	940.16
1459850842	495	516.092	1205.11
1459937279	545	527.233	1216.18
1460023715	575	517.318	1196.26
1460110151	416	430.118	1001.77
1460196588	505	495.053	1154.88
1460283024	550	515.74	1210.23
1460369460	536	508.834	1196.39
1460455897	534	506.854	1185.7
1460542333	565	509.564	1177.82
1460628770	544	511.397	1177.86
1460715206	515	514.991	1176.82
1460801642	562	510.778	1175.86
1460888079	512	493.045	1144.42
1460974515	435	394.314	916.77
1461060951	396	380.968	880.406
1461147388	551	510.99	1173.98
1461233824	523	514.693	1193.86
1461320260	588	526.031	1209.63
1461406697	544	525.913	1200.14
1461493133	551	518.756	1191.4
1461579570	214	246.836	578.114
1461666006	214	216.131	507.47
1461752442	277	249.833	584.447
1461838879	504	505.566	1174.95
1461925315	519	498.761	1171.61
1462011751	541	489.843	1143.25
1462098188	511	493.148	1137.16
1462184624	484	481.445	1126.55
1462271060	459	431.871	1012.61
1462357497	403	399.928	930.337
1462443933	508	495.093	1154.28
1462530370	467	442.961	1033.34
1462616806	395	367.854	856.924
1462703242	372	389.093	902.159
1462789679	378	378.292	878.936
1462876115	340	322.432	750.528
1462962551	0	0	0
1463048988	0	0	0
1463135424	0	0	0
1463221860	0	0	0
1463308297	0	0	0
1463394733	0	0	0
1463481170	0	0	0
1463567606	0	0	0
1463654042	0	0	0
1463740479	0	0	0
1463826915	0	0	0
1463913351	123	104.399	249.035
1463999788	391	134.924	313.839
1464086224	385	151.073	349.508
1464172661	462	198.674	476.057
1464259097	418	428.383	1009.38
1464345533	449	425.73	999.66
1464431970	438	268.854	622.906
1464518406	472	136.916	315.582
1464604842	337	136.428	315.258
1464691279	430	144.522	332.092
1464777715	452	168.867	405.444
1464864151	454	236.195	547.577
1464950588	501	416.506	942.238
1465037024	479	154.568	371.451
1465123461	403	290.218	665.147
1465209897	507	170.573	401.664
1465296333	499	178.072	429.242
1465382770	471	235.838	551.553
1465469206	471	166.786	389.339
1465555642	451	337.66	816.297
1465642079	533	485.574	1095.93
1465728515	505	470.611	1097.82
1465814951	499	474.751	1099.42
1465901388	520	470.686	1098.18
1465987824	471	461.253	1085.17
1466074261	474	469.268	1103.7
1466160697	482	475.164	1111.13
1466247133	518	475.267	1110.47
1466333570	510	471.661	1106.04
1466420006	467	471.41	1101.92
1466506442	495	470.485	1098.49
1466592879	475	474.952	1101.3
1466679315	507	473.538	1094.66
1466765751	462	457.905	1065.7
1466852188	489	450.019	1056.48
1466938624	468	448.224	1053.9
1467025061	274	232.712	564.402
1467111497	244	219.551	488.286
1467197933	498	463.923	1065.13
1467284370	490	473.604	1101.79
1467370806	477	482.039	1118.2
1467457242	498	476.276	1104.03
1467543679	480	475.267	1101.72
1467630115	476	464.961	1080.54
1467716552	509	485.47	1127.97
1467802988	549	491.064	1143.16
1467889424	501	492.535	1141.85
1467975861	558	495.703	1141.69
1468062297	556	497.19	1143.24
1468148733	481	499.232	1141.89
1468235170	386	400.654	918.958
1468321606	423	418.198	957.944
1468408042	481	489.986	1112.25
1468494479	531	507.172	1163.92
1468580915	473	489.185	1132.66
1468667352	522	497.757	1160.13
1468753788	515	500.849	1157.02
1468840224	519	497.86	1160.61
1468926661	539	501.233	1164.35
1469013097	582	510.207	1182.29
1469099533	537	510.307	1186.79
1469185970	576	515.769	1190.18
1469272406	547	515.981	1189.9
1469358842	517	509.709	1174.64
1469445279	558	503.559	1161.44
1469531715	502	490.434	1143.18
1469618152	508	501.065	1163.86
1469704588	517	500.916	1158.2
1469791024	520	503.361	1158.24
1469877461	527	503.027	1153.34
1469963897	540	498.251	1152.35
1470050333	518	487.197	1140.32
1470136770	602	496.121	1154.92
1470223206	557	501.778	1157.66
1470309642	533	502.288	1156.89
1470396079	506	496.212	1145.02
1470482515	548	496.792	1155.59
1470568952	517	497.994	1157.92
1470655388	532	495.627	1156.31
1470741824	545	490.924	1149.99
1470828261	539	490.539	1142.97
1470914697	534	498.176	1151.9
1471001133	553	498.436	1153.71
1471087570	495	499.983	1154.06
1471174006	544	495.099	1140.95
1471260442	505	495.572	1140.22
1471346879	497	499.368	1141.98
1471433315	431	435.608	1006.3
1471519752	418	415.183	964.328
1471606188	502	493.044	1141.14
1471692624	504	485.677	1140.61
1471779061	515	483.653	1137.55
1471865497	512	482.338	1124.41
1471951933	528	475.877	1102.82
1472038370	568	481.216	1108.99
1472124806	503	478.678	1103.96
1472211243	471	472.207	1087.9
1472297679	475	473.1	1095.92
1472384115	490	470.054	1095.3
1472470552	509	466.35	1093.35
1472556988	520	470.834	1091.64
1472643424	459	469.96	1086.95
1472729861	491	459.004	1075.1
1472816297	441	463.685	1095.63
1472902733	436	461.727	1097.14
1472989170	411	463.317	1094.76
1473075606	469	465.113	1094.21
1473162043	500	467.769	1093.05
1473248479	485	470.585	1094.73
1473334915	502	472.645	1098.88
1473421352	520	472.287	1097.93
1473507788	508	469.471	1093.84
1473594224	479	470.694	1090.57
1473680661	470	466.596	1068.25
1473767097	278	290.472	676.771
1473853533	374	349.23	821.646
1473939970	488	463.215	1075.47
1474026406	474	467.162	1081.77
1474112843	466	468.41	1081.5
1474199279	439	459.403	1082.01
1474285715	479	460.002	1080.46
1474372152	541	464.09	1079.34
1474458588	472	460.429	1067.17
1474545024	463	477.68	1073.94
1474631461	449	450.256	1066.76
1474717897	472	453.858	1065.57
1474804333	484	457.797	1063.86
1474890770	461	457.139	1059.46
1474977206	470	458.354	1064.16
1475063643	437	441.347	1033.81
1475150079	466	440.597	1023.8
1475236515	469	440.069	1020.95
1475322952	455	439.827	1023.38
1475409388	455	434.76	1017.05
1475495824	452	440.068	1022.83
1475582261	421	441.066	1025.64
1475668697	385	420.439	986.846
1475755134	465	443.739	1025.18
1475841570	457	441.442	1022.95
1475928006	469	439.406	1017.45
1476014443	444	437.404	1016.04
1476100879	442	438.932	1017.97
1476187315	455	442.261	1020.98
1476273752	460	442.945	1018.11
1476360188	433	441.22	1017.96
1476446624	413	438.099	1009.85
1476533061	299	309.719	711.11
1476619497	412	406.428	927.581
1476705934	374	394.414	916.73
1476792370	283	275.191	635.485
1476878806	276	270.751	632.313
1476965243	400	406.211	943.747
1477051679	454	453.731	1053.51
1477138115	367	361.488	833.404
1477224552	378	352.49	816.118
1477310988	397	452.302	1052.55
1477397424	402	449.325	1051.13
1477483861	477	446.348	1048.03
1477570297	216	211.016	509.773
1477656734	276	234.883	535.446
1477743170	432	451.883	1049.15
1477829606	384	376.878	873.106
1477916043	443	456.558	1048.49
1478002479	443	449.715	1036.9
1478088915	431	445.562	1035.98
1478175352	417	438.932	1027.49
1478261788	446	435.905	1024.37
1478348224	454	438.142	1022.74
1478434661	441	440.185	1022.69
1478521097	474	438.52	1026.11
1478607534	462	438.496	1018.42
1478693970	407	435.679	1012.29
1478780406	457	435.655	1009.06
1478866843	473	435.676	1012.93
1478953279	440	440.089	1017.64
1479039715	435	443.597	1023.06
1479126152	431	443.586	1021.84
1479212588	462	436.909	1006.29
1479299025	407	431.336	1004.38
1479385461	458	425.437	1001.25
1479471897	437	427.397	994.116
1479558334	388	386.948	895.313
1479644770	109	99.4996	230.241
1479731206	216	211.742	497.89
1479817643	433	417.122	971.553
1479904079	368	367.703	852.621
1479990515	298	296.919	688.278
1480076952	266	241.145	556.935
1480163388	457	433.613	1001.33
1480249825	49	43.3497	97.3569
1480336261	0	0	0
1480422697	216	192.765	456.006
1480509134	456	428.27	997.542
1480595570	439	412.033	958.416
1480682006	447	423.765	985.949
1480768443	458	426.209	997.522
1480854879	295	298.413	687.198
1480941315	481	441.336	1018.27
1481027752	442	440.313	1021.31
1481114188	399	415.927	957.296
1481200625	447	435.954	1025.76
1481287061	490	450.269	1043.01
1481373497	481	449.979	1044.91
1481459934	437	447.443	1040.91
1481546370	439	448.727	1033.52
1481632806	455	444.758	1035.59
1481719243	431	446.23	1044.54
1481805679	454	449.459	1047
1481892115	481	453.78	1053.69
1481978552	431	448.714	1029.87
1482064988	464	447.241	1052.52
1482151425	466	456.568	1060.38
1482237861	441	418.315	966.888
1482324297	478	458.955	1059.89
1482410734	477	458.024	1064.41
1482497170	468	469.074	1087.83
1482583606	389	410.824	944.317
1482670043	421	438.496	1006.62
1482756479	499	469.812	1085.59
1482842915	478	444.659	1037.18
1482929352	442	426.665	998.036
1483015788	526	484.425	1124.56
1483102225	507	487.522	1129.72
1483188661	525	487.979	1124.71
1483275097	426	456.83	1068.82
1483361534	513	473.881	1101.15
1483447970	484	505.574	1119.42
1483534406	472	492.191	1134.96
1483620843	529	497.013	1154.88
1483707279	514	502.436	1165.38
1483793716	521	504.853	1171.27
1483880152	423	428.108	1015.53
1483966588	269	287.557	639.306
1484053025	513	509.816	1183.85
1484139461	513	511.037	1191.57
1484225897	517	510.126	1188.1
1484312334	540	513.08	1196.22
1484398770	494	449.456	1040.31
1484485206	337	377.702	878.664
1484571643	495	508.589	1182.33
1484658079	496	512.328	1193.02
1484744516	505	511.602	1193.07
1484830952	530	507.019	1186.91
1484917388	512	484.965	1138.48
1485003825	434	436.544	1024.78
1485090261	530	498.626	1165.42
1485176697	499	451.233	1054.26
1485263134	437	432.372	1010.44
1485349570	509	501.025	1179.14
1485436006	518	483.285	1145.56
1485522443	522	505.798	1189.56
1485608879	537	510.84	1192.68
1485695316	558	515.034	1194.15
1485781752	552	511.964	1190.25
1485868188	399	404.451	943.128
1485954625	509	463.996	1080.96
1486041061	473	483.772	1117.97
1486127497	428	442.42	1019.88
1486213934	257	265.49	616.356
1486300370	547	491.737	1146.95
1486386806	470	495.687	1151.26
1486473243	475	451.648	1045.13
1486559679	455	457.778	1058.94
1486646116	492	488.628	1144.84
1486732552	458	444.31	1031.6
1486818988	501	500.293	1166.73
1486905425	417	412.965	966.033
1486991861	442	427.811	1001.9
1487078297	334	368.161	859.788
1487164734	330	343.86	805.301
1487251170	398	396.535	920.601
1487337607	471	454.313	1045.77
1487424043	509	491.385	1138.57
1487510479	521	487.576	1137.3
1487596916	504	490.247	1148.63
1487683352	495	468.104	1099.59
1487769788	493	485.24	1137.89
1487856225	499	488.73	1142.82
1487942661	405	376.327	879.574
1488029097	327	319.923	750.012
1488115534	260	263.789	614.635
1488201970	247	262.039	611.118
1488288407	270	263.567	612.083
1488374843	306	295.269	678.819
1488461279	486	485.494	1116.96
1488547716	487	482.565	1125
1488634152	466	485.913	1126.49
1488720588	515	484.789	1124.6
1488807025	497	465.4	1083.48
1488893461	488	476.219	1107.37
1488979897	505	478.273	1098.57
1489066334	455	479.877	1106.47
1489152770	483	473.462	1098.4
1489239207	500	477.183	1104.27
1489325643	482	473.988	1110.49
1489412079	525	480.89	1118.44
1489498516	481	465.018	1075.75
1489584952	481	477.636	1112.9
1489671388	492	472.368	1112.71
1489757825	492	478.171	1121.08
1489844261	507	478.135	1116.23
1489930697	448	394.176	920.506
1490017134	489	467.797	1098.09
1490103570	399	394.25	916.849
1490190007	259	243.178	580.097
1490276443	329	327.886	779.318
1490362879	361	319.569	743.534
1490449316	469	464.552	1074.64
1490535752	400	442.829	1026.49
1490622188	480	452.778	1055.02
1490708625	496	479.455	1120.63
1490795061	496	483.738	1122.41
1490881497	484	485.073	1127.09
1490967934	320	342.508	801.738
1491054370	352	354.512	825.274
1491140807	340	322.795	750.972
1491227243	404	420.244	975.789
1491313679	472	478.724	1105.5
1491400116	507	476.042	1106.97
1491486552	456	454.214	1047.04
1491572988	459	478.367	1097.02
1491659425	479	477.144	1104.72
1491745861	453	474.089	1104.42
1491832298	458	447.096	1023.95
1491918734	271	259.204	623.476
1492005170	454	443.86	1038.72
1492091607	477	431.143	1004.7
1492178043	481	472	1096.32
1492264479	468	446.17	1045
1492350916	447	479.013	1081.83
1492437352	442	453.168	1060.23
1492523788	452	446.329	1040.36
1492610225	504	449.709	1041.82
1492696661	475	450.105	1041.32
1492783098	490	453.554	1054.99
1492869534	467	450.643	1049.34
1492955970	432	410.775	952.806
1493042407	367	413.548	955.244
1493128843	473	454.008	1045.55
1493215279	483	460.697	1069.92
1493301716	535	470.205	1091.38
1493388152	430	395.234	922.938
1493474588	505	463.91	1083.77
1493561025	561	468.036	1091.79
1493647461	480	466.365	1080.39
1493733898	499	466.662	1079.57
1493820334	468	466.66	1093.72
1493906770	490	473.975	1095.3
1493993207	550	480.631	1106.89
1494079643	512	492.619	1124.91
1494166079	450	405.527	931.208
1494252516	480	479.454	1115.88
1494338952	472	478.379	1116.47
1494425388	492	483.385	1122.93
1494511825	491	483.561	1111.78
1494598261	466	479.558	1104.07
1494684698	485	480.859	1111.9
1494771134	494	480.988	1109.72
1494857570	534	477.812	1113.09
1494944007	496	490.321	1129.25
1495030443	432	393.425	898.976
1495116879	392	377.608	870.736
1495203316	490	479.554	1103.83
1495289752	523	497.091	1143.86
1495376189	527	499.926	1148.73
1495462625	479	497.192	1145.36
1495549061	497	496.157	1144.01
1495635498	544	496.102	1138.74
1495721934	490	492.996	1138.64
1495808370	481	487.208	1137.34
1495894807	478	489.154	1146.6
1495981243	521	492.364	1143.54
1496067679	468	455.183	1061.76
1496154116	524	489.297	1145.24
1496240552	466	443.246	1041.93
1496326989	319	312.633	723.003
1496413425	578	508.598	1170.35
1496499861	522	510.551	1172.76
1496586298	489	503.447	1162.43
1496672734	513	494.753	1143.15
1496759170	495	493.241	1134.03
1496845607	454	457.399	1041.19
1496932043	532	502.872	1168.32
1497018479	506	504.877	1178.9
1497104916	550	506.214	1170.7
1497191352	474	501.847	1163.35
1497277789	573	504.629	1158.8
1497364225	552	503.936	1161.21
1497450661	573	504.234	1158.83
1497537098	510	506.771	1159.13
1497623534	496	513.196	1164.83
1497709970	543	510.706	1166.41
1497796407	510	500.207	1167.24
1497882843	525	501.542	1166.67
1497969279	566	507.887	1169.24
1498055716	500	478.613	1094.59
1498142152	291	325.743	740.78
1498228589	335	320.532	735.125
1498315025	356	323.135	740.749
1498401461	321	322.264	735.549
1498487898	329	330.542	757.814
1498574334	0	0	0
1498660770	13	52.7295	126.369
1498747207	495	493.039	1146.6
1498833643	488	502.895	1178.99
1498920079	510	512.883	1199.47
1499006516	584	513.824	1192.06
1499092952	569	520.79	1193.43
1499179389	511	518.968	1192.47
1499265825	549	517.286	1195.57
1499352261	511	511.357	1190.8
1499438698	510	508.215	1185.17
1499525134	525	509.93	1184.81
1499611570	521	508.701	1182.65
1499698007	526	507.169	1183.62
1499784443	533	512.016	1180.06
1499870880	580	516.049	1180.33
1499957316	495	514.326	1182.61
1500043752	518	514.253	1181.01
1500130189	485	514.257	1175.84
1500216625	490	500.026	1170.36
1500303061	548	498.07	1169.24
1500389498	546	499.385	1167.51
1500475934	536	501.445	1168.7
1500562370	522	501.818	1165.99
1500648807	574	501.81	1166.52
1500735243	506	502.663	1147.8
1500821680	469	502.941	1156.85
1500908116	509	495.702	1151.4
1500994552	522	495.772	1150.25
1501080989	506	494.077	1146.9
1501167425	507	500.408	1149.51
1501253861	547	500.981	1152.38
1501340298	499	515.43	1154.88
1501426734	464	490.11	1153.47
1501513170	484	494.097	1143.94
1501599607	536	493.572	1144.15
1501686043	535	485.291	1136.43
1501772480	484	415.962	970.492
1501858916	489	488.274	1133.09
1501945352	523	493.856	1134.13
1502031789	83	74.3108	173.492
1502118225	433	403.429	949.106
1502204661	147	153.78	330.603
1502291098	532	506.896	1158.14
1502377534	520	504.112	1154.86
1502463970	489	503.431	1154.24
1502550407	525	499.474	1153.63
1502636843	483	486.53	1116.4
1502723280	490	489.031	1126.32
1502809716	456	492.659	1142.56
1502896152	577	495.74	1153.57
1502982589	532	508.241	1173.44
1503069025	505	500.147	1140.35
1503155461	489	487.939	1127.26
1503241898	487	482.867	1128.96
1503328334	507	488.887	1128.86
1503414771	474	485.342	1101.6
1503501207	368	358.971	827.142
1503587643	359	337.059	764.985
1503674080	421	425.1	979.249
1503760516	500	478.914	1105.68
1503846952	549	481.54	1102.51
1503933389	465	477.344	1096.53
1504019825	455	449.147	1043.21
1504106261	491	472.782	1101.6
1504192698	517	483.328	1110.78
1504279134	500	485.023	1111.99
1504365571	410	416.634	968.982
1504452007	358	360.952	836.871
1504538443	471	473.335	1110.27
1504624880	558	490.258	1135.4
1504711316	498	496.21	1144.08
1504797752	528	501.373	1157.33
1504884189	528	507.093	1164.6
1504970625	500	507.834	1173.1
1505057061	535	506.455	1168.82
1505143498	488	497.1	1152.88
1505229934	480	505.019	1176.13
1505316371	558	513.179	1188.22
1505402807	474	499.383	1163.26
1505489243	485	500.123	1181.38
1505575680	508	496.554	1166.74
1505662116	514	507.034	1180.27
1505748552	529	507.519	1173.9
1505834989	526	473.789	1088.21
1505921425	520	493.337	1152.85
1506007861	503	497.967	1166.91
1506094298	511	494.512	1155.9
1506180734	495	486.91	1133.67
1506267171	472	503.967	1168.64
1506353607	568	499.68	1168.67
1506440043	521	502.674	1172.55
1506526480	491	503.909	1176.48
1506612916	479	475.972	1105.92
1506699352	562	509.512	1174.93
1506785789	503	506.639	1154.09
1506872225	510	523.384	1199.08
1506958662	525	526.187	1208.64
1507045098	571	535.914	1230.83
1507131534	560	555.006	1252.82
1507217971	548	551.486	1258.11
1507304407	535	535.304	1248
1507390843	433	402.547	930.264
1507477280	501	497.983	1154.14
1507563716	506	495.579	1145.66
1507650152	514	503.021	1160.92
1507736589	511	538.91	1252.53
1507823025	404	411.387	960.319
1507909462	475	443.725	1035.79
1507995898	571	518.001	1215.42
1508082334	396	388.044	890.292
1508168771	156	163.071	384.541
1508255207	539	535.054	1234.18
1508341643	542	534.926	1237.14
1508428080	560	533.831	1236.97
1508514516	564	542.109	1247.04
1508600952	556	532.134	1245.94
1508687389	570	532.712	1240.13
1508773825	544	536.212	1239.61
1508860262	567	533.504	1236.01
1508946698	562	537.094	1243.02
1509033134	563	536.211	1239.27
1509119571	544	536.901	1241.68
1509206007	597	544.508	1240.98
1509292443	543	538.578	1239.09
1509378880	538	540.079	1249.36
1509465316	562	546.336	1261.64
1509551752	568	553.076	1269.83
1509638189	560	552.491	1269.02
1509724625	584	558.218	1288.04
1509811062	560	559.483	1294.46
1509897498	560	556.454	1291.22
1509983934	538	526.852	1227.94
1510070371	440	439.738	1019.33
1510156807	562	532.277	1235.48
1510243243	577	580.191	1294.83
1510329680	544	554.484	1292
1510416116	575	550.549	1280.93
1510502552	573	546.955	1268.08
1510588989	477	489.849	1138.73
1510675425	555	537.017	1235.46
1510761862	533	545.298	1259.47
1510848298	555	543.441	1258.42
1510934734	557	545.68	1261.16
1511021171	564	538.204	1247.8
1511107607	476	504.752	1164.95
1511194043	510	529.563	1221.72
1511280480	529	543.465	1266.48
1511366916	547	548.011	1268.84
1511453353	534	546.485	1263.54
1511539789	527	540.726	1257.68
1511626225	550	538.686	1257.12
1511712662	567	543.73	1259.54
1511799098	520	538.482	1262.88
1511885534	552	535.785	1244.32
1511971971	556	541.919	1259.85
1512058407	545	549.659	1273.06
1512144843	436	476.322	1110.93
1512231280	409	392.8	921.047
1512317716	323	304.267	710.316
1512404153	437	454.432	1056.21
1512490589	495	499.04	1158.82
1512577025	541	549.287	1278.66
1512663462	409	389.933	922.353
1512749898	372	338.976	783.924
1512836334	367	365.072	834.281
1512922771	522	518.542	1212.5
1513009207	581	531.932	1239.27
1513095643	497	505.727	1169.69
1513182080	542	536.949	1252.29
1513268516	534	538.645	1258.06
1513354953	560	533.091	1235.19
1513441389	472	437.316	1014.73
1513527825	446	444.706	1027.78
1513614262	584	546.761	1269.79
1513700698	587	528.403	1229.78
1513787134	533	554.627	1282.54
1513873571	580	549.92	1277.48
1513960007	564	548.21	1268.34
1514046443	556	550.56	1284.54
1514132880	602	551.236	1280.67
1514219316	498	502.1	1163.34
1514305753	426	430.99	1001.2
1514392189	549	543.27	1268.04
1514478625	523	522.72	1220.03
1514565062	595	549.078	1274.47
1514651498	488	490.297	1139.08
1514737934	317	337.154	784.39
1514824371	486	509.397	1185.64
1514910807	504	495.883	1151.31
1514997244	519	549.721	1270.59
1515083680	521	537.938	1237.42
1515170116	585	545.946	1269.52
1515256553	501	500.164	1173.38
1515342989	510	488.659	1145.44
1515429425	460	440.998	1029.76
1515515862	295	312.726	729.115
1515602298	403	399.595	934.116
1515688734	447	432.08	1009.63
1515775171	561	524.295	1217.7
1515861607	469	486.575	1136.79
1515948044	464	424.743	989.755
1516034480	554	503.417	1171.59
1516120916	441	443.247	1035.41
1516207353	546	507.768	1186.98
1516293789	534	529.218	1240.5
1516380225	565	527.084	1232.61
1516466662	542	531.918	1235.47
1516553098	506	476.57	1100.52
1516639534	372	375.94	868.105
1516725971	477	489.823	1132.26
1516812407	500	510.665	1192.77
1516898844	451	411.733	957.312
1516985280	503	527.105	1219.83
1517071716	502	519.386	1205.69
1517158153	555	501.966	1167.28
1517244589	496	445.618	1026.32
1517331025	487	478.434	1109.14
1517417462	501	514.607	1205.29
1517503898	442	413.265	968.75
1517590334	540	516.999	1206.71
1517676771	545	500.215	1163.39
1517763207	469	433.553	1014.91
1517849644	500	510.464	1193.19
1517936080	531	519.614	1204.98
1518022516	477	502.051	1166.57
1518108953	468	480.019	1109.19
1518195389	504	508.058	1178.76
1518281825	519	521.777	1215.13
1518368262	510	521.103	1228.38
1518454698	564	525.533	1229.13
1518541134	560	517.759	1209.26
1518627571	528	510.423	1192.72
1518714007	510	467.392	1088.9
1518800444	465	489.569	1146.13
1518886880	448	426.588	997.7
1518973316	455	467.905	1078.64
1519059753	379	400.601	927.633
1519146189	523	550.661	1229.85
1519232625	542	535.255	1252.1
1519319062	375	347.957	816.657
1519405498	446	429.002	1000.36
1519491935	432	391.929	919.132
1519578371	518	523.284	1226.68
1519664807	409	384.015	898.533
1519751244	323	340.07	792.428
1519837680	516	520.052	1214.27
1519924116	524	531.836	1243.64
1520010553	575	540.395	1262.6
1520096989	527	488.645	1137.81
1520183425	517	484.663	1126.23
1520269862	554	537.777	1261.84
1520356298	559	536.851	1256.68
1520442735	568	535.676	1245.39
1520529171	466	459.354	1062.7
1520615607	551	542.286	1250.89
1520702044	563	533.662	1235.73
1520788480	533	535.186	1242.98
1520874916	580	544.767	1254.76
1520961353	490	513.135	1185.92
1521047789	577	545.597	1255.73
1521134225	574	543.28	1255.72
1521220662	555	549.767	1261.32
1521307098	533	551.337	1265.15
1521393535	556	544.14	1261.18
1521479971	604	547.642	1267.5
1521566407	528	537.526	1257.03
1521652844	571	540.966	1248.48
1521739280	627	551.42	1264.89
1521825716	569	549.464	1266.47
1521912153	513	537.652	1259.47
1521998589	549	539.2	1258.66
1522085025	538	543.849	1264.38
1522171462	609	544.864	1265.06
1522257898	556	545.399	1268.76
1522344335	595	538.228	1258.11
1522430771	515	504.739	1177.19
1522517207	546	546.315	1274.06
1522603644	531	537.67	1260.31
1522690080	532	539.091	1256.02
1522776516	593	538.161	1249.91
1522862953	572	538.635	1245.69
1522949389	484	532.526	1238.14
1523035826	266	292.449	676.819
1523122262	522	526.116	1217.3
1523208698	510	521.099	1213.36
1523295135	513	525.891	1210.99
1523381571	526	524.052	1203.28
1523468007	484	524.286	1208.36
1523554444	496	511.421	1202.68
1523640880	451	404.407	945.354
1523727316	534	511.877	1200.22
1523813753	546	511.332	1198.25
1523900189	543	519.044	1206.27
1523986626	534	513.453	1200.3
1524073062	519	514.377	1199.5
1524159498	575	517.805	1204.52
1524245935	531	507.968	1181.64
1524332371	533	526.847	1221.17
1524418807	559	521.734	1212.06
1524505244	542	533.066	1245.44
1524591680	510	543.478	1267.47
1524678116	605	549.157	1279.55
1524764553	642	553.794	1274.18
1524850989	534	547.955	1274.15
1524937426	596	543.002	1262.63
1525023862	573	548.296	1272.84
1525110298	557	545.534	1273.54
1525196735	607	547.448	1271.14
1525283171	547	551.776	1279.66
1525369607	519	551.29	1277.7
1525456044	566	545.695	1271.66
1525542480	618	544.982	1272.58
1525628916	539	542.206	1264.92
1525715353	563	517.243	1205.16
1525801789	542	540.013	1256.22
1525888226	458	448.044	1041.39
1525974662	529	533.782	1244.95
1526061098	546	530.002	1234.93
1526147535	585	532.367	1231.63
1526233971	553	532.209	1221.99
1526320407	563	533.129	1227.19
1526406844	499	526.787	1226.42
1526493280	567	526.264	1220.52
1526579717	577	526.866	1214.53
1526666153	531	519.754	1213.84
1526752589	316	288.035	661.651
1526839026	544	500.019	1168.24
1526925462	527	515.861	1200.92
1527011898	528	508.836	1185.78
1527098335	568	520.811	1217.19
1527184771	570	533.279	1242.34
1527271207	573	532.006	1226.92
1527357644	544	528.788	1215.24
1527444080	563	539.288	1240.71
1527530517	537	538.605	1236.51
1527616953	483	528.202	1216.41
1527703389	514	523.132	1214.08
1527789826	504	512.28	1195.55
1527876262	544	516.276	1203.47
1527962698	269	288.116	654.798
1528049135	476	507.494	1156.1
1528135571	511	508.401	1185.98
1528222007	563	507.251	1168.51
1528308444	509	499.493	1158.93
1528394880	552	507.523	1170.14
1528481317	531	535.364	1224.96
1528567753	565	552.709	1245.5
1528654189	535	547.984	1242.64
1528740626	528	542.677	1243.98
1528827062	557	534.597	1243.14
1528913498	544	533.646	1245.76
1528999935	526	531.311	1242.59
1529086371	607	533.705	1248.17
1529172807	599	538.003	1257.46
1529259244	592	540.073	1262.69
1529345680	615	544.286	1261.18
1529432117	576	545.126	1261.27
1529518553	623	544.481	1261.76
1529604989	553	543.23	1261.9
1529691426	588	550.627	1263.18
1529777862	331	388.377	923.715
1529864298	429	423.093	953.326
1529950735	298	279.712	668.51
1530037171	526	528.903	1193.47
1530123607	519	529.916	1220.16
1530210044	284	274.798	633.47
1530296480	582	535.406	1232.26
1530382917	258	271.53	622.294
1530469353	537	535.238	1225.04
1530555789	433	434.172	1012.67
1530642226	537	522.786	1205.23
1530728662	544	522.649	1191.84
1530815098	536	515.943	1181.8
1530901535	518	511.156	1177.07
1530987971	478	494.454	1153.61
1531074408	467	482.956	1138.96
1531160844	516	482.941	1133.3
1531247280	551	492.875	1136.22
1531333717	565	510.537	1179.77
1531420153	498	516.178	1194.11
1531506589	539	512.14	1182.63
1531593026	543	521.472	1197.96
1531679462	521	514.581	1190.99
1531765898	557	516.355	1193.8
1531852335	530	519.145	1195.35
1531938771	506	512.681	1179.63
1532025208	494	500.433	1158.26
1532111644	517	501.267	1162.91
1532198080	538	512.664	1170.11
1532284517	551	501.604	1166.96
1532370953	498	495.084	1162.77
1532457389	479	501.128	1172.1
1532543826	536	504.267	1179.23
1532630262	526	508.098	1179.34
1532716698	550	522.627	1205.68
1532803135	558	525.018	1217.1
1532889571	554	528.236	1216.63
1532976008	538	522.545	1215.41
1533062444	537	530.408	1226.11
1533148880	568	532.303	1230.65
1533235317	560	536.649	1235.58
1533321753	559	537.76	1246.01
1533408189	484	457.024	1054.73
1533494626	446	435.784	1004.57
1533581062	526	487.129	1111.98
1533667498	510	530.776	1229.88
1533753935	586	536.108	1261.29
1533840371	605	546.365	1269
1533926808	616	551.22	1275.47
1534013244	596	554.129	1276.09
1534099680	529	554.305	1279.85
1534186117	536	551.602	1281
1534272553	592	547.833	1280.22
1534358989	613	553.664	1288.34
1534445426	666	559.082	1296.41
1534531862	614	559.137	1294.07
1534618299	497	552.128	1291.72
1534704735	557	546.46	1292.44
1534791171	600	552.682	1290.48
1534877608	618	557.328	1291.36
1534964044	633	566.363	1292.29
1535050480	553	561.098	1288.6
1535136917	578	551.877	1291.29
1535223353	578	550.445	1291.77
1535309789	351	324.097	743.133
1535396226	540	520.348	1215.69
1535482662	571	562.367	1295.53
1535569099	597	561.827	1296.29
1535655535	545	554.499	1288.75
1535741971	547	557.29	1297.65
1535828408	573	550.613	1286.03
1535914844	576	550.075	1282.16
1536001280	275	242.81	551.833
1536087717	474	438.34	1027.33
1536174153	593	564.704	1299.14
1536260589	552	558.38	1297.34
1536347026	554	550.129	1283.39
1536433462	570	553.822	1295.07
1536519899	516	550.555	1286.86
1536606335	599	552.673	1289.87
1536692771	562	555.777	1289.69
1536779208	547	551.785	1289.06
1536865644	558	551.881	1284.47
1536952080	608	577.196	1279.13
1537038517	502	533.13	1228.73
1537124953	394	377.405	883.752
1537211389	491	495.413	1125
1537297826	597	558.167	1278.88
1537384262	546	554.431	1272.44
1537470699	574	551.356	1269.51
1537557135	586	498.05	1148.2
1537643571	536	519.708	1188.02
1537730008	501	529.579	1225.8
1537816444	536	534.154	1237.54
1537902880	609	544.644	1256.84
1537989317	548	546.27	1264.3
1538075753	563	550.292	1266.71
1538162189	560	553.87	1263.91
1538248626	542	553.347	1263.52
1538335062	527	547.295	1256.61
1538421499	564	546.048	1264.67
1538507935	538	547.151	1267.99
1538594371	562	543.502	1267.83
1538680808	535	546.069	1280.74
1538767244	621	554.281	1288.15
1538853680	610	541.274	1250.39
1538940117	573	527.385	1208.68
1539026553	593	548.807	1263.18
1539112990	529	543.791	1261.11
1539199426	576	536.593	1252.55
1539285862	527	549.315	1271.7
1539372299	590	546.308	1269.34
1539458735	574	542.5	1266.88
1539545171	567	542.397	1259.87
1539631608	556	537.543	1234.05
1539718044	498	537.995	1230.53
1539804480	529	546.073	1256.94
1539890917	499	537.32	1257.25
1539977353	520	539.679	1259.52
1540063790	547	541.952	1258.2
1540150226	554	541.198	1256.27
1540236662	532	541.553	1261.43
1540323099	566	542.76	1263.93
1540409535	515	544.332	1264.53
1540495971	511	542.085	1263.55
1540582408	576	546.167	1271.46
1540668844	545	545.329	1266.18
1540755280	404	430.488	995.649
1540841717	567	549.29	1263.07
1540928153	527	495.624	1152.43
1541014590	511	514.516	1198.98
1541101026	568	553.586	1273.24
1541187462	536	557.687	1280.81
1541273899	527	549.1	1269.34
1541360335	583	541.484	1248.45
1541446771	527	518.882	1211.61
1541533208	504	536.623	1265.18
1541619644	552	551.72	1288.24
1541706080	557	542.974	1252.8
1541792517	571	550.485	1268.78
1541878953	517	487.638	1119.9
1541965390	513	553.164	1275.56
1542051826	521	548.976	1270.64
1542138262	556	547.351	1266.83
1542224699	580	546.272	1261.22
1542311135	516	547.786	1268.2
1542397571	542	549.828	1267.86
1542484008	532	547.748	1268.92
1542570444	577	545.764	1268.69
1542656881	556	535.699	1241.67
1542743317	522	525.727	1220.16
1542829753	533	510.727	1179.01
1542916190	501	519.652	1212.34
1543002626	541	526.288	1225.38
1543089062	547	534	1241.68
1543175499	539	537.47	1248.66
1543261935	492	488.653	1140.45
1543348371	444	460.582	1073.89
1543434808	516	534.179	1243.8
1543521244	540	527.714	1226.12
1543607681	480	472.168	1104.21
1543694117	486	519.429	1221.15
1543780553	583	528.114	1231.31
1543866990	526	520.343	1206.71
1543953426	453	427.345	995.534
1544039862	524	512.179	1199.82
1544126299	471	511.957	1208.32
1544212735	543	519.733	1217.89
1544299171	495	514.919	1190.92
1544385608	327	347.149	799.499
1544472044	431	424.092	993.167
1544558481	454	507.668	1184.12
1544644917	522	524.355	1217.22
1544731353	546	528.605	1212.87
1544817790	518	518.012	1203.27
1544904226	60	67.8849	145.823
1544990662	208	201.224	478.272
1545077099	499	496.256	1163.39
1545163535	525	505.273	1179.55
1545249971	558	504.648	1165.66
1545336408	512	497.012	1154.36
1545422844	495	498.264	1155.75
1545509281	496	479.724	1116.24
1545595717	245	242.736	555.987
1545682153	167	134.68	327.167
1545768590	271	280.859	637.54
1545855026	349	389.268	915.583
1545941462	433	470.744	1048.65
1546027899	486	471.529	1086.48
1546114335	524	490.792	1130.33
1546200771	549	499.748	1163.67
1546287208	540	498.524	1156.54
1546373644	500	498.474	1155.88
1546460081	494	497.682	1159.28
1546546517	544	472.167	1119.33
1546632953	503	488.824	1109.45
1546719390	537	481.472	1112.35
1546805826	532	514.273	1184.34
1546892262	542	523.185	1198.61
1546978699	520	537.762	1235.83
1547065135	527	543.255	1255.96
1547151572	553	546.157	1276.11
1547238008	547	548.815	1275.44
1547324444	544	517.49	1210.01
1547410881	510	539.097	1262.5
1547497317	543	541.433	1263.75
1547583753	571	540.807	1256.1
1547670190	568	532.64	1241.07
1547756626	531	527.11	1245.42
1547843062	550	528.201	1240.87
1547929499	599	527.445	1230.98
1548015935	559	527.68	1223.44
1548102372	478	519.141	1211.11
1548188808	496	510.92	1186.67
1548275244	497	462.03	1084.63
1548361681	581	521.876	1213.16
1548448117	508	520.86	1213.71
1548534553	569	520.901	1220.97
1548620990	481	464.083	1087.06
1548707426	512	513.466	1192.75
1548793862	498	518.144	1205.65
1548880299	538	517.884	1207.53
1548966735	549	518.826	1210.33
1549053172	457	447.973	1057.22
1549139608	541	494.186	1174.31
1549226044	518	513.943	1214.82
1549312481	513	510.296	1198.32
1549398917	557	514.443	1200.31
1549485353	497	450.284	1044.74
1549571790	476	510.128	1182.69
1549658226	527	509.919	1184.94
1549744662	485	484.139	1128.16
1549831099	506	515.839	1186.38
1549917535	503	507.196	1193.96
1550003972	508	505.615	1188.95
1550090408	511	509.888	1190.41
1550176844	535	509.006	1192.1
1550263281	534	506.197	1186.21
1550349717	487	509.204	1188.27
1550436153	503	462.321	1077.13
1550522590	543	500.364	1163.69
1550609026	513	501.822	1165.81
1550695463	550	507.611	1174.09
1550781899	517	505.637	1175.6
1550868335	525	504.411	1176.12
1550954772	500	509.455	1176.43
1551041208	504	507.171	1171.38
1551127644	494	503.812	1173.34
1551214081	516	508.665	1185.86
1551300517	562	501.244	1172.61
1551386953	548	501.795	1164.47
1551473390	490	502.674	1168.94
1551559826	534	506.066	1178.03
1551646263	505	488.24	1130.6
1551732699	503	503.134	1166.39
1551819135	491	499.953	1162.48
1551905572	555	505.014	1164.23
1551992008	499	500.324	1162.35
1552078444	467	489.402	1156.57
1552164881	477	490.053	1156.59
1552251317	483	495.877	1159.73
1552337753	536	496.903	1154.18
1552424190	509	493.128	1150.91
1552510626	556	505.411	1171.89
1552597063	502	508.778	1182.06
1552683499	514	509.885	1187.86
1552769935	453	461.57	1078.67
1552856372	424	422.186	977.698
1552942808	504	499.828	1158.58
1553029244	477	471.031	1109.08
1553115681	477	519.637	1216.78
1553202117	571	530.047	1231.08
1553288553	567	539.481	1256.09
1553374990	551	541.852	1265.09
1553461426	545	539.803	1265.47
1553547863	601	540.494	1266.18
1553634299	601	543.06	1275.56
1553720735	540	547.001	1280.8
1553807172	603	547.575	1279.88
1553893608	585	542.47	1262.09
1553980044	557	540.357	1260.72
1554066481	501	513.932	1203.47
1554152917	561	544.327	1268.3
1554239354	570	540.053	1262.05
1554325790	552	491.391	1133.84
1554412226	502	536.262	1248.33
1554498663	518	533.242	1250.65
1554585099	572	532.942	1249.26
1554671535	581	532.999	1247.4
1554757972	550	535.905	1244.61
1554844408	582	552.38	1231.63
1554930844	543	525.852	1233.82
1555017281	494	531.614	1240.43
1555103717	573	541.853	1248.59
1555190154	580	544.535	1255.33
1555276590	547	541.735	1259.65
1555363026	603	541.879	1269.29
1555449463	571	535.243	1242.66
1555535899	570	539.172	1247.73
1555622335	529	534.635	1236.45
1555708772	523	542.93	1260.89
1555795208	546	547.858	1276.67
1555881644	567	547.098	1274.48
1555968081	568	547.99	1275.24
1556054517	551	540.541	1262.79
1556140954	512	536.637	1254.11
1556227390	533	541.303	1265.23
1556313826	567	544.387	1269.81
1556400263	591	549.524	1270.41
1556486699	550	549.786	1268.52
1556573135	500	546.305	1273.74
1556659572	533	546.372	1270.27
1556746008	554	551.007	1270.5
1556832444	520	550.409	1262.16
1556918881	508	546.322	1258.87
1557005317	554	542.079	1252.21
1557091754	493	534.636	1253.14
1557178190	618	530.191	1238.76
1557264626	544	533.93	1241.93
1557351063	535	542.264	1253.76
1557437499	544	539.664	1242.94
1557523935	519	539.756	1249.94
1557610372	502	483.714	1124.37
1557696808	581	533.139	1244.4
1557783244	564	526.558	1243.48
1557869681	567	531.358	1244.73
1557956117	544	535.091	1245.4
1558042554	580	543.354	1248.61
1558128990	547	542.988	1249.14
1558215426	527	536.778	1249.5
1558301863	519	536.38	1237.74
1558388299	328	316.428	745.047
1558474735	42	40.1014	90.2458
1558561172	276	247.514	584.965
1558647608	399	357.479	821.043
1558734045	544	532.887	1225.1
1558820481	538	533.328	1218.85
1558906917	472	491.318	1130.7
1558993354	559	526.605	1209.67
1559079790	561	537.23	1240.16
1559166226	512	543.371	1248.44
1559252663	534	542.865	1249.7
1559339099	302	544.002	1250.38
1559425535	487	539.774	1249.63
1559511972	525	531.07	1239.21
1559598408	497	484.659	1124.19
1559684845	563	532.355	1224.38
1559771281	539	538.724	1237.7
1559857717	553	537.239	1241.01
1559944154	553	534.476	1240.17
1560030590	598	535.631	1235.45
1560117026	528	537.868	1235.92
1560203463	555	537.325	1244.37
1560289899	596	549.227	1254.95
1560376335	532	551.05	1260.62
1560462772	541	546.58	1259.23
1560549208	574	544.944	1262.18
1560635645	499	539.347	1263.21
1560722081	553	539.249	1258.04
1560808517	508	542.369	1248.83
1560894954	525	538.187	1244.48
1560981390	592	533.763	1239.65
1561067826	611	538.031	1235.59
1561154263	592	529.176	1226.82
1561240699	614	534.056	1234.35
1561327135	562	535.364	1228.73
1561413572	501	537.555	1228.94
1561500008	564	537.711	1234.04
1561586445	548	543.537	1234.63
1561672881	531	543.403	1232.36
1561759317	526	546.383	1246.85
1561845754	536	545.011	1251.39
1561932190	508	539.892	1251.96
1562018626	598	549.759	1258.57
1562105063	520	552.603	1265.75
1562191499	581	551.364	1266.3
1562277936	547	540.095	1259.82
1562364372	525	527.434	1235.84
1562450808	570	545.831	1268
1562537245	621	546.96	1260.21
1562623681	558	545.093	1258.26
1562710117	566	544.881	1260.1
1562796554	558	546.437	1257.45
1562882990	598	554.457	1277.8
1562969426	523	541.647	1250.33
1563055863	608	534.666	1232.25
1563142299	570	534.163	1236.77
1563228736	566	530.143	1232.85
1563315172	585	532.954	1230.01
1563401608	523	535.216	1234.36
1563488045	555	530.763	1234.66
1563574481	551	539.965	1236.14
1563660917	542	538.537	1213.79
1563747354	476	545.84	1195.68
1563833790	497	509.542	1185.84
1563920226	520	503.1	1178.98
1564006663	504	503.876	1177.97
1564093099	512	505.561	1176.7
1564179536	491	501.414	1174.68
1564265972	514	499.986	1159.05
1564352408	579	502.647	1158.8
1564438845	500	499.488	1158.88
1564525281	558	505.939	1167.83
1564611717	468	513.356	1181.54
1564698154	482	502.795	1176.13
1564784590	523	514.521	1209.16
1564871026	555	517.164	1209.99
1564957463	547	523.203	1212.43
1565043899	555	524.231	1205.1
1565130336	491	518.639	1201.05
1565216772	514	514.015	1201.24
1565303208	530	514.393	1201.73
1565389645	563	517.114	1200.31
1565476081	612	515.371	1186.05
1565562517	477	513.136	1187.67
1565648954	482	502.447	1184.5
1565735390	508	505.251	1184.96
1565821826	597	511.908	1181.38
1565908263	549	510.517	1175.88
1565994699	509	513.11	1174.31
1566081136	544	507.67	1176.26
1566167572	501	503.213	1177.29
1566254008	501	505.562	1178.11
1566340445	520	511.271	1191.26
1566426881	545	510.516	1193.71
1566513317	522	507.331	1191.66
1566599754	533	522.459	1212.19
1566686190	542	525.415	1217.43
1566772627	534	525.621	1217.78
1566859063	541	525.501	1222.77
1566945499	548	530.181	1227.97
1567031936	532	523.626	1209.44
1567118372	515	524.187	1212.06
1567204808	517	524.674	1219.94
1567291245	586	522.375	1219.3
1567377681	544	528.131	1220.47
1567464117	492	527.19	1227.06
1567550554	540	528.227	1227.23
1567636990	547	522.735	1217.38
1567723427	556	531.597	1227.51
1567809863	493	534.395	1230.48
1567896299	529	532.742	1229.67
1567982736	529	536.844	1230
1568069172	515	535.542	1238.86
1568155608	506	536.6	1244.7
1568242045	515	533.967	1242.06
1568328481	558	533.102	1239.02
1568414917	535	540.631	1245.59
1568501354	589	544.451	1246.32
1568587790	510	538.686	1245.15
1568674227	540	534.105	1247.82
1568760663	565	539.032	1246.3
1568847099	566	548.512	1249.9
1568933536	529	542.525	1253.64
1569019972	535	537.267	1248.6
1569106408	526	534.519	1249.91
1569192845	545	530.84	1237.73
1569279281	520	521.694	1226.1
1569365717	536	520.738	1228.08
1569452154	491	519.746	1218.56
1569538590	516	527.16	1227.09
1569625027	548	523.026	1209.61
1569711463	567	527.252	1219.18
1569797899	519	534.094	1220.01
1569884336	512	541.5	1235.65
1569970772	501	535.827	1236.42
1570057208	551	534.723	1242.16
1570143645	475	529.087	1232.17
1570230081	466	509.362	1188.88
1570316518	526	524.743	1223.87
1570402954	523	530.261	1230.28
1570489390	499	531.622	1239.1
1570575827	507	533.691	1243.35
1570662263	546	536.3	1241.91
1570748699	522	535.32	1231.82
1570835136	541	531.355	1222.34
1570921572	492	529.804	1225.16
1571008008	534	524.649	1229.02
1571094445	526	526.805	1235.69
1571180881	505	528.417	1232.25
1571267318	548	531.604	1232.28
1571353754	524	520.504	1213.34
1571440190	500	521.342	1222.45
1571526627	554	518.317	1204.25
1571613063	481	522.058	1216.19
1571699499	523	517.901	1206.8
1571785936	500	523.214	1216.64
1571872372	519	524.151	1215.37
1571958808	524	521.42	1210.6
1572045245	541	524.083	1208.31
1572131681	528	522.1	1200.85
1572218118	502	524.067	1203.96
1572304554	470	525.091	1203.9
1572390990	495	494.865	1138.43
1572477427	518	515.54	1201.7
1572563863	513	526.105	1212.12
1572650299	482	535.042	1191.18
1572736736	491	512.682	1190.37
1572823172	531	515.843	1181.51
1572909608	467	517.966	1197.78
1572996045	543	520.362	1208.81
1573082481	491	521.25	1211.93
1573168918	548	531.706	1231.67
1573255354	525	517.972	1208.17
1573341790	440	422.866	988.358
1573428227	434	416.172	970.585
1573514663	487	516.969	1194.62
1573601099	543	520.636	1209.65
1573687536	535	513.071	1197.36
1573773972	515	516.024	1202.9
1573860408	520	515.728	1199.85
1573946845	499	518.633	1200.21
1574033281	490	517.309	1204.04
1574119718	505	514.554	1204.19
1574206154	495	517.027	1202.99
1574292590	503	517.071	1204.66
1574379027	532	515.649	1201.53
1574465463	518	514.556	1203.85
1574551899	554	519.542	1201.65
1574638336	525	521.845	1199.33
1574724772	526	521.195	1202.75
1574811209	509	520.266	1206.93
1574897645	530	522.747	1211.43
1574984081	496	530.669	1221.62
1575070518	504	530.87	1228.46
1575156954	529	526.894	1228.96
1575243390	525	518.583	1214.7
1575329827	514	529.985	1229.6
1575416263	485	526.917	1223.19
1575502699	540	521.016	1217.21
1575589136	538	520.928	1210.63
1575675572	521	517.345	1204.32
1575762009	539	515.911	1198.21
1575848445	478	518.35	1204.69
1575934881	288	294.043	687.582
1576021318	227	241.547	560.489
1576107754	249	248.37	575.731
1576194190	282	305.281	705.664
1576280627	483	476.98	1102.61
1576367063	487	511.393	1187.79
1576453499	522	514.111	1195.13
1576539936	507	513.964	1192.92
1576626372	558	517.467	1195.24
1576712809	495	525.218	1214.32
1576799245	541	528.142	1224.62
1576885681	534	524.67	1223.92
1576972118	419	459.775	1071.91
1577058554	550	521.583	1215.17
1577144990	538	522.879	1207.92
1577231427	514	521.288	1202.24
1577317863	508	516.085	1196.95
1577404299	553	517.731	1200.76
1577490736	440	488.191	1135.4
1577577172	518	508.448	1185.26
1577663609	484	477.633	1111.23
1577750045	442	452.294	1056.86
1577836481	520	489.869	1149.99
