1104623700	36	30.7176	1020.44
1104796500	21	30.4842	1008.09
1104969300	32	39.1359	1294.62
1105142100	45	42.287	1399.25
1105314900	28	32.211	1066.41
1105487700	43	47.0308	1557.28
1105660500	40	43.3436	1434.54
1105833301	43	44.3118	1468.72
1106006101	33	33.6787	1116.09
1106178901	46	53.7696	1783.94
1106351701	52	56.5349	1869.33
1106524501	56	57.7771	1915.96
1106697301	51	50.814	1686.69
1106870102	53	56.1228	1856.92
1107042902	50	55.8385	1845.55
1107215702	44	54.5439	1820.94
1107388502	45	54.3638	1806.9
1107561302	30	28.9779	960.7
1107734102	34	37.8025	1250.75
1107906902	37	42.1297	1398.01
1108079703	54	52.9341	1760.35
1108252503	32	37.9623	1258.84
1108425303	34	54.0091	1792.31
1108598103	54	56.4727	1872.3
1108770903	36	45.4094	1504.31
1108943703	38	48.2883	1602.01
1109116503	45	43.3092	1433.84
1109289304	11	9.87946	327.883
1109462104	22	26.0751	863.91
1109634904	42	38.9171	1296.1
1109807704	41	40.7803	1353.69
1109980504	42	48.6459	1614.23
1110153304	20	19.4592	644.312
1110326105	38	46.7054	1551.49
1110498905	49	48.7338	1613.95
1110671705	58	55.4277	1842.54
1110844505	43	43.2146	1427.91
1111017305	45	42.8868	1422.12
1111190105	39	42.643	1414.3
1111362905	46	51.9001	1718.83
1111535706	60	55.2138	1838.07
1111708506	38	51.9988	1726.32
1111881306	4	6.27067	207.608
1112054106	0	0	0
1112226906	0	0	0
1112399706	0	0	0
1112572506	0	0	0
1112745307	0	0	0
1112918107	28	34.4496	1139.03
1113090907	1	3.19518	105.441
1113263707	19	22.6677	754.716
1113436507	60	60.4554	2006.83
1113609307	51	54.762	1816.2
1113782107	32	39.6343	1315
1113954908	61	58.5258	1944.58
1114127708	11	10.5418	350.223
1114300508	0	0	0
1114473308	0	0	0
1114646108	0	0	0
1114818908	0	0	0
1114991709	0	0.10898	0
1115164509	56	51.917	1713.71
1115337309	46	63.7677	2125.65
1115510109	70	65.352	2171.02
1115682909	60	64.9979	2148.82
1115855709	50	54.8312	1810.23
1116028509	52	59.5949	1972.68
1116201310	53	50.2703	1664.06
1116374110	53	61.2252	2018.05
1116546910	42	51.2169	1695.15
1116719710	33	33.2766	1101.13
1116892510	38	48.7224	1604.46
1117065310	61	57.7878	1912.79
1117238110	55	56.7555	1873.72
1117410911	41	54.1392	1796.58
1117583711	30	43.2135	1430.52
1117756511	67	68.7254	2274.06
1117929311	40	55.087	1830.08
1118102111	66	66.6152	2201.51
1118274911	61	72.4344	2401.16
1118447712	42	40.1232	1324.94
1118620512	36	31.3961	1039.72
1118793312	65	72.2581	2397.67
1118966112	46	51.4566	1707.45
1119138912	67	72.1967	2393.94
1119311712	49	64.5825	2146.52
1119484512	54	73.0345	2428.1
1119657313	71	77.692	2580.09
1119830113	16	16.2079	535.271
1120002913	41	51.1235	1691.57
1120175713	22	35.3333	1170.64
1120348513	0	0	0
1120521313	16	16.7802	561.815
1120694113	36	30.5408	1020.89
1120866914	0	0	0
1121039714	0	0	0
1121212514	22	27.401	905.266
1121385314	55	56.3445	1873.18
1121558114	71	75.6086	2514.35
1121730914	76	75.2404	2502.16
1121903715	71	63.0842	2093.42
1122076515	71	72.8191	2432.85
1122249315	21	28.5933	953.163
1122422115	59	62.6835	2080.21
1122594915	74	74.9437	2476.82
1122767715	41	51.3022	1694.66
1122940515	19	18.731	619.552
1123113316	68	74.4191	2460.92
1123286116	51	64.5248	2146.28
1123458916	52	68.9382	2309.53
1123631716	71	73.2432	2438.18
1123804516	76	72.2178	2393.52
1123977316	64	74.1678	2457.17
1124150116	60	74.2981	2457.53
1124322917	45	41.0891	1364.54
1124495717	63	70.2292	2330.26
1124668517	55	72.646	2400.74
1124841317	55	73.9671	2460.12
1125014117	64	73.7993	2442.48
1125186917	67	74.7414	2461.36
1125359718	54	68.308	2260.29
1125532518	69	72.0486	2406.17
1125705318	59	71.9918	2387.71
1125878118	49	70.4366	2340.25
1126050918	50	48.82	1621.03
1126223718	33	39.3725	1304.84
1126396518	58	65.402	2182.72
1126569319	73	66.7943	2234.8
1126742119	75	67.3909	2244.38
1126914919	63	73.1704	2439.25
1127087719	43	47.5654	1575.91
1127260519	57	65.6127	2174.87
1127433319	76	73.7166	2437.5
1127606119	71	76.3221	2540.44
1127778920	71	75.5919	2510.11
1127951720	62	78.4841	2599.76
1128124520	65	77.7996	2579.39
1128297320	75	76.2498	2523
1128470120	82	72.0097	2394.37
1128642920	70	78.7159	2613.19
1128815721	76	77.6752	2588.24
1128988521	68	77.2767	2558.47
1129161321	61	76.7534	2541.57
1129334121	62	76.923	2551.53
1129506921	35	41.2792	1371.43
1129679721	75	73.6629	2447.93
1129852521	62	75.7507	2505.86
1130025322	63	74.6622	2475.8
1130198122	63	74.7541	2476.8
1130370922	74	74.8014	2478.76
1130543722	58	77.3705	2570.28
1130716522	69	77.2863	2570.31
1130889322	63	77.191	2559.59
1131062122	68	78.3683	2599.2
1131234923	70	78.3675	2602.07
1131407723	87	77.8075	2583.12
1131580523	61	71.9113	2383.83
1131753323	76	77.9649	2581.85
1131926123	70	76.4089	2527.83
1132098923	75	77.5405	2566.62
1132271723	53	69.347	2293.12
1132444524	53	62.9281	2082.26
1132617324	78	71.861	2372.64
1132790124	89	79.7829	2636.26
1132962924	74	79.358	2626.04
1133135724	83	79.8033	2633.85
1133308524	74	80.7394	2676.54
1133481325	82	83.711	2774.21
1133654125	67	72.466	2391.7
1133826925	73	82.1819	2720.35
1133999725	72	84.2475	2781.56
1134172525	82	84.3265	2800.57
1134345325	56	65.1403	2154.84
1134518125	59	65.7951	2177.86
1134690926	72	82.2264	2720.19
1134863726	84	85.9064	2843.44
1135036526	80	86.7213	2873.5
1135209326	88	91.1686	3018.55
1135382126	92	88.2796	2931.38
1135554926	102	88.0749	2918
1135727726	70	77.1432	2554.73
1135900527	93	87.0089	2880.83
1136073327	24	40.4683	1339.21
1136246127	59	49.6787	1648.88
1136418927	61	70.2713	2323.88
1136591727	66	77.7746	2572.12
1136764527	51	49.1413	1621.84
1136937328	42	53.6706	1776.13
1137110128	44	53.4217	1771.64
1137282928	41	46.9267	1550.94
1137455728	48	54.2272	1804.84
1137628528	61	55.4743	1833.93
1137801328	48	56.0347	1857.95
1137974128	49	53.5211	1771.87
1138146929	46	57.6425	1910.92
1138319729	88	89.2751	2958.49
1138492529	74	88.4305	2930.07
1138665329	74	87.14	2885.36
1138838129	78	85.398	2828.11
1139010929	83	83.7386	2771.71
1139183729	77	77.6926	2573.77
1139356530	69	82.8746	2744.69
1139529330	84	85.4071	2843.45
1139702130	77	62.8579	2089.08
1139874930	66	69.9858	2322.76
1140047730	76	79.8284	2644
1140220530	80	85.0982	2818.19
1140393331	89	78.7269	2608.2
1140566131	64	78.2593	2587.28
1140738931	83	85.1838	2830.04
1140911731	87	77.139	2550.09
1141084531	11	8.87533	293.762
1141257331	6	6.63999	220.135
1141430131	65	64.9475	2155.34
1141602932	85	88.9683	2946.08
1141775732	29	34.7313	1148.53
1141948532	71	70.8513	2348.53
1142121332	46	48.704	1612.26
1142294132	72	79.0513	2615.15
1142466932	81	83.192	2753.28
1142639732	95	82.2145	2728.46
1142812533	107	82.1786	2723.15
1142985333	76	82.3986	2731.29
1143158133	73	82.2627	2726.43
1143330933	80	81.8801	2722.95
1143503733	80	82.2107	2734.53
1143676533	81	84.2553	2790.45
1143849334	79	86.4541	2872.96
1144022134	78	85.633	2841.59
1144194934	77	83.2114	2762.15
1144367734	74	83.5928	2774.15
1144540534	100	82.2368	2733.83
1144713334	69	82.8505	2738.86
1144886134	68	83.3125	2753.67
1145058935	63	83.0021	2761.35
1145231735	77	81.4668	2719.9
1145404535	85	80.7907	2663.14
1145577335	81	81.0755	2686.45
1145750135	88	79.6024	2638.69
1145922935	77	80.4741	2669.56
1146095735	65	66.8852	2222.29
1146268536	71	72.7735	2416.5
1146441336	51	62.7624	2095.44
1146614136	83	68.5114	2281.53
1146786936	91	86.46	2874.96
1146959736	82	86.221	2877.54
1147132536	83	84.6978	2822.68
1147305336	73	84.3626	2808.61
1147478137	90	85.4767	2843.73
1147650937	99	85.4352	2828.59
1147823737	72	83.8521	2780.1
1147996537	101	83.4707	2778.73
1148169337	84	82.3705	2738.36
1148342137	63	82.1811	2735.9
1148514938	72	83.2175	2753.7
1148687738	73	82.68	2740.93
1148860538	97	81.6815	2709.67
1149033338	63	78.9093	2618.06
1149206138	74	73.2017	2426.72
1149378938	58	62.6243	2079.91
1149551738	83	79.0109	2610.06
1149724539	69	82.4644	2716.43
1149897339	74	83.4711	2775.73
1150070139	74	70.5981	2339.85
1150242939	78	81.301	2696.98
1150415739	71	76.001	2528.93
1150588539	91	77.3192	2559.44
1150761339	87	74.5001	2463.1
1150934140	88	85.152	2828.46
1151106940	91	84.9292	2814.16
1151279740	79	74.7065	2481.79
1151452540	75	79.5338	2646.46
1151625340	85	81.3434	2698.75
1151798140	80	79.0433	2626.57
1151970941	65	80.905	2690.65
1152143741	86	74.7165	2474.04
1152316541	80	81.1256	2679.99
1152489341	78	80.4044	2656.06
1152662141	65	68.4901	2254.1
1152834941	68	78.0093	2599.71
1153007741	66	73.6644	2448.39
1153180542	83	76.7228	2547.02
1153353342	93	76.862	2546.74
1153526142	72	77.2844	2552.48
1153698942	66	76.8917	2541.16
1153871742	81	77.1226	2540.75
1154044542	62	80.0175	2657.21
1154217342	85	81.1018	2708.59
1154390143	83	81.4146	2709.42
1154562943	69	79.1292	2628.66
1154735743	61	82.614	2738.89
1154908543	72	81.7865	2702.34
1155081343	69	82.0192	2708.1
1155254143	83	83.6192	2759.96
1155426944	78	81.5639	2693.63
1155599744	64	79.6749	2640.76
1155772544	67	81.529	2715.67
1155945344	76	84.1419	2797.29
1156118144	91	84.5742	2820.03
1156290944	51	42.1489	1400.96
1156463744	91	88.2718	2920.63
1156636545	72	89.9062	2985.28
1156809345	83	87.5089	2911.02
1156982145	80	89.1566	2945.72
1157154945	68	87.9751	2923.61
1157327745	42	49.3672	1648.5
1157500545	77	88.1621	2925.42
1157673345	102	91.321	3027.72
1157846146	78	92.0847	3042.66
1158018946	93	92.387	3064.05
1158191746	78	91.3163	3028.59
1158364546	108	91.5821	3044.54
1158537346	95	89.728	2978.48
1158710146	85	85.2373	2831.81
1158882947	85	91.3945	3021.19
1159055747	93	90.8209	3019.84
1159228547	77	91.2355	3018.89
1159401347	93	90.6253	3020.24
1159574147	101	89.8963	2979.09
1159746947	85	91.559	3033.74
1159919747	83	86.9005	2872.85
1160092548	104	90.256	2991.68
1160265348	95	88.2624	2928.29
1160438148	75	84.7355	2809.3
1160610948	68	80.2741	2657.56
1160783748	90	86.0938	2842.82
1160956548	84	87.7926	2912.52
1161129348	50	58.5596	1943.24
1161302149	53	57.4301	1908.01
1161474949	78	83.3137	2762.89
1161647749	90	84.252	2783.77
1161820549	77	85.3173	2833.36
1161993349	92	86.4347	2856.97
1162166149	103	85.0166	2814.56
1162338950	79	82.817	2746.14
1162511750	71	84.0781	2786.64
1162684550	76	85.652	2828.49
1162857350	79	85.6772	2845.19
1163030150	81	86.7895	2883.34
1163202950	87	81.6807	2710.64
1163375750	90	85.8811	2837.12
1163548551	104	85.7444	2828.5
1163721351	77	85.115	2820.13
1163894151	64	76.1777	2535.21
1164066951	104	82.6181	2735.62
1164239751	69	83.5734	2764.83
1164412551	90	84.3735	2792.99
1164585351	79	81.5405	2704.48
1164758152	94	85.8176	2843.86
1164930952	70	87.367	2883.29
1165103752	73	75.9479	2517.49
1165276552	71	75.3857	2496.53
1165449352	62	74.5632	2468.23
1165622152	68	79.1205	2620.21
1165794952	78	78.8178	2613.04
1165967753	83	81.0008	2681.04
1166140553	106	90.6366	2995.84
1166313353	86	93.2745	3076.94
1166486153	80	93.7225	3089.91
1166658953	110	98.9672	3265.37
1166831753	88	106.539	3511.93
1167004554	86	106.893	3528.12
1167177354	106	106.806	3522.27
1167350154	88	104.838	3463.72
1167522954	7	6.05403	200.229
1167695754	0	0	0
1167868554	0	0	0
1168041354	0	0	0
1168214155	0	0	0
1168386955	16	19.116	633.094
1168559755	92	97.6557	3240.73
1168732555	92	97.6583	3236.93
1168905355	91	83.9305	2780.79
1169078155	68	71.949	2378.33
1169250955	74	81.7557	2707.35
1169423756	97	102.36	3383.27
1169596556	80	95.6978	3163.03
1169769356	100	104.22	3449.32
1169942156	89	98.3831	3260.56
1170114956	104	100.816	3343.28
1170287756	97	97.7732	3244.12
1170460557	96	103.082	3412.3
1170633357	116	103.787	3435.04
1170806157	106	105.885	3505.96
1170978957	92	107.211	3561.47
1171151757	99	100.138	3335.08
1171324557	98	100.42	3322.54
1171497357	89	97.5563	3218.9
1171670158	108	99.137	3278.57
1171842958	98	97.3858	3228.82
1172015758	76	98.5405	3270.81
1172188558	97	99.7749	3306.94
1172361358	114	101.06	3345.49
1172534158	99	100.347	3320.12
1172706958	111	103.239	3410.32
1172879759	83	82.5623	2742.07
1173052559	106	105.982	3511.96
1173225359	92	108.358	3592.21
1173398159	96	105.212	3482.34
1173570959	128	108.028	3581.15
1173743759	111	107.35	3556.35
1173916560	98	108.733	3607.11
1174089360	89	105.825	3520.43
1174262160	74	99.2959	3297.88
1174434960	92	98.2444	3251.78
1174607760	97	95.2094	3158.12
1174780560	105	99.9836	3314.65
1174953360	83	98.5075	3263.79
1175126161	101	101.393	3364.35
1175298961	79	90.2151	3002.29
1175471761	109	98.9183	3279.9
1175644561	106	99.9433	3321.6
1175817361	83	99.706	3315.76
1175990161	103	101.099	3361.98
1176162961	106	101.912	3373.28
1176335762	95	104.783	3475.27
1176508562	90	106.517	3517.78
1176681362	108	104.981	3476.39
1176854162	101	108.207	3576.94
1177026962	102	111.764	3707.38
1177199762	122	110.648	3670.18
1177372563	124	107.972	3579.92
1177545363	106	110.307	3666.15
1177718163	114	112.387	3738.62
1177890963	112	112.541	3724.68
1178063763	118	112.531	3730.59
1178236563	118	113.408	3754.41
1178409363	107	112.389	3727.85
1178582164	98	109.783	3663.73
1178754964	93	112.491	3744.43
1178927764	124	114.513	3813.09
1179100564	120	114.697	3809.16
1179273364	103	115.097	3817.83
1179446164	107	119.455	3970.37
1179618964	133	123.91	4105.36
1179791765	129	133.239	4426.41
1179964565	143	134.434	4478.29
1180137365	159	136.099	4514.39
1180310165	126	133.897	4465.76
1180482965	129	132.922	4420.7
1180655765	42	44.5149	1472.65
1180828565	108	109.866	3657.97
1181001366	69	66.4751	2206.39
1181174166	136	135.06	4478.32
1181346966	135	134.615	4450.57
1181519766	136	132.174	4369.45
1181692566	108	133.416	4407.7
1181865366	108	114.858	3813.16
1182038167	125	134.166	4449.22
1182210967	136	130.636	4323.32
1182383767	137	133.728	4420
1182556567	141	140.341	4637.73
1182729367	140	138.479	4607.51
1182902167	141	139.453	4639.2
1183074967	154	142.814	4753.7
1183247768	153	143.516	4777.16
1183420568	157	144.38	4788.78
1183593368	135	145.157	4784.34
1183766168	157	135.642	4487.14
1183938968	125	142.016	4735.73
1184111768	150	138.312	4600.26
1184284568	146	140.898	4660.41
1184457369	134	140.994	4679.77
1184630169	136	142.011	4702.05
1184802969	113	121.644	4026.98
1184975769	150	142.558	4714.23
1185148569	127	137.044	4533.25
1185321369	135	132.715	4410.44
1185494170	143	138.932	4631.56
1185666970	135	140.77	4694.31
1185839770	133	142.094	4714.49
1186012570	111	126.193	4211.98
1186185370	122	132.069	4400.48
1186358170	110	122.736	4070.91
1186530970	132	140.987	4656.68
1186703771	132	142.307	4733.88
1186876571	155	141.957	4694.61
1187049371	126	136.754	4506.71
1187222171	91	94.5369	3144.67
1187394971	95	102.02	3407.4
1187567771	120	120.705	4021.68
1187740571	126	138.446	4588.28
1187913372	134	141.875	4702.37
1188086172	129	139.682	4645.37
1188258972	156	137.931	4582.68
1188431772	159	137.73	4597.56
1188604572	135	139.7	4643.76
1188777372	173	139.27	4604.72
1188950173	137	138.721	4599.25
1189122973	154	141.933	4708.24
1189295773	139	143.783	4744.67
1189468573	145	133.471	4425.97
1189641373	145	141.924	4705.3
1189814173	153	141.816	4724.66
1189986973	138	138.088	4589.52
1190159774	131	142.369	4717.95
1190332574	121	144.401	4787.45
1190505374	129	131.977	4393.82
1190678174	108	130.514	4350.6
1190850974	107	113.979	3782.93
1191023774	149	148.668	4936.54
1191196574	131	147.386	4875.95
1191369375	150	146.426	4852.28
1191542175	153	146.051	4833.55
1191714975	137	145.766	4839.91
1191887775	140	145.519	4814.26
1192060575	136	145.415	4829.43
1192233375	140	144.394	4784.8
1192406176	97	113.449	3766.78
1192578976	89	89.934	2983.27
1192751776	163	142.54	4728.03
1192924576	12	23.1329	765.774
1193097376	0	0	0
1193270176	0	0	0
1193442976	0	0	0
1193615777	0	0	0
1193788577	0	0	0
1193961377	0	0	0
1194134177	0	0	0
1194306977	0	0	0
1194479777	0	0	0
1194652577	0	0	0
1194825378	0	0	0
1194998178	15	17.6912	591.356
1195170978	26	23.9604	800.175
1195343778	0	0	0
1195516578	0	0	0
1195689378	107	102.687	3399.31
1195862178	45	55.2567	1838.37
1196034979	23	28.7038	948.637
1196207779	124	123.97	4106.34
1196380579	140	146.584	4849.36
1196553379	128	136.193	4520.46
1196726179	113	124.843	4134.54
1196898979	109	120.543	3998.56
1197071780	2	3.77202	125.146
1197244580	120	105.9	3495.14
1197417380	129	140.003	4638.97
1197590180	142	144.848	4790.27
1197762980	130	144.178	4786.82
1197935780	151	142.996	4744.81
1198108580	140	142.995	4733.58
1198281381	53	55.7202	1845.66
1198454181	131	137.949	4577.48
1198626981	89	93.5302	3099.32
1198799781	62	66.8795	2212.48
1198972581	74	66.8828	2210.7
1199145381	0	0.116309	0
1199318181	94	87.8362	2912.82
1199490982	100	108.344	3600.03
1199663782	130	134.344	4445.78
1199836582	146	135.249	4468.22
1200009382	149	134.025	4433.74
1200182182	146	134.754	4456.08
1200354982	124	136.076	4508.8
1200527783	125	139.71	4620.29
1200700583	160	146.488	4852.27
1200873383	131	145.247	4808.09
1201046183	114	124.03	4116.7
1201218983	166	135.344	4491.52
1201391783	108	111.25	3695.43
1201564583	92	119.573	3975.35
1201737384	106	125.699	4171.39
1201910184	127	135.124	4484.25
1202082984	103	94.6175	3142.7
1202255784	115	110.55	3664.32
1202428584	66	81.2182	2694.68
1202601384	127	122.485	4065.83
1202774184	130	123.994	4115.38
1202946985	137	133.48	4414.25
1203119785	136	134.427	4453.57
1203292585	118	122.023	4045.98
1203465385	103	130.253	4327.14
1203638185	120	126.773	4206.17
1203810985	112	131.071	4358.24
1203983786	116	124.45	4132.13
1204156586	141	127.254	4220.66
1204329386	112	122.728	4065.2
1204502186	114	120.303	3993.12
1204674986	122	129.485	4297.66
1204847786	115	119.268	3960.5
1205020586	117	128.598	4268.49
1205193387	134	128.265	4265.43
1205366187	139	132.319	4403.53
1205538987	126	111.581	3702.27
1205711787	122	125.542	4168.03
1205884587	145	133.058	4408.1
1206057387	142	131.392	4361.72
1206230187	122	130.479	4340.59
1206402988	137	130.015	4309.14
1206575788	131	131.659	4367.11
1206748588	137	131.636	4376.09
1206921388	156	133.671	4433.84
1207094188	130	135.003	4488.27
1207266988	131	136.917	4550.85
1207439789	145	138.235	4576.27
1207612589	102	118.834	3937.36
1207785389	142	136.743	4516.04
1207958189	136	140.452	4640.39
1208130989	119	124.18	4126.82
1208303789	138	139.978	4638.83
1208476589	123	139.633	4637.74
1208649390	157	147.557	4892.47
1208822190	139	146.044	4838.94
1208994990	143	146.63	4859.59
1209167790	151	144.967	4791.04
1209340590	131	143.148	4730.15
1209513390	151	141.041	4690.9
1209686190	129	134.174	4471.18
1209858991	91	115.608	3848.59
1210031791	135	138.231	4580.14
1210204591	143	138.682	4610.69
1210377391	134	138.84	4614.16
1210550191	83	105.113	3497.35
1210722991	110	107.236	3561.01
1210895792	151	146.727	4863.1
1211068592	159	147.344	4862.04
1211241392	134	147.168	4855.06
1211414192	162	145.601	4806.18
1211586992	116	145.148	4824.37
1211759792	138	145.374	4808.41
1211932592	109	127.139	4215.14
1212105393	129	136.747	4556.49
1212278193	126	139.311	4637.02
1212450993	168	142.467	4726.62
1212623793	132	139.411	4613.5
1212796593	136	140.564	4664.78
1212969393	131	141.902	4718.51
1213142193	145	144.171	4778.59
1213314994	150	144.872	4810.88
1213487794	95	129.368	4293.58
1213660594	99	104.404	3460.86
1213833394	137	152.561	5050.26
1214006194	142	145.062	4826.92
1214178994	132	139.671	4642.23
1214351794	139	150.284	4993.14
1214524595	164	159.232	5292.53
1214697395	162	161.117	5348.93
1214870195	176	160.635	5329.09
1215042995	147	154.688	5143.16
1215215795	156	168.715	5568.98
1215388595	181	166.795	5536.97
1215561396	183	168.659	5594.02
1215734196	154	155.985	5174.99
1215906996	141	142.952	4734.58
1216079796	160	166.985	5529.55
1216252596	152	170.79	5640.16
1216425396	146	150.136	4981.53
1216598196	171	170.091	5634.9
1216770997	147	151.466	5022.77
1216943797	176	165.874	5509.39
1217116597	152	157.044	5214.04
1217289397	99	100.395	3338.8
1217462197	76	85.2886	2826.74
1217634997	154	174.96	5790.7
1217807797	187	173.18	5725.36
1217980598	134	162.56	5374.86
1218153398	162	169.634	5636.28
1218326198	146	159.812	5290.37
1218498998	159	170.507	5646.85
1218671798	171	175.255	5810.53
1218844598	165	175.205	5774.23
1219017399	162	163.514	5423.5
1219190199	164	174.473	5797.44
1219362999	158	165.816	5523.82
1219535799	133	136.563	4524.38
1219708599	193	178.656	5900.4
1219881399	156	166.35	5512.04
1220054199	201	178.543	5915.89
1220227000	171	174.566	5757.82
1220399800	142	171.756	5681.88
1220572600	176	176.77	5890.59
1220745400	192	173.567	5767.41
1220918200	183	161.009	5339.55
1221091000	150	171.02	5690.84
1221263800	174	172.944	5763.01
1221436601	199	173.329	5769.52
1221609401	181	171.957	5710.88
1221782201	153	168.387	5616.67
1221955001	162	170.886	5697.62
1222127801	196	171.974	5705.64
1222300601	188	174.244	5790.05
1222473402	142	176.691	5847.83
1222646202	150	177.04	5885.32
1222819002	168	179.361	5941.3
1222991802	168	178.294	5902.1
1223164602	69	70.3166	2341.47
1223337402	168	171.641	5718.75
1223510202	195	176.553	5863.14
1223683003	177	170.698	5639.69
1223855803	167	175.454	5814.84
1224028603	170	169.407	5634.82
1224201403	157	174.545	5815.12
1224374203	147	174.365	5779.3
1224547003	188	175.522	5811.15
1224719803	169	173.399	5755.12
1224892604	160	174.82	5795.61
1225065404	167	174.114	5773.11
1225238204	166	173.346	5753.27
1225411004	175	176.475	5857.41
1225583804	185	176.213	5839.96
1225756604	178	175.413	5812.58
1225929405	172	177.905	5884.05
1226102205	79	77.1889	2547.73
1226275005	77	77.5709	2577.3
1226447805	143	137.432	4562.69
1226620605	159	174.837	5773.8
1226793405	148	152.801	5082.62
1226966205	162	138.112	4586.37
1227139006	153	172.776	5726.96
1227311806	176	173.707	5743.48
1227484606	172	174.482	5776.23
1227657406	157	162.351	5375.34
1227830206	157	171.943	5685.13
1228003006	151	153.374	5100.5
1228175806	154	160.56	5350.65
1228348607	184	171.106	5676.82
1228521407	118	128.481	4267.27
1228694207	59	63.5463	2104.95
1228867007	153	143.279	4756.77
1229039807	139	169.473	5619.53
1229212607	171	165.128	5483.23
1229385407	172	161.591	5344.01
1229558208	150	164.224	5444.38
1229731008	148	168.147	5557.9
1229903808	175	163.162	5408.41
1230076608	168	162.57	5390
1230249408	155	163.376	5415.22
1230422208	124	135.163	4470.56
1230595009	128	134.154	4452.38
1230767809	39	43.2239	1433.5
1230940609	114	110.525	3672.61
1231113409	145	153.753	5089.41
1231286209	143	149.962	4964.34
1231459009	173	158.727	5271.6
1231631809	132	143.435	4756.13
1231804610	132	135.926	4502.44
1231977410	155	155.585	5158.76
1232150210	121	125.224	4141.91
1232323010	154	155.195	5160.53
1232495810	147	156.014	5182.62
1232668610	152	151.829	5034.73
1232841410	150	155.188	5138.65
1233014211	157	155.467	5161.06
1233187011	143	154.981	5140.23
1233359811	156	153.164	5077.76
1233532611	135	146.628	4846.86
1233705411	148	158.757	5256.03
1233878211	167	159.095	5267.54
1234051012	142	158.528	5255.19
1234223812	170	160.781	5321.65
1234396612	164	163.963	5436.09
1234569412	174	156.393	5179.08
1234742212	188	162.47	5367.77
1234915012	159	146.276	4835.34
1235087812	127	136.591	4520.6
1235260613	160	158.562	5260.28
1235433413	165	151.071	5018.93
1235606213	154	160.022	5307.73
1235779013	149	154.822	5131.32
1235951813	159	158.207	5231.56
1236124613	155	161.23	5348.66
1236297413	167	163.643	5424.46
1236470214	154	167.26	5559.77
1236643014	176	166.631	5538.8
1236815814	133	161.172	5339.15
1236988614	156	165.124	5473.74
1237161414	156	167.631	5562.06
1237334214	174	169.493	5633.64
1237507015	172	165.227	5484.1
1237679815	107	107.836	3569.08
1237852615	185	165.946	5508.18
1238025415	195	164.233	5441.46
1238198215	163	165.482	5475.03
1238371015	168	169.344	5598.65
1238543815	160	161.913	5379.68
1238716616	167	164.893	5448.49
1238889416	166	164.806	5456.86
1239062216	162	168.584	5602.36
1239235016	156	168.217	5602.46
1239407816	142	165.828	5506.47
1239580616	141	166.498	5526.44
1239753416	189	165.915	5519.94
1239926217	90	81.436	2703.27
1240099017	0	0	0
1240271817	0	0	0
1240444617	0	0	0
1240617417	0	0	0
1240790217	0	0	0
1240963018	0	0	0
1241135818	0	0	0
1241308618	0	0	0
1241481418	0	0	0
1241654218	0	0	0
1241827018	0	0	0
1241999818	0	0	0
1242172619	0	0	0
1242345419	0	0	0
1242518219	0	0	0
1242691019	0	0	0
1242863819	0	0	0
1243036619	0	0	0
1243209419	0	0	0
1243382220	0	0	0
1243555020	0	0	0
1243727820	0	0	0
1243900620	0	0	0
1244073420	0	0	0
1244246220	0	0	0
1244419021	49	57.2802	1905.63
1244591821	141	135.715	4516.92
1244764621	137	135.154	4503.93
1244937421	109	126.95	4191.65
1245110221	137	136.976	4548.3
1245283021	131	134.328	4433.95
1245455821	117	132.846	4388
1245628622	118	130.897	4344.94
1245801422	114	108.595	3612.97
1245974222	125	130.41	4337.94
1246147022	125	129.974	4294.45
1246319822	121	128.372	4252.65
1246492622	124	133.932	4439.32
1246665422	125	129.19	4274.44
1246838223	129	136.123	4506.03
1247011023	140	135.666	4510.6
1247183823	111	134.729	4470.57
1247356623	146	135.709	4495.94
1247529423	140	133.932	4462.46
1247702223	143	132.681	4405.43
1247875023	135	132.252	4393.75
1248047824	121	126.165	4180.43
1248220624	114	128.455	4243.03
1248393424	158	128.484	4279.54
1248566224	91	118.167	3922.05
1248739024	98	90.8126	3017.75
1248911824	157	135.863	4515.41
1249084625	148	143.091	4753.05
1249257425	145	144.86	4799.27
1249430225	122	144.951	4792.94
1249603025	134	146.601	4871.68
1249775825	138	148.269	4945.03
1249948625	153	152.05	5047.92
1250121425	114	137.487	4542.77
1250294226	59	82.9014	2726.41
1250467026	87	119.253	3950.42
1250639826	110	130.061	4304.79
1250812626	126	143.091	4745.49
1250985426	149	142.697	4721.07
1251158226	69	73.0814	2421.6
1251331026	145	147.344	4887.48
1251503827	127	152.724	5039.54
1251676627	133	154.602	5118.81
1251849427	115	125.102	4149.86
1252022227	167	157.457	5233.64
1252195027	140	159.277	5262.88
1252367827	127	157.381	5218.12
1252540628	155	165.06	5499.59
1252713428	152	164.955	5495.99
1252886228	171	170.106	5630
1253059028	165	161.931	5388.45
1253231828	160	173.383	5754.96
1253404628	200	174.845	5808.28
1253577428	156	174.96	5805.82
1253750229	168	174.183	5782.05
1253923029	171	178.496	5900.86
1254095829	66	69.1178	2303.07
1254268629	169	173.682	5789.94
1254441429	172	175.953	5834.99
1254614229	159	176.832	5844.91
1254787029	157	177.488	5884.15
1254959830	158	178.514	5939.04
1255132630	155	182.891	6036.7
1255305430	100	118.647	3921.38
1255478230	161	181.933	6014.98
1255651030	173	179.761	5962.72
1255823830	156	180.401	5977.57
1255996631	168	179.397	5940.41
1256169431	162	180.322	5964.39
1256342231	167	181.978	6011.65
1256515031	155	180.476	5977.29
1256687831	190	176.638	5847.2
1256860631	151	181.555	5999.55
1257033431	174	180.617	5964.46
1257206232	158	180.219	5958.64
1257379032	153	183.245	6058.13
1257551832	143	182.071	6022.64
1257724632	176	181.452	6000.25
1257897432	141	165.25	5471.57
1258070232	172	174.993	5780.33
1258243032	190	147.615	4895.59
1258415833	167	170.537	5630.49
1258588633	172	164.281	5426.08
1258761433	148	165.352	5462.63
1258934233	157	167.161	5517.07
1259107033	148	167.897	5540.98
1259279833	178	168.266	5568.71
1259452634	183	167.654	5531.99
1259625434	164	164.395	5428.96
1259798234	114	106.721	3534.09
1259971034	145	161.865	5349.66
1260143834	152	156.083	5181.53
1260316634	157	153.362	5086.89
1260489434	139	137.884	4574.73
1260662235	154	157.036	5201.43
1260835035	155	158.225	5239.14
1261007835	155	159.802	5286.53
1261180635	175	156.672	5184.72
1261353435	170	152.554	5060.83
1261526235	150	136.831	4525.97
1261699035	164	152.899	5060.61
1261871836	166	154.706	5111.1
1262044636	111	130.057	4289.97
1262217436	137	146.964	4863.23
1262390236	147	150.736	4993.47
1262563036	156	148.901	4918.29
1262735836	144	157.996	5227.6
1262908636	166	160.59	5315.16
1263081437	159	157.389	5207.33
1263254237	145	161.077	5323
1263427037	150	158.752	5272.14
1263599837	159	159.309	5275.19
1263772637	147	156.433	5176.86
1263945437	150	143.63	4758.98
1264118238	121	138.257	4582.8
1264291038	171	149.95	4970.71
1264463838	148	142.567	4728.82
1264636638	127	144.469	4777.68
1264809438	147	133.053	4397.81
1264982238	166	149.9	4958.45
1265155038	165	142.925	4699.88
1265327839	155	149.569	4939.48
1265500639	158	133.037	4389.56
1265673439	137	142.683	4716.26
1265846239	150	151.397	5006.35
1266019039	135	141.845	4694.91
1266191839	142	134.68	4462.81
1266364639	150	147.012	4861.61
1266537440	142	149.528	4937.45
1266710240	125	145.692	4828.48
1266883040	150	145.796	4824.02
1267055840	144	144.674	4815.47
1267228640	129	137.546	4570.16
1267401440	137	144.051	4783.56
1267574241	153	143.506	4756.77
1267747041	117	143.748	4774.93
1267919841	123	143.15	4738.68
1268092641	140	142.734	4731.82
1268265441	134	140.677	4666.69
1268438241	147	125.071	4133.89
1268611041	115	109.721	3632.58
1268783842	132	116.968	3873.35
1268956642	123	140.909	4671.79
1269129442	132	142.237	4706.28
1269302242	159	145.727	4816.96
1269475042	163	146.364	4858.78
1269647842	128	123.93	4116.82
1269820642	115	92.3089	3063.47
1269993443	95	97.5851	3234.65
1270166243	100	101.546	3368
1270339043	100	98.2729	3278.55
1270511843	99	97.6438	3250.25
1270684643	101	96.006	3193.69
1270857443	127	111.718	3706.8
1271030244	134	126.248	4184.03
1271203044	124	121.322	4041.53
1271375844	120	117.567	3895.58
1271548644	129	119.522	3954.35
1271721444	133	114.823	3804.33
1271894244	94	123.745	4107.47
1272067044	118	112.389	3732.8
1272239845	132	127.878	4244.67
1272412645	134	123.549	4104.2
1272585445	121	121.581	4047.02
1272758245	132	127.063	4214.2
1272931045	129	123.574	4101.87
1273103845	143	119.341	3951.27
1273276645	130	130.995	4369.68
1273449446	161	136.243	4548.84
1273622246	141	138.721	4605.47
1273795046	130	139.622	4611.71
1273967846	130	118.756	3954.94
1274140646	122	131.543	4370.23
1274313446	151	138.448	4598.42
1274486247	133	125.912	4171.09
1274659047	143	134.239	4452.54
1274831847	107	97.5193	3234.16
1275004647	121	122.618	4079.34
1275177447	133	121.806	4057.19
1275350247	123	134.234	4470.86
1275523047	149	138.83	4607.46
1275695848	155	139.582	4651.98
1275868648	126	139.739	4644.24
1276041448	141	125.543	4184.37
1276214248	98	104.959	3483.99
1276387048	105	111.387	3688.4
1276559848	141	71.0106	2339.65
1276732648	137	141.384	4679.62
1276905449	137	135.39	4471.77
1277078249	133	139.827	4631.36
1277251049	124	142.075	4682.83
1277423849	120	137.085	4549.4
1277596649	145	140.058	4656.97
1277769449	147	134.076	4457.54
1277942250	120	129.113	4276.73
1278115050	143	142.127	4705.45
1278287850	125	147.027	4855.5
1278460650	150	144.022	4765.76
1278633450	146	144.154	4784.3
1278806250	159	142.546	4718.88
1278979050	123	127.809	4249.86
1279151851	120	123.952	4142.39
1279324651	99	112.857	3785.88
1279497451	142	139.131	4627.65
1279670251	155	138.184	4573.76
1279843051	162	143.238	4751.59
1280015851	145	141.146	4694.16
1280188651	146	141.635	4699.44
1280361452	165	146.413	4855.64
1280534252	144	156.208	5175.03
1280707052	129	149.701	4990.65
1280879852	130	130.71	4376.93
1281052652	116	115.463	3833.86
1281225452	135	120.298	4003.22
1281398252	137	145.002	4826.57
1281571053	161	160.302	5316.6
1281743853	148	143.95	4806.71
1281916653	145	156.717	5187.52
1282089453	159	159.282	5276.27
1282262253	155	159.012	5291.09
1282435053	156	161.208	5334.92
1282607854	155	160.673	5323.4
1282780654	170	166.732	5517.45
1282953454	180	168.281	5557.87
1283126254	167	166.683	5529.17
1283299054	174	163.813	5447.16
1283471854	158	159.621	5321.12
1283644654	172	164.993	5494.63
1283817455	191	166.933	5556.28
1283990255	189	169.16	5609.29
1284163055	190	170.916	5671.6
1284335855	164	167.311	5542.77
1284508655	152	166.059	5509.38
1284681455	151	168.867	5614.27
1284854255	163	167.042	5537.38
1285027056	142	167.421	5535.79
1285199856	189	166.621	5526.16
1285372656	168	161.83	5356.5
1285545456	140	153.868	5081.52
1285718256	150	158.37	5245.53
1285891056	159	166.476	5526.11
1286063857	175	165.779	5505.32
1286236657	192	166.519	5513.49
1286409457	176	169.692	5633.73
1286582257	162	176.083	5859.55
1286755057	179	177.034	5885.15
1286927857	207	175.827	5816.71
1287100657	165	180.633	5993.51
1287273458	187	184.537	6144.6
1287446258	179	181.399	6011.49
1287619058	209	188.22	6230.44
1287791858	183	194.584	6445.62
1287964658	190	194.318	6451.82
1288137458	187	195.353	6452.15
1288310258	174	185.564	6118.87
1288483059	177	159.852	5305.81
1288655859	165	190.729	6339.85
1288828659	190	194.799	6440.31
1289001459	213	196.471	6508.45
1289174259	180	188.611	6224.43
1289347059	154	171.506	5704.78
1289519860	185	192.997	6400.95
1289692660	189	190.132	6314.77
1289865460	186	187.674	6237.95
1290038260	190	189.901	6279.85
1290211060	175	170.742	5636.51
1290383860	190	186.956	6200.71
1290556660	200	189.247	6263.42
1290729461	152	147.891	4893.7
1290902261	199	190.633	6317.28
1291075061	184	187.747	6210.62
1291247861	189	188.178	6204.11
1291420661	170	188.774	6246.45
1291593461	206	183.078	6064.1
1291766261	211	187.314	6190.66
1291939062	186	186.313	6139.23
1292111862	178	187.307	6200.62
1292284662	172	185.788	6144.19
1292457462	177	184.067	6080.78
1292630262	187	184.858	6113.88
1292803062	187	185.35	6138.14
1292975863	192	190.724	6316.09
1293148663	201	194.22	6419.97
1293321463	194	193.98	6417.5
1293494263	199	191.278	6337.02
1293667063	163	175.162	5804.97
1293839863	162	175.003	5802.39
1294012663	162	173.822	5751.16
1294185464	171	174.706	5794.86
1294358264	180	180.188	5969
1294531064	172	186.688	6197.61
1294703864	172	184.048	6090.81
1294876664	191	167.634	5532.03
1295049464	178	189.475	6262.36
1295222264	171	179.023	5912.46
1295395065	219	186.818	6170.75
1295567865	173	186.912	6189.89
1295740665	185	190.164	6303.56
1295913465	180	185.703	6143.88
1296086265	197	187.45	6204.27
1296259065	174	153.196	5081.41
1296431865	173	193.227	6400.34
1296604666	192	194.699	6445.88
1296777466	191	192.388	6362.28
1296950266	187	191.334	6337.81
1297123066	209	188.895	6274.49
1297295866	170	174.11	5783.48
1297468666	193	186.983	6190.57
1297641467	176	176.274	5854.17
1297814267	200	179.607	5944.11
1297987067	217	182.052	6058.24
1298159867	174	176.597	5881.31
1298332667	193	173.773	5761.55
1298505467	157	158.709	5262.56
1298678267	180	158.349	5262.26
1298851068	193	181.015	6010.66
1299023868	153	170.249	5638.26
1299196668	168	171.457	5699.99
1299369468	177	174.518	5787.94
1299542268	158	170.779	5663.6
1299715068	192	179.046	5928.04
1299887868	148	151.264	5005.11
1300060669	145	159.366	5285.18
1300233469	107	133.81	4438.43
1300406269	169	168.992	5610.88
1300579069	171	164.734	5464.5
1300751869	155	153.853	5089.81
1300924669	141	165.527	5498.52
1301097470	184	181.786	6015.75
1301270270	227	180.218	5985.42
1301443070	198	179.573	5956.16
1301615870	162	182.665	6064.23
1301788670	193	181.86	6033.64
1301961470	171	177.773	5898.36
1302134270	161	171.907	5706.9
1302307071	193	88.8299	2964.39
1302479871	144	86.7116	2872.65
1302652671	188	178.461	5881.28
1302825471	142	141.626	4700.68
1302998271	174	177.947	5905.9
1303171071	172	176.842	5872.42
1303343871	187	177.704	5871.23
1303516672	178	165.635	5479.64
1303689472	141	135.745	4510.63
1303862272	154	152.621	5066.49
1304035072	157	159.185	5298.85
1304207872	159	174.219	5809.93
1304380672	160	175.503	5836.8
1304553473	193	172.767	5731.06
1304726273	165	160.972	5343.84
1304899073	98	114.623	3803.86
1305071873	191	161.169	5340.43
1305244673	189	167.266	5560.64
1305417473	153	155.646	5183.94
1305590273	162	158.343	5255.78
1305763074	162	172.547	5703.7
1305935874	167	173.171	5732.94
1306108674	166	170.504	5660.41
1306281474	178	170.289	5653.97
1306454274	177	172.114	5730.67
1306627074	179	177.296	5890.45
1306799874	181	174.936	5814.52
1306972675	173	180.408	5980.66
1307145475	184	180.423	6006.98
1307318275	201	179.17	5930.19
1307491075	165	177.609	5869.26
1307663875	166	166.385	5517.67
1307836675	185	174.495	5781.29
1308009476	187	179.448	5956.23
1308182276	190	178.796	5908.68
1308355076	150	161.844	5350.22
1308527876	124	119.932	3964.99
1308700676	143	138.142	4596.99
1308873476	168	76.9705	2555.8
1309046276	171	86.9332	2903.45
1309219077	219	175.793	5832.79
1309391877	163	176.684	5840.31
1309564677	161	159.527	5311.8
1309737477	147	119.81	3983.02
1309910277	169	176.576	5871.93
1310083077	181	174.665	5798.11
1310255877	174	180.9	5981.11
1310428678	149	152.115	5032.87
1310601478	193	183.968	6068.45
1310774278	168	180.736	5974.67
1310947078	154	173.587	5774.02
1311119878	190	169.865	5638.05
1311292678	212	179.569	5968.84
1311465478	197	180.537	5981.75
1311638279	173	179.259	5939.76
1311811079	189	183.207	6048.41
1311983879	169	168.409	5586.48
1312156679	150	151.596	5041.2
1312329479	172	178.208	5922.83
1312502279	176	179.405	5932.56
1312675080	183	179.462	5942.78
1312847880	170	176.14	5841.63
1313020680	144	178.902	5915.3
1313193480	177	183.084	6065.99
1313366280	184	184.068	6085.57
1313539080	187	183.913	6081.83
1313711880	151	172.864	5744.92
1313884681	147	162.367	5425.08
1314057481	177	177.451	5897.58
1314230281	183	181.775	6031.6
1314403081	176	185.419	6128.03
1314575881	174	186.001	6155.02
1314748681	172	184.643	6151.38
1314921481	196	188.921	6248.16
1315094282	158	176.871	5852.77
1315267082	177	172.333	5724.44
1315439882	203	189.687	6297.56
1315612682	208	190.962	6326.82
1315785482	183	189.821	6314.41
1315958282	191	189.731	6304.74
1316131083	167	188.587	6233.12
1316303883	201	183.331	6115.02
1316476683	174	172.242	5727.9
1316649483	178	180.938	6002.35
1316822283	188	180.353	5996.56
1316995083	178	170.158	5657.13
1317167883	195	175.018	5794.71
1317340684	196	180.029	5963.71
1317513484	141	131.943	4382.04
1317686284	168	167.555	5552.19
1317859084	189	188.299	6226.73
1318031884	130	177.269	5876.1
1318204684	170	190.9	6322.8
1318377484	182	194.157	6414.94
1318550285	155	154.967	5140.91
1318723085	171	198.027	6566.26
1318895885	193	188.963	6280.46
1319068685	208	189.914	6309.85
1319241485	206	189.16	6271.78
1319414285	180	0	0
1319587086	188	195.837	6507.36
1319759886	184	198.693	6566.96
1319932686	224	195.893	6508.9
1320105486	231	196.887	6520.74
1320278286	213	204.471	6770.94
1320451086	200	204.148	6768.91
1320623886	170	204.953	6777.38
1320796687	216	204.676	6753.48
1320969487	207	203.188	6736.49
1321142287	187	197.638	6549.56
1321315087	206	196.115	6514.45
1321487887	181	181.145	6005.49
1321660687	186	195.868	6477.77
1321833487	189	196.084	6493.52
1322006288	176	195.68	6470.52
1322179088	205	199.25	6599.02
1322351888	205	200.673	6637.44
1322524688	195	187.885	6230.77
1322697488	195	201.81	6696.57
1322870288	189	201.362	6654.04
1323043089	208	201.062	6661.48
1323215889	187	179.297	5946.62
1323388689	217	196.099	6500.89
1323561489	208	199.975	6616.06
1323734289	213	200.455	6660.25
1323907089	204	197.921	6568.6
1324079889	180	195.854	6497.33
1324252690	164	176.831	5849.92
1324425490	199	197.162	6511.94
1324598290	188	198.659	6579.72
1324771090	182	185.418	6171.35
1324943890	202	180.162	5975.44
1325116690	206	198.211	6570.59
1325289490	169	195.467	6478.28
1325462291	17	12.9479	428.715
1325635091	171	193.051	6404.89
1325807891	187	195.181	6478.71
1325980691	193	192.115	6351.34
1326153491	135	132.473	4371.14
1326326291	119	115.336	3825.68
1326499092	139	129.564	4294.76
1326671892	121	116.522	3863.86
1326844692	110	118.771	3940.77
1327017492	128	111.217	3679.83
1327190292	170	160.927	5327.8
1327363092	157	157.745	5223.6
1327535892	21	22.9395	759.78
1327708693	186	178.043	5882.69
1327881493	205	180.511	5956.3
1328054293	141	132.009	4371.73
1328227093	129	171.399	5674.61
1328399893	183	182.738	6040.17
1328572693	147	147.357	4873.56
1328745493	172	166.896	5545.71
1328918294	213	189.744	6295.71
1329091094	59	67.3825	2227.59
1329263894	75	78.5854	2602.99
1329436694	179	184.776	6109.81
1329609494	171	172.463	5702.72
1329782294	169	175.511	5816.94
1329955094	196	189.767	6286.22
1330127895	191	188.38	6225.53
1330300695	183	188.603	6239.94
1330473495	162	179.861	5946.94
1330646295	197	185.779	6158.66
1330819095	214	186.902	6181.74
1330991895	183	185.152	6125.92
1331164696	180	185.784	6168.16
1331337496	139	141.304	4676.63
1331510296	173	186.113	6153.73
1331683096	198	187.56	6232.12
1331855896	209	187.356	6216.18
1332028696	195	189.679	6272.74
1332201496	206	189.14	6273.52
1332374297	200	188.267	6247.67
1332547097	204	190.757	6323.3
1332719897	169	188.21	6254.91
1332892697	190	185.847	6181.18
1333065497	192	195.439	6493.99
1333238297	179	180.078	5968.56
1333411097	11	16.3586	540.198
1333583898	189	189.566	6269.65
1333756698	204	193.146	6396.38
1333929498	151	171.042	5666.04
1334102298	86	94.084	3122.77
1334275098	209	182.984	6068.44
1334447898	187	191.075	6340.51
1334620699	186	190.478	6319.82
1334793499	177	189.797	6295.34
1334966299	180	188.334	6263.89
1335139099	175	191.846	6381.05
1335311899	195	194.671	6450.68
1335484699	188	193.714	6423.32
1335657499	170	185.25	6154.67
1335830300	161	184.208	6103.95
1336003100	203	192.298	6368.02
1336175900	189	191.677	6366.94
1336348700	230	192.028	6369.94
1336521500	201	189.83	6297.41
1336694300	208	188.491	6242.29
1336867100	156	187.504	6217.03
1337039901	188	187.352	6210.04
1337212701	195	190.282	6308.64
1337385501	194	193.419	6409.49
1337558301	204	189.284	6288.75
1337731101	220	195.179	6490.58
1337903901	234	198.99	6593.81
1338076702	213	194.244	6406.08
1338249502	195	196.973	6520.93
1338422302	182	197.112	6553.54
1338595102	191	196.944	6531.47
1338767902	179	196.653	6535.06
1338940702	189	195.571	6506.85
1339113502	169	195.954	6526.88
1339286303	206	193.016	6394.38
1339459103	205	194.055	6396.27
1339631903	200	187.234	6195.41
1339804703	179	190.862	6340.32
1339977503	149	155.955	5160.47
1340150303	194	197.195	6527.28
1340323103	98	93.1359	3086.01
1340495904	184	191.501	6361.33
1340668704	195	191.961	6379.51
1340841504	186	196.666	6504.11
1341014304	150	178.167	5887.12
1341187104	172	168.03	5568.75
1341359904	204	179.926	5950.97
1341532705	177	194.753	6463.71
1341705505	197	190.564	6321.47
1341878305	212	192.562	6391.32
1342051105	185	191.349	6338.34
1342223905	205	191.471	6368.45
1342396705	174	164.813	5506.43
1342569505	193	187.348	6244.91
1342742306	199	191.172	6330.13
1342915106	183	189.099	6263.96
1343087906	161	172.147	5720.78
1343260706	201	177.348	5890.11
1343433506	155	147.438	4883.36
1343606306	178	187.781	6250.55
1343779106	212	188.411	6247.16
1343951907	172	185.71	6152.33
1344124707	172	187.285	6240.95
1344297507	199	186.271	6176.44
1344470307	68	79.9972	2658.93
1344643107	0	0	0
1344815907	82	83.2138	2764
1344988707	165	189.234	6255.35
1345161508	208	195.36	6474.01
1345334308	203	192.021	6376.81
1345507108	218	182.033	6039.14
1345679908	191	193.075	6390.74
1345852708	182	191.563	6399.79
1346025508	199	189.313	6328.4
1346198309	212	192.581	6390.44
1346371109	218	190.472	6322.14
1346543909	187	189.195	6292.2
1346716709	210	188.516	6262.2
1346889509	172	184.77	6153.29
1347062309	124	114.62	3795.1
1347235109	50	47.5758	1579.24
1347407910	208	189.836	6303.72
1347580710	193	190.69	6306.45
1347753510	193	187.916	6219.39
1347926310	174	182.434	6046.98
1348099110	204	186.182	6159.28
1348271910	160	185.662	6162.7
1348444710	174	165.015	5474.05
1348617511	133	138.837	4634.26
1348790311	157	180.906	5999.47
1348963111	197	179.253	5935.25
1349135911	202	181.605	6017.01
1349308711	214	181.568	6018.1
1349481511	195	182.523	6033.19
1349654312	196	177.036	5884.5
1349827112	155	178.865	5955.55
1349999912	153	179.763	5966.91
1350172712	155	176.435	5839.95
1350345512	162	173.555	5754.81
1350518312	188	178.613	5912.53
1350691112	161	179.173	5923.16
1350863913	174	179.452	5928.3
1351036713	164	178.817	5917.87
1351209513	167	160.894	5321.85
1351382313	175	177.829	5888.29
1351555113	163	151.566	5021.25
1351727913	147	158.949	5270.18
1351900713	211	190.938	6330.15
1352073514	204	189.567	6283.01
1352246314	215	191.899	6344.14
1352419114	178	189.664	6252.56
1352591914	191	189.564	6310.93
1352764714	190	189.109	6290.14
1352937514	178	187.152	6198.83
1353110315	173	159.861	5301.75
1353283115	188	188.245	6244.82
1353455915	172	185.352	6123.62
1353628715	194	186.374	6180.22
1353801515	186	185.815	6163.97
1353974315	197	186.423	6175.39
1354147115	128	127.48	4211.32
1354319916	146	139.178	4613.59
1354492716	134	147.108	4859.12
1354665516	181	186.029	6151.07
1354838316	160	168.551	5568.22
1355011116	175	184.057	6096.38
1355183916	155	140.593	4638.69
1355356716	144	134.777	4457.59
1355529517	191	181.903	6012.34
1355702317	179	178.575	5893.6
1355875117	172	178.264	5868.07
1356047917	181	176.617	5844.38
1356220717	178	177.45	5853.58
1356393517	178	176.034	5797.88
1356566318	166	174.305	5779.77
1356739118	171	174.754	5782.36
1356911918	178	174.269	5759.62
1357084718	173	172.076	5716.57
1357257518	167	175.044	5792.51
1357430318	171	173.349	5732.01
1357603118	187	184.323	6088.17
1357775919	199	194.684	6457.59
1357948719	200	189.375	6264.78
1358121519	113	113.52	3770.39
1358294319	191	189.031	6256.25
1358467119	165	163.165	5423.14
1358639919	146	144.843	4823.12
1358812719	202	181.939	6038.24
1358985520	212	186.926	6190.21
1359158320	187	192.556	6385.27
1359331120	171	156.736	5201.29
1359503920	198	186.078	6177.44
1359676720	167	164.985	5454.99
1359849520	199	187.875	6241.74
1360022321	119	122.25	4048.6
1360195121	101	88.0283	2921.45
1360367921	110	117.033	3874.26
1360540721	106	87.4374	2892.81
1360713521	102	90.2337	2982.79
1360886321	137	135.864	4498.93
1361059121	192	186.787	6171.78
1361231922	184	184.01	6114.97
1361404722	150	183.81	6099.37
1361577522	183	193.17	6389.94
1361750322	187	195.153	6476.57
1361923122	201	192.057	6365.35
1362095922	172	193.028	6369.79
1362268722	205	194.543	6460.45
1362441523	195	195.28	6475.29
1362614323	203	196.748	6505.01
1362787123	188	196.041	6490.93
1362959923	197	194.934	6448.86
1363132723	186	192.517	6385.96
1363305523	185	181.344	6035.84
1363478323	172	178.363	5935.08
1363651124	199	187.695	6232.93
1363823924	202	191.043	6330.75
1363996724	205	192.471	6391.5
1364169524	188	191.784	6358.9
1364342324	188	188.039	6259.46
1364515124	160	189.365	6289.43
1364687925	172	187.856	6237.39
1364860725	138	123.353	4104.69
1365033525	110	116.984	3882.78
1365206325	196	184.008	6087.78
1365379125	167	176.817	5873.41
1365551925	212	189.278	6261.37
1365724725	219	191.55	6349.02
1365897526	192	189.152	6281.95
1366070326	200	188.855	6272.19
1366243126	165	186.847	6200.73
1366415926	175	187.73	6230.41
1366588726	184	187.479	6229.75
1366761526	195	186.797	6205.06
1366934326	173	165.868	5499.35
1367107127	188	180.052	5971.66
1367279927	184	183.519	6082.68
1367452727	172	185.298	6134.01
1367625527	202	185.649	6158.74
1367798327	182	181.394	6038.13
1367971127	189	181.495	6024.8
1368143928	221	183.338	6064.69
1368316728	205	182.201	6050.51
1368489528	181	180.477	5982.32
1368662328	178	177.099	5896.28
1368835128	193	170.46	5660.19
1369007928	166	161.039	5351.3
1369180728	193	179.67	5964.18
1369353529	202	165.071	5483.9
1369526329	198	187.958	6224.31
1369699129	166	173.346	5706.58
1369871929	188	172.392	5704.49
1370044729	188	186.52	6159.49
1370217529	187	181.284	6025.47
1370390329	196	185.707	6160.13
1370563130	199	184.091	6115.06
1370735930	154	151.603	5038.05
1370908730	181	185.427	6159.53
1371081530	194	187.488	6229.23
1371254330	191	184.189	6113.41
1371427130	172	172.698	5724.9
1371599931	186	174.347	5790.55
1371772731	189	164.83	5462.13
1371945531	176	182.942	6069.55
1372118331	181	180.664	5998.49
1372291131	204	185.597	6134.3
1372463931	187	180.539	5974.12
1372636731	179	171.021	5680.47
1372809532	198	183.847	6062.58
1372982332	174	183.494	6081.12
1373155132	168	175.63	5844.16
1373327932	129	123.713	4106.97
1373500732	104	105.654	3501.77
1373673532	138	154.698	5136.66
1373846332	173	174	5784.84
1374019133	209	186.192	6166.8
1374191933	170	167.218	5554.29
1374364733	170	180.105	5976.89
1374537533	194	180.384	6008.45
1374710333	195	184.225	6122.35
1374883133	165	178.344	5919.87
1375055934	194	182.6	6067.18
1375228734	204	184.359	6109.8
1375401534	174	173.812	5772.87
1375574334	202	188.839	6252.08
1375747134	181	189.582	6276.69
1375919934	198	188.872	6246.71
1376092734	197	179.59	5980.65
1376265535	200	183.066	6060.8
1376438335	160	174.928	5836.63
1376611135	203	190.057	6318.32
1376783935	209	196.796	6528.99
1376956735	196	192.957	6391.61
1377129535	160	163.55	5420.32
1377302335	104	92.1168	3061.11
1377475136	0	0	0
1377647936	177	165.747	5513.83
1377820736	183	160.502	5314.25
1377993536	196	176.43	5845.07
1378166336	181	176.815	5878.19
1378339136	160	158.353	5245.71
1378511936	184	182.057	6029.03
1378684737	159	141.096	4673.25
1378857537	164	155.398	5138.73
1379030337	193	179.959	5974.18
1379203137	168	172.652	5740.5
1379375937	177	169.815	5647.53
1379548737	133	126.953	4207.22
1379721538	221	185.969	6156.22
1379894338	177	183.459	6130.42
1380067138	177	185.289	6159.44
1380239938	173	187.887	6226.85
1380412738	226	187.933	6263.4
1380585538	171	163.167	5419.14
1380758338	167	169.453	5626.05
1380931139	210	185.884	6182.01
1381103939	181	184.175	6119.37
1381276739	188	180.07	5963.82
1381449539	200	191.186	6347.45
1381622339	45	44.8444	1491.3
1381795139	41	35.5016	1179.31
1381967939	73	74.208	2464.18
1382140740	191	191.643	6338.35
1382313540	191	193.544	6395.94
1382486340	184	193.863	6408.23
1382659140	174	188.825	6273.01
1382831940	193	191.501	6358.25
1383004740	176	193.109	6388.2
1383177541	98	115.154	3800.64
1383350341	204	191.971	6376.35
1383523141	183	186.058	6170.82
1383695941	161	180.315	5963.91
1383868741	186	190.777	6315.88
1384041541	201	189.7	6272.93
1384214341	192	191.307	6331.68
1384387142	218	191.684	6326.98
1384559942	205	190.055	6309.75
1384732742	196	189.394	6262.97
1384905542	175	187.271	6209.32
1385078342	177	179.51	5952.48
1385251142	212	186.868	6166.72
1385423942	179	181.485	6026.87
1385596743	178	182.644	6045.23
1385769543	137	151.694	5023.61
1385942343	175	183.23	6067.18
1386115143	203	184.801	6112.86
1386287943	208	191.904	6350.3
1386460743	185	180.951	5975.02
1386633544	180	190.919	6343.28
1386806344	162	186.71	6186
1386979144	164	165.963	5485.27
1387151944	157	155.506	5153.5
1387324744	173	167.377	5542.9
1387497544	133	144.167	4776.02
1387670344	186	178.951	5929.4
1387843145	142	155.184	5138
1388015945	165	163.065	5394.33
1388188745	141	143.189	4745.27
1388361545	176	185.491	6118.12
1388534345	202	184.949	6104.62
1388707145	186	183.629	6078.31
1388879945	98	91.5537	3036.95
1389052746	187	182.572	6039.93
1389225546	175	182.466	6034.28
1389398346	171	181.32	6021.62
1389571146	202	182.066	6040.07
1389743946	176	182.135	6037.26
1389916746	209	186.886	6182.86
1390089547	165	176.788	5858.09
1390262347	163	188.063	6200.27
1390435147	158	166.819	5495.77
1390607947	178	174.235	5788.97
1390780747	166	175.821	5817.42
1390953547	182	175.016	5802.88
1391126347	197	184.5	6098.47
1391299148	202	183.472	6056.57
1391471948	169	181.866	6001.2
1391644748	149	145.446	4804.94
1391817548	180	182.844	6037.71
1391990348	166	166.284	5506.68
1392163148	165	177.735	5888.7
1392335948	158	153.302	5106.39
1392508749	77	75.4998	2509.99
1392681549	125	121.505	4030.5
1392854349	139	138.086	4575.63
1393027149	148	159.079	5279.57
1393199949	180	175.709	5822.44
1393372749	168	163.354	5440.79
1393545550	161	153.389	5083.59
1393718350	169	156.748	5209.23
1393891150	189	176.14	5842.42
1394063950	166	176.377	5855.8
1394236750	175	176.159	5842.82
1394409550	154	169.666	5617.7
1394582350	186	169.451	5613.1
1394755151	186	176.766	5855
1394927951	154	176.453	5822.8
1395100751	142	172.395	5720.44
1395273551	185	183.794	6081.42
1395446351	190	186.912	6215.11
1395619151	198	189.163	6279.42
1395791951	208	190.156	6335.87
1395964752	171	182.259	6034.75
1396137552	157	179.565	5916.28
1396310352	184	187.633	6237.01
1396483152	182	183.612	6097.53
1396655952	213	191.216	6340.1
1396828752	161	163.276	5401.01
1397001552	151	163.28	5400.1
1397174353	194	195.025	6467.23
1397347153	189	195.919	6524.27
1397519953	127	112.69	3741.81
1397692753	132	124.21	4123.32
1397865553	189	189.738	6298.65
1398038353	183	189.958	6317.05
1398211154	115	134.837	4482.44
1398383954	194	182.402	6061.92
1398556754	214	191.278	6334.28
1398729554	174	193.575	6431.68
1398902354	194	192.941	6375.07
1399075154	197	192.316	6362.06
1399247954	197	192.867	6398.03
1399420755	201	187.728	6234.84
1399593555	201	192.179	6393.51
1399766355	197	185.474	6159.02
1399939155	200	187.385	6210.53
1400111955	186	189.371	6278.16
1400284755	176	167.662	5570.05
1400457555	186	191.471	6350.64
1400630356	194	189.051	6251.71
1400803156	190	189.712	6324.75
1400975956	189	184.04	6110.29
1401148756	193	184.05	6116.21
1401321556	181	189.52	6251.75
1401494356	213	197.867	6564.86
1401667157	214	199.626	6599.14
1401839957	186	202.37	6652.91
1402012757	203	200.99	6632.45
1402185557	197	200.809	6622.59
1402358357	218	199.297	6597.77
1402531157	185	195.712	6446.12
1402703957	204	194.123	6453.68
1402876758	210	195.61	6505.52
1403049558	214	194.805	6505.88
1403222358	201	193.585	6432.45
1403395158	207	191.988	6346.29
1403567958	191	188.644	6261.89
1403740758	199	194.739	6475.12
1403913558	199	196.105	6552.11
1404086359	210	195.041	6473.5
1404259159	190	194.044	6407.61
1404431959	196	194.699	6441.53
1404604759	198	192.517	6400.02
1404777559	196	192.064	6396.38
1404950359	184	191.342	6372.21
1405123160	214	190.257	6305.35
1405295960	217	192.295	6362.01
1405468760	198	185.219	6142.77
1405641560	224	187.775	6264.59
1405814360	206	170.732	5661.78
1405987160	179	176.215	5837.2
1406159960	204	179.689	5984.47
1406332761	166	186.671	6200.54
1406505561	190	184.489	6114.27
1406678361	161	183.468	6084.86
1406851161	173	186.388	6165.81
1407023961	196	188.701	6227.99
1407196761	205	189.37	6278.02
1407369561	191	186.92	6221.41
1407542362	208	188.161	6247.65
1407715162	198	188.551	6252.98
1407887962	198	189.097	6310.64
1408060762	201	192.723	6395.43
1408233562	186	190.146	6326.98
1408406362	202	189.055	6275.15
1408579163	196	190.863	6317.53
1408751963	201	179.104	5919.21
1408924763	176	192.43	6383.6
1409097563	198	192.486	6395.24
1409270363	208	194.956	6457.09
1409443163	222	196.439	6503.32
1409615963	205	198.514	6557.49
1409788764	197	189.874	6284.75
1409961564	204	194.933	6459.22
1410134364	219	197.584	6536.91
1410307164	189	193.483	6402.19
1410479964	183	199.327	6600.22
1410652764	206	191.64	6372.81
1410825564	200	194.412	6452.53
1410998365	173	188.398	6246.07
1411171165	191	197.509	6563.86
1411343965	217	201.065	6652.83
1411516765	201	195.121	6458.57
1411689565	212	200.12	6627.1
1411862365	199	200.855	6635.58
1412035165	196	196.101	6498.66
1412207966	200	198.216	6587.94
1412380766	199	195.273	6463.07
1412553566	193	173.854	5767.33
1412726366	206	202.965	6713.81
1412899166	181	203.328	6741.56
1413071966	114	100.766	3345.81
1413244767	101	95.6289	3170.59
1413417567	185	204.976	6781.08
1413590367	208	205.213	6784.01
1413763167	203	200.081	6644.48
1413935967	216	204.355	6775.02
1414108767	181	203.761	6767.11
1414281567	181	203.761	6741.12
1414454368	189	206.06	6814.99
1414627168	220	206.743	6829.67
1414799968	192	204.562	6795.89
1414972768	204	201.227	6678.78
1415145568	206	204.987	6787.54
1415318368	226	197.175	6533.19
1415491168	203	197.638	6554.01
1415663969	205	202.643	6707.21
1415836769	195	190.404	6326.47
1416009569	215	204.608	6787.17
1416182369	237	203.962	6761.94
1416355169	180	190.136	6280.22
1416527969	193	174.502	5785.88
1416700770	190	199.735	6605.42
1416873570	202	186.272	6167.09
1417046370	219	195.898	6492.21
1417219170	207	198.621	6563.27
1417391970	171	164.099	5460.07
1417564770	184	197.379	6539.19
1417737570	211	196.468	6491.65
1417910371	191	197.509	6535.4
1418083171	179	195.024	6441.43
1418255971	203	181.732	6025.75
1418428771	183	173.584	5757.6
1418601571	185	170.501	5645.91
1418774371	159	167.888	5574.16
1418947171	192	189.252	6254.72
1419119972	175	193.741	6401.83
1419292772	162	163.353	5426.47
1419465572	196	165.652	5475.78
1419638372	177	178.014	5895.1
1419811172	199	183.761	6076.79
1419983972	181	173.046	5712.73
1420156773	189	191.323	6337.67
1420329573	199	189.895	6294.27
1420502373	207	187.836	6209.36
1420675173	208	193.715	6412.53
1420847973	210	193.759	6413.93
1421020773	153	152.907	5066.71
1421193573	146	172.818	5721.02
1421366374	194	185.157	6142.06
1421539174	0	0	0
1421711974	0	0	0
1421884774	0	0	0
1422057574	0	0	0
1422230374	0	0	0
1422403174	0	0	0
1422575975	0	0	0
1422748775	0	0	0
1422921575	0	0	0
1423094375	0	0	0
1423267175	0	0	0
1423439975	0	0	0
1423612776	0	0	0
1423785576	0	0	0
1423958376	85	83.0933	2756.72
1424131176	189	170.488	5650.86
1424303976	200	185.724	6148.67
1424476776	161	178.832	5938.45
1424649576	189	181.677	6030.25
1424822377	145	165.486	5493.63
1424995177	175	163.753	5442.01
1425167977	163	176.911	5866.85
1425340777	148	151.633	5024.07
1425513577	3	3.31671	110.014
1425686377	0	0	0
1425859177	0	0	0
1426031978	49	46.1878	1528.28
1426204778	168	149.709	4951.85
1426377578	169	176.208	5848.88
1426550378	153	171.837	5697.47
1426723178	151	150.435	4988.11
1426895978	128	105.328	3507.2
1427068778	43	50.599	1681.85
1427241579	145	149.001	4961.71
1427414379	165	157.447	5238.56
1427587179	152	170.752	5672.36
1427759979	179	174.262	5788.78
1427932779	147	173.883	5760.81
1428105579	177	174.517	5778.1
1428278380	179	173.713	5772.02
1428451180	180	175.074	5798.26
1428623980	154	171.588	5699.32
1428796780	189	171.873	5705.09
1428969580	179	163.761	5428.13
1429142380	168	169.432	5614.39
1429315180	154	163.796	5424.37
1429487981	168	174.658	5780.34
1429660781	181	183.178	6094.82
1429833581	200	187.915	6246.24
1430006381	216	188.782	6267.99
1430179181	173	189.764	6308.58
1430351981	162	184.165	6114
1430524781	184	195.018	6446.04
1430697582	190	190.563	6314.39
1430870382	182	192.514	6406.8
1431043182	213	196.392	6510.6
1431215982	203	196.076	6513.57
1431388782	214	193.283	6415.09
1431561582	210	195.538	6483.91
1431734383	188	190.428	6310.27
1431907183	175	183.137	6079.35
1432079983	205	185.992	6166.62
1432252783	211	192.012	6356.9
1432425583	198	192.947	6402.54
1432598383	203	190.716	6338.3
1432771183	212	191.278	6353.8
1432943984	202	193.39	6404.67
1433116784	190	190.891	6328.88
1433289584	193	177.133	5861.25
1433462384	211	191.762	6343.19
1433635184	216	194.344	6428.15
1433807984	224	194.741	6445.76
1433980784	194	190.597	6329.37
1434153585	134	130.9	4338.31
1434326385	30	32.8213	1088.66
1434499185	194	188.774	6254.23
1434671985	178	146.219	4861.45
1434844785	224	195.241	6476.82
1435017585	208	193.876	6463.92
1435190386	205	191.812	6363.57
1435363186	182	187.247	6229.26
1435535986	194	191.553	6352.07
1435708786	196	192.257	6380.92
1435881586	208	193.359	6424.9
1436054386	207	192.707	6375.24
1436227186	193	191.412	6349.11
1436399987	184	173.037	5720.71
1436572787	206	192.37	6370.33
1436745587	207	185.885	6124.51
1436918387	182	189.137	6276.97
1437091187	158	191.927	6367.68
1437263987	184	188.326	6237.77
1437436787	206	189.882	6324
1437609588	196	188.879	6282.44
1437782388	205	189.116	6276.64
1437955188	187	168.69	5563.69
1438127988	213	189.442	6280.44
1438300788	209	188.604	6242.89
1438473588	185	180.702	5969.81
1438646389	168	183.919	6094.26
1438819189	165	185.849	6111.08
1438991989	160	154.611	5098.59
1439164789	79	72.9981	2412.08
1439337589	43	42.3681	1410.93
1439510389	137	141.355	4700.2
1439683189	154	170.673	5665.28
1439855990	172	165.653	5500.79
1440028790	209	179.828	5974.12
1440201590	194	182.532	6029.55
1440374390	188	180.54	5991.64
1440547190	169	180.814	5975.8
1440719990	178	177.591	5881.13
1440892790	144	138.482	4581.21
1441065591	117	131.192	4371.93
1441238391	170	176.183	5869.85
1441411191	183	160.517	5345.25
1441583991	93	92.4163	3049.33
1441756791	59	58.3537	1930.17
1441929591	173	179.84	5968.71
1442102392	212	180.054	5983.53
1442275192	209	180.78	5970.94
1442447992	176	179.722	5944.68
1442620792	196	179.576	5958.8
1442793592	156	149.666	4950.82
1442966392	87	103.038	3409.24
1443139192	178	157.333	5216.58
1443311993	190	184.867	6127.67
1443484793	185	185.345	6130.87
1443657593	172	176.387	5826.68
1443830393	133	123.74	4114.51
1444003193	108	77.8979	2578.66
1444175993	141	127.971	4240.79
1444348793	167	168.793	5618.28
1444521594	145	138.61	4628.27
1444694394	134	150.96	4994.07
1444867194	164	172.054	5679.09
1445039994	175	191.234	6363.2
1445212794	182	192.791	6377.44
1445385594	186	176.163	5829.09
1445558394	185	194.832	6476.62
1445731195	176	176.259	5849.03
1445903995	167	183.916	6102.4
1446076795	208	187.564	6219.39
1446249595	172	162.624	5406.94
1446422395	182	148.756	4936.15
1446595195	150	142.227	4738.42
1446767996	176	187.589	6240.62
1446940796	174	174.27	5767.11
1447113596	200	177.875	5899.88
1447286396	189	186.517	6179.48
1447459196	216	190.841	6317.9
1447631996	197	186.437	6155.66
1447804796	192	180.452	5956.65
1447977597	166	189.665	6279.31
1448150397	171	191.248	6321.41
1448323197	181	175.05	5780.55
1448495997	194	162.865	5384.85
1448668797	144	165.449	5490.28
1448841597	148	158.972	5276.78
1449014397	140	145.006	4808.7
1449187198	174	179.486	5951.6
1449359998	161	167.694	5573.77
1449532798	158	162.961	5388.14
1449705598	167	182.19	6036.03
1449878398	172	162.796	5373.79
1450051198	161	179.473	5924.82
1450223999	136	132.796	4390.59
1450396799	189	185.921	6154.59
1450569599	181	183.353	6073.74
1450742399	195	172.79	5702.17
1450915199	174	177.445	5868.86
1451087999	186	168.755	5583.19
1451260799	184	173.177	5718.02
