1388620500	592	581.439	6108.75
1388706900	544	575.733	6056.26
1388793300	572	575.054	6099.54
1388879700	295	285.831	3055.3
1388966100	281	281.702	2990.45
1389052500	600	567.798	6048.86
1389138900	571	567.353	6022.93
1389225300	600	568.561	6048.01
1389311700	555	566.885	6017.91
1389398100	559	564.288	6028.33
1389484500	555	560.708	6011.6
1389570900	612	564.113	6030.11
1389657300	574	556.598	5953.94
1389743700	548	565.004	6059.98
1389830100	593	578.828	6198.4
1389916500	555	579.126	6161.08
1390002900	639	586.102	6237.23
1390089300	575	585.11	6262.61
1390175700	548	510.124	5413.65
1390262100	598	588.526	6206.38
1390348500	571	586.865	6187.07
1390434900	572	550.884	5794.17
1390521300	439	451.794	4755.57
1390607700	579	568.824	6021.41
1390694100	564	552.683	5835.83
1390780500	544	564.542	5977.62
1390866900	526	538.059	5689.51
1390953300	545	525.27	5599.44
1391039700	588	575.608	6096.88
1391126100	568	576.733	6113.7
1391212500	587	575.336	6094.58
1391298900	581	575.663	6039.5
1391385300	579	565.667	5934.66
1391471700	553	575.812	6053.8
1391558100	574	569.648	5984.08
1391644500	384	400.33	4227.72
1391730900	530	517.613	5437.7
1391817300	561	572.129	6049.45
1391903700	578	569.828	6037.41
1391990100	546	553.312	5861.81
1392076500	443	483.327	5120.58
1392162900	564	551.509	5867.46
1392249300	553	557.017	5942.6
1392335700	505	544.074	5770.62
1392422100	263	256.688	2723.92
1392508500	219	237.024	2507.65
1392594900	232	232.17	2446.95
1392681300	388	410.843	4351.97
1392767700	450	440.456	4673.01
1392854100	433	421.117	4461.92
1392940500	417	445.923	4707.86
1393026900	485	505.509	5348.28
1393113300	628	566.205	5993.2
1393199700	548	538.558	5680.64
1393286100	482	559.188	5916.35
1393372500	471	481.002	5079.89
1393458900	523	533.666	5647.49
1393545300	577	533.329	5631.05
1393631700	327	329.612	3458.33
1393718100	593	547.005	5778.08
1393804500	542	549.344	5832.9
1393890900	566	553.551	5848.22
1393977300	532	552.685	5839.76
1394063700	528	553.778	5849.73
1394150100	567	554.368	5892.52
1394236500	599	546.081	5800.62
1394322900	582	554.251	5855.38
1394409300	466	519.982	5492.02
1394495700	538	542.939	5718.1
1394582100	538	524.079	5529.95
1394668500	521	542.643	5733.05
1394754900	562	557.004	5852.39
1394841300	564	557.487	5858.34
1394927700	529	557.206	5814.78
1395014100	553	556.013	5832.2
1395100500	477	537.356	5660.5
1395186900	579	562.642	5892.14
1395273300	632	580.071	6094.45
1395359700	576	576.094	6048.74
1395446100	594	591.417	6249.44
1395532500	680	596.76	6322.03
1395618900	604	590.956	6273.17
1395705300	623	589.465	6272.92
1395791700	643	595.578	6351.97
1395878100	566	597.138	6309.05
1395964500	590	552.393	5819
1396050900	569	573.232	6013.67
1396137300	603	562.035	5830.95
1396223700	594	596.525	6205.99
1396310100	570	592.946	6269.93
1396396500	612	591.207	6261.93
1396482900	596	560.716	5907.88
1396569300	575	590.514	6226.53
1396655700	598	604.552	6392.7
1396742100	578	601.356	6363.13
1396828500	427	426.348	4457.83
1396914900	573	614.598	6377.48
1397001300	441	430.725	4503.54
1397087700	596	603.196	6314.61
1397174100	589	615.995	6455.75
1397260500	657	621.71	6504.65
1397346900	613	619.591	6530.51
1397433300	544	534.427	5609.81
1397519700	451	443.828	4650.96
1397606100	55	49.4307	515.128
1397692500	529	483.427	5039.94
1397778900	619	612.957	6381.08
1397865300	640	609.975	6355.93
1397951700	610	594.842	6234.44
1398038100	613	598.882	6282
1398124500	586	596.196	6300.16
1398210900	272	273.497	2875.39
1398297300	585	575.471	6112.14
1398383700	516	544.737	5765.18
1398470100	610	604.053	6340.24
1398556500	662	607.961	6341.65
1398642900	579	604.904	6361.11
1398729300	604	617.003	6420.06
1398815700	634	602.599	6281.44
1398902100	576	625.643	6499.76
1398988500	541	624.591	6457.42
1399074900	607	602.197	6271.12
1399161300	598	612.895	6405.92
1399247700	578	607.944	6404.11
1399334100	614	583.404	6121.1
1399420500	660	614.918	6426.27
1399506900	623	596.162	6351.12
1399593300	560	606.828	6432.92
1399679700	587	601.232	6348.1
1399766100	578	561.387	5904.19
1399852500	652	614.342	6410.56
1399938900	602	586.663	6106.54
1400025300	625	593.419	6201.2
1400111700	613	599.544	6270.9
1400198100	481	491.318	5153.96
1400284500	579	576.318	6037.59
1400370900	631	610.689	6333.76
1400457300	654	620.421	6402.44
1400543700	602	602.24	6212.89
1400630100	615	608.597	6250.61
1400716500	549	608.551	6293.67
1400802900	620	605.764	6338.17
1400889300	634	605.166	6260.62
1400975700	598	604.808	6247.65
1401062100	586	550.54	5726.71
1401148500	618	598.048	6218.83
1401234900	586	580.216	6012.78
1401321300	669	622.019	6399.75
1401407700	642	630.181	6503.77
1401494100	635	634.842	6571.22
1401580500	637	639.627	6604.46
1401666900	666	639.146	6566.15
1401753300	659	648.321	6683.76
1401839700	627	651.733	6640.93
1401926100	638	649.541	6637.07
1402012500	626	649.925	6623.65
1402098900	612	658.136	6649.59
1402185300	658	648.564	6613.61
1402271700	632	635.049	6561.69
1402358100	708	640.36	6623.5
1402444500	644	642.772	6610.78
1402530900	631	616.993	6290.95
1402617300	608	642.883	6612.89
1402703700	653	613.189	6325.02
1402790100	704	631.531	6513.56
1402876500	625	621.668	6514.36
1402962900	636	623.383	6516.61
1403049300	643	617.484	6511.63
1403135700	663	618.306	6462.98
1403222100	663	619.85	6408.64
1403308500	659	626.195	6431.93
1403394900	673	622.72	6417.98
1403481300	601	574.6	5927.23
1403567700	615	620.098	6419.23
1403654100	627	624.249	6460.65
1403740500	622	631.431	6527.33
1403826900	659	623.105	6487.66
1403913300	666	627.563	6563.74
1403999700	652	629.971	6539.22
1404086100	670	620.585	6404.38
1404172500	593	631.715	6471.84
1404258900	637	630.257	6419.82
1404345300	589	627.633	6426.08
1404431700	666	630.356	6430.97
1404518100	599	616.378	6357.87
1404604500	621	623.332	6447.35
1404690900	638	615.473	6401.86
1404777300	613	613.115	6396.18
1404863700	697	618.823	6425.52
1404950100	601	612.253	6398.38
1405036500	662	604.373	6226.39
1405122900	632	617.471	6329.81
1405209300	637	616.028	6378.81
1405295700	633	620.583	6360.88
1405382100	632	613.043	6311.17
1405468500	530	578.466	6006.74
1405554900	608	602.404	6279.8
1405641300	640	596.484	6260.02
1405727700	597	597.406	6237.22
1405814100	592	556.774	5774.47
1405900500	517	473.373	4869.62
1405986900	631	601.013	6209.78
1406073300	561	577.123	5951.83
1406159700	591	573.388	5921.6
1406246100	645	608.01	6261.61
1406332500	600	594.448	6163.73
1406418900	588	603.426	6204.51
1406505300	606	588.933	6066.32
1406591700	581	588.099	6121.83
1406678100	513	579.616	6069.82
1406764500	615	587.626	6107.27
1406850900	609	589.564	6146.27
1406937300	528	595.624	6208.45
1407023700	542	606.216	6242.16
1407110100	570	603.836	6255.47
1407196500	635	615.24	6333.28
1407282900	587	598.187	6193.81
1407369300	583	595.729	6221.15
1407455700	621	597.177	6247.42
1407542100	614	604.092	6245.77
1407628500	655	602.661	6245.24
1407714900	536	603.648	6252.05
1407801300	601	604.696	6268.38
1407887700	596	604.158	6311.96
1407974100	629	617.003	6377.15
1408060500	663	620.565	6400.25
1408146900	682	611.526	6370.03
1408233300	610	596.609	6317
1408319700	562	592.586	6282.07
1408406100	649	594.885	6266.36
1408492500	615	600.277	6287.36
1408578900	660	604.902	6319.1
1408665300	598	611.551	6381.12
1408751700	586	584.02	6048.23
1408838100	532	563.31	5798.27
1408924500	581	615.036	6373.52
1409010900	632	611.798	6363.54
1409097300	637	618.685	6399.16
1409183700	651	622.79	6433.61
1409270100	627	627.526	6489.82
1409356500	666	626.056	6486.72
1409442900	593	619.265	6449.44
1409529300	669	633.899	6560.7
1409615700	657	636.014	6556.75
1409702100	640	632.132	6558.93
1409788500	635	624.595	6526.18
1409874900	551	554.399	5778.03
1409961300	601	638.279	6603.08
1410047700	615	632.551	6570.05
1410134100	637	626.878	6527
1410220500	633	633.332	6551.41
1410306900	609	604.789	6229.3
1410393300	646	638.089	6592.42
1410479700	607	638.621	6581.19
1410566100	655	639.144	6651.65
1410652500	615	600.68	6325.83
1410738900	548	578.065	6105.49
1410825300	689	626.541	6558.01
1410911700	614	636.362	6661.37
1410998100	532	592.328	6204.37
1411084500	619	582.596	6106.76
1411170900	606	631.829	6648.7
1411257300	645	631.198	6638.74
1411343700	692	638.88	6661.53
1411430100	576	612.617	6330.84
1411516500	636	636.131	6612.86
1411602900	638	640.896	6628.33
1411689300	606	637.423	6608.83
1411775700	640	642.519	6648.96
1411862100	601	637.465	6628.12
1411948500	640	633.927	6644.62
1412034900	643	632.936	6596.6
1412121300	643	606.471	6380.64
1412207700	622	627.42	6611.39
1412294100	581	617.769	6508.53
1412380500	537	617.783	6451.7
1412466900	590	582.793	6075.3
1412553300	528	524.49	5513.25
1412639700	696	616.963	6489.02
1412726100	649	641.132	6737.41
1412812500	640	642.344	6682.2
1412898900	652	649.794	6759.84
1412985300	566	538.721	5614.02
1413071700	282	286.443	3000.98
1413158100	279	284.942	2998.57
1413244500	273	283.242	2989.73
1413330900	502	495.476	5181.6
1413417300	652	649.562	6811.15
1413503700	669	648.927	6791.65
1413590100	649	649.111	6783.02
1413676500	617	648.719	6801.88
1413762900	591	615.397	6484.7
1413849300	679	644.945	6825.01
1413935700	617	637.351	6758.66
1414022100	659	633.42	6761.15
1414108500	595	630.376	6741.61
1414194900	655	638.722	6819.21
1414281300	654	634.903	6740.23
1414367700	622	639.949	6754.01
1414454100	649	645.843	6808.24
1414540500	673	649.842	6810.79
1414626900	613	652.404	6823.12
1414713300	637	653.164	6826.75
1414799700	580	652.105	6811.78
1414886100	551	641.384	6687.59
1414972500	689	643.714	6673.51
1415058900	658	646.666	6758.26
1415145300	674	649.619	6780.89
1415231700	612	622.818	6543.31
1415318100	647	623.472	6574.68
1415404500	609	636.542	6742.49
1415490900	613	629.155	6666.92
1415577300	611	609.649	6426.07
1415663700	630	638.304	6744.91
1415750100	647	631.187	6680.24
1415836500	563	558.852	5893.88
1415922900	642	639.546	6774.76
1416009300	655	635.442	6773.03
1416095700	646	633.756	6800.04
1416182100	633	634.911	6764.57
1416268500	569	565.244	5969.11
1416354900	600	627.266	6603
1416441300	572	638.141	6703.77
1416527700	519	471.82	4949.19
1416614100	615	627.071	6598.44
1416700500	599	627.422	6599.24
1416786900	583	628.002	6586.67
1416873300	538	572.586	6015.97
1416959700	629	601.132	6333.6
1417046100	645	608.768	6446.37
1417132500	650	614.183	6493.3
1417218900	630	627.004	6555.34
1417305300	537	589.827	6149.7
1417391700	464	459.435	4825.7
1417478100	623	618.297	6532.92
1417564500	639	616.817	6534.14
1417650900	607	617.367	6536.11
1417737300	607	614.929	6518.79
1417823700	612	610.249	6461.83
1417910100	613	618.613	6530.25
1417996500	667	616.953	6533.93
1418082900	642	619.836	6541.9
1418169300	545	549.674	5809.02
1418255700	632	610.656	6483.66
1418342100	586	574.908	6096.04
1418428500	431	476.375	5042.46
1418514900	618	604.165	6413.58
1418601300	549	565.768	5967.02
1418687700	470	476.218	5038.99
1418774100	478	502.905	5320.28
1418860500	562	573.83	6089.45
1418946900	615	577.518	6101.68
1419033300	586	615.236	6417.06
1419119700	599	619.823	6434.06
1419206100	542	505.448	5283.45
1419292500	522	534.984	5659.3
1419378900	544	552.37	5831.32
1419465300	536	520.388	5488
1419551700	566	518.02	5472.8
1419638100	589	562.454	5986.83
1419724500	608	588.449	6244.16
1419810900	505	547.731	5797.08
1419897300	585	597.108	6335.77
1419983700	458	499.283	5245.01
1420070100	563	590.438	6173.57
1420156500	590	602.065	6342.81
1420242900	594	595.079	6280.5
1420329300	610	592.779	6327.36
1420415700	622	593.583	6306.48
1420502100	607	580.414	6155.19
1420588500	636	594.089	6309.19
1420674900	599	604.337	6412.03
1420761300	595	604.312	6401.46
1420847700	605	605.1	6430.96
1420934100	569	550.595	5868.69
1421020500	482	460.702	4898.21
1421106900	534	543.648	5756.9
1421193300	530	554.875	5888.4
1421279700	458	478.056	5127.34
1421366100	604	590.019	6287.95
1421452500	341	304.164	3260.33
1421538900	0	0	0
1421625300	0	0	0
1421711700	0	0	0
1421798100	0	0	0
1421884500	0	0	0
1421970900	0	0	0
1422057300	0	0	0
1422143700	0	0	0
1422230100	0	0	0
1422316500	0	0	0
1422402900	0	0	0
1422489300	0	0	0
1422575700	0	0	0
1422662100	0	0	0
1422748500	0	0	0
1422834900	0	0	0
1422921300	0	0	0
1423007700	0	0	0
1423094100	0	0	0
1423180500	0	0	0
1423266900	0	0	0
1423353300	0	0	0
1423439700	0	0	0
1423526100	0	0	0
1423612500	0	0	0
1423698900	0	0	0
1423785300	0	0	0
1423871700	0	0	0
1423958100	186	220.749	2348.38
1424044500	604	562.421	6002.66
1424130900	533	501.201	5352.93
1424217300	575	579.342	6123.15
1424303700	602	588.51	6177.12
1424390100	583	580.781	6107.27
1424476500	550	550.86	5797.96
1424562900	569	566.263	5997.51
1424649300	570	569.096	6068.33
1424735700	589	567.398	6040.31
1424822100	492	479.671	5080.01
1424908500	542	553.565	5873.93
1424994900	473	472.072	4990.02
1425081300	561	551.679	5848.5
1425167700	606	554.617	5870.84
1425254100	564	550.596	5826.98
1425340500	432	403.774	4265.85
1425426900	304	297.481	3151.26
1425513300	0	0	0
1425599700	0	0	0
1425686100	0	0	0
1425772500	0	0	0
1425858900	0	0	0
1425945300	0	0	0
1426031700	1	3.34187	0
1426118100	585	560.327	5975.91
1426204500	395	373.067	3961.56
1426290900	532	554.04	5869.55
1426377300	570	550.375	5827.25
1426463700	556	559.744	5927.11
1426550100	545	517.786	5509.2
1426636500	442	451.169	4829.55
1426722900	511	525.626	5624.79
1426809300	218	230.316	2468.68
1426895700	359	386.011	4131.53
1426982100	540	544.22	5761.64
1427068500	2	0	0
1427154900	308	314.535	3344.26
1427241300	446	462.581	4916.11
1427327700	459	454.068	4797.24
1427414100	484	460.492	4870.9
1427500500	554	526.003	5591.84
1427586900	535	544.484	5793.31
1427673300	568	547.674	5793.72
1427759700	578	551.302	5813.4
1427846100	564	545.645	5751.11
1427932500	528	543.585	5740.62
1428018900	592	547.179	5781.23
1428105300	535	549.132	5777.61
1428191700	525	544.613	5743.57
1428278100	555	544.044	5769.84
1428364500	565	555.589	5855.2
1428450900	540	547.507	5763.05
1428537300	553	536.44	5657.99
1428623700	528	542.849	5766.21
1428710100	574	539.766	5751.33
1428796500	573	535.945	5701.37
1428882900	512	504.831	5342.54
1428969300	525	519.963	5512.23
1429055700	506	527.464	5559.33
1429142100	519	538.996	5659.64
1429228500	548	543.447	5680.53
1429314900	521	493.526	5157.9
1429401300	589	551.253	5717
1429487700	565	552.692	5775.08
1429574100	569	558.815	5866.58
1429660500	618	579.747	6109.7
1429746900	606	597.471	6289.6
1429833300	625	587.197	6181.2
1429919700	597	596.042	6308.88
1430006100	633	594.315	6248.68
1430092500	627	590.958	6269.54
1430178900	642	593.387	6291.53
1430265300	588	602.151	6349.9
1430351700	590	602.387	6353.09
1430438100	628	568.655	5956.33
1430524500	626	620.843	6450.65
1430610900	620	618.254	6379.15
1430697300	667	606.686	6284.5
1430783700	630	611.945	6341.45
1430870100	612	612.29	6410.98
1430956500	643	622.285	6476.88
1431042900	680	628.055	6504.24
1431129300	673	630.901	6545.63
1431215700	655	621.734	6515.97
1431302100	587	614.924	6469.55
1431388500	652	610.728	6367.83
1431474900	634	620.641	6456.55
1431561300	599	618.3	6466.11
1431647700	658	626.436	6524.08
1431734100	674	609.405	6367.19
1431820500	623	570.714	5950.88
1431906900	575	570.085	5996.82
1431993300	645	607.504	6420.62
1432079700	571	571.047	5962.26
1432166100	629	607.77	6313.77
1432252500	572	610.022	6373.72
1432338900	534	618.038	6393.98
1432425300	622	619.894	6399.42
1432511700	643	613.515	6335.59
1432598100	641	616.226	6369.62
1432684500	623	608.43	6339.88
1432770900	678	610.15	6354.76
1432857300	651	614.556	6370.55
1432943700	628	618.569	6415.62
1433030100	608	619.066	6400.33
1433116500	631	608.631	6301.99
1433202900	669	608.179	6344.47
1433289300	477	515.802	5377.77
1433375700	615	607.157	6337.72
1433462100	667	600.702	6289.98
1433548500	628	619.827	6443.98
1433634900	574	617.412	6411.96
1433721300	640	624.603	6448.83
1433807700	630	625.525	6442.83
1433894100	649	617.358	6380.31
1433980500	658	616.755	6365.36
1434066900	657	605.422	6279.33
1434153300	543	540.722	5555.9
1434239700	0	0	0
1434326100	0	0	0
1434412500	481	506.472	5201.03
1434498900	637	610.646	6283.91
1434585300	291	307.663	3200.85
1434671700	660	624.134	6457.48
1434758100	692	627.827	6475.02
1434844500	631	622.865	6486.66
1434930900	638	623.166	6467.86
1435017300	616	621.185	6465.07
1435103700	644	627.264	6429.51
1435190100	729	620.523	6344.14
1435276500	602	611.079	6341.74
1435362900	656	610.611	6350.19
1435449300	586	590.967	6119.88
1435535700	615	617.032	6357.01
1435622100	655	610.078	6356.4
1435708500	601	611.962	6366.33
1435794900	606	624.319	6451.1
1435881300	592	621.603	6426.82
1435967700	623	621.35	6392.28
1436054100	650	627.21	6361.31
1436140500	663	619.292	6364.27
1436226900	603	615.325	6364.62
1436313300	614	588.716	6080.57
1436399700	502	515.61	5329.14
1436486100	595	614.587	6382.21
1436572500	613	618.469	6371.6
1436658900	594	619.762	6314.02
1436745300	587	594.539	6041.42
1436831700	597	598.442	6131.38
1436918100	615	611.784	6304.73
1437004500	621	615.035	6371.62
1437090900	608	615.846	6369.45
1437177300	642	616.434	6365.87
1437263700	586	594.746	6102.99
1437350100	612	615.003	6359.7
1437436500	620	609.225	6315.26
1437522900	638	612.526	6314.32
1437609300	615	603.837	6249.93
1437695700	617	605.173	6308.42
1437782100	602	605.6	6268.24
1437868500	702	610.618	6287.81
1437954900	497	489.837	5082.18
1438041300	571	582.822	6034.48
1438127700	637	607.783	6284.48
1438214100	654	607.121	6265.73
1438300500	611	604.638	6239.18
1438386900	574	602.186	6226.76
1438473300	568	596.208	6134.31
1438559700	526	551.013	5709.11
1438646100	609	591.019	6110.89
1438732500	581	593.842	6128.2
1438818900	585	599.923	6120.31
1438905300	614	590.772	5987.95
1438991700	524	509.733	5186.84
1439078100	400	402.32	4093.96
1439164500	303	274.285	2811.55
1439250900	0	0	0
1439337300	4	8.2828	0
1439423700	416	438.855	4563.43
1439510100	454	466.334	4816.14
1439596500	580	556.799	5731.89
1439682900	521	554.696	5761.73
1439769300	490	495.992	5139.36
1439855700	536	532.728	5568.16
1439942100	498	558.732	5861.94
1440028500	593	575.175	6031.21
1440114900	615	569.709	5931.97
1440201300	527	585.459	6020.92
1440287700	540	579.637	6035.75
1440374100	524	576.197	5996.08
1440460500	604	571.802	5941.61
1440546900	577	579.141	5985.78
1440633300	556	548.983	5728.28
1440719700	593	576.226	6022.67
1440806100	573	576.689	6015.94
1440892500	406	431.922	4531.84
1440978900	351	353.501	3712.61
1441065300	340	408.176	4329.37
1441151700	542	497.593	5220.82
1441238100	535	557.417	5878.17
1441324500	555	563.792	5932.7
1441410900	586	564.984	5962.75
1441497300	465	455.191	4744.31
1441583700	310	304.675	3142.61
1441670100	58	92.5279	958.698
1441756500	0	0	0
1441842900	521	567.062	5836.84
1441929300	550	576.399	5977.99
1442015700	610	574.877	5996.5
1442102100	565	571.261	5975.27
1442188500	566	570.55	5950.4
1442274900	561	579.702	5992.67
1442361300	602	577.61	5961.22
1442447700	571	577.325	5953.28
1442534100	567	573.471	5946.54
1442620500	573	570.862	5956.89
1442706900	609	571.967	5970.06
1442793300	582	573.188	5948.43
1442879700	88	95.5995	990.51
1442966100	390	398.019	4122.58
1443052500	480	476.552	4931.76
1443138900	474	498.365	5166.01
1443225300	578	582.811	6064.15
1443311700	570	587.84	6127.62
1443398100	606	591.339	6155.36
1443484500	573	584.81	6099.66
1443570900	558	593.148	6175.45
1443657300	646	604.859	6264.62
1443743700	488	493.042	5120.06
1443830100	403	387.671	4044.8
1443916500	261	263.185	2727.7
1444002900	255	240.806	2495.73
1444089300	230	251.122	2608.36
1444175700	431	431.573	4477.42
1444262100	521	542.092	5627.6
1444348500	534	526.984	5485.25
1444434900	482	482.829	5050.59
1444521300	377	421.737	4415.81
1444607700	464	512.711	5336.99
1444694100	524	545.695	5622.53
1444780500	372	378.487	3877.1
1444866900	607	579.904	5957.93
1444953300	578	606.63	6320.38
1445039700	570	606.91	6363.16
1445126100	607	608.798	6389.68
1445212500	620	611.996	6390.27
1445298900	606	604.839	6259.99
1445385300	474	517.253	5365.9
1445471700	607	615.637	6415.71
1445558100	580	620.888	6509.49
1445644500	591	573.65	5980.26
1445730900	609	569.325	5914.93
1445817300	563	588.458	6160.37
1445903700	587	601.386	6338.56
1445990100	627	564.509	5953.8
1446076500	575	574.101	6065.54
1446162900	621	593.744	6253.19
1446249300	475	502.749	5295.98
1446335700	485	467.029	4903.17
1446422100	477	468.216	4929.14
1446508500	394	389.06	4090.68
1446594900	437	445.125	4720.56
1446681300	607	588.87	6243.67
1446767700	601	588.032	6227.5
1446854100	620	597.207	6306.68
1446940500	639	602.581	6323.25
1447026900	501	496.918	5192.69
1447113300	500	520.859	5491.22
1447199700	605	596.258	6326.55
1447286100	593	575.304	6042.6
1447372500	614	600.92	6302.99
1447458900	605	600.721	6334.23
1447545300	622	599.155	6299.18
1447631700	643	598.57	6293.7
1447718100	504	569.547	5945.34
1447804500	534	549.284	5718.2
1447890900	570	602.107	6235.78
1447977300	611	600.637	6288.09
1448063700	646	606.664	6305.76
1448150100	573	605.275	6320.79
1448236500	583	603.761	6331.25
1448322900	486	503.984	5246.37
1448409300	601	604.477	6303.69
1448495700	475	424.943	4451.74
1448582100	570	603.498	6334.69
1448668500	506	494.952	5220.64
1448754900	554	540.953	5725.06
1448841300	508	474.624	5035.83
1448927700	460	453.814	4788.21
1449014100	459	440.326	4659.31
1449100500	510	531.052	5596.11
1449186900	580	577.725	6115.1
1449273300	451	449.071	4774.21
1449359700	584	571.124	6092.13
1449446100	593	573.44	6083.88
1449532500	501	485.365	5102.6
1449618900	480	535.358	5645.78
1449705300	561	567.927	6028.06
1449791700	571	572.221	6056.63
1449878100	424	450.73	4740.33
1449964500	562	570.41	5966
1450050900	545	562.46	5896.83
1450137300	262	282.066	2972.93
1450223700	554	542.505	5729.22
1450310100	556	576.467	6059.1
1450396500	552	586.923	6172.23
1450482900	607	588.127	6206.98
1450569300	607	589.845	6224.93
1450655700	543	557.808	5870.45
1450742100	517	531.199	5579.48
1450828500	569	531.236	5570.17
1450914900	557	558.573	5918.68
1451001300	593	567.982	6035.59
1451087700	495	487.963	5181.81
1451174100	520	559.801	5934.36
1451260500	572	562.014	5962.11
1451346900	251	239.657	2537.2
1451433300	0	0	0
1451519700	0	0	0
1451606100	0	0	0
1451692500	0	0	0
1451778900	0	0	0
1451865300	0	0	0
1451951700	448	434.302	4623.75
1452038100	461	467.918	4994.67
1452124500	499	487.51	5213.49
1452210900	265	286.921	3041.66
1452297300	418	435.12	4624.06
1452383700	445	450.613	4769.9
1452470100	490	525.181	5586.06
1452556500	527	536.721	5679.87
1452642900	518	536.112	5701.15
1452729300	550	549.216	5838.1
1452815700	522	555.619	5900.45
1452902100	276	277.968	2963.15
1452988500	544	552.61	5890.85
1453074900	545	550.018	5882.26
1453161300	549	550.706	5903.11
1453247700	540	550.85	5908.91
1453334100	506	524.144	5628.48
1453420500	518	523.007	5586.02
1453506900	588	537.131	5766.59
1453593300	357	327.98	3486.78
1453679700	375	375.867	3936.38
1453766100	532	486.635	5120.42
1453852500	485	418.849	4429.98
1453938900	471	510.67	5408.35
1454025300	449	453.606	4808.94
1454111700	258	235.707	2509.86
1454198100	423	411.961	4438.07
1454284500	431	465.699	5005.71
1454370900	477	459.596	4917.26
1454457300	414	437.292	4630.59
1454543700	505	522.401	5539.41
1454630100	499	496.441	5273.37
1454716500	388	397.146	4242.43
1454802900	395	411.723	4389.6
1454889300	429	459.628	4878.18
1454975700	531	504.768	5391.79
1455062100	564	507.391	5438.51
1455148500	338	354	3767.58
1455234900	478	511.737	5448.42
1455321300	489	526.323	5572.18
1455407700	494	511.99	5427.52
1455494100	515	523.24	5560.56
1455580500	513	515.651	5451.72
1455666900	502	531.296	5579.02
1455753300	558	535.461	5657.2
1455839700	514	521.575	5552.61
1455926100	556	542.661	5763.06
1456012500	291	271.244	2879.87
1456098900	467	509.935	5428.48
1456185300	487	467.481	4997.41
1456271700	525	507.112	5421.11
1456358100	606	542.521	5767.06
1456444500	575	569.912	5988.28
1456530900	516	574.312	6052.04
1456617300	289	284.944	3007.99
1456703700	563	550.289	5848.38
1456790100	555	537.696	5747.1
1456876500	544	558.168	5970.06
1456962900	271	279.2	2972.62
1457049300	570	541.138	5749.78
1457135700	301	276.141	2944.59
1457222100	499	526.058	5595.24
1457308500	449	439.265	4652.11
1457394900	526	554.864	5870.39
1457481300	547	556.578	5916.13
1457567700	559	559.663	5965
1457654100	543	551.256	5838.85
1457740500	525	550.64	5886.22
1457826900	573	556.788	5941.69
1457913300	590	540.277	5761.12
1457999700	520	519.608	5537.51
1458086100	553	548.553	5868.16
1458172500	548	559.072	5927.05
1458258900	396	430.57	4560.08
1458345300	269	259.369	2771.44
1458431700	275	246.22	2615.38
1458518100	53	55.1827	583.139
1458604500	314	265.602	2822.29
1458690900	259	249.044	2659.92
1458777300	592	567.798	6040.01
1458863700	231	274.782	2938.84
1458950100	169	165.071	1757.34
1459036500	241	237.83	2525.45
1459122900	272	253.325	2693.42
1459209300	293	251.515	2674.19
1459295700	316	280.848	2985.77
1459382100	478	497.506	5273.5
1459468500	484	461.744	4876.24
1459554900	261	234.042	2461.26
1459641300	213	223.824	2354.09
1459727700	352	386.853	4069.95
1459814100	530	568.379	6012.27
1459900500	578	579.716	6065.61
1459986900	584	572.73	5996.89
1460073300	592	575.121	6055.75
1460159700	431	448.55	4718.96
1460246100	588	575.617	6065.33
1460332500	596	569.498	6007.86
1460418900	561	566.634	5963.29
1460505300	604	564.249	5890.1
1460591700	587	563.286	5888.06
1460678100	576	567.582	5884.38
1460764500	558	569.137	5881.57
1460850900	594	563.347	5877.93
1460937300	488	474.011	4958.45
1461023700	446	429.9	4478.19
1461110100	515	505.966	5250.25
1461196500	573	568.006	5928.73
1461282900	590	578.556	6033.01
1461369300	617	582.479	6018.19
1461455700	583	580.708	5970.89
1461542100	480	530.132	5478.37
1461628500	0	0	0
1461714900	279	276.911	2913.4
1461801300	582	562.763	5863.23
1461887700	552	562.447	5878.86
1461974100	558	548.968	5770.22
1462060500	584	549.51	5694.12
1462146900	531	540.148	5656.32
1462233300	552	525.06	5544.39
1462319700	414	431.965	4520.52
1462406100	506	509.748	5356.45
1462492500	543	540.443	5671.67
1462578900	399	410.106	4308.72
1462665300	426	434.108	4533.21
1462751700	409	424.107	4426.18
1462838100	417	423.243	4446.39
1462924500	140	120.059	1264.01
1463010900	0	0	0
1463097300	0	0	0
1463183700	0	0	0
1463270100	0	0	0
1463356500	0	0	0
1463442900	0	0	0
1463529300	0	0	0
1463615700	0	0	0
1463702100	0	0	0
1463788500	0	0	0
1463874900	0	0	0
1463961300	105	118.403	1245.17
1464047700	159	150.4	1569.19
1464134100	165	179.682	1868.01
1464220500	465	480.585	5046.6
1464306900	443	477.817	5028.42
1464393300	402	367.956	3860.76
1464479700	130	140.057	1483.76
1464566100	176	153.224	1606.58
1464652500	136	149.605	1553.1
1464738900	155	159.435	1677.9
1464825300	243	229.214	2364.62
1464911700	535	518.909	5346.37
1464998100	177	170.728	1747.88
1465084500	343	328.672	3396.38
1465170900	185	175.325	1821.47
1465257300	221	190.556	2018.28
1465343700	270	253.004	2715.92
1465430100	216	205.719	2150.21
1465516500	332	340.873	3588.21
1465602900	523	518.407	5425.3
1465689300	566	525.644	5491.73
1465775700	582	530.005	5489.24
1465862100	554	524.759	5489.19
1465948500	502	522.522	5485.32
1466034900	530	518.569	5440.75
1466121300	494	529.962	5543.13
1466207700	577	533.142	5555.05
1466294100	526	529.235	5543.69
1466380500	528	529.31	5526.99
1466466900	528	526.666	5485.97
1466553300	520	528.361	5497.77
1466639700	560	534.92	5530.12
1466726100	522	520.75	5375.02
1466812500	488	507.661	5292.08
1466898900	534	504.911	5272.11
1466985300	543	501.316	5258.1
1467071700	3	0	0
1467158100	561	514.202	5300.91
1467244500	505	521.678	5410.98
1467330900	542	536.636	5576.04
1467417300	534	532.599	5524.57
1467503700	554	537.936	5572.32
1467590100	491	518.038	5366.81
1467676500	529	535.5	5559
1467762900	567	547.498	5702.83
1467849300	567	549.612	5708.9
1467935700	568	552.894	5708.89
1468022100	591	553.785	5713.44
1468108500	570	556.402	5714.04
1468194900	522	557.063	5708.09
1468281300	350	384.546	3948.84
1468367700	501	515.229	5269.19
1468454100	575	568.021	5801.69
1468540500	546	563.358	5811.18
1468626900	521	545.609	5645.4
1468713300	541	562.056	5795.29
1468799700	579	561.136	5796.16
1468886100	587	558.335	5806.94
1468972500	607	569.995	5877.05
1469058900	616	566.959	5917.11
1469145300	601	572.647	5943.81
1469231700	612	576.419	5966.28
1469318100	593	568.766	5895.86
1469404500	585	570.15	5870.84
1469490900	561	560.108	5800.53
1469577300	575	549.587	5711.68
1469663700	529	560.21	5787.34
1469750100	585	562.958	5792.71
1469836500	580	562.68	5780.61
1469922900	553	559.037	5767.08
1470009300	587	551.819	5765.16
1470095700	621	546.369	5702.76
1470182100	608	557.03	5774.85
1470268500	590	558.801	5791.16
1470354900	533	553.013	5719.69
1470441300	570	557.432	5784.87
1470527700	583	553.462	5784.73
1470614100	570	553.374	5787.31
1470700500	575	548.63	5753.54
1470786900	585	549.392	5756.85
1470873300	615	549.898	5719.08
1470959700	575	551.95	5767.21
1471046100	554	551.819	5769.78
1471132500	578	552.062	5762.21
1471218900	536	544.536	5680.51
1471305300	545	549.3	5702.48
1471391700	500	543.581	5639.35
1471478100	412	426.761	4448.41
1471564500	541	526.296	5472.21
1471650900	530	549.478	5704.02
1471737300	561	543.275	5697.56
1471823700	562	540.771	5661.21
1471910100	583	528.389	5522.59
1471996500	591	534.732	5563.84
1472082900	556	529.923	5544.67
1472169300	539	523.686	5475.09
1472255700	507	525.133	5457.55
1472342100	516	525.976	5474.73
1472428500	509	522.234	5466.75
1472514900	603	522.71	5470.91
1472601300	493	520.123	5442.34
1472687700	527	522.611	5438.5
1472774100	495	514.075	5389.41
1472860500	475	518.697	5482.97
1472946900	467	520.668	5482.32
1473033300	466	522.718	5469.21
1473119700	533	524.482	5467.94
1473206100	542	524.541	5466.92
1473292500	558	524.141	5495.96
1473378900	536	522.102	5487.82
1473465300	571	519.742	5469.24
1473551700	520	520.83	5470.61
1473638100	500	522.891	5440.08
1473724500	417	414.059	4305.68
1473810900	316	322.207	3379.53
1473897300	486	488.788	5113.72
1473983700	521	512.524	5383.15
1474070100	517	521.022	5428.94
1474156500	493	513.293	5399.85
1474242900	495	510.123	5405.02
1474329300	573	512.77	5398.02
1474415700	517	507.229	5338.62
1474502100	505	511.671	5383.14
1474588500	501	501.955	5351.18
1474674900	492	506.397	5328.92
1474761300	514	506.729	5335.12
1474847700	520	505.172	5288.4
1474934100	523	506.827	5323.24
1475020500	483	502.157	5298.3
1475106900	479	480.435	5086
1475193300	497	490.831	5117.91
1475279700	489	487.039	5105.08
1475366100	508	485.533	5097.99
1475452500	503	481.718	5095.63
1475538900	451	487.73	5127.49
1475625300	456	485.969	5129
1475711700	433	470.177	4931.76
1475798100	508	492.801	5125.19
1475884500	486	488.431	5096.9
1475970900	479	486.726	5080.1
1476057300	498	485.427	5083.59
1476143700	486	487.662	5111.84
1476230100	480	486.452	5085.02
1476316500	477	488.846	5092.92
1476402900	468	486.256	5067.74
1476489300	432	482.485	5027.26
1476575700	338	348.956	3585.94
1476662100	445	447.907	4644.84
1476748500	333	351.667	3652.02
1476834900	292	304.191	3163.54
1476921300	353	359.935	3772.66
1477007700	480	488.957	5124.16
1477094100	505	507.943	5297.09
1477180500	354	350.917	3671.32
1477266900	404	435.484	4563.09
1477353300	436	502.751	5263
1477439700	470	497.825	5250.34
1477526100	496	491.352	5237.8
1477612500	0	0	0
1477698900	543	494.892	5225.51
1477785300	487	497.712	5256.52
1477871700	391	417.284	4360.97
1477958100	476	503.603	5214.15
1478044500	462	497.44	5186.91
1478130900	482	487.327	5156.59
1478217300	454	479.296	5129.25
1478303700	471	480.472	5129.46
1478390100	478	479.327	5092.5
1478476500	495	483.979	5132.02
1478562900	487	482.884	5122.81
1478649300	514	480.119	5070.78
1478735700	438	478.828	5045.11
1478822100	508	477.979	5047.72
1478908500	501	483.502	5085.64
1478994900	478	485.773	5089.36
1479081300	467	488.948	5124.89
1479167700	477	484.118	5074.98
1479254100	437	475.765	5014.59
1479340500	460	474.643	5003.19
1479426900	480	470.36	4979.81
1479513300	488	476.206	5020.22
1479599700	322	307.359	3236.3
1479686100	1	0	0
1479772500	479	453.695	4795.02
1479858900	451	463.339	4885.08
1479945300	325	370.649	3903.49
1480031700	306	282.8	2978.53
1480118100	374	349.514	3658.47
1480204500	304	296.269	3126.63
1480290900	0	0	0
1480377300	0	0	0
1480463700	464	436.32	4640.34
1480550100	471	469.615	4986.75
1480636500	473	455.66	4837.16
1480722900	488	452.631	4830.51
1480809300	481	479.91	5076.69
1480895700	330	328.487	3443.84
1480982100	492	483.349	5088.17
1481068500	480	487.979	5131.67
1481154900	417	448.469	4742.85
1481241300	493	492.7	5202.92
1481327700	539	494.868	5225.38
1481414100	535	492.855	5226.27
1481500500	441	489.3	5182.17
1481586900	477	489.064	5160.68
1481673300	493	490.771	5199.97
1481759700	481	493.2	5241.33
1481846100	490	492.025	5239.15
1481932500	487	498.923	5303.48
1482018900	487	481.245	5095.53
1482105300	483	499.964	5312.94
1482191700	478	462.057	4889.23
1482278100	504	494.467	5229.04
1482364500	523	501.689	5300.64
1482450900	485	510.385	5385.61
1482537300	477	485.235	5123.75
1482623700	432	448.525	4711.08
1482710100	518	513.201	5369.99
1482796500	485	498.922	5244.7
1482882900	487	457.733	4864.75
1482969300	542	525.023	5585.84
1483055700	554	528.361	5622.45
1483142100	543	534.47	5662.23
1483228500	499	505.262	5366.31
1483314900	507	521.444	5543.15
1483401300	531	523.268	5539.89
1483487700	510	532.007	5599.11
1483574100	551	544.861	5732.35
1483660500	576	548.829	5800.8
1483746900	540	553.808	5865.61
1483833300	513	499.778	5321.69
1483919700	261	277.042	2929.72
1484006100	548	556.641	5884.87
1484092500	550	562.195	5955.81
1484178900	551	556.63	5941.32
1484265300	574	557.999	5958.63
1484351700	569	562.572	5980.04
1484438100	449	453.561	4791.75
1484524500	436	447.734	4752.17
1484610900	506	558.583	5955.7
1484697300	553	559.231	5959.57
1484783700	537	560.757	5973.07
1484870100	561	530.112	5695.92
1484956500	561	545.362	5885.92
1485042900	484	476.551	5102.52
1485129300	554	520.411	5574.41
1485215700	514	470.898	5027.42
1485302100	509	520.684	5571.12
1485388500	520	533.212	5743.34
1485474900	584	546.31	5893.63
1485561300	582	555.861	5964.91
1485647700	597	559.685	5979.07
1485734100	560	558.818	5955.23
1485820500	577	559.244	5953.51
1485906900	437	409.531	4347.59
1485993300	545	540.507	5719.65
1486079700	495	530.906	5577.25
1486166100	420	439.409	4621.12
1486252500	361	334.072	3510.56
1486338900	566	542.598	5739.69
1486425300	528	547.382	5778.27
1486511700	468	495.068	5227.59
1486598100	508	504.253	5333.98
1486684500	479	474.926	5039.16
1486770900	525	548.514	5824.87
1486857300	561	547.505	5826.36
1486943700	454	449.495	4806.42
1487030100	404	414.017	4409.78
1487116500	351	392.66	4178.2
1487202900	384	394.628	4188.77
1487289300	465	454.418	4798.1
1487375700	513	529.351	5559.5
1487462100	584	533.602	5666.14
1487548500	521	535.407	5728.44
1487634900	546	536.005	5759.28
1487721300	530	507.907	5471.97
1487807700	500	529.356	5688.65
1487894100	558	524.8	5634.11
1487980500	372	350.83	3751.09
1488066900	301	331.572	3533.62
1488153300	283	287.706	3057.4
1488239700	282	286.994	3056.24
1488326100	258	246.154	2601.58
1488412500	456	453.29	4743.65
1488498900	529	530.886	5604.58
1488585300	525	534.457	5633.03
1488671700	504	534.259	5621.41
1488758100	524	517.264	5454.16
1488844500	546	523.444	5560.32
1488930900	544	522.287	5505.57
1489017300	513	526.882	5518.75
1489103700	495	523.374	5492.76
1489190100	563	529.746	5536.52
1489276500	502	523.797	5520.9
1489362900	546	526.126	5557.97
1489449300	561	534.274	5644.68
1489535700	481	505.931	5333.86
1489622100	553	523.162	5554.04
1489708500	518	527.276	5588.32
1489794900	555	528.607	5599.01
1489881300	543	524.853	5565.84
1489967700	461	429.982	4569.12
1490054100	515	504.235	5366.01
1490140500	219	222.548	2368.19
1490226900	339	331.771	3549.46
1490313300	552	528.832	5613.26
1490399700	351	356.266	3742.11
1490486100	467	510.695	5371.85
1490572500	477	483.906	5110.86
1490658900	514	499.551	5302.49
1490745300	535	527.094	5586.05
1490831700	522	535.66	5633.91
1490918100	502	534.165	5622.73
1491004500	321	328.076	3474.88
1491090900	307	321.539	3394.56
1491177300	446	440.062	4632.46
1491263700	462	499.481	5223.86
1491350100	517	527.039	5539.49
1491436500	490	501.741	5276.49
1491522900	546	524.526	5461.96
1491609300	495	530.517	5505
1491695700	509	530.297	5533.66
1491782100	485	525.818	5492.97
1491868500	288	270.31	2843.72
1491954900	497	506.523	5366.63
1492041300	474	454.613	4776.61
1492127700	522	521.689	5476.57
1492214100	491	496.725	5226.14
1492300500	520	516.036	5464.62
1492386900	478	507.482	5356.1
1492473300	495	498.478	5252.8
1492559700	507	496.526	5205.24
1492646100	507	495.259	5191.91
1492732500	530	501.687	5254.08
1492818900	500	501.155	5257.14
1492905300	528	497.561	5242.35
1492991700	449	454.033	4750.4
1493078100	390	459.433	4763.37
1493164500	538	505.753	5262.44
1493250900	542	519.834	5421.53
1493337300	567	521.869	5482.22
1493423700	442	437.745	4612.23
1493510100	574	513.225	5407.79
1493596500	601	519.399	5455.46
1493682900	509	511.829	5347.56
1493769300	510	517.6	5457.76
1493855700	524	521.553	5464.07
1493942100	560	527.156	5482.63
1494028500	574	539.8	5599.3
1494114900	526	542.545	5615.3
1494201300	464	444.595	4643.86
1494287700	512	532.381	5575.75
1494374100	524	534.188	5598.93
1494460500	522	539.721	5606.96
1494546900	547	533.431	5519.88
1494633300	465	532.441	5544.72
1494719700	568	534.169	5555.31
1494806100	520	530.467	5530.5
1494892500	574	539.382	5606.33
1494978900	566	550.693	5683.26
1495065300	352	369.859	3803.77
1495151700	471	469.46	4859.78
1495238100	557	553.53	5708.33
1495324500	557	553.203	5738.9
1495410900	550	552.431	5726.24
1495497300	533	554.153	5735.75
1495583700	564	553.787	5698.85
1495670100	576	553.083	5700.34
1495756500	522	548.374	5680.12
1495842900	530	547.469	5716.38
1495929300	526	551.746	5716.98
1496015700	544	513.06	5304.49
1496102100	553	549.271	5721.75
1496188500	587	548.754	5733.75
1496274900	290	291.98	3051.36
1496361300	576	561.185	5812.75
1496447700	614	570.278	5884.24
1496534100	531	563.906	5834.64
1496620500	547	559.514	5775.15
1496706900	562	554.129	5687.47
1496793300	481	506.518	5185.96
1496879700	566	559.938	5746.46
1496966100	554	559.905	5881.05
1497052500	555	561.011	5879.77
1497138900	551	562.395	5832
1497225300	559	562.162	5812.3
1497311700	607	564.633	5790.93
1497398100	640	563.512	5803.18
1497484500	573	558.404	5794.96
1497570900	525	560.977	5813.52
1497657300	570	569.612	5826.92
1497743700	569	566.208	5828.09
1497830100	552	562.425	5822.66
1497916500	578	567.774	5847.38
1498002900	615	567.577	5850.44
1498089300	418	450.778	4651.18
1498175700	331	358.924	3687.4
1498262100	354	357.358	3690.9
1498348500	359	361.25	3691.2
1498434900	365	357.205	3680.48
1498521300	212	227.38	2371.43
1498607700	0	0	0
1498694100	243	268.711	2780.42
1498780500	530	561.557	5868.67
1498866900	507	562.501	5917.02
1498953300	603	573.582	5985.05
1499039700	631	575.404	5963.33
1499126100	573	578.597	5954.87
1499212500	602	580.248	5977.7
1499298900	545	577.464	5974.73
1499385300	579	569.585	5939.98
1499471700	545	569.428	5926.75
1499558100	580	566.785	5915.97
1499644500	548	566.579	5919.12
1499730900	601	570.835	5905.75
1499817300	578	578.209	5899.64
1499903700	598	573.204	5914.59
1499990100	543	568.314	5901.45
1500076500	548	577.303	5904.59
1500162900	533	570.775	5861.92
1500249300	542	564.82	5845
1500335700	625	558.782	5836.57
1500422100	596	559.905	5855.53
1500508500	573	558.009	5830.88
1500594900	550	557.718	5838.94
1500681300	613	556.697	5763.65
1500767700	519	561.244	5791.71
1500854100	531	558.367	5767.91
1500940500	551	554.862	5757.17
1501026900	575	555.057	5749.74
1501113300	521	554.335	5735.74
1501199700	556	558.409	5752.86
1501286100	563	554.57	5771.83
1501372500	558	551.605	5773.43
1501458900	483	551.958	5741.69
1501545300	568	556.372	5716.86
1501631700	581	550.633	5710.74
1501718100	566	542.832	5664.29
1501804500	503	468.302	4860.38
1501890900	547	547.671	5664.46
1501977300	388	370.207	3826.22
1502063700	251	247.953	2564.29
1502150100	275	271.789	2811.61
1502236500	365	365.435	3770.71
1502322900	588	563.459	5797.6
1502409300	525	561.587	5772.26
1502495700	539	562.823	5785.22
1502582100	534	552.646	5695.79
1502668500	531	539.412	5572.99
1502754900	486	546.249	5673.55
1502841300	546	548.85	5724.66
1502927700	610	558.868	5817.75
1503014100	566	566.68	5872.87
1503100500	522	545.583	5625.35
1503186900	507	543.281	5639.55
1503273300	527	542.385	5644.08
1503359700	573	545.789	5629.99
1503446100	451	518.022	5338.88
1503532500	361	347.855	3558.99
1503618900	415	400.618	4130.35
1503705300	506	512.227	5306.28
1503791700	549	536.175	5528.81
1503878100	563	531.774	5481.96
1503964500	495	508.2	5243.19
1504050900	507	525.756	5468.81
1504137300	536	532.166	5514.32
1504223700	558	539.36	5566
1504310100	514	535.052	5568.35
1504396500	391	408.177	4236.28
1504482900	445	455.065	4753.39
1504569300	562	537.704	5625.14
1504655700	557	552.463	5702.43
1504742100	567	553.078	5735.12
1504828500	591	559.776	5786.79
1504914900	560	565.308	5851.57
1505001300	558	569.465	5864.11
1505087700	580	563.847	5830.22
1505174100	517	554.679	5771.52
1505260500	560	566.873	5910.43
1505346900	558	569.588	5945.83
1505433300	516	552.651	5812.86
1505519700	559	559.121	5890.09
1505606100	539	555.384	5838.99
1505692500	564	561.979	5899.84
1505778900	581	559.562	5847.64
1505865300	543	511.269	5349.14
1505951700	552	556.392	5857.77
1506038100	556	555.421	5837.62
1506124500	545	530.991	5601.04
1506210900	535	557.889	5841.76
1506297300	563	554.819	5842.08
1506383700	579	555.851	5850.91
1506470100	539	560.008	5859.79
1506556500	561	562.779	5893.02
1506642900	491	526.087	5497.58
1506729300	615	575.644	5968.37
1506815700	506	560.021	5739.62
1506902100	559	578.24	5991.03
1506988500	579	585.618	6085.85
1507074900	612	596.708	6187.24
1507161300	578	619.443	6304.09
1507247700	599	603.243	6265.03
1507334100	507	525.076	5530.8
1507420500	495	496.656	5196.45
1507506900	538	552.062	5772.14
1507593300	521	546.46	5699.3
1507679700	575	578.74	5999.98
1507766100	571	604.013	6268.67
1507852500	456	458.811	4780.36
1507938900	523	489.649	5140.06
1508025300	561	551.904	5807
1508111700	282	254.622	2669.32
1508198100	358	383.376	3997.14
1508284500	600	588.562	6180.49
1508370900	587	587.428	6180.7
1508457300	619	596.875	6208.74
1508543700	620	597.875	6231.68
1508630100	579	590.855	6222.08
1508716500	632	591.728	6192.36
1508802900	594	588.763	6180.13
1508889300	615	591.309	6200.89
1508975700	605	592.915	6220.2
1509062100	587	589.885	6185.8
1509148500	622	598.536	6221.9
1509234900	596	598.129	6197.43
1509321300	591	596.496	6197.12
1509407700	581	599.974	6274.24
1509494100	620	605.951	6328.98
1509580500	617	610.625	6355.31
1509666900	597	613.621	6364.85
1509753300	609	618.206	6455.38
1509839700	611	618.992	6472.2
1509926100	606	607.882	6432.05
1510012500	574	586.143	6166.17
1510098900	504	485.804	5094
1510185300	617	587.548	6179.96
1510271700	589	612.176	6458.78
1510358100	616	612.66	6475.48
1510444500	612	601.92	6360.04
1510530900	622	597.998	6346.15
1510617300	485	524.374	5540.59
1510703700	596	600.524	6307.44
1510790100	553	598.772	6304.17
1510876500	629	597.523	6279.8
1510962900	576	604.123	6337.94
1511049300	566	577.045	6063.49
1511135700	519	555.707	5825.21
1511222100	578	597.882	6267.53
1511308500	535	600.9	6343.43
1511394900	594	603.721	6351.36
1511481300	574	597.929	6286.88
1511567700	561	596.444	6301.91
1511654100	595	592.696	6275.57
1511740500	585	594.198	6304.42
1511826900	604	588.65	6226.39
1511913300	597	596.64	6302.81
1511999700	581	594.806	6304.83
1512086100	498	523.752	5531.12
1512172500	550	609.372	6428.7
1512258900	372	363.989	3832.82
1512345300	368	349.572	3702.56
1512431700	536	552.916	5831.55
1512518100	533	551.907	5843.63
1512604500	590	597.122	6339.94
1512690900	341	340.312	3592.72
1512777300	304	280.921	2969.17
1512863700	548	572.294	6085.85
1512950100	600	570.701	6102.31
1513036500	571	577.496	6102.27
1513122900	549	564.502	5976.08
1513209300	559	588.779	6268.03
1513295700	602	589.878	6287.68
1513382100	604	585.104	6164.94
1513468500	400	385.629	4056.65
1513554900	572	582.947	6161.3
1513641300	651	603.917	6390.44
1513727700	615	580.196	6166.72
1513814100	587	604.138	6401.39
1513900500	597	596.966	6310.8
1513986900	619	606.705	6419.24
1514073300	577	607.408	6412.42
1514159700	641	604.237	6401.18
1514246100	538	549.442	5806.92
1514332500	460	470.844	4995.24
1514418900	586	594.51	6339.58
1514505300	561	570.639	6093.68
1514591700	640	589.259	6264.05
1514678100	502	534.056	5675.75
1514764500	346	371.487	3928.76
1514850900	532	557.355	5910.53
1514937300	524	557.995	5904.27
1515023700	579	600.635	6337.94
1515110100	563	588.59	6201.9
1515196500	618	586.929	6233.18
1515282900	565	543.389	5791.99
1515369300	532	535.987	5737.65
1515455700	428	432.736	4604.51
1515542100	366	354.979	3786.31
1515628500	450	467.654	4993.51
1515714900	497	478.25	5112.78
1515801300	586	580.368	6191.41
1515887700	499	515.308	5472.81
1515974100	498	481.775	5103.93
1516060500	596	562.247	5970.15
1516146900	509	486.105	5168.87
1516233300	534	556.533	5931.6
1516319700	611	578.194	6176.85
1516406100	596	580.78	6195.82
1516492500	577	578.886	6150.35
1516578900	469	448.829	4735.47
1516665300	424	465.085	4880.84
1516751700	522	541.515	5733.09
1516838100	572	570.087	6042.82
1516924500	486	458.937	4847.62
1517010900	522	576.179	6081.49
1517097300	548	563.161	5967.87
1517183700	591	545.603	5772.58
1517270100	490	494.523	5187.34
1517356500	521	527.945	5611.66
1517442900	487	523.175	5598.85
1517529300	552	493.843	5279.92
1517615700	569	564.961	6027.14
1517702100	572	527.505	5646.77
1517788500	498	482.267	5178.83
1517874900	539	562.67	6016.41
1517961300	541	554.614	5913.72
1518047700	503	546.495	5796.99
1518134100	510	527.367	5563.84
1518220500	546	569.767	6007.8
1518306900	555	581.345	6134.83
1518393300	596	577.615	6140.76
1518479700	611	579.308	6144.38
1518566100	558	553.764	5905.59
1518652500	608	570.044	6084.3
1518738900	510	507.076	5408.88
1518825300	526	518.403	5564.88
1518911700	428	456.107	4851.97
1518998100	510	526.151	5548.59
1519084500	439	457.568	4807.96
1519170900	560	586.825	6219.84
1519257300	584	587.564	6256.72
1519343700	383	370.572	3931.07
1519430100	491	483.791	5129.13
1519516500	466	429.945	4571.03
1519602900	554	572.509	6109.16
1519689300	429	413.175	4389.83
1519775700	372	390.015	4135.29
1519862100	553	564.784	5995.12
1519948500	594	591.547	6314.91
1520034900	600	593.708	6320.64
1520121300	529	521.546	5530.88
1520207700	564	542.936	5767.49
1520294100	603	595.609	6323.61
1520380500	637	588.742	6240.44
1520466900	572	576.313	6092.1
1520553300	494	517.371	5466.74
1520639700	600	593.457	6251.36
1520726100	580	586.089	6174.84
1520812500	577	592.468	6216.41
1520898900	585	599.667	6284.8
1520985300	575	568.702	5929.69
1521071700	606	599.406	6268.34
1521158100	618	603.273	6293.72
1521244500	582	603.138	6322.17
1521330900	579	603.288	6304.4
1521417300	633	600.833	6311.46
1521503700	611	605.76	6360.68
1521590100	600	592.396	6232.56
1521676500	633	602.76	6270.49
1521762900	630	606.524	6341.43
1521849300	580	599.652	6311.4
1521935700	563	595.84	6294.89
1522022100	604	600.282	6298.92
1522108500	586	602.775	6338.42
1522194900	637	600.699	6324.11
1522281300	617	599.388	6343.62
1522367700	619	580.172	6157.31
1522454100	563	569.05	6033.84
1522540500	590	598.989	6358.05
1522626900	567	590.891	6280.38
1522713300	597	594.544	6270.86
1522799700	627	592.567	6251.42
1522886100	584	590.878	6216.24
1522972500	421	500.003	5262.92
1523058900	370	411.509	4291.22
1523145300	550	578.494	6064.42
1523231700	568	575.634	6074.72
1523318100	565	576.242	6035.24
1523404500	537	576.782	6034.45
1523490900	511	576.327	6037.74
1523577300	418	449.555	4749.43
1523663700	617	568.681	5973.92
1523750100	581	567.007	6002.68
1523836500	606	567.072	5992.49
1523922900	574	573.449	6029.9
1524009300	564	568.227	6002.89
1524095700	579	568.955	5995.05
1524182100	590	549.647	5801.9
1524268500	596	584.635	6168.22
1524354900	569	574.609	6038.7
1524441300	617	580.677	6122.42
1524527700	570	594.305	6272.58
1524614100	576	603.084	6367.25
1524700500	660	608.42	6391.94
1524786900	690	606.518	6360.49
1524873300	552	608.252	6385.05
1524959700	659	603.277	6296.1
1525046100	632	608.755	6387.98
1525132500	629	606.372	6339.23
1525218900	615	609.132	6374.64
1525305300	583	611.05	6402.53
1525391700	574	609.022	6384.98
1525478100	613	604.113	6352.68
1525564500	653	604.543	6360.34
1525650900	611	599.547	6313.53
1525737300	598	571.797	6018.86
1525823700	575	598.638	6280.93
1525910100	478	495.33	5196.24
1525996500	563	590.82	6203.72
1526082900	593	590.111	6170.38
1526169300	647	591.826	6151.12
1526255700	604	588.37	6107.88
1526342100	549	591.022	6147.3
1526428500	569	586.811	6119.15
1526514900	623	586.916	6088.31
1526601300	595	585.659	6075.1
1526687700	576	580.801	6071.31
1526774100	310	296.204	3073.7
1526860500	599	584.626	6073.5
1526946900	585	573.143	5969.12
1527033300	572	570.066	5932.86
1527119700	603	586.663	6136.74
1527206100	638	599.566	6238.63
1527292500	596	580.396	5988.21
1527378900	576	599.214	6212.52
1527465300	600	600.829	6209.43
1527551700	584	592.811	6157.75
1527638100	514	583.324	6069.3
1527724500	535	580.024	6009.18
1527810900	543	581.047	6020.2
1527897300	606	583.269	6024.31
1527983700	258	293.876	3048.86
1528070100	571	576.908	5987.03
1528156500	555	572.46	5895.26
1528242900	588	569.731	5841.66
1528329300	551	556.943	5776.9
1528415700	596	571.586	5900.69
1528502100	582	600.339	6185.9
1528588500	595	615.07	6222.88
1528674900	589	610.42	6212.24
1528761300	553	607.064	6218.71
1528847700	609	601.555	6223.2
1528934100	625	601.753	6219.38
1529020500	599	600.048	6220.62
1529106900	651	601.85	6250.4
1529193300	642	602.86	6299.14
1529279700	667	604.077	6317.93
1529366100	649	608.293	6304.31
1529452500	625	605.214	6300.19
1529538900	642	605.136	6312.15
1529625300	582	608.848	6311.45
1529711700	628	611.886	6317.42
1529798100	244	301.318	3148.24
1529884500	589	603.439	6213
1529970900	318	303.757	3147.55
1530057300	570	587.752	6133.3
1530143700	466	473.385	4937.91
1530230100	407	420.163	4354.28
1530316500	517	480.199	4953.56
1530402900	396	419.179	4301.93
1530489300	595	595.473	6128.31
1530575700	444	482.817	5010.42
1530662100	601	593.389	6053.91
1530748500	559	585.142	5922.64
1530834900	583	577.933	5908.7
1530921300	556	571.244	5878.32
1531007700	509	551.008	5741.83
1531094100	509	542.981	5680.45
1531180500	555	546.874	5672.65
1531266900	618	553.535	5681.07
1531353300	593	576.799	5962.48
1531439700	549	572.206	5972.8
1531526100	588	567.35	5922.32
1531612500	584	576.991	5984.36
1531698900	557	576.192	5949.99
1531785300	603	580.516	5966.6
1531871700	569	581.79	5983.99
1531958100	546	572.744	5857.95
1532044500	558	561.659	5777.87
1532130900	580	565.608	5829.26
1532217300	559	570.483	5858.43
1532303700	570	558.854	5826.35
1532390100	558	558.655	5811.29
1532476500	496	566.671	5878.71
1532562900	602	567.543	5897.62
1532649300	589	571.363	5897.71
1532735700	585	589.096	6070.22
1532822100	609	588.085	6081.86
1532908500	624	591.681	6081.67
1532994900	554	587.343	6079.57
1533081300	589	599.889	6149.78
1533167700	633	597.532	6146.07
1533254100	570	602.853	6198.19
1533340500	639	599.599	6209.73
1533426900	494	489.609	5030.77
1533513300	480	484.458	5028.33
1533599700	571	556.431	5728.42
1533686100	558	601.199	6252.3
1533772500	677	604.635	6311.97
1533858900	641	615.86	6356.13
1533945300	692	616.936	6377.6
1534031700	606	617.368	6387.78
1534118100	577	619.25	6394.85
1534204500	579	616.455	6411.59
1534290900	664	615.095	6401.68
1534377300	677	618.811	6448.86
1534463700	730	623.694	6488.65
1534550100	628	617.787	6466.67
1534636500	564	618.254	6456.59
1534722900	605	619.222	6460.59
1534809300	638	624.24	6451.55
1534895700	692	624.532	6460.94
1534982100	654	628.129	6456.02
1535068500	626	624.888	6447.18
1535154900	608	619.457	6455.14
1535241300	666	614.261	6466.35
1535327700	314	316.683	3309.65
1535414100	627	621.66	6485.14
1535500500	604	624.118	6475.47
1535586900	650	623.607	6482.52
1535673300	586	620.19	6443.33
1535759700	590	625.155	6481.91
1535846100	648	617.581	6421.8
1535932500	639	611.404	6409.85
1536018900	160	139.381	1468.87
1536105300	637	620.718	6439.2
1536191700	627	622.77	6502.8
1536278100	579	619.529	6485.1
1536364500	634	613.255	6417.03
1536450900	602	615.959	6467.34
1536537300	579	610.424	6425.63
1536623700	625	616.775	6459.41
1536710100	606	613.015	6446.17
1536796500	613	614.844	6444.47
1536882900	603	610.88	6397.2
1536969300	636	615.345	6410.27
1537055700	537	590.306	6133.72
1537142100	392	378.697	3944.1
1537228500	561	588.964	6108.58
1537314900	620	620.453	6370.66
1537401300	613	614.57	6381.01
1537487700	636	607.651	6341.13
1537574100	600	531.527	5545.82
1537660500	559	584.723	6090.18
1537746900	528	585.263	6125.97
1537833300	590	596.883	6210.45
1537919700	676	604.299	6299.34
1538006100	604	607.754	6329.63
1538092500	601	609.602	6332.32
1538178900	590	613.048	6317.77
1538265300	587	612.383	6317.01
1538351700	550	606.333	6277.1
1538438100	617	611.183	6338.54
1538524500	593	607.968	6332.98
1538610900	582	605.228	6343.77
1538697300	606	609.392	6420.27
1538783700	686	614.348	6438.02
1538870100	635	588.781	6152.87
1538956500	619	586.883	6121.81
1539042900	613	605.955	6313.07
1539129300	593	603.856	6301.3
1539215700	618	599.236	6268
1539302100	576	612.93	6369.43
1539388500	644	603.518	6338.43
1539474900	619	602.702	6330.14
1539561300	626	599.661	6298.13
1539647700	578	581.732	6067.75
1539734100	547	601.922	6244.28
1539820500	566	602.613	6295.34
1539906900	559	594.625	6282.7
1539993300	584	600.527	6309.17
1540079700	581	597.74	6279.99
1540166100	604	597.776	6281.37
1540252500	574	599.698	6315.1
1540338900	619	603.583	6320.85
1540425300	568	600.148	6323.34
1540511700	567	599.774	6318.53
1540598100	625	603.985	6360.97
1540684500	563	601.138	6332.98
1540770900	456	475.207	4970.67
1540857300	592	605.881	6314.5
1540943700	555	548.498	5769.88
1541030100	561	570.772	5997.32
1541116500	609	611.571	6359.83
1541202900	536	613.324	6417.6
1541289300	600	603.521	6325.34
1541375700	630	590.815	6209.29
1541462100	563	568.685	6038.41
1541548500	546	599.897	6403
1541634900	603	609.782	6444.95
1541721300	593	585.967	6162.3
1541807700	622	614.099	6443.7
1541894100	544	534.308	5589.79
1541980500	547	610.375	6377.21
1542066900	549	608.41	6345.81
1542153300	627	605.409	6321.98
1542239700	610	603.671	6316.99
1542326100	576	603.641	6343.89
1542412500	567	606.555	6338.6
1542498900	610	604.386	6346.09
1542585300	597	602.398	6342.52
1542671700	571	583.277	6171.51
1542758100	588	569.595	6030
1542844500	555	558.332	5893.69
1542930900	546	579.521	6128.31
1543017300	574	579.4	6109.19
1543103700	606	592.693	6256.6
1543190100	547	590.046	6229.73
1543276500	546	540.092	5706.12
1543362900	475	505.696	5364.01
1543449300	566	588.885	6226.34
1543535700	566	578.124	6112.74
1543622100	524	523.791	5528.54
1543708500	531	578.203	6105.67
1543794900	644	584.253	6156.37
1543881300	557	570.009	6005.82
1543967700	480	474.15	4979.65
1544054100	569	566.35	5992.12
1544140500	503	569.106	6064.7
1544226900	586	572.698	6086.97
1544313300	521	563.725	5945.15
1544399700	270	285.932	3025.26
1544486100	540	558.411	5913.04
1544572500	499	558.461	5932.06
1544658900	572	580.264	6101.66
1544745300	602	579.998	6057.88
1544831700	523	545.049	5777.73
1544918100	0	0	0
1545004500	314	307.856	3263.51
1545090900	528	554.097	5889.99
1545177300	577	556.641	5897.38
1545263700	595	552.794	5818.61
1545350100	557	544.165	5737.34
1545436500	522	546.63	5779.59
1545522900	528	525.016	5591.45
1545609300	186	176.734	1888.38
1545695700	255	235.214	2481.23
1545782100	213	221.524	2353.38
1545868500	455	509.686	5389.7
1545954900	471	485.136	5137.57
1546041300	545	528.889	5592.24
1546127700	543	539.323	5682.01
1546214100	584	549.025	5810.27
1546300500	561	544.348	5772.54
1546386900	529	543.737	5788.99
1546473300	540	546.639	5803.86
1546559700	538	491.52	5199.51
1546646100	586	561.474	5965.52
1546732500	563	524.917	5552.47
1546818900	562	564.167	5922.55
1546905300	579	574.642	6000.24
1546991700	566	592.925	6221.15
1547078100	550	598.966	6297.3
1547164500	624	605.844	6380.7
1547250900	581	602.843	6375.14
1547337300	567	568.016	6034.77
1547423700	559	594.08	6317.75
1547510100	586	596.7	6318.35
1547596500	621	592.407	6276.28
1547682900	576	582.1	6195.26
1547769300	578	584.505	6232.38
1547855700	604	582.168	6199.49
1547942100	654	577.854	6145.07
1548028500	578	576.247	6117.6
1548114900	499	555.936	5910.19
1548201300	496	505.01	5393.74
1548287700	611	569.301	6104.15
1548374100	617	565.82	6037.68
1548460500	547	568.884	6098.72
1548546900	590	569.458	6099.89
1548633300	505	498.185	5315.45
1548719700	549	568.163	6061.16
1548806100	550	566.269	6044.05
1548892500	582	565.945	6031.08
1548978900	568	567.847	6061.28
1549065300	501	492.282	5282
1549151700	567	544.848	5873.12
1549238100	561	568.108	6073.86
1549324500	531	561.244	5987.75
1549410900	605	561.849	5999.9
1549497300	495	488.881	5208.2
1549583700	513	558.475	5918.68
1549670100	562	557.141	5913.08
1549756500	525	532.721	5653.2
1549842900	548	565.215	5932.74
1549929300	527	562.789	5966.71
1550015700	549	561.644	5946.49
1550102100	558	561.06	5952.74
1550188500	553	558.004	5958.99
1550274900	612	554.914	5932.78
1550361300	532	555.786	5934.24
1550447700	549	506.14	5376.24
1550534100	563	541.249	5765.45
1550620500	561	555.687	5890.58
1550706900	570	553.949	5867.89
1550793300	547	552.276	5876.86
1550879700	544	554.105	5884.9
1550966100	545	559.393	5880.95
1551052500	552	558.411	5853.5
1551138900	557	558.391	5870.95
1551225300	554	561.985	5935.55
1551311700	586	550.031	5850.7
1551398100	576	550.012	5821.23
1551484500	548	550.392	5846.62
1551570900	565	557.287	5893.76
1551657300	547	537.649	5657.38
1551743700	550	551.205	5819.8
1551830100	529	551.142	5801.77
1551916500	602	555.644	5836.59
1552002900	542	546.45	5797.83
1552089300	488	541.401	5778.06
1552175700	515	545.865	5791.79
1552262100	534	550.266	5798.45
1552348500	595	547.5	5766.8
1552434900	554	543.83	5766.8
1552521300	560	556.888	5860.6
1552607700	573	560.67	5917.01
1552694100	543	563.831	5941.19
1552780500	487	514.404	5387.25
1552866900	460	466.183	4888.84
1552953300	536	552.439	5797.97
1553039700	505	526.705	5553.01
1553126100	531	579.853	6098.88
1553212500	583	586.757	6162.99
1553298900	635	597.334	6297.32
1553385300	606	595.978	6320.42
1553471700	596	599.376	6331.77
1553558100	649	599.812	6329.8
1553644500	635	604.286	6387.6
1553730900	622	606.447	6403.87
1553817300	635	603.813	6387.72
1553903700	613	596.881	6310.28
1553990100	586	594.123	6303.08
1554076500	531	568.145	6019.07
1554162900	638	599.601	6342.92
1554249300	607	594.169	6307.68
1554335700	570	537.22	5649.49
1554422100	548	593.781	6259.83
1554508500	579	591.192	6247.21
1554594900	621	589.646	6246.05
1554681300	639	588.673	6230.75
1554767700	586	591.504	6225.25
1554854100	621	584.266	6152.79
1554940500	586	582.355	6170.91
1555026900	520	589.535	6205.96
1555113300	635	597.391	6247.45
1555199700	618	602.575	6279.17
1555286100	609	601.632	6300.47
1555372500	617	603.555	6354.75
1555458900	608	588.816	6159.37
1555545300	610	598.823	6284.54
1555631700	562	587.638	6165.44
1555718100	569	600.156	6329.97
1555804500	584	607.876	6381.95
1555890900	608	607.946	6371.32
1555977300	626	607.228	6379.45
1556063700	592	597.151	6308.92
1556150100	557	595.457	6268.15
1556236500	584	601.144	6325.42
1556322900	608	605.578	6353.75
1556409300	632	610.134	6346.63
1556495700	615	607.778	6344.86
1556582100	563	605.602	6374.06
1556668500	577	607.214	6349.32
1556754900	600	605.27	6348.58
1556841300	544	603.793	6310.06
1556927700	556	602.728	6287.84
1557014100	594	598.045	6263.33
1557100500	547	592.142	6264.02
1557186900	659	586.079	6150.02
1557273300	596	594.34	6256.28
1557359700	585	599.192	6261.73
1557446100	588	598.486	6214.49
1557532500	565	602.716	6253.94
1557618900	550	538.21	5621.34
1557705300	622	591.093	6219.06
1557791700	605	588.499	6217.4
1557878100	606	593.159	6224.32
1557964500	610	595.513	6225.78
1558050900	621	604.036	6241.51
1558137300	603	599.856	6250.04
1558223700	565	599.454	6247.48
1558310100	558	599.746	6189.28
1558396500	297	304.214	3138.6
1558482900	69	67.2364	694.08
1558569300	280	259.66	2681.98
1558655700	493	452.511	4665.43
1558742100	602	596.416	6134.8
1558828500	580	591.462	6069.55
1558914900	508	544.636	5611.19
1559001300	591	594.772	6118.49
1559087700	607	599.897	6204.05
1559174100	555	607.011	6245.22
1559260500	581	606.919	6248.23
1559346900	269	606.588	6252.47
1559433300	586	601.661	6244.62
1559519700	545	574.942	5988.39
1559606100	556	562.927	5824.96
1559692500	604	589.738	6125.31
1559778900	585	596.008	6188.31
1559865300	604	599.286	6205.56
1559951700	607	599.208	6197.94
1560038100	653	599.946	6178.3
1560124500	587	595.505	6179.66
1560210900	597	598.127	6225.33
1560297300	626	613.603	6280.56
1560383700	574	614.915	6299.83
1560470100	585	610.57	6298.07
1560556500	612	611.07	6312.57
1560642900	531	606.96	6315.92
1560729300	596	606.304	6284.11
1560815700	580	608.752	6244.5
1560902100	580	601.712	6218.47
1560988500	627	598.606	6198.15
1561074900	668	596.663	6131.73
1561161300	645	593.692	6179.21
1561247700	644	595.733	6160.68
1561334100	594	597.121	6153.29
1561420500	537	600.202	6141.88
1561506900	606	602.778	6175.02
1561593300	589	602.952	6172.69
1561679700	577	603.75	6161.46
1561766100	558	608.663	6241.23
1561852500	576	609.633	6257.81
1561938900	576	609.025	6258.94
1562025300	648	612.503	6297.83
1562111700	552	613.715	6329.7
1562198100	621	614.83	6329.84
1562284500	583	603.974	6281.43
1562370900	597	596.199	6198.84
1562457300	603	613.657	6340.83
1562543700	666	609.577	6298.72
1562630100	584	605.924	6289.1
1562716500	608	610.883	6302.25
1562802900	604	611.271	6285.1
1562889300	646	619.189	6396.45
1562975700	579	606.062	6240.48
1563062100	656	598.666	6160.32
1563148500	630	597.19	6180.22
1563234900	606	596.114	6164.18
1563321300	624	595.097	6149.6
1563407700	571	593.568	6172.79
1563494100	597	597.293	6172.67
1563580500	603	602.601	6183.18
1563666900	576	593.14	6053.08
1563753300	524	584.861	5981.5
1563839700	540	572.248	5921.69
1563926100	568	567.362	5893.97
1564012500	566	568.454	5887.68
1564098900	553	566.917	5885.59
1564185300	546	562.501	5868.18
1564271700	559	561.819	5794.49
1564358100	611	559.586	5794.91
1564444500	538	554.28	5792.97
1564530900	596	560.557	5845.02
1564617300	513	570.781	5911.94
1564703700	507	565.573	5879.27
1564790100	582	580.564	6054.44
1564876500	587	580.897	6050.85
1564962900	585	585.264	6062.52
1565049300	600	579.125	6021.64
1565135700	514	576.485	6005.22
1565222100	555	578.872	6006.23
1565308500	569	581.202	6004.8
1565394900	622	580.702	6000.27
1565481300	645	573.586	5934.46
1565567700	508	573.86	5933.94
1565654100	527	564.954	5922.82
1565740500	563	569.559	5924.46
1565826900	646	573.416	5904.6
1565913300	585	570.877	5879.68
1565999700	558	571.421	5871.43
1566086100	561	564.868	5878.82
1566172500	542	565.279	5889.07
1566258900	547	566.375	5890.6
1566345300	592	572.727	5962.19
1566431700	574	569.585	5965.21
1566518100	554	566.716	5959.6
1566604500	594	581.09	6068.38
1566690900	590	581.825	6086.7
1566777300	574	584.015	6089.02
1566863700	594	581.896	6115.63
1566950100	586	587.222	6141.97
1567036500	565	576.552	6041.44
1567122900	545	583.102	6062
1567209300	572	586.691	6099.9
1567295700	638	584.121	6096.9
1567382100	569	592.143	6102.6
1567468500	546	593.347	6136.24
1567554900	584	593.635	6136.51
1567641300	593	587.227	6087.2
1567727700	591	594.096	6136.94
1567814100	543	596.473	6153.98
1567900500	572	593.392	6148.27
1567986900	574	596.945	6150.06
1568073300	576	598.129	6195.95
1568159700	555	599.37	6224.68
1568246100	565	596.594	6206.8
1568332500	591	595.117	6198
1568418900	571	601.812	6229.14
1568505300	643	601.886	6232.22
1568591700	551	598.056	6225.75
1568678100	591	596.941	6238.83
1568764500	599	598.333	6232.86
1568850900	597	605.254	6248.89
1568937300	584	604.743	6268.85
1569023700	575	600.224	6242.92
1569110100	575	596.045	6249.56
1569196500	588	591.147	6187.64
1569282900	585	578.361	6123.81
1569369300	573	577.987	6142.71
1569455700	523	574.181	6090.75
1569542100	565	575.483	6073.12
1569628500	593	583.084	6111.79
1569714900	599	581.587	6094.54
1569801300	558	586.934	6100.82
1569887700	537	600.278	6180.38
1569974100	563	597.834	6182.31
1570060500	582	596.795	6209
1570146900	524	591.058	6162.19
1570233300	532	566.895	5929.71
1570319700	570	585.799	6134.44
1570406100	560	584.163	6150.12
1570492500	538	587.83	6199.42
1570578900	544	589.917	6215.61
1570665300	587	592.531	6209.6
1570751700	567	587.784	6154.9
1570838100	575	585.228	6113.39
1570924500	524	583.785	6124.9
1571010900	573	584.03	6145.45
1571097300	570	592.737	6178.91
1571183700	558	591.459	6161.12
1571270100	586	587.46	6097.25
1571356500	560	583.342	6130.01
1571442900	563	577.671	6111.23
1571529300	604	571.755	6020.17
1571615700	509	576.277	6082.16
1571702100	566	572.689	6031.42
1571788500	550	581.095	6085.77
1571874900	573	579.379	6075.83
1571961300	555	575.395	6052.66
1572047700	580	577.236	6041.38
1572134100	553	573.609	6003.87
1572220500	547	577.987	6019.24
1572306900	520	579.761	6019.68
1572393300	544	545.112	5682.96
1572479700	558	572.475	6019.47
1572566100	573	579.141	6059.86
1572652500	519	565.96	5953.39
1572738900	544	567.468	5951.85
1572825300	553	567.26	5906.56
1572911700	494	570.7	5990.92
1572998100	576	574.215	6044.78
1573084500	530	573.321	6060.22
1573170900	586	586.035	6160.91
1573257300	548	570.523	6015.34
1573343700	465	464.482	4939.62
1573430100	455	455.841	4852.3
1573516500	530	566.513	5997.8
1573602900	581	571.368	6049.42
1573689300	574	562.732	5986.64
1573775700	548	567	6014.22
1573862100	558	563.836	5998.22
1573948500	551	568.812	6001.56
1574034900	530	566.688	6020.28
1574121300	537	566.192	6020.75
1574207700	532	566.885	6014.82
1574294100	549	566.209	6023.44
1574380500	568	566.355	6007.89
1574466900	553	565.435	6019.28
1574553300	573	569.227	6008.05
1574639700	569	572.649	5996.67
1574726100	572	575.278	6013.29
1574812500	548	574.901	6035.37
1574898900	566	575.847	6057.3
1574985300	540	581.238	6109.38
1575071700	534	582.913	6142.5
1575158100	568	580.13	6144.83
1575244500	563	569.865	6073.28
1575330900	573	580.574	6148.25
1575417300	518	580.662	6115.39
1575503700	592	575.34	6085.53
1575590100	582	571.997	6053.19
1575676500	565	569.112	6020.43
1575762900	567	566.169	5990.93
1575849300	506	568.492	6024.03
1575935700	302	321.512	3416.34
1576022100	253	264.289	2802.26
1576108500	259	272.432	2878.5
1576194900	306	336.795	3539.6
1576281300	525	523.74	5520.35
1576367700	523	563.168	5942.45
1576454100	575	566.866	5975.1
1576540500	562	564.428	5964.28
1576626900	586	565.938	5976.38
1576713300	523	573.731	6072.19
1576799700	579	579.071	6123.05
1576886100	560	576.923	6119.76
1576972500	455	505.563	5359.55
1577058900	586	571.393	6075.44
1577145300	569	570.363	6039.63
1577231700	553	570.951	6011.19
1577318100	543	568.653	5984.77
1577404500	586	566.316	6003.79
1577490900	469	533.124	5676.99
1577577300	555	556.912	5926.28
1577663700	515	520.869	5556.15
1577750100	486	493.603	5284.28
1577836500	565	534.712	5749.97
