363.25	4.87703e-05	0.00210921	0.00135967	0.00210977	0.300033	88.6754	36.9249	0.00412639	
363.26	-0.00142634	0.00171256	0.00135967	0.00222874	0.26094	129.79	34.9538	0.00412639	
363.27	-0.00229272	0.000389413	0.00135967	0.00232555	0.231609	170.36	33.4988	0.00412639	
363.28	-0.00206552	-0.00122485	0.00135967	0.00240138	0.210209	210.668	32.441	0.00412639	
363.29	-0.000816041	-0.00231786	0.00135967	0.00245732	0.195312	250.605	31.7025	0.00412639	
363.3	0.0008559	-0.00234336	0.00135967	0.00249477	0.185756	290.064	31.2265	0.00412639	
363.31	0.00216313	-0.0012849	0.00135967	0.00251597	0.180496	329.29	30.9635	0.00412639	
363.32	0.0024975	0.000358359	0.00135967	0.00252308	0.178755	8.16547	30.8762	0.00412639	
363.33	0.001731	0.00182905	0.00135967	0.00251829	0.179927	46.5777	30.935	0.00412639	
363.34	0.000228641	0.00249381	0.00135967	0.00250427	0.183387	84.7616	31.1082	0.00412639	
363.35	-0.00133842	0.00209229	0.00135967	0.00248375	0.188532	122.607	31.3651	0.00412639	
363.36	-0.00231137	0.000840842	0.00135967	0.00245956	0.194731	160.009	31.6736	0.00412639	
363.37	-0.00232529	-0.000720432	0.00135967	0.00243434	0.201341	197.214	32.0018	0.00412639	
363.38	-0.00141224	-0.00195371	0.00135967	0.00241069	0.207679	234.139	32.3158	0.00412639	
363.39	3.42861e-05	-0.00239119	0.00135967	0.00239143	0.212937	270.821	32.5759	0.00412639	
363.4	0.00143876	-0.0018946	0.00135967	0.00237898	0.216387	307.213	32.7465	0.00412639	
363.41	0.00227844	-0.000670143	0.00135967	0.00237495	0.217512	343.61	32.8021	0.00412639	
363.42	0.00223711	0.000814098	0.00135967	0.00238063	0.215927	19.9968	32.7237	0.00412639	
363.43	0.00132743	0.00199523	0.00135967	0.00239646	0.211555	56.3642	32.5076	0.00412639	
363.44	-0.000128307	0.00241814	0.00135967	0.00242154	0.204754	93.0373	32.1709	0.00412639	
363.45	-0.00157795	0.00187987	0.00135967	0.00245435	0.196084	130.01	31.7408	0.00412639	
363.46	-0.00243066	0.00054977	0.00135967	0.00249206	0.186436	167.255	31.2605	0.00412639	
363.47	-0.00229288	-0.00107271	0.00135967	0.0025314	0.176733	205.072	30.7747	0.00412639	
363.48	-0.00114971	-0.00229621	0.00135967	0.00256796	0.168044	243.403	30.3366	0.00412639	
363.49	0.000547541	-0.00253896	0.00135967	0.00259732	0.161289	282.17	29.9936	0.00412639	
363.5	0.00205035	-0.00162287	0.00135967	0.00261489	0.157344	321.638	29.7921	0.00412639	
363.51	0.00261525	7.86676e-05	0.00135967	0.00261643	0.157001	1.72296	29.7746	0.00412639	
363.52	0.00192078	0.0017493	0.00135967	0.00259797	0.161143	42.3248	29.9862	0.00412639	
363.53	0.000278644	0.00254102	0.00135967	0.00255625	0.170792	83.742	30.4756	0.00412639	
363.54	-0.0014601	0.00201624	0.00135967	0.0024894	0.187107	125.911	31.294	0.00412639	
363.55	-0.00235138	0.000465415	0.00135967	0.002397	0.211409	168.804	32.5003	0.00412639	
363.56	-0.00191576	-0.00123597	0.00135967	0.00227986	0.245172	212.829	34.1701	0.00412639	
363.57	-0.000442617	-0.0020958	0.00135967	0.00214203	0.289107	258.075	36.3688	0.00412639	
363.58	0.00113365	-0.0016371	0.00135967	0.00199129	0.34217	304.702	39.1219	0.00412639	
363.59	0.00182653	-0.000211835	0.00135967	0.00183878	0.400734	353.385	42.3668	0.00412639	
363.6	0.00121742	0.00119163	0.00135967	0.00170356	0.456162	44.3867	45.7297	0.00412639	
363.61	-0.000215717	0.00159622	0.00135967	0.00161073	0.495742	97.6965	48.3651	0.00412639	
363.62	-0.00141567	0.000717707	0.00135967	0.00158721	0.505932	153.116	49.082	0.00412639	
363.63	-0.00144451	-0.000803502	0.00135967	0.00165295	0.477609	209.085	47.1299	0.00412639	
363.64	-0.00019033	-0.00179917	0.00135967	0.0018092	0.412598	263.961	43.0593	0.00412639	
363.65	0.00148261	-0.00140023	0.00135967	0.00203931	0.324722	316.637	38.2008	0.00412639	
363.66	0.00230302	0.000296519	0.00135967	0.00232203	0.232636	7.3366	33.5496	0.00412639	
363.67	0.00146406	0.0021903	0.00135967	0.00263456	0.153012	56.2401	29.5697	0.00412639	
363.68	-0.000696767	0.00287435	0.00135967	0.00295759	0.0938721	103.626	26.3401	0.00412639	
363.69	-0.00284296	0.00163151	0.00135967	0.00327784	0.054699	150.15	23.7666	0.00412639	
363.7	-0.00344401	-0.000983384	0.00135967	0.00358165	0.0311313	195.936	21.7506	0.00412639	
363.71	-0.00186765	-0.00337578	0.00135967	0.00385798	0.0178537	241.046	20.1927	0.00412639	
363.72	0.00112291	-0.00394269	0.00135967	0.00409948	0.0106168	285.897	19.0032	0.00412639	
363.73	0.0037387	-0.00211961	0.00135967	0.00429775	0.00676771	330.449	18.1265	0.00412639	
363.74	0.0043023	0.00112405	0.00135967	0.00444672	0.00475806	14.6422	17.5192	0.00412639	
363.75	0.00235339	0.00388515	0.00135967	0.00454234	0.00377107	58.7951	17.1504	0.00412639	
363.76	-0.00101595	0.00446687	0.00135967	0.00458095	0.00342839	102.813	17.0059	0.00412639	
363.77	-0.00380682	0.00251132	0.00135967	0.00456055	0.00360571	146.588	17.0819	0.00412639	
363.78	-0.00440669	-0.000808968	0.00135967	0.00448033	0.00438714	190.402	17.3878	0.00412639	
363.79	-0.00254337	-0.00351821	0.00135967	0.00434126	0.00611347	234.136	17.9448	0.00412639	
363.8	0.000552493	-0.00410877	0.00135967	0.00414575	0.00957616	277.658	18.7911	0.00412639	
363.81	0.00303749	-0.00243959	0.00135967	0.00389589	0.0164893	321.23	19.9963	0.00412639	
363.82	0.00358432	0.00029504	0.00135967	0.00359644	0.0302503	4.70564	21.6612	0.00412639	
363.83	0.00218041	0.002415	0.00135967	0.00325368	0.0570847	47.9223	23.9431	0.00412639	
363.84	-5.4798e-05	0.00287144	0.00135967	0.00287196	0.107441	91.0933	27.1254	0.00412639	
363.85	-0.00170779	0.00176916	0.00135967	0.00245896	0.194887	133.989	31.6814	0.00412639	
363.86	-0.00201953	0.000130997	0.00135967	0.00202378	0.33031	176.289	38.4939	0.00412639	
363.87	-0.00124168	-0.00096465	0.00135967	0.00157236	0.512391	217.843	49.5453	0.00412639	
363.88	-0.000242818	-0.00108953	0.00135967	0.00111626	0.713905	257.436	69.7894	0.00412639	
363.89	0.000243397	-0.000627491	0.00135967	0.000673043	0.884692	291.201	115.748	0.00412639	
363.9	0.000147545	-0.000282473	0.00135967	0.000318685	0.972906	297.58	244.451	0.00412639	
363.91	-2.4544e-05	-0.00041308	0.00135967	0.000413809	0.954743	266.6	188.259	0.00412639	
363.92	0.000250922	-0.000747519	0.00135967	0.000788509	0.84522	288.556	98.798	0.00412639	
363.93	0.000968503	-0.000672029	0.00135967	0.00117882	0.686713	325.244	66.0856	0.00412639	
363.94	0.00154324	0.000156947	0.00135967	0.0015512	0.521632	5.80699	50.2211	0.00412639	
363.95	0.00127228	0.00140365	0.00135967	0.00189445	0.378829	47.8105	41.1217	0.00412639	
363.96	-1.37745e-05	0.00220262	0.00135967	0.00220266	0.269227	90.3583	35.3678	0.00412639	
363.97	-0.00170009	0.00179842	0.00135967	0.0024748	0.19081	133.39	31.4786	0.00412639	
363.98	-0.00270347	0.000160347	0.00135967	0.00270822	0.13756	176.606	28.7654	0.00412639	
363.99	-0.00223045	-0.00185633	0.00135967	0.00290187	0.102539	219.77	26.8458	0.00412639	
364	-0.000368813	-0.00303486	0.00135967	0.00305719	0.0798307	263.071	25.4819	0.00412639	
364.01	0.00188028	-0.00255824	0.00135967	0.00317491	0.0654635	306.316	24.5371	0.00412639	
364.02	0.00320007	-0.000603851	0.00135967	0.00325654	0.0567976	349.314	23.922	0.00412639	
364.03	0.00279505	0.00176492	0.00135967	0.00330564	0.052058	32.2701	23.5668	0.00412639	
364.04	0.000861175	0.0032118	0.00135967	0.00332525	0.0502591	74.9904	23.4278	0.00412639	
364.05	-0.00152155	0.00295029	0.00135967	0.00331954	0.0507773	117.281	23.4681	0.00412639	
364.06	-0.00308145	0.00116237	0.00135967	0.00329339	0.053208	159.333	23.6544	0.00412639	
364.07	-0.00303768	-0.00116259	0.00135967	0.00325255	0.0571981	200.943	23.9514	0.00412639	
364.08	-0.00150797	-0.00282669	0.00135967	0.00320377	0.0622841	241.921	24.3161	0.00412639	
364.09	0.000680869	-0.00307959	0.00135967	0.00315396	0.0678532	282.467	24.7001	0.00412639	
364.1	0.00246603	-0.00189753	0.00135967	0.00311158	0.0729052	322.423	25.0365	0.00412639	
364.11	0.00308377	9.0968e-05	0.00135967	0.00308511	0.0762127	1.68968	25.2513	0.00412639	
364.12	0.00234174	0.00200513	0.00135967	0.00308291	0.0764931	40.572	25.2694	0.00412639	
364.13	0.000589368	0.00305589	0.00135967	0.0031122	0.0728293	79.0838	25.0315	0.00412639	
364.14	-0.00146315	0.00282193	0.00135967	0.0031787	0.0650383	117.406	24.5079	0.00412639	
364.15	-0.00299163	0.00135542	0.00135967	0.00328436	0.0540704	155.626	23.7194	0.00412639	
364.16	-0.00332512	-0.000839091	0.00135967	0.00342936	0.041554	194.163	22.7165	0.00412639	
364.17	-0.00217056	-0.00288504	0.00135967	0.00361037	0.0294397	233.044	21.5776	0.00412639	
364.18	0.000148799	-0.00381828	0.00135967	0.00382118	0.0192715	272.232	20.3872	0.00412639	
364.19	0.00271363	-0.00301432	0.00135967	0.00405585	0.0116895	311.995	19.2076	0.00412639	
364.2	0.00426663	-0.000584301	0.00135967	0.00430645	0.00663203	352.202	18.0899	0.00412639	
364.21	0.00384138	0.00246506	0.00135967	0.00456429	0.00357262	32.6888	17.068	0.00412639	
364.22	0.00135802	0.00462837	0.00135967	0.00482349	0.00184999	73.6476	16.1508	0.00412639	
364.23	-0.00213727	0.00460401	0.00135967	0.0050759	0.000941176	114.902	15.3476	0.00412639	
364.24	-0.0048654	0.00213929	0.00135967	0.00531495	0.000480741	156.265	14.6574	0.00412639	
364.25	-0.00526645	-0.0017054	0.00135967	0.00553569	0.000251518	197.943	14.0729	0.00412639	
364.26	-0.00288709	-0.00495288	0.00135967	0.00573291	0.000137888	239.762	13.5887	0.00412639	
364.27	0.00118194	-0.00578216	0.00135967	0.00590173	8.10632e-05	281.553	13.2001	0.00412639	
364.28	0.00485795	-0.00358943	0.00135967	0.00604017	5.18355e-05	323.54	12.8975	0.00412639	
364.29	0.00611608	0.000595594	0.00135967	0.00614501	3.66924e-05	5.56202	12.6775	0.00412639	
364.3	0.00420144	0.00457956	0.00135967	0.00621486	2.90517e-05	47.4657	12.535	0.00412639	
364.31	5.59785e-05	0.00624915	0.00135967	0.0062494	2.58581e-05	89.4868	12.4657	0.00412639	
364.32	-0.00413873	0.004682	0.00135967	0.00624901	2.58922e-05	131.476	12.4665	0.00412639	
364.33	-0.00617203	0.000725949	0.00135967	0.00621457	2.90797e-05	173.292	12.5356	0.00412639	
364.34	-0.00502489	-0.00354132	0.00135967	0.00614739	3.6403e-05	215.175	12.6725	0.00412639	
364.35	-0.00136206	-0.00589487	0.00135967	0.00605018	5.0166e-05	256.99	12.8762	0.00412639	
364.36	0.00283692	-0.00520282	0.00135967	0.005926	7.50083e-05	298.602	13.146	0.00412639	
364.37	0.00543783	-0.0019507	0.00135967	0.00577713	0.000120157	340.266	13.4847	0.00412639	
364.38	0.00520418	0.00208708	0.00135967	0.00560708	0.000202829	21.8527	13.8937	0.00412639	
364.39	0.00242874	0.00484414	0.00135967	0.0054189	0.000355513	63.3719	14.3762	0.00412639	
364.4	-0.00132422	0.00504551	0.00135967	0.00521639	0.000636538	104.706	14.9343	0.00412639	
364.41	-0.00415198	0.00278733	0.00135967	0.00500082	0.00115488	146.126	15.5781	0.00412639	
364.42	-0.0047341	-0.000625438	0.00135967	0.00477523	0.00209689	187.526	16.314	0.00412639	
364.43	-0.00299114	-0.0034177	0.00135967	0.00454176	0.00377646	228.808	17.1526	0.00412639	
364.44	1.91501e-05	-0.00430021	0.00135967	0.00430026	0.00672832	270.255	18.1159	0.00412639	
364.45	0.00269971	-0.00302175	0.00135967	0.00405209	0.0117863	311.778	19.2254	0.00412639	
364.46	0.00377218	-0.000443552	0.00135967	0.00379817	0.0202076	353.294	20.5107	0.00412639	
364.47	0.00289351	0.00203355	0.00135967	0.00353663	0.0339502	35.0995	22.0275	0.00412639	
364.48	0.00072834	0.00318569	0.00135967	0.00326788	0.0556721	77.1219	23.839	0.00412639	
364.49	-0.00146424	0.00260976	0.00135967	0.00299246	0.0887493	119.295	26.0331	0.00412639	
364.5	-0.00257513	0.0008392	0.00135967	0.00270843	0.137519	161.95	28.7632	0.00412639	
364.51	-0.00218923	-0.00102371	0.00135967	0.00241676	0.206039	205.061	32.2346	0.00412639	
364.52	-0.000771649	-0.0019734	0.00135967	0.0021189	0.296916	248.643	36.7658	0.00412639	
364.53	0.000715074	-0.00166827	0.00135967	0.00181506	0.410236	293.202	42.9204	0.00412639	
364.54	0.00140888	-0.0005403	0.00135967	0.00150893	0.540205	339.018	51.628	0.00412639	
364.55	0.00107807	0.000543341	0.00135967	0.00120725	0.674229	26.7478	64.5294	0.00412639	
364.56	0.000185236	0.000900618	0.00135967	0.00091947	0.795603	78.3777	84.7262	0.00412639	
364.57	-0.000495957	0.000454512	0.00135967	0.000672721	0.884796	137.497	115.803	0.00412639	
364.58	-0.000462808	-0.000257774	0.00135967	0.000529753	0.926907	209.117	147.056	0.00412639	
364.59	0.000160506	-0.000544217	0.00135967	0.000567392	0.916612	286.432	137.3	0.00412639	
364.6	0.000742386	-9.81182e-05	0.00135967	0.000748842	0.859276	352.471	104.032	0.00412639	
364.61	0.000656679	0.00073395	0.00135967	0.00098484	0.769262	48.1804	79.1023	0.00412639	
364.62	-0.000193072	0.00121651	0.00135967	0.00123173	0.663427	99.0182	63.2467	0.00412639	
364.63	-0.00123858	0.000791115	0.00135967	0.00146968	0.55756	147.433	53.0069	0.00412639	
364.64	-0.00163394	-0.000426505	0.00135967	0.00168869	0.462426	194.629	46.1323	0.00412639	
364.65	-0.000910338	-0.00164697	0.00135967	0.00188182	0.383749	241.069	41.3978	0.00412639	
364.66	0.000610824	-0.0019527	0.00135967	0.002046	0.322327	287.37	38.0757	0.00412639	
364.67	0.00195065	-0.000967887	0.00135967	0.00217758	0.277347	333.61	35.7751	0.00412639	
364.68	0.00214023	0.000770593	0.00135967	0.00227473	0.246727	19.8015	34.2472	0.00412639	
364.69	0.00093716	0.0021414	0.00135967	0.00233749	0.228146	66.364	33.3276	0.00412639	
364.7	-0.000935547	0.00217384	0.00135967	0.0023666	0.219851	113.285	32.9177	0.00412639	
364.71	-0.00222991	0.00078707	0.00135967	0.00236473	0.220378	160.559	32.9437	0.00412639	
364.72	-0.00205117	-0.00111949	0.00135967	0.00233678	0.228352	208.625	33.3378	0.00412639	
364.73	-0.000495554	-0.00223579	0.00135967	0.00229005	0.242102	257.503	34.018	0.00412639	
364.74	0.00135117	-0.00178029	0.00135967	0.00223497	0.258987	307.197	34.8565	0.00412639	
364.75	0.00218333	-7.168e-05	0.00135967	0.0021845	0.27509	358.12	35.6617	0.00412639	
364.76	0.00138183	0.00165325	0.00135967	0.00215469	0.284884	50.1102	36.1551	0.00412639	
364.77	-0.000478292	0.00210849	0.00135967	0.00216206	0.282444	102.781	36.0319	0.00412639	
364.78	-0.00202855	0.00090331	0.00135967	0.00222058	0.263516	155.997	35.0823	0.00412639	
364.79	-0.00204509	-0.0011333	0.00135967	0.00233811	0.22797	208.993	33.3189	0.00412639	
364.8	-0.000390639	-0.0024832	0.00135967	0.00251374	0.181045	261.06	30.991	0.00412639	
364.81	0.00184053	-0.00203181	0.00135967	0.00274149	0.130978	312.172	28.4163	0.00412639	
364.82	0.00300738	0.000108207	0.00135967	0.00300933	0.0863531	2.06064	25.8872	0.00412639	
364.83	0.00209532	0.00255406	0.00135967	0.00330357	0.0522503	50.635	23.5815	0.00412639	
364.84	-0.000522991	0.0035754	0.00135967	0.00361345	0.0292635	98.3219	21.5592	0.00412639	
364.85	-0.00322137	0.00224501	0.00135967	0.00392649	0.0154556	145.127	19.8404	0.00412639	
364.86	-0.00415282	-0.000811166	0.00135967	0.0042313	0.0078887	191.052	18.4111	0.00412639	
364.87	-0.00249554	-0.00377021	0.00135967	0.0045213	0.00397065	236.499	17.2302	0.00412639	
364.88	0.000948241	-0.0046926	0.00135967	0.00478745	0.00203171	281.424	16.2724	0.00412639	
364.89	0.00415973	-0.00281592	0.00135967	0.00502322	0.00108683	325.904	15.5086	0.00412639	
364.9	0.00514497	0.000894602	0.00135967	0.00522217	0.000626249	9.86391	14.9178	0.00412639	
364.91	0.00319172	0.00433298	0.00135967	0.00538161	0.000396417	53.6242	14.4758	0.00412639	
364.92	-0.000677981	0.00545489	0.00135967	0.00549686	0.000282416	97.0849	14.1723	0.00412639	
364.93	-0.00427248	0.00356651	0.00135967	0.00556544	0.000230028	140.146	13.9977	0.00412639	
364.94	-0.00557771	-0.000301335	0.00135967	0.00558585	0.000216297	183.092	13.9465	0.00412639	
364.95	-0.00387343	-0.00398479	0.00135967	0.00555716	0.000235832	225.812	14.0185	0.00412639	
364.96	-0.0001735	-0.00547684	0.00135967	0.00547959	0.000297277	268.186	14.217	0.00412639	
364.97	0.00347526	-0.00407129	0.00135967	0.00535283	0.000430963	310.484	14.5536	0.00412639	
364.98	0.00513496	-0.000668401	0.00135967	0.00517828	0.00070853	352.584	15.0442	0.00412639	
364.99	0.0040932	0.00279813	0.00135967	0.0049582	0.00129536	34.3567	15.712	0.00412639	
365	0.00113164	0.00455494	0.00135967	0.00469341	0.00258575	76.0478	16.5984	0.00412639	
365.01	-0.00202708	0.00389063	0.00135967	0.00438703	0.0054873	117.52	17.7576	0.00412639	
365.02	-0.0037644	0.00147411	0.00135967	0.00404274	0.01203	158.615	19.2699	0.00412639	
365.03	-0.00345086	-0.00122384	0.00135967	0.00366145	0.026626	199.527	21.2766	0.00412639	
365.04	-0.00162244	-0.00281359	0.00135967	0.00324786	0.0576713	240.03	23.986	0.00412639	
365.05	0.000479221	-0.00276649	0.00135967	0.00280769	0.118589	279.827	27.7463	0.00412639	
365.06	0.00176352	-0.00154333	0.00135967	0.00234347	0.226426	318.809	33.2426	0.00412639	
365.07	0.00186084	-0.000126549	0.00135967	0.00186514	0.390289	356.109	41.7679	0.00412639	
365.08	0.00120544	0.000691907	0.00135967	0.0013899	0.593046	29.8553	56.0495	0.00412639	
365.09	0.000542454	0.000786462	0.00135967	0.000955395	0.781241	55.4044	81.5402	0.00412639	
365.1	0.000324575	0.000615087	0.00135967	0.000695472	0.877378	62.1799	112.015	0.00412639	
365.11	0.000391843	0.000726041	0.00135967	0.000825032	0.831855	61.6443	94.4244	0.00412639	
365.12	0.000189062	0.00121888	0.00135967	0.00123346	0.662666	81.1831	63.1584	0.00412639	
365.13	-0.000672986	0.0015954	0.00135967	0.00173154	0.444457	112.871	44.9907	0.00412639	
365.14	-0.00194129	0.00114383	0.00135967	0.00225321	0.253316	149.493	34.5743	0.00412639	
365.15	-0.00274402	-0.000400698	0.00135967	0.00277312	0.124943	188.308	28.0922	0.00412639	
365.16	-0.00217378	-0.0024578	0.00135967	0.00328117	0.0543772	228.509	23.7425	0.00412639	
365.17	-3.22011e-05	-0.00376657	0.00135967	0.0037667	0.0215512	269.51	20.682	0.00412639	
365.18	0.00276634	-0.00318818	0.00135967	0.00422103	0.0080761	310.948	18.4559	0.00412639	
365.19	0.00460494	-0.000570176	0.00135967	0.00464011	0.00295812	352.942	16.7891	0.00412639	
365.2	0.0040949	0.00289894	0.00135967	0.00501718	0.00110482	35.2962	15.5273	0.00412639	
365.21	0.00112618	0.00522624	0.00135967	0.0053462	0.000439318	77.8395	14.5717	0.00412639	
365.22	-0.00288079	0.00483129	0.00135967	0.00562498	0.000192099	120.807	13.8495	0.00412639	
365.23	-0.00562513	0.00160666	0.00135967	0.00585008	9.55248e-05	164.059	13.3166	0.00412639	
365.24	-0.00534089	-0.0027761	0.00135967	0.00601929	5.54888e-05	207.465	12.9422	0.00412639	
365.25	-0.00196699	-0.00580915	0.00135967	0.00613313	3.81686e-05	251.294	12.702	0.00412639	
365.26	0.0026585	-0.00559233	0.00135967	0.00619207	3.13601e-05	295.426	12.5811	0.00412639	
365.27	0.00581529	-0.0021464	0.00135967	0.00619876	3.06651e-05	339.741	12.5675	0.00412639	
365.28	0.00560136	0.00255632	0.00135967	0.00615711	3.52448e-05	24.5307	12.6526	0.00412639	
365.29	0.00210876	0.00569441	0.00135967	0.00607232	4.66537e-05	69.6794	12.8292	0.00412639	
365.3	-0.00252176	0.00539031	0.00135967	0.00595103	6.92135e-05	115.072	13.0907	0.00412639	
365.31	-0.00548459	0.00188829	0.00135967	0.00580055	0.000111661	161.002	13.4303	0.00412639	
365.32	-0.005	-0.00258594	0.00135967	0.00562913	0.000189686	207.347	13.8393	0.00412639	
365.33	-0.00150414	-0.0052343	0.00135967	0.00544613	0.000328173	253.967	14.3043	0.00412639	
365.34	0.00271873	-0.00450089	0.00135967	0.00525828	0.000565323	301.134	14.8153	0.00412639	
365.35	0.00497502	-0.000996184	0.00135967	0.00507378	0.000946684	348.677	15.3541	0.00412639	
365.36	0.00394369	0.00290684	0.00135967	0.00489923	0.00151593	36.3934	15.9011	0.00412639	
365.37	0.00045391	0.00471527	0.00135967	0.00473706	0.00231327	84.5014	16.4454	0.00412639	
365.38	-0.00311592	0.00336916	0.00135967	0.00458914	0.00335949	132.764	16.9756	0.00412639	
365.39	-0.00445342	-8.39156e-05	0.00135967	0.00445421	0.00467306	181.079	17.4898	0.00412639	
365.4	-0.00282738	-0.00327704	0.00135967	0.00432817	0.00630403	229.213	17.9991	0.00412639	
365.41	0.000540164	-0.00417036	0.00135967	0.0042052	0.0083729	277.38	18.5254	0.00412639	
365.42	0.00335697	-0.00231689	0.00135967	0.00407888	0.0111119	325.388	19.0992	0.00412639	
365.43	0.00384051	0.000891778	0.00135967	0.00394269	0.0149317	13.0726	19.7589	0.00412639	
365.44	0.0018525	0.00330644	0.00135967	0.00379002	0.0205481	60.7395	20.5548	0.00412639	
365.45	-0.00113479	0.0034335	0.00135967	0.00361617	0.0291083	108.289	21.543	0.00412639	
365.46	-0.00311467	0.00140919	0.00135967	0.00341862	0.0423884	155.656	22.7879	0.00412639	
365.47	-0.00293626	-0.00126143	0.00135967	0.00319575	0.0631539	203.248	24.3771	0.00412639	
365.48	-0.000956163	-0.00279011	0.00135967	0.0029494	0.0951091	251.084	26.4132	0.00412639	
365.49	0.00131139	-0.00234251	0.00135967	0.0026846	0.142382	299.241	29.0185	0.00412639	
365.5	0.00235773	-0.000486784	0.00135967	0.00240746	0.208554	348.334	32.3591	0.00412639	
365.51	0.0016634	0.00133097	0.00135967	0.00213034	0.293038	38.665	36.5684	0.00412639	
365.52	-2.09889e-05	0.00187074	0.00135967	0.00187086	0.388041	90.6428	41.6403	0.00412639	
365.53	-0.00135557	0.000942625	0.00135967	0.00165109	0.4784	145.186	47.1828	0.00412639	
365.54	-0.00138859	-0.000570495	0.00135967	0.00150121	0.54361	202.335	51.8934	0.00412639	
365.55	-0.000227438	-0.00142969	0.00135967	0.00144767	0.567327	260.961	53.8127	0.00412639	
365.56	0.00113496	-0.000977309	0.00135967	0.00149775	0.545137	319.268	52.0133	0.00412639	
365.57	0.00157675	0.000426162	0.00135967	0.00163333	0.486009	15.1244	47.6959	0.00412639	
365.58	0.000690233	0.00168637	0.00135967	0.00182216	0.407383	67.7406	42.7533	0.00412639	
365.59	-0.000948944	0.00180138	0.00135967	0.00203604	0.325893	117.78	38.2621	0.00412639	
365.6	-0.00218283	0.000557179	0.00135967	0.00225282	0.253437	165.681	34.5803	0.00412639	
365.61	-0.00208771	-0.00129623	0.00135967	0.00245739	0.195294	211.835	31.7016	0.00412639	
365.62	-0.000598086	-0.0025733	0.00135967	0.00264189	0.151419	256.916	29.4877	0.00412639	
365.63	0.00144451	-0.00239859	0.00135967	0.00279998	0.119986	301.058	27.8228	0.00412639	
365.64	0.00282177	-0.000784849	0.00135967	0.00292888	0.0982625	344.457	26.5983	0.00412639	
365.65	0.00269438	0.00138026	0.00135967	0.00302734	0.0838504	27.1249	25.7332	0.00412639	
365.66	0.00108794	0.00289908	0.00135967	0.00309649	0.0747765	69.4304	25.1585	0.00412639	
365.67	-0.00114147	0.00292244	0.00135967	0.00313745	0.0697866	111.335	24.8301	0.00412639	
365.68	-0.00280358	0.00144119	0.00135967	0.00315232	0.0680439	152.794	24.713	0.00412639	
365.69	-0.00304856	-0.00076806	0.00135967	0.00314382	0.0690354	194.141	24.7798	0.00412639	
365.7	-0.00177121	-0.00256098	0.00135967	0.00311381	0.072632	235.332	25.0186	0.00412639	
365.71	0.000338008	-0.00304639	0.00135967	0.00306508	0.0787942	276.331	25.4163	0.00412639	
365.72	0.00221025	-0.00202629	0.00135967	0.00299851	0.0878843	317.486	25.9806	0.00412639	
365.73	0.00291485	-6.20054e-05	0.00135967	0.00291551	0.100362	358.781	26.7202	0.00412639	
365.74	0.00215148	0.00181878	0.00135967	0.00281724	0.11688	40.2099	27.6523	0.00412639	
365.75	0.000368901	0.00267841	0.00135967	0.0027037	0.138474	82.1579	28.8135	0.00412639	
365.76	-0.00146493	0.00211888	0.00135967	0.00257598	0.166178	124.659	30.2421	0.00412639	
365.77	-0.00238064	0.000516389	0.00135967	0.002436	0.2009	167.761	31.9799	0.00412639	
365.78	-0.0019398	-0.00120996	0.00135967	0.00228623	0.243251	211.954	34.0749	0.00412639	
365.79	-0.000466139	-0.00208097	0.00135967	0.00213254	0.292298	257.374	36.5307	0.00412639	
365.8	0.00111487	-0.00164189	0.00135967	0.00198462	0.344634	304.177	39.2534	0.00412639	
365.81	0.00184079	-0.000228426	0.00135967	0.0018549	0.394329	352.926	41.9985	0.00412639	
365.82	0.00127646	0.00121453	0.00135967	0.00176194	0.431869	43.5758	44.2143	0.00412639	
365.83	-0.00016952	0.00171667	0.00135967	0.00172502	0.447174	95.6397	45.1608	0.00412639	
365.84	-0.00150132	0.000917633	0.00135967	0.00175955	0.432856	148.566	44.2746	0.00412639	
365.85	-0.00174494	-0.0006713	0.00135967	0.00186961	0.38853	201.042	41.668	0.00412639	
365.86	-0.000631403	-0.00194623	0.00135967	0.00204609	0.322296	252.026	38.0741	0.00412639	
365.87	0.0011871	-0.00193885	0.00135967	0.0022734	0.247129	301.478	34.2672	0.00412639	
365.88	0.00248874	-0.000469507	0.00135967	0.00253264	0.176433	349.317	30.7597	0.00412639	
365.89	0.00227644	0.00164143	0.00135967	0.00280651	0.118803	35.7935	27.758	0.00412639	
365.9	0.000478988	0.00304195	0.00135967	0.00307943	0.0769376	81.0516	25.2979	0.00412639	
365.91	-0.00194477	0.0027165	0.00135967	0.00334088	0.0488621	125.599	23.3181	0.00412639	
365.92	-0.00351954	0.000653752	0.00135967	0.00357974	0.0312467	169.477	21.7622	0.00412639	
365.93	-0.00318738	-0.00204528	0.00135967	0.00378715	0.0206694	212.688	20.5704	0.00412639	
365.94	-0.00098521	-0.00383342	0.00135967	0.00395799	0.0144512	255.587	19.6825	0.00412639	
365.95	0.00192496	-0.00360427	0.00135967	0.0040861	0.0109361	298.106	19.0654	0.00412639	
365.96	0.00392082	-0.00141464	0.00135967	0.00416822	0.00910428	340.16	18.6898	0.00412639	
365.97	0.00389596	0.0015767	0.00135967	0.00420292	0.00841641	22.0332	18.5355	0.00412639	
365.98	0.00186237	0.00375275	0.00135967	0.00418946	0.00867755	63.6062	18.595	0.00412639	
365.99	-0.00105161	0.00399298	0.00135967	0.00412914	0.00993879	104.755	18.8667	0.00412639	
366	-0.00332491	0.00226641	0.00135967	0.00402388	0.0125352	145.72	19.3602	0.00412639	
366.01	-0.00385391	-0.000428985	0.00135967	0.00387771	0.0171315	186.352	20.09	0.00412639	
366.02	-0.00254425	-0.00268096	0.00135967	0.00369605	0.0248546	226.499	21.0774	0.00412639	
366.03	-0.00022094	-0.00347653	0.00135967	0.00348354	0.0375504	266.364	22.3632	0.00412639	
366.04	0.0018977	-0.00263453	0.00135967	0.00324685	0.0577742	305.766	23.9935	0.00412639	
366.05	0.00288552	-0.000799153	0.00135967	0.00299414	0.0885087	344.52	26.0185	0.00412639	
366.06	0.00251826	0.00105724	0.00135967	0.00273119	0.13299	22.774	28.5235	0.00412639	
366.07	0.00122187	0.002142	0.00135967	0.002466	0.193067	60.298	31.5909	0.00412639	
366.08	-0.000263188	0.0021912	0.00135967	0.00220695	0.267853	96.8491	35.299	0.00412639	
366.09	-0.0013237	0.00144461	0.00135967	0.00195936	0.354048	132.499	39.7596	0.00412639	
366.1	-0.00168622	0.000390381	0.00135967	0.00173082	0.444757	166.965	45.0095	0.00412639	
366.11	-0.00143618	-0.000521779	0.00135967	0.00152803	0.531798	199.967	50.9829	0.00412639	
366.12	-0.000842335	-0.00106213	0.00135967	0.0013556	0.608345	231.583	57.4677	0.00412639	
366.13	-0.000176225	-0.00120582	0.00135967	0.00121863	0.669213	261.685	63.9266	0.00412639	
366.14	0.000391839	-0.00105007	0.00135967	0.00112079	0.711949	290.463	69.5071	0.00412639	
366.15	0.000794089	-0.000707526	0.00135967	0.00106356	0.736432	318.299	73.2472	0.00412639	
366.16	0.00101448	-0.000252346	0.00135967	0.00104539	0.744105	346.032	74.5203	0.00412639	
366.17	0.00103017	0.000262769	0.00135967	0.00106315	0.736607	14.3095	73.2756	0.00412639	
366.18	0.000804658	0.000766131	0.00135967	0.00111105	0.71615	43.595	70.1167	0.00412639	
366.19	0.000318333	0.00114012	0.00135967	0.00118373	0.684564	74.3997	65.8117	0.00412639	
366.2	-0.000366918	0.00122094	0.00135967	0.00127488	0.644301	106.727	61.106	0.00412639	
366.21	-0.00106327	0.000878048	0.00135967	0.00137896	0.597927	140.45	56.4943	0.00412639	
366.22	-0.00148692	0.00011189	0.00135967	0.00149112	0.548069	175.697	52.2447	0.00412639	
366.23	-0.00135842	-0.000857142	0.00135967	0.00160624	0.497684	212.251	48.5004	0.00412639	
366.24	-0.000590925	-0.00161447	0.00135967	0.00171922	0.449597	249.896	45.3132	0.00412639	
366.25	0.000587763	-0.00172944	0.00135967	0.00182659	0.405605	288.771	42.6495	0.00412639	
366.26	0.00164423	-0.000999907	0.00135967	0.0019244	0.367291	328.695	40.4818	0.00412639	
366.27	0.00198247	0.000331443	0.00135967	0.00200999	0.335318	9.49132	38.7581	0.00412639	
366.28	0.00129999	0.00162721	0.00135967	0.00208273	0.309376	51.3784	37.4043	0.00412639	
366.29	-0.000157605	0.00213682	0.00135967	0.00214262	0.28891	94.2183	36.3588	0.00412639	
366.3	-0.00162523	0.00147037	0.00135967	0.00219166	0.27277	137.864	35.5453	0.00412639	
366.31	-0.00223182	-9.99136e-05	0.00135967	0.00223406	0.259271	182.563	34.8707	0.00412639	
366.32	-0.00151842	-0.00169482	0.00135967	0.00227552	0.246486	228.142	34.2353	0.00412639	
366.33	0.000177151	-0.00231607	0.00135967	0.00232283	0.232401	274.374	33.538	0.00412639	
366.34	0.00186308	-0.00148746	0.00135967	0.00238403	0.214982	321.396	32.677	0.00412639	
366.35	0.0024364	0.000379714	0.00135967	0.00246581	0.193116	8.85832	31.5933	0.00412639	
366.36	0.0014251	0.00214206	0.00135967	0.0025728	0.166915	56.3644	30.2795	0.00412639	
366.37	-0.000652764	0.0026281	0.00135967	0.00270796	0.137614	103.949	28.7682	0.00412639	
366.38	-0.00251573	0.00138062	0.00135967	0.00286968	0.107823	151.242	27.147	0.00412639	
366.39	-0.00290286	-0.000948308	0.00135967	0.00305383	0.0802759	198.091	25.51	0.00412639	
366.4	-0.00141248	-0.00293044	0.00135967	0.00325309	0.0571441	244.266	23.9474	0.00412639	
366.41	0.0011848	-0.00325164	0.00135967	0.00346076	0.0391918	290.02	22.5104	0.00412639	
366.42	0.00333009	-0.001537	0.00135967	0.00366768	0.0262992	335.224	21.2404	0.00412639	
366.43	0.00363674	0.00130783	0.00135967	0.00386475	0.0176031	19.7794	20.1574	0.00412639	
366.44	0.00177329	0.00363574	0.00135967	0.00404513	0.0119671	63.9998	19.2585	0.00412639	
366.45	-0.00128377	0.00399998	0.00135967	0.00420094	0.00845429	107.794	18.5442	0.00412639	
366.46	-0.00378577	0.00209251	0.00135967	0.00432558	0.00634231	151.069	18.0099	0.00412639	
366.47	-0.00428173	-0.00107759	0.00135967	0.00441525	0.00513083	194.126	17.6441	0.00412639	
366.48	-0.00244148	-0.00373868	0.00135967	0.00446526	0.00455009	236.854	17.4465	0.00412639	
366.49	0.000710945	-0.00441672	0.00135967	0.00447357	0.00445953	279.144	17.4141	0.00412639	
366.5	0.00346263	-0.00277784	0.00135967	0.00443916	0.00484522	321.262	17.5491	0.00412639	
366.51	0.00435592	0.000234203	0.00135967	0.00436221	0.00581922	3.07764	17.8586	0.00412639	
366.52	0.00302969	0.00297276	0.00135967	0.00424457	0.00765247	44.4566	18.3536	0.00412639	
366.53	0.00031148	0.00407647	0.00135967	0.00408835	0.0108818	85.6306	19.0549	0.00412639	
366.54	-0.00231534	0.00313572	0.00135967	0.00389789	0.0164198	126.441	19.986	0.00412639	
366.55	-0.00358038	0.000845097	0.00135967	0.00367877	0.0257262	166.719	21.1764	0.00412639	
366.56	-0.00307099	-0.00154071	0.00135967	0.0034358	0.0410597	206.643	22.6739	0.00412639	
366.57	-0.00129176	-0.00290177	0.00135967	0.0031763	0.0653068	246.003	24.5264	0.00412639	
366.58	0.000731685	-0.00281579	0.00135967	0.0029093	0.101348	284.566	26.7773	0.00412639	
366.59	0.00209373	-0.0016112	0.00135967	0.0026419	0.151416	322.42	29.4875	0.00412639	
366.6	0.00238451	-3.04522e-05	0.00135967	0.0023847	0.214798	359.268	32.6679	0.00412639	
366.61	0.00176414	0.00122768	0.00135967	0.00214928	0.286687	34.8344	36.2462	0.00412639	
366.62	0.00069085	0.00181893	0.00135967	0.00194571	0.359189	69.2026	40.0385	0.00412639	
366.63	-0.000380258	0.00174481	0.00135967	0.00178577	0.422108	102.295	43.6244	0.00412639	
366.64	-0.00117449	0.00119863	0.00135967	0.00167814	0.466892	134.417	46.4224	0.00412639	
366.65	-0.00157852	0.000390778	0.00135967	0.00162617	0.489085	166.095	47.9058	0.00412639	
366.66	-0.0015434	-0.0005106	0.00135967	0.00162567	0.489303	198.306	47.9208	0.00412639	
366.67	-0.00103562	-0.0013063	0.00135967	0.00166701	0.471614	231.593	46.7322	0.00412639	
366.68	-0.000115207	-0.00173329	0.00135967	0.00173711	0.442139	266.197	44.8464	0.00412639	
366.69	0.00097746	-0.00154071	0.00135967	0.00182461	0.406397	302.392	42.6957	0.00412639	
366.7	0.00180387	-0.00065785	0.00135967	0.00192008	0.368943	339.964	40.5728	0.00412639	
366.71	0.00191142	0.000644145	0.00135967	0.00201704	0.332751	18.6237	38.6225	0.00412639	
366.72	0.00110579	0.00180029	0.00135967	0.00211277	0.299007	58.4405	36.8725	0.00412639	
366.73	-0.000350622	0.00217812	0.00135967	0.00220616	0.268104	99.1447	35.3116	0.00412639	
366.74	-0.00177212	0.00146222	0.00135967	0.0022975	0.239877	140.473	33.9078	0.00412639	
366.75	-0.00238726	-0.000106856	0.00135967	0.00238965	0.213428	182.563	32.6002	0.00412639	
366.76	-0.00175199	-0.00176245	0.00135967	0.0024851	0.188192	225.171	31.3481	0.00412639	
366.77	-8.80296e-05	-0.00258524	0.00135967	0.00258674	0.1637	268.05	30.1163	0.00412639	
366.78	0.00178257	-0.00202584	0.00135967	0.00269844	0.139542	311.345	28.8697	0.00412639	
366.79	0.00281076	-0.000255398	0.00135967	0.00282234	0.115974	354.808	27.6023	0.00412639	
366.8	0.00232649	0.00183025	0.00135967	0.00296013	0.0934911	38.1921	26.3174	0.00412639	
366.81	0.000451771	0.00308051	0.00135967	0.00311346	0.0726754	81.6568	25.0214	0.00412639	
366.82	-0.00188161	0.00268846	0.00135967	0.0032815	0.0543454	124.988	23.7401	0.00412639	
366.83	-0.00338678	0.000721043	0.00135967	0.00346269	0.0390509	167.981	22.4979	0.00412639	
366.84	-0.00313833	-0.00187515	0.00135967	0.00365586	0.0269224	210.858	21.3091	0.00412639	
366.85	-0.00109843	-0.0036981	0.00135967	0.00385778	0.0178609	253.457	20.1938	0.00412639	
366.86	0.00175859	-0.00366432	0.00135967	0.00406447	0.0114703	295.637	19.1669	0.00412639	
366.87	0.00395299	-0.00162467	0.00135967	0.00427384	0.00715346	337.657	18.2279	0.00412639	
366.88	0.0042272	0.00148811	0.00135967	0.00448149	0.0043749	19.3937	17.3833	0.00412639	
366.89	0.00228105	0.00409156	0.00135967	0.00468445	0.00264515	60.8603	16.6302	0.00412639	
366.9	-0.00101004	0.00477262	0.00135967	0.00487833	0.00160205	101.949	15.9692	0.00412639	
366.91	-0.00403872	0.00305119	0.00135967	0.00506172	0.000978497	142.929	15.3906	0.00412639	
366.92	-0.00522053	-0.000337313	0.00135967	0.00523142	0.000610083	183.697	14.8914	0.00412639	
366.93	-0.00386349	-0.00375018	0.00135967	0.00538428	0.000393357	224.147	14.4686	0.00412639	
366.94	-0.00052386	-0.00549482	0.00135967	0.00551974	0.000263807	264.554	14.1136	0.00412639	
366.95	0.00321705	-0.00462679	0.00135967	0.0056353	0.000186154	304.811	13.8241	0.00412639	
366.96	0.00552923	-0.00149987	0.00135967	0.00572905	0.000139551	344.823	13.5979	0.00412639	
366.97	0.005263	0.00243841	0.00135967	0.00580043	0.000111703	24.8588	13.4306	0.00412639	
366.98	0.00248772	0.00529164	0.00135967	0.00584724	9.63867e-05	64.8208	13.3231	0.00412639	
366.99	-0.00148061	0.00567861	0.00135967	0.00586846	9.01193e-05	104.614	13.2749	0.00412639	
367	-0.00477287	0.00340342	0.00135967	0.00586204	9.19735e-05	144.508	13.2894	0.00412639	
367.01	-0.00580904	-0.000448218	0.00135967	0.00582631	0.000102972	184.412	13.3709	0.00412639	
367.02	-0.00412744	-0.00401774	0.00135967	0.00576004	0.00012674	224.228	13.5248	0.00412639	
367.03	-0.000569285	-0.00563115	0.00135967	0.00565985	0.000172704	264.227	13.7642	0.00412639	
367.04	0.00311494	-0.00456338	0.00135967	0.00552515	0.000259577	304.317	14.0997	0.00412639	
367.05	0.00515644	-0.00143935	0.00135967	0.00535356	0.000430064	344.404	14.5517	0.00412639	
367.06	0.00466999	0.00215404	0.00135967	0.00514283	0.000782246	24.7616	15.1479	0.00412639	
367.07	0.00204445	0.00444482	0.00135967	0.00489246	0.00154333	65.2993	15.9231	0.00412639	
367.08	-0.00126363	0.00442598	0.00135967	0.00460283	0.00324706	105.934	16.9251	0.00412639	
367.09	-0.00358215	0.00232954	0.00135967	0.00427301	0.00716717	146.963	18.2315	0.00412639	
367.1	-0.00386388	-0.000565989	0.00135967	0.00390512	0.0161712	188.334	19.949	0.00412639	
367.11	-0.00225093	-0.00268463	0.00135967	0.00350341	0.0361666	230.022	22.2364	0.00412639	
367.12	0.000131372	-0.00306727	0.00135967	0.00307008	0.0781439	272.453	25.375	0.00412639	
367.13	0.00187287	-0.00182228	0.00135967	0.00261311	0.15774	315.785	29.8124	0.00412639	
367.14	0.00214228	2.1491e-05	0.00135967	0.00214239	0.288986	0.574762	36.3627	0.00412639	
367.15	0.00112521	0.00124079	0.00135967	0.00167501	0.468217	47.7968	46.509	0.00412639	
367.16	-0.000220961	0.00121769	0.00135967	0.00123758	0.660844	100.285	62.9482	0.00412639	
367.17	-0.000861298	0.000259769	0.00135967	0.000899619	0.803411	163.217	86.5957	0.00412639	
367.18	-0.00041373	-0.000681762	0.00135967	0.000797478	0.841974	238.748	97.6868	0.00412639	
367.19	0.000631949	-0.000755258	0.00135967	0.000984771	0.769291	309.92	79.1078	0.00412639	
367.2	0.0013047	0.000176003	0.00135967	0.00131651	0.625774	7.68278	59.1738	0.00412639	
367.21	0.000898221	0.00141554	0.00135967	0.00167647	0.467598	57.6031	46.4686	0.00412639	
367.22	-0.000487524	0.00195828	0.00135967	0.00201806	0.332383	103.98	38.6031	0.00412639	
367.23	-0.00197394	0.00121299	0.00135967	0.00231685	0.234154	148.429	33.6246	0.00412639	
367.24	-0.00250588	-0.000515017	0.00135967	0.00255825	0.170319	191.614	30.4517	0.00412639	
