363.25	0.00119042	0.00100783	0.00135471	0.00155975	0.515405	40.2518	49.764	0.00411135	
363.27	-0.00107307	0.00148391	0.00135499	0.00183124	0.40122	125.872	42.395	0.00411221	
363.29	-0.00175144	-0.0011363	0.00135532	0.00208775	0.305309	212.975	37.1952	0.00411321	
363.31	0.000955359	-0.00218181	0.00135495	0.0023818	0.213308	293.647	32.5942	0.00411208	
363.33	0.00256816	0.000640172	0.00135519	0.00264674	0.148497	13.997	29.3367	0.0041128	
363.35	-0.000215112	0.00286604	0.00135502	0.0028741	0.105452	94.2923	27.0125	0.00411228	
363.37	-0.00293828	0.000391206	0.00135497	0.00296421	0.0913614	172.416	26.1904	0.00411212	
363.39	-0.000896331	-0.0029442	0.00135451	0.00307762	0.0756765	253.068	25.2168	0.00411074	
363.41	0.00261662	-0.00151824	0.00135465	0.00302518	0.0826168	329.876	25.6566	0.00411117	
363.43	0.00207689	0.00234245	0.001355	0.00313058	0.0693254	48.4388	24.7992	0.00411224	
363.45	-0.00182964	0.0025478	0.00135451	0.0031367	0.0684704	125.683	24.7418	0.00411073	
363.47	-0.00282502	-0.00129645	0.00135467	0.0031083	0.0719072	204.651	24.9709	0.00411123	
363.49	0.000536035	-0.00295811	0.00135511	0.00300628	0.0853642	280.271	25.8266	0.00411256	
363.51	0.00281367	-2.98856e-05	0.00135505	0.00281382	0.115786	359.391	27.5919	0.00411239	
363.53	0.000513801	0.00261794	0.00135463	0.00266788	0.143794	78.8962	29.0922	0.00411111	
363.55	-0.00227052	0.000972838	0.00135509	0.00247015	0.189867	156.807	31.4316	0.0041125	
363.57	-0.00113248	-0.00168181	0.00135546	0.00202755	0.326681	236.045	38.3034	0.00411363	
363.59	0.00118693	-0.00104411	0.00135509	0.00158081	0.506392	318.663	49.1147	0.0041125	
363.61	0.00083066	0.000655048	0.00135498	0.00105787	0.737296	38.2588	73.3879	0.00411217	
363.63	-0.000320699	0.000487414	0.00135463	0.000583455	0.911415	123.343	133.026	0.0041111	
363.65	-4.19134e-05	0.000126393	0.00135444	0.000133161	0.995179	108.346	582.782	0.00411054	
363.67	-0.000316192	0.00047545	0.00135555	0.00057099	0.915107	123.625	136.022	0.0041139	
363.69	-0.000961072	-0.000460395	0.0013557	0.00106566	0.734222	205.596	72.8901	0.00411435	
363.71	0.00054144	-0.00127912	0.00135531	0.00138899	0.591461	292.943	55.9064	0.00411317	
363.73	0.00146269	0.000657065	0.00135535	0.0016035	0.496663	24.1904	48.4292	0.0041133	
363.75	-0.000789331	0.00142663	0.00135532	0.00163043	0.485007	118.955	47.6278	0.00411319	
363.77	-0.00114557	-0.00109904	0.00135493	0.00158752	0.50339	223.812	48.9015	0.00411203	
363.79	0.0014883	-0.000809774	0.0013548	0.00169434	0.457479	331.45	45.8139	0.00411162	
363.81	0.000436563	0.00189058	0.00135542	0.00194033	0.358927	76.9974	40.0242	0.00411351	
363.83	-0.00254282	-8.22501e-05	0.00135634	0.00254415	0.172182	181.853	30.5457	0.0041163	
363.85	0.000642627	-0.00306799	0.00135654	0.00313457	0.069274	281.83	24.7958	0.00411691	
363.87	0.00381543	0.00110974	0.00135569	0.00397354	0.0136309	16.2174	19.5481	0.00411432	
363.89	-0.00138564	0.00440805	0.00135583	0.0046207	0.00300553	107.45	16.812	0.00411475	
363.91	-0.00491361	-0.00155064	0.00135585	0.00515247	0.000731265	197.515	15.0771	0.00411479	
363.93	0.00156788	-0.00518507	0.00135581	0.00541694	0.000341748	286.824	14.3406	0.00411468	
363.95	0.00510327	0.001573	0.00135561	0.00534019	0.000426821	17.1311	14.5446	0.00411408	
363.97	-0.00139255	0.00505251	0.00135594	0.0052409	0.000570151	105.409	14.8238	0.00411509	
363.99	-0.00413274	-0.0013211	0.00135555	0.00433876	0.00596172	197.727	17.9007	0.00411389	
364.01	0.00116815	-0.00374282	0.00135468	0.00392088	0.0151681	287.333	19.7959	0.00411125	
364.03	0.00273648	0.00102856	0.00135526	0.0029234	0.0976364	20.5998	26.5617	0.004113	
364.05	-0.00110021	0.00159161	0.00135488	0.00193486	0.360707	124.654	40.1212	0.00411185	
364.07	-0.000480332	-0.00123585	0.00135519	0.00132591	0.61963	248.761	58.5608	0.00411279	
364.09	0.00146247	0.000591733	0.00135546	0.00157765	0.507961	22.0288	49.2267	0.00411364	
364.11	-0.00154354	0.00185975	0.00135537	0.00241685	0.203956	129.692	32.1314	0.00411334	
364.13	-0.0022322	-0.00207357	0.00135555	0.00304671	0.0799932	222.89	25.4922	0.00411389	
364.15	0.00259813	-0.00272233	0.00135553	0.00376316	0.0212047	313.663	20.6385	0.00411382	
364.17	0.00310998	0.002656	0.00135501	0.00408979	0.0105144	40.4981	18.9829	0.00411224	
364.19	-0.00256571	0.00317626	0.00135606	0.00408308	0.0107481	128.93	19.0289	0.00411544	
364.21	-0.00331317	-0.00219494	0.00135538	0.00397427	0.0135832	213.524	19.5401	0.00411339	
364.23	0.00167304	-0.00331335	0.00135552	0.00371179	0.0235391	296.791	20.924	0.0041138	
364.25	0.00307902	0.0010905	0.00135492	0.00326643	0.0546971	19.5027	23.7664	0.004112	
364.27	-0.000495499	0.00258963	0.00135493	0.00263661	0.150568	100.832	29.4438	0.00411201	
364.29	-0.00207475	-0.000147231	0.0013554	0.00207997	0.308057	184.059	37.3364	0.00411343	
364.31	-0.000256556	-0.00157441	0.0013557	0.00159517	0.500451	260.745	48.6942	0.00411434	
364.33	0.000954952	-0.000458474	0.00135921	0.00105931	0.738083	334.354	73.5167	0.00412499	
364.35	0.00042487	0.000601053	0.00135572	0.000736056	0.862963	54.7444	105.532	0.00411443	
364.37	-0.000119389	0.000377501	0.00135581	0.00039593	0.958257	107.55	196.202	0.00411468	
364.39	-1.83851e-05	0.000232862	0.00135523	0.000233587	0.985256	94.5143	332.421	0.00411294	
364.41	-0.00043275	0.000247397	0.0013553	0.000498476	0.934599	150.244	155.781	0.00411314	
364.43	-0.000594979	-0.000393437	0.0013546	0.000713297	0.870541	213.475	108.808	0.00411101	
364.45	0.000200057	-0.000988484	0.00135488	0.00100853	0.758024	281.441	76.9727	0.00411186	
364.47	0.00111119	0.000134289	0.00135521	0.00111927	0.711016	6.89087	69.3732	0.00411286	
364.49	0.000122016	0.00116206	0.00135584	0.00116845	0.689811	84.0059	66.4849	0.00411479	
364.51	-0.00111651	0.000303332	0.00135479	0.00115698	0.69444	164.801	67.0918	0.0041116	
364.53	-0.000308296	-0.00097507	0.00135462	0.00102265	0.752044	252.454	75.8953	0.00411108	
364.55	0.000556891	-0.000285524	0.00135483	0.00062582	0.898809	332.855	124.039	0.0041117	
364.57	0.000328702	0.000136799	0.0013551	0.000356032	0.966074	22.596	218.075	0.00411254	
364.59	0.000160024	-1.48739e-05	0.00135464	0.000160714	0.992987	354.69	482.94	0.00411114	
364.61	0.000308565	0.000670846	0.00135498	0.000738408	0.862009	65.2993	105.138	0.00411217	
364.63	-0.000822096	0.000682507	0.0013554	0.00106848	0.732919	140.3	72.6814	0.00411345	
364.65	-0.00116383	-0.000995848	0.00135489	0.00153173	0.527801	220.553	50.681	0.0041119	
364.67	0.00103305	-0.00152212	0.00135515	0.00183957	0.397976	304.164	42.2077	0.00411267	
364.69	0.00175165	0.000951195	0.00135478	0.00199326	0.338806	28.5031	38.9429	0.00411156	
364.71	-0.00050862	0.00197863	0.00135574	0.00204295	0.321305	104.416	38.0225	0.00411447	
364.73	-0.00190622	-0.000211512	0.00135599	0.00191792	0.367777	186.332	40.5086	0.00411522	
364.75	-0.000197893	-0.00175449	0.0013559	0.00176562	0.428346	263.565	44.0002	0.00411497	
364.77	0.00121332	-0.000685101	0.00135572	0.00139338	0.589686	330.549	55.7471	0.00411441	
364.79	0.00101475	0.000580036	0.00135506	0.00116883	0.689349	29.7525	66.4251	0.00411242	
364.81	5.16758e-05	0.00115353	0.00135489	0.00115469	0.695478	87.435	67.2297	0.00411189	
364.83	-0.00135617	0.000819564	0.00135478	0.00158458	0.504594	148.855	48.9868	0.00411157	
364.85	-0.00128935	-0.00123086	0.00135524	0.00178254	0.421051	223.67	43.5612	0.00411295	
364.87	0.000816758	-0.00182531	0.00135532	0.00199972	0.336725	294.107	38.8325	0.0041132	
364.89	0.00210075	0.000383148	0.00135547	0.0021354	0.289111	10.3364	36.369	0.00411364	
364.91	0.000353845	0.0023026	0.00135581	0.00232963	0.228503	81.2636	33.3452	0.00411467	
364.93	-0.00210959	0.00078475	0.00135586	0.00225082	0.252103	159.595	34.5141	0.00411484	
364.95	-0.00143721	-0.00167173	0.00135629	0.0022046	0.266849	229.314	35.2488	0.00411613	
364.97	0.00101615	-0.00185505	0.00135639	0.00211513	0.296459	298.713	36.7425	0.00411644	
364.99	0.0020218	0.000267193	0.00135573	0.00203938	0.322578	7.52833	38.0888	0.00411445	
365.01	0.000546268	0.00225137	0.00135543	0.00231669	0.232079	76.3614	33.522	0.00411352	
365.03	-0.00203067	0.00153581	0.00135481	0.00254604	0.171048	142.9	30.4885	0.00411165	
365.05	-0.00227695	-0.00168382	0.00135568	0.00283191	0.112838	216.483	27.4284	0.00411429	
365.07	0.00114011	-0.00278044	0.00135508	0.00300511	0.0855181	292.296	25.836	0.00411246	
365.09	0.00320373	0.000479224	0.00135557	0.00323937	0.0575409	8.50742	23.9764	0.00411397	
365.11	0.000369026	0.00335759	0.00135572	0.00337781	0.0448756	83.7279	22.9962	0.0041144	
365.13	-0.00328228	0.00102537	0.00135568	0.00343871	0.0400766	162.652	22.5884	0.0041143	
365.15	-0.00184609	-0.00309436	0.0013564	0.00360321	0.0293522	239.18	21.5685	0.00411646	
365.17	0.00265009	-0.00239294	0.00135627	0.0035706	0.0312591	317.919	21.7635	0.00411608	
365.19	0.00280496	0.00228572	0.00135622	0.00361833	0.0284677	39.1761	21.4756	0.00411593	
365.21	-0.00183849	0.00342504	0.00135563	0.00388728	0.0163863	118.226	19.981	0.00411414	
365.23	-0.00361692	-0.0014733	0.00135525	0.00390547	0.0157301	202.163	19.8824	0.004113	
365.25	0.0011956	-0.00365982	0.00135956	0.00385016	0.018136	288.091	20.2322	0.00412608	
365.27	0.00377406	0.000984201	0.00135522	0.00390028	0.0159016	14.6161	19.9085	0.0041129	
365.29	-0.000996931	0.00369193	0.00135543	0.00382416	0.0186844	105.111	20.3078	0.00411352	
365.31	-0.0037344	-0.00112385	0.00135455	0.00389985	0.0158504	196.749	19.9007	0.00411085	
365.33	0.00121831	-0.00368784	0.00135482	0.00388387	0.0164244	288.281	19.9867	0.00411169	
365.35	0.00344023	0.00158237	0.00135479	0.0037867	0.0201185	24.7006	20.4991	0.0041116	
365.37	-0.00159931	0.00347565	0.00135554	0.00382596	0.0186275	114.709	20.3	0.00411388	
365.39	-0.0031411	-0.00180837	0.00135536	0.00362445	0.0279992	209.93	21.4257	0.00411332	
365.41	0.00162556	-0.00291519	0.00135545	0.00333778	0.0482232	299.145	23.2675	0.0041136	
365.43	0.00250283	0.00168056	0.00135476	0.0030147	0.084088	33.8798	25.7479	0.00411151	
365.45	-0.00160839	0.00205386	0.00135512	0.00260869	0.156776	128.065	29.763	0.00411259	
365.47	-0.00117145	-0.0015544	0.00135529	0.00194639	0.356562	232.997	39.8957	0.00411312	
365.49	0.00152855	-0.000444627	0.00135586	0.0015919	0.501958	343.781	48.8003	0.00411484	
365.51	-0.000392925	0.00152842	0.00135577	0.00157812	0.507912	104.417	49.2232	0.00411456	
365.53	-0.00145729	-0.00123714	0.00135512	0.0019116	0.369735	220.329	40.6166	0.00411259	
365.55	0.00211208	-0.00179812	0.00135453	0.00277383	0.122851	319.591	27.9789	0.0041108	
365.57	0.00226559	0.00264348	0.0013549	0.00348151	0.036833	49.4019	22.2978	0.00411191	
365.59	-0.00295534	0.00257556	0.00135514	0.00392015	0.015235	138.928	19.8063	0.00411264	
365.61	-0.00294868	-0.00295548	0.00135477	0.00417488	0.00866756	225.066	18.5928	0.00411153	
365.63	0.00279666	-0.00327335	0.00135479	0.00430536	0.00641265	310.51	18.0295	0.00411158	
365.65	0.00353745	0.00231625	0.00135507	0.0042283	0.00768643	33.2159	18.362	0.00411245	
365.67	-0.00151547	0.00341636	0.00135519	0.0037374	0.0223074	113.922	20.7756	0.00411281	
365.69	-0.00338028	-0.000895019	0.00135491	0.00349677	0.0357826	194.83	22.2007	0.00411195	
365.71	-0.000150511	-0.00280599	0.0013547	0.00281002	0.116331	266.93	27.622	0.00411131	
365.73	0.00218399	-0.000762418	0.0013549	0.00231324	0.232828	340.756	33.5591	0.00411193	
365.75	0.00116491	0.00129883	0.00135458	0.0017447	0.436279	48.1112	44.4843	0.00411095	
365.77	-0.000344148	0.00148515	0.00135399	0.0015245	0.530541	103.047	50.8876	0.00410917	
365.79	-0.00130645	0.000519194	0.0013546	0.00140583	0.583605	158.327	55.208	0.00411103	
365.81	-0.00137782	-0.000916623	0.00135484	0.00165487	0.474275	213.635	46.9081	0.00411174	
365.83	0.000119056	-0.00200128	0.00135525	0.00200482	0.334818	273.405	38.7316	0.00411298	
365.85	0.00231544	-0.000534055	0.00135537	0.00237623	0.215058	347.012	32.6808	0.00411336	
365.87	0.00133169	0.00249616	0.00135542	0.00282918	0.113218	61.9203	27.4495	0.00411349	
365.89	-0.00226426	0.00246014	0.00135525	0.00334352	0.0476796	132.626	23.2241	0.00411299	
365.91	-0.0028738	-0.00178483	0.00135486	0.00338295	0.0442784	211.843	22.9468	0.0041118	
365.93	0.00139177	-0.00328939	0.00135494	0.00357171	0.0309799	292.934	21.7353	0.00411205	
365.95	0.0032346	0.000652381	0.00135532	0.00329973	0.0516238	11.4029	23.5334	0.00411319	
365.97	-0.000133418	0.00310457	0.00135537	0.00310743	0.0722081	92.4608	24.9907	0.00411334	
365.99	-0.00239764	7.33661e-05	0.00135569	0.00239876	0.209003	178.247	32.3813	0.00411431	
366.01	-0.000161523	-0.00172283	0.00135605	0.00173039	0.443016	264.644	44.9009	0.00411542	
366.03	0.000812823	3.65482e-05	0.00135512	0.000813644	0.835059	2.57454	95.4258	0.00411259	
366.05	-0.000561887	-1.005e-05	0.0013552	0.000561977	0.917612	181.025	138.168	0.00411282	
366.07	0.000818795	-0.00129954	0.00135533	0.00153598	0.526151	302.214	50.5572	0.00411324	
366.09	0.00216237	0.00129483	0.00135562	0.0025204	0.177576	30.9131	30.8171	0.00411412	
366.11	-0.00156048	0.00316481	0.00135537	0.00352862	0.0337446	116.247	22.0078	0.00411335	
366.13	-0.0037827	-0.001415	0.00135529	0.00403869	0.0117956	200.509	19.2271	0.00411311	
366.15	0.00112678	-0.00449637	0.00135521	0.0046354	0.00288086	284.068	16.7511	0.00411287	
366.17	0.00477988	0.00063536	0.00135496	0.00482192	0.00177811	7.57159	16.1002	0.00411212	
366.19	-6.29254e-05	0.00493795	0.0013547	0.00493835	0.00130149	90.7301	15.7176	0.00411133	
366.21	-0.00464314	0.000570815	0.00135553	0.0046781	0.00259263	172.991	16.6021	0.00411385	
366.23	-0.00110806	-0.00428516	0.00135623	0.0044261	0.00486669	255.502	17.5563	0.00411595	
366.25	0.0036563	-0.00157163	0.00135599	0.00397977	0.0134743	336.74	19.5219	0.00411523	
366.27	0.00183494	0.0029438	0.00135573	0.00346885	0.0378776	58.0638	22.3928	0.00411443	
366.29	-0.00219048	0.00185537	0.00135553	0.00287065	0.106204	139.735	27.0552	0.00411383	
366.31	-0.00167915	-0.00148898	0.00136136	0.00224424	0.256965	221.565	34.7558	0.00413153	
366.33	0.00102228	-0.0014888	0.00135516	0.00180599	0.411472	304.475	42.993	0.00411271	
366.35	0.00108897	0.000665295	0.00135444	0.00127611	0.641567	31.4225	60.8126	0.00411054	
366.37	-0.000455057	0.000624198	0.00135462	0.000772464	0.849941	126.093	100.476	0.00411108	
366.39	-0.00035139	-0.000748638	0.00135529	0.000827003	0.830129	244.856	93.8962	0.00411311	
366.41	0.000623235	0.000125874	0.00135522	0.000635819	0.895783	11.4183	122.123	0.00411289	
366.43	-0.000222715	0.000876685	0.00135551	0.000904532	0.800399	104.254	85.8622	0.00411378	
366.45	-0.000969863	-0.000488999	0.0013556	0.00108616	0.725428	206.757	71.5088	0.00411406	
366.47	0.0006246	-0.00104852	0.00135577	0.00122046	0.666857	300.782	63.6478	0.00411456	
366.49	0.00097262	0.000504516	0.00135549	0.00109568	0.721299	27.4166	70.8814	0.00411371	
366.51	-0.000779148	0.000722731	0.00135517	0.00106274	0.735288	137.151	73.0617	0.00411274	
366.53	-0.000526693	-0.000789847	0.00135548	0.000949349	0.782497	236.303	81.8069	0.00411368	
366.55	0.00114541	-0.000249057	0.00135499	0.00117217	0.687852	347.733	66.2318	0.0041122	
366.57	-7.64472e-05	0.00123677	0.00135499	0.00123913	0.658262	93.5371	62.6528	0.0041122	
366.59	-0.00150164	-0.000482861	0.00135508	0.00157736	0.507893	197.826	49.2218	0.00411248	
366.61	0.000684878	-0.00193636	0.00135489	0.00205391	0.316947	289.478	37.7958	0.00411188	
366.63	0.0023451	0.000981948	0.00135459	0.00254238	0.17182	22.7202	30.5274	0.00411099	
366.65	-0.00107396	0.00264033	0.00135536	0.00285039	0.109546	112.134	27.2441	0.00411331	
366.67	-0.00298957	-0.00105272	0.00135471	0.00316951	0.0647694	199.399	24.4893	0.00411134	
366.69	0.00112957	-0.00309756	0.0013553	0.0032971	0.0518648	290.035	23.5519	0.00411314	
366.71	0.00317963	0.000990477	0.00135555	0.00333033	0.0489007	17.3022	23.3212	0.0041139	
366.73	-0.000983447	0.00306948	0.00135513	0.00322318	0.0590928	107.765	24.089	0.00411261	
366.75	-0.0028282	-0.000854997	0.00135486	0.00295461	0.0927497	196.821	26.2733	0.00411179	
366.77	0.00085095	-0.00260251	0.00135547	0.0027381	0.129992	288.106	28.3637	0.00411365	
366.79	0.00222445	0.000747689	0.00135523	0.00234675	0.223295	18.5787	33.0879	0.00411293	
366.81	-0.000833211	0.00192594	0.0013547	0.00209845	0.301279	113.395	36.9886	0.00411132	
366.83	-0.00167837	-0.000818343	0.0013549	0.00186725	0.386877	205.993	41.5744	0.00411191	
366.85	0.000810121	-0.00141476	0.00135502	0.00163029	0.484915	299.796	47.6216	0.00411228	
366.87	0.00128477	0.000872121	0.00135522	0.00155282	0.518697	34.1692	50.0048	0.00411289	
366.89	-0.000748696	0.000917971	0.00135532	0.00118457	0.682527	129.201	65.5545	0.0041132	
366.91	-0.000864349	-0.000496478	0.00135523	0.00099679	0.763006	209.873	77.8991	0.00411293	
366.93	0.000315663	-0.000623934	0.00135596	0.00069924	0.875498	296.836	111.107	0.00411514	
366.95	0.000335275	4.44977e-05	0.00135602	0.000338215	0.969374	7.5601	229.718	0.00411531	
366.97	0.000414306	6.36714e-05	0.00135586	0.00041917	0.953336	8.73699	185.331	0.00411484	
366.99	0.000397265	0.000807561	0.00135637	0.000899986	0.802413	63.806	86.3507	0.00411639	
367.01	-0.00124686	0.00085924	0.00135664	0.00151425	0.536376	145.428	51.3324	0.00411722	
367.03	-0.00131968	-0.00156641	0.00135571	0.00204822	0.319415	229.886	37.924	0.00411439	
367.05	0.00171221	-0.00171248	0.00135505	0.00242162	0.202527	314.996	32.0606	0.00411237	
367.07	0.00209375	0.00202115	0.00135479	0.00291013	0.099559	43.9893	26.6737	0.0041116	
367.09	-0.00207332	0.00226438	0.00135396	0.00307019	0.0764653	132.478	25.2676	0.00410908	
367.11	-0.00244899	-0.00200431	0.00135464	0.00316462	0.065301	219.298	24.526	0.00411114	
367.13	0.00200259	-0.00252636	0.00135462	0.0032238	0.058903	308.403	24.0753	0.00411107	
367.15	0.00233351	0.00194078	0.00135452	0.00303511	0.081235	39.7503	25.5703	0.00411079	
367.17	-0.00184602	0.00201905	0.00135502	0.00273576	0.130271	132.437	28.3786	0.00411229	
367.19	-0.00182602	-0.00189961	0.00135538	0.00263493	0.151124	226.132	29.4724	0.00411339	
367.21	0.00198119	-0.00153487	0.00135555	0.00250618	0.18103	322.234	30.9902	0.00411389	
367.23	0.00139413	0.00194948	0.00135566	0.00239668	0.209562	54.4304	32.4089	0.00411424	
