1372723222	506	454.047	1185.41
1372809652	535	508.772	1216.35
1372896082	465	478.47	1213.95
1372982512	454	463.744	1218.45
1373068942	457	451.517	1189.68
1373155372	428	430.259	1173.95
1373241802	347	395.963	1108.06
1373328232	260	282.811	755.495
1373414662	294	273.741	704.81
1373501092	277	267.324	685.637
1373587522	306	287.562	782.061
1373673952	415	403.579	1068.3
1373760381	459	446.308	1151.37
1373846811	414	423.964	1133.1
1373933241	524	474.669	1224.57
1374019671	491	479.797	1242.04
1374106101	524	474.619	1195.11
1374192531	357	384.345	1066.95
1374278961	410	427.602	1124.1
1374365391	406	448.58	1220.47
1374451821	414	420.497	1219.75
1374538251	441	427.664	1190.3
1374624681	450	437.965	1217.31
1374711111	495	452.961	1224.27
1374797540	456	444.787	1145.91
1374883970	462	465.766	1222.16
1374970400	438	448.812	1221.81
1375056830	482	456.416	1211.79
1375143260	502	468.106	1213
1375229690	496	482.867	1232.35
1375316120	463	455.677	1216.14
1375402550	372	391.459	1067.64
1375488980	494	474.403	1245.94
1375575410	503	482.166	1255.68
1375661840	465	491.485	1247.48
1375748270	459	491.433	1261.39
1375834699	504	510.45	1255.85
1375921129	494	484.475	1253
1376007559	432	444.568	1234.45
1376093989	394	405.847	1144.73
1376180419	490	495.714	1255.21
1376266849	491	497.219	1258.89
1376353279	409	400.762	1092.27
1376439709	373	411.947	1201.2
1376526139	457	453.927	1223.23
1376612569	454	474.255	1238.4
1376698999	515	471.149	1306.23
1376785429	491	495.329	1306.41
1376871858	546	520.397	1289.35
1376958288	491	507.589	1303.1
1377044718	410	428.322	1080.75
1377131148	440	451.211	1167.26
1377217578	422	415.336	1141.69
1377304008	190	225.071	592.59
1377390438	0	0	0
1377476868	0	0	0
1377563298	225	231.664	610.634
1377649728	438	420.333	1136.06
1377736158	420	424.598	1064.18
1377822588	428	391.214	991.572
1377909018	448	457.531	1124.01
1377995447	477	467.666	1174.72
1378081877	486	442.778	1156.5
1378168307	421	456.345	1179.16
1378254737	412	452.186	1207.24
1378341167	484	452.821	1139.09
1378427597	360	366.084	934.962
1378514027	503	492.435	1225.25
1378600457	496	491.658	1228.2
1378686887	353	333.03	836.127
1378773317	412	346.734	821.128
1378859747	463	430.688	1053.71
1378946177	469	475.711	1202.13
1379032606	438	445.343	1189.77
1379119036	414	437.856	1193.29
1379205466	395	418.004	1151.23
1379291896	371	395.551	1087.38
1379378326	413	434.091	1198.52
1379464756	349	345.724	935.643
1379551186	266	245.522	652.636
1379637616	484	490.171	1236.27
1379724046	512	484.149	1230.59
1379810476	432	444.896	1226.99
1379896906	424	424.072	1228.72
1379983336	426	432.248	1220.4
1380069765	422	458.868	1229.23
1380156195	476	489.132	1246.19
1380242625	497	485.163	1244.05
1380329055	473	458.115	1252.45
1380415485	450	449.319	1252.98
1380501915	470	461.148	1249.24
1380588345	288	349.053	918.069
1380674775	491	492.191	1250.78
1380761205	399	381.184	998.54
1380847635	439	457.692	1238.53
1380934065	483	484.049	1257.4
1381020495	470	465.484	1219.44
1381106924	436	474.257	1215.37
1381193354	479	483.462	1210.05
1381279784	490	474.9	1180.11
1381366214	484	478.035	1231.99
1381452644	531	498.233	1274.16
1381539074	446	460.856	1195.26
1381625504	0	0	0
1381711934	0	121.464	312.083
1381798364	71	64.1013	159.64
1381884794	0	0	0
1381971224	152	160.042	395.41
1382057654	470	505.976	1264.75
1382144083	492	520.746	1263.01
1382230513	577	546.336	1291.72
1382316943	480	512.601	1284.53
1382403373	480	515.236	1269.14
1382489803	503	521.198	1280.72
1382576233	455	470.101	1241.78
1382662663	484	489.294	1271.23
1382749093	491	507.024	1274.16
1382835523	522	504.679	1273.74
1382921953	513	514.132	1276.67
1383008383	533	519.625	1265.55
1383094813	438	445.176	1086.95
1383181242	363	378.072	889.858
1383267672	310	332.876	837.398
1383354102	497	491.466	1260.1
1383440532	477	481.069	1228.89
1383526962	508	505.526	1246.66
1383613392	475	500.722	1227.23
1383699822	496	489.542	1172.95
1383786252	539	510.703	1249.96
1383872682	498	510.327	1272.94
1383959112	506	518.796	1252.64
1384045542	493	498.997	1248.97
1384131972	481	506.106	1262.18
1384218401	562	516.137	1267.38
1384304831	573	518.822	1267.85
1384391261	558	538.201	1262.89
1384477691	533	518.986	1270.78
1384564121	491	499.006	1259.5
1384650551	547	510.544	1252.78
1384736981	475	521.932	1254.03
1384823411	495	500.929	1245.88
1384909841	521	500.576	1246.75
1384996271	476	494.916	1234.6
1385082701	401	470.481	1151.1
1385169131	523	515.144	1224.73
1385255560	510	526.425	1236.69
1385341990	515	502.777	1233.98
1385428420	475	474.708	1236.84
1385514850	456	458.038	1165.08
1385601280	430	484.654	1188.82
1385687710	493	479.619	1187.58
1385774140	335	335.809	831.247
1385860570	511	500.157	1218.54
1385947000	486	498.137	1213.14
1386033430	470	477.15	1189.02
1386119860	562	513.855	1235.81
1386206290	499	523.712	1259.77
1386292720	554	516.025	1269.8
1386379149	279	531.718	1275.13
1386465579	517	485.389	1139.62
1386552009	503	508.871	1245.33
1386638439	504	499.373	1267.96
1386724869	513	498.945	1234.73
1386811299	448	507.025	1243.31
1386897729	578	532.206	1263.42
1386984159	409	421.364	994.297
1387070589	474	468.945	1121.97
1387157019	370	400.832	993.142
1387243449	425	442.538	1066.98
1387329879	574	510.215	1222.15
1387416308	385	401.612	972.862
1387502738	394	372.506	921.383
1387589168	456	441.32	1064.94
1387675598	489	485.11	1175.52
1387762028	408	487.814	1178.18
1387848458	393	366.757	876.106
1387934888	488	482.432	1136.5
1388021318	455	444.939	1054.48
1388107748	453	452.132	1097.5
1388194178	389	391.869	935.512
1388280608	456	430.592	1036.38
1388367038	546	528.686	1230.83
1388453467	280	514.914	1212.84
1388539897	565	514.99	1222.11
1388626327	534	539.02	1221.23
1388712757	485	490.14	1211.32
1388799187	489	487.219	1219.5
1388885617	231	207.404	526.531
1388972047	301	298.184	682.078
1389058477	541	509.466	1209.81
1389144907	498	493.019	1204.75
1389231337	541	515.777	1209.06
1389317767	491	500.326	1203.82
1389404197	488	486.698	1205.92
1389490626	514	477.356	1202.16
1389577056	520	497.258	1205.93
1389663486	512	494.276	1190.35
1389749916	496	506.251	1213.88
1389836346	517	521.001	1240.72
1389922776	515	521.322	1232.89
1390009206	542	514.993	1247.44
1390095636	491	518.418	1252.69
1390182066	465	457.748	1081.93
1390268496	538	537.945	1240.78
1390354926	492	534.737	1236.18
1390441356	505	502.978	1159.41
1390527785	173	387.772	950.399
1390614215	479	458.269	1200.26
1390700645	488	472.817	1166.73
1390787075	493	500.285	1198.05
1390873505	435	468.125	1139.81
1390959935	460	447.35	1120.15
1391046365	516	506.339	1218.14
1391132795	541	514.873	1223.61
1391219225	538	510.403	1219.2
1391305655	543	510.515	1206.94
1391392085	504	499.273	1186.68
1391478515	495	508.279	1211.44
1391564944	516	513.947	1190.29
1391651374	319	325.504	797.337
1391737804	464	475.165	1141.6
1391824234	515	515.74	1210.35
1391910664	505	502.559	1207.38
1391997094	481	481.081	1169.8
1392083524	355	422.203	1026.31
1392169954	481	482.813	1173.27
1392256384	519	480.258	1189.1
1392342814	394	411.475	1105.75
1392429244	230	203.859	534.845
1392515674	174	195.134	500.656
1392602103	186	190.158	487.573
1392688533	336	368.733	917.659
1392774963	388	375.173	919.599
1392861393	349	364.908	900.906
1392947823	371	385.459	948.962
1393034253	420	430.083	1084.77
1393120683	500	484.718	1198.41
1393207113	481	469.457	1135
1393293543	397	433.755	1160.09
1393379973	415	391.958	1035.61
1393466403	432	441.742	1127.43
1393552833	487	459.622	1127.24
1393639262	278	275.268	691.349
1393725692	450	448.712	1159.44
1393812122	455	457.486	1166.55
1393898552	481	468.736	1169.36
1393984982	462	474.166	1166.47
1394071412	426	460.35	1172.5
1394157842	467	465.668	1178.02
1394244272	489	467.49	1160.5
1394330702	508	487.833	1169.83
1394417132	422	441.334	1093.58
1394503562	459	460.946	1148.24
1394589992	446	449.185	1105.2
1394676421	483	467.743	1148.21
1394762851	456	469.15	1170.17
1394849281	461	477.988	1172.46
1394935711	458	490.239	1161.46
1395022141	497	481.08	1166.98
1395108571	416	439.259	1129.86
1395195001	494	465.144	1185.26
1395281431	510	493.087	1212.97
1395367861	511	503.322	1216.63
1395454291	489	470.063	1253.65
1395540721	568	492.238	1264.07
1395627151	547	504.924	1253.61
1395713581	522	486.653	1255.46
1395800010	529	484.246	1271.93
1395886440	466	495.287	1256.03
1395972870	496	474.554	1165.8
1396059300	507	496.795	1185.43
1396145730	522	506.039	1183.42
1396232160	467	497.138	1244.54
1396318590	475	487.181	1254.65
1396405020	456	472.243	1251.03
1396491450	453	465.251	1180.5
1396577880	515	499.665	1246.76
1396664310	491	514.619	1280.4
1396750740	518	514.787	1271.46
1396837169	363	362.797	889.494
1396923599	437	480.322	1176.64
1397010029	401	396.503	1001.78
1397096459	492	505.752	1265.15
1397182889	514	499.011	1291.23
1397269319	498	513.547	1302.24
1397355749	476	480.318	1306.64
1397442179	447	408.428	1082.8
1397528609	373	362.992	929.799
1397615039	2	5.17272	6.4
1397701469	470	435.881	1140.18
1397787899	486	490.024	1277.31
1397874328	492	486.938	1270.8
1397960758	461	470.876	1246.11
1398047188	497	482.008	1255.47
1398133618	481	480.385	1259.38
1398220048	199	222.182	569.66
1398306478	477	478.759	1228.91
1398392908	433	448.561	1155.05
1398479338	524	506.368	1266.44
1398565768	549	512.231	1268.78
1398652198	482	483.815	1271.64
1398738628	455	486.099	1286.93
1398825058	475	488.64	1258.2
1398911487	537	531.393	1298.38
1398997917	477	522.994	1290.45
1399084347	498	501.787	1254.98
1399170777	488	508.395	1278.76
1399257207	497	505.081	1282.07
1399343637	464	476.516	1224.22
1399430067	487	498.036	1283.74
1399516497	525	485.857	1272.11
1399602927	431	500.509	1286.51
1399689357	504	501.032	1269.38
1399775787	470	458.944	1180.79
1399862217	507	511.638	1281.37
1399948646	515	475.957	1215.22
1400035076	520	497.807	1242.92
1400121506	512	492.071	1254.93
1400207936	392	377.37	963.147
1400294366	511	480.43	1265.65
1400380796	498	482.795	1278.83
1400467226	473	481.812	1271.43
1400553656	481	482.331	1249.3
1400640086	541	493.751	1250.86
1400726516	457	477.454	1259.35
1400812946	486	446.584	1268.84
1400899376	479	456.053	1250.42
1400985805	444	470.38	1238.52
1401072235	451	432.096	1154.97
1401158665	491	467.221	1246.66
1401245095	459	461.952	1201.4
1401331525	525	533.62	1283.36
1401417955	527	511.546	1302.29
1401504385	512	496.846	1316.59
1401590815	500	500.738	1320.53
1401677245	513	514.879	1312.77
1401763675	576	567.894	1338.31
1401850105	546	552.705	1327.9
1401936535	530	527.722	1327.53
1402022964	512	513.207	1324.72
1402109394	506	529.512	1330.23
1402195824	501	521.911	1321.82
1402282254	539	516.42	1312.81
1402368684	540	508.39	1325.02
1402455114	554	556.089	1321.06
1402541544	501	515.833	1258.25
1402627974	466	472.758	1281.21
1402714404	489	475.791	1305.2
1402800834	513	494.37	1301.37
1402887264	483	484.934	1303.61
1402973694	496	475.208	1302.63
1403060123	451	464.694	1302.33
1403146553	477	458.55	1292.7
1403232983	513	478.997	1280.64
1403319413	522	502.427	1284.23
1403405843	526	510.771	1283.95
1403492273	496	450.564	1183.63
1403578703	476	482.005	1286.38
1403665133	484	484.606	1285.86
1403751563	505	484.469	1315.36
1403837993	470	456.335	1297.74
1403924423	495	457.498	1311.91
1404010853	463	468.372	1294.03
1404097283	478	485.743	1294.54
1404183712	494	500.418	1292.23
1404270142	509	508.564	1280.93
1404356572	501	486.978	1288.02
1404443002	531	500.067	1285.96
1404529432	434	481.73	1271.98
1404615862	505	471.767	1289.45
1404702292	493	476.583	1278.85
1404788722	454	461.494	1279.76
1404875152	504	465.935	1285.07
1404961582	436	468.581	1279.4
1405048012	477	462.328	1238.75
1405134442	523	484.844	1271.64
1405220871	484	480.807	1275.85
1405307301	518	498.962	1272.18
1405393731	474	489.074	1259.28
1405480161	422	462.845	1201.04
1405566591	496	467.919	1255.98
1405653021	479	447.05	1252.25
1405739451	439	461.747	1247.27
1405825881	493	432.216	1118.96
1405912311	441	395.478	1005.17
1405998741	486	481.592	1246.95
1406085171	445	435.141	1187.93
1406171601	449	414.86	1186.05
1406258030	490	465.815	1252.75
1406344460	408	460.254	1231.94
1406430890	428	451.283	1239.24
1406517320	484	467.373	1211.86
1406603750	462	488.59	1223.52
1406690180	425	464.375	1212.64
1406776610	513	478.516	1220.6
1406863040	508	498.254	1234.88
1406949470	469	516.448	1241.41
1407035900	483	507.569	1249.67
1407122330	447	461.912	1251.07
1407208760	508	481.957	1264.22
1407295189	485	505.639	1238.74
1407381619	440	444.833	1246.76
1407468049	477	444.089	1249.33
1407554479	471	473.093	1248.8
1407640909	521	494.507	1249.59
1407727339	448	475.184	1250.61
1407813769	436	461.408	1254.3
1407900199	461	439.411	1263.8
1407986629	486	467.774	1278.29
1408073059	495	485.496	1279.04
1408159489	510	483.817	1273.76
1408245919	509	479.817	1260.71
1408332348	493	488.567	1255.32
1408418778	552	496.186	1253.44
1408505208	515	499.79	1258.55
1408591638	524	509.31	1266.2
1408678068	534	504.286	1276.56
1408764498	466	492.423	1210.22
1408850928	410	458.95	1159
1408937358	487	482.73	1274.69
1409023788	488	463.134	1272.43
1409110218	478	480.473	1279.99
1409196648	480	489.929	1289.66
1409283078	491	506.178	1300.58
1409369507	553	521.892	1296.72
1409455937	508	500.084	1290.41
1409542367	587	530.696	1312.26
1409628797	528	520.762	1310.75
1409715227	513	523.894	1311.37
1409801657	518	518.517	1305.3
1409888087	433	459.744	1158.75
1409974517	525	506.721	1320.09
1410060947	513	514.213	1312.95
1410147377	553	518.415	1303.76
1410233807	522	534.432	1311.8
1410320237	524	479.341	1245.55
1410406666	502	493.252	1305.62
1410493096	501	520.674	1330.97
1410579526	525	517.637	1332.44
1410665956	470	481.029	1250.32
1410752386	457	459.615	1220.74
1410838816	560	522.061	1327.5
1410925246	495	524.505	1330.7
1411011676	463	489.266	1240.64
1411098106	491	501.494	1221.65
1411184536	464	509.154	1330.47
1411270966	560	523.19	1327.66
1411357396	573	543.204	1333.01
1411443825	486	486.353	1265.86
1411530255	542	521.645	1320.66
1411616685	536	536.296	1326.67
1411703115	485	505.714	1321.15
1411789545	530	519.786	1331.48
1411875975	541	549.575	1324.64
1411962405	571	534.323	1328.94
1412048835	531	505.975	1303.97
1412135265	516	506.391	1290.69
1412221695	510	509.698	1319.06
1412308125	509	518.132	1299.83
1412394555	461	522.026	1290.24
1412480985	485	468.703	1185.48
1412567414	420	435.155	1114.79
1412653844	598	529.435	1320.79
1412740274	557	553.592	1352.53
1412826704	529	539.655	1335.2
1412913134	513	515.573	1354.71
1412999564	392	377.347	996.394
1413085994	241	232.696	600.142
1413172424	234	236.593	599.457
1413258854	246	237.679	596.978
1413345284	472	480.974	1162.17
1413431714	543	550.091	1364.04
1413518144	562	551.474	1357.19
1413604573	586	558.593	1358.59
1413691003	521	530.439	1359.57
1413777433	517	507.705	1297.07
1413863863	564	547.261	1365.93
1413950293	541	552.888	1350.09
1414036723	553	543.436	1350.69
1414123153	535	545.277	1349.9
1414209583	594	558.534	1365.8
1414296013	572	568.014	1347.94
1414382443	532	561.143	1350.5
1414468873	577	556.379	1360.8
1414555303	571	573.359	1363.94
1414641732	570	556.432	1364.23
1414728162	538	542.791	1363.31
1414814592	488	515.794	1361.31
1414901022	408	490.558	1335.85
1414987452	517	513.93	1332.76
1415073882	540	532.217	1355.46
1415160312	560	548.669	1358
1415246742	517	512.042	1268.51
1415333172	553	547.678	1352.13
1415419602	534	538.963	1348.57
1415506032	538	538.109	1333.46
1415592462	562	527.129	1284.9
1415678891	549	553.339	1349.3
1415765321	512	532.63	1335.88
1415851751	383	456.155	1179.31
1415938181	580	543.16	1356.74
1416024611	563	555.456	1355.01
1416111041	607	546.118	1359.2
1416197471	606	557.536	1351.42
1416283901	495	497.139	1163.84
1416370331	546	562.604	1349.81
1416456761	526	539.804	1342.64
1416543191	394	384.124	976.043
1416629621	520	528.199	1328.99
1416716050	528	547.075	1317.22
1416802480	526	531.181	1269.77
1416888910	486	497.802	1251.2
1416975340	478	505.142	1257.64
1417061770	568	523.265	1293.81
1417148200	588	535.487	1300.54
1417234630	580	553.397	1313.95
1417321060	420	433.12	1146.35
1417407490	376	392.645	1041.36
1417493920	485	518.237	1313.93
1417580350	543	536.608	1304.17
1417666780	543	546.11	1307.72
1417753209	536	547.489	1288.27
1417839639	585	557.263	1309.16
1417926069	518	529.028	1304.52
1418012499	268	537.646	1307.67
1418098929	572	556.27	1302.32
1418185359	468	479.501	1150.92
1418271789	568	528.247	1313.05
1418358219	465	489.134	1218.52
1418444649	394	404.259	1004.9
1418531079	526	506.725	1244.71
1418617509	463	502.615	1231.67
1418703939	324	375.262	924.376
1418790368	415	447.251	1148.1
1418876798	440	465.27	1150.34
1418963228	589	540.655	1288.08
1419049658	515	546.886	1284.05
1419136088	498	510.515	1284.99
1419222518	368	378.772	977.954
1419308948	449	465.032	1198.72
1419395378	494	474.315	1145.68
1419481808	501	456.163	1094.42
1419568238	513	451.442	1094.7
1419654668	545	508.766	1232.82
1419741098	442	516.763	1247.3
1419827527	484	486.436	1158.05
1419913957	528	532.126	1268.25
1420000387	368	428.354	1017.05
1420086817	524	525.978	1266.41
1420173247	479	505.516	1269.22
1420259677	523	511.757	1255.13
1420346107	522	514.015	1264.24
1420432537	580	529.438	1257.56
1420518967	554	518.463	1228.3
1420605397	575	528.429	1272.63
1420691827	528	528.011	1282.99
1420778257	553	532.364	1278.56
1420864686	532	533.564	1287.56
1420951116	484	462.334	1119.37
1421037546	468	421.968	1024.4
1421123976	440	482.73	1161.19
1421210406	390	424.774	1021.4
1421296836	423	469.901	1161.51
1421383266	548	525.473	1279.28
1421469696	205	173.813	392.815
1421556126	0	0	0
1421642556	0	0	0
1421728986	0	0	0
1421815416	0	0	0
1421901846	0	0	0
1421988275	0	0	0
1422074705	0	0	0
1422161135	0	0	0
1422247565	0	0	0
1422333995	0	0	0
1422420425	0	0	0
1422506855	0	0	0
1422593285	0	0	0
1422679715	0	0	0
1422766145	0	0	0
1422852575	0	0	0
1422939005	0	0	0
1423025434	0	0	0
1423111864	0	0	0
1423198294	0	0	0
1423284724	0	0	0
1423371154	0	0	0
1423457584	0	0	0
1423544014	0	0	0
1423630444	0	0	0
1423716874	0	0	0
1423803304	0	0	0
1423889734	0	0	0
1423976164	287	304.252	736.536
1424062593	538	492.745	1200.66
1424149023	451	435.2	1065.78
1424235453	538	511.622	1225.44
1424321883	492	486.951	1228.03
1424408313	483	482.901	1217
1424494743	461	452.731	1166.73
1424581173	480	480.283	1202.62
1424667603	464	488.088	1211.55
1424754033	520	499.96	1207.58
1424840463	423	398.254	1012.6
1424926893	468	448.869	1168.61
1425013323	398	395.195	998.666
1425099752	461	462.008	1169.11
1425186182	493	476.043	1175.33
1425272612	503	479.32	1170.03
1425359042	329	341.783	855.072
1425445472	166	145.322	369.042
1425531902	0	0	0
1425618332	0	0	0
1425704762	0	0	0
1425791192	0	0	0
1425877622	0	0	0
1425964052	0	0	0
1426050482	112	117.455	270.367
1426136911	561	506.415	1194.21
1426223341	344	328.963	788.422
1426309771	463	471.469	1176
1426396201	479	461.713	1164.4
1426482631	484	478.307	1173.73
1426569061	476	455.614	1113.39
1426655491	380	386.888	942.571
1426741921	443	474.567	1148.29
1426828351	103	93.246	230.4
1426914781	428	416.198	1068.83
1427001211	361	351.308	909.801
1427087641	0	0	0
1427174070	250	356.859	907.001
1427260500	344	322.692	858.945
1427346930	350	373.825	995.792
1427433360	439	421.079	1085.55
1427519790	463	436.239	1113.78
1427606220	447	460.5	1157.43
1427692650	492	464.732	1163.62
1427779080	480	448.069	1161
1427865510	456	458.912	1152.19
1427951940	470	463.621	1143.24
1428038370	498	475.851	1158.45
1428124800	495	466.848	1155.55
1428211229	405	456.4	1147.09
1428297659	455	449.193	1155.26
1428384089	464	472.24	1168.87
1428470519	458	465.445	1155.49
1428556949	452	453.306	1131.06
1428643379	437	454.835	1150.68
1428729809	482	453.962	1148.02
1428816239	481	459.025	1139.5
1428902669	440	432.313	1053.04
1428989099	463	448.472	1114.66
1429075529	461	443.67	1116.56
1429161959	420	453.64	1130.76
1429248388	410	442.558	1135.79
1429334818	412	407.947	1032.12
1429421248	519	481.847	1144.19
1429507678	445	455.575	1159.15
1429594108	419	446.307	1179.39
1429680538	481	471.194	1236.08
1429766968	507	488.875	1264.66
1429853398	510	474.953	1229.58
1429939828	496	489.311	1265.72
1430026258	542	492.751	1247.2
1430112688	511	494.775	1254.66
1430199118	488	489.56	1260.99
1430285548	492	493.491	1260.98
1430371977	21	463.71	1182.78
1430458407	511	516.775	1295.7
1430544837	523	524.689	1286.68
1430631267	512	497.553	1272.9
1430717697	551	481.781	1255.58
1430804127	437	484.103	1269.54
1430890557	457	474.046	1287.29
1430976987	488	480.87	1295.7
1431063417	502	505.809	1302.68
1431149847	530	515.192	1312.11
1431236277	491	490.818	1298.92
1431322707	487	495.338	1293.88
1431409136	518	491.216	1267.24
1431495566	501	499.854	1299.82
1431581996	528	506.671	1294.25
1431668426	528	515.97	1302.36
1431754856	519	489.099	1249.43
1431841286	525	478.105	1203.01
1431927716	484	466.92	1204.82
1432014146	495	480.126	1250.74
1432100576	515	481.189	1220.69
1432187006	511	515.536	1267.77
1432273436	473	500.978	1273.7
1432359866	473	497.36	1281.61
1432446295	478	475.597	1279.9
1432532725	477	466.708	1265.98
1432619155	510	474.63	1273.24
1432705585	495	467.341	1266.87
1432792015	497	479.463	1270.82
1432878445	536	510.617	1277.26
1432964875	497	495.167	1284.29
1433051305	478	485.578	1278.67
1433137735	554	486.308	1255.4
1433224165	528	509.342	1274.29
1433310595	435	432.813	1071.64
1433397025	522	488.889	1249.3
1433483454	542	526.039	1282.4
1433569884	571	556.216	1290.12
1433656314	482	500.062	1280.52
1433742744	535	497.573	1290.12
1433829174	548	502.261	1289.31
1433915604	505	486.611	1274.85
1434002034	506	470.446	1264.01
1434088464	486	469.397	1258.19
1434174894	253	297.281	794.302
1434261324	0	0	0
1434347754	54	68.6894	156.839
1434434184	436	469.13	1199.44
1434520613	498	480.924	1264.03
1434607043	208	227.131	638.773
1434693473	540	472.55	1298.85
1434779903	537	512.854	1295.49
1434866333	539	483.743	1295.17
1434952763	489	477.248	1293.82
1435039193	442	452.82	1292.4
1435125623	490	462.317	1277.76
1435212053	505	479.384	1272.34
1435298483	467	465.347	1268.24
1435384913	461	456.66	1233.24
1435471343	440	474.679	1260.58
1435557772	505	482.319	1270.44
1435644202	542	496.702	1273.02
1435730632	465	480.787	1274.22
1435817062	476	496.104	1292.14
1435903492	438	464.389	1280.7
1435989922	467	461.387	1279.45
1436076352	530	496.219	1272.57
1436162782	513	498.407	1272.67
1436249212	482	475.744	1273.16
1436335642	487	458.607	1187.1
1436422072	407	441.687	1094.3
1436508502	492	496.521	1277.67
1436594931	493	487.671	1272.6
1436681361	481	500.11	1231.3
1436767791	495	487.879	1228.41
1436854221	463	464.062	1227.17
1436940651	482	473.58	1272.11
1437027081	436	478.227	1275.67
1437113511	485	478.791	1271.59
1437199941	515	502.636	1274.11
1437286371	465	463.263	1221.18
1437372801	446	454.417	1270.24
1437459231	447	457.387	1261.89
1437545661	510	462.47	1249.97
1437632090	448	461.762	1263.02
1437718520	463	465.738	1261.16
1437804950	483	476.544	1249.49
1437891380	572	479.39	1201.55
1437977810	412	431.64	1025.57
1438064240	474	501.075	1256.99
1438150670	521	471.278	1255.83
1438237100	497	479.071	1252.45
1438323530	496	490.942	1246.36
1438409960	453	487.018	1237.81
1438496390	486	485.5	1209.69
1438582820	443	450.959	1161.1
1438669249	467	468.142	1222.25
1438755679	482	494.364	1225.26
1438842109	480	516.443	1221.69
1438928539	526	475.024	1181.43
1439014969	373	372.381	948.693
1439101399	331	316.465	815.138
1439187829	149	130.424	341.644
1439274259	0	0	0
1439360689	117	120.751	330.049
1439447119	277	294.143	823.219
1439533549	363	374.038	1017.95
1439619979	445	461.058	1195.39
1439706409	381	412.917	1106.68
1439792838	378	400.816	1055.14
1439879268	457	425.156	1106.93
1439965698	434	453.925	1199.19
1440052128	485	463.929	1206.7
1440138558	508	474.754	1186.4
1440224988	446	483.4	1205.73
1440311418	433	459.805	1203.44
1440397848	440	458.879	1198.08
1440484278	512	489.203	1186.58
1440570708	451	474.343	1199.95
1440657138	422	441.506	1146.54
1440743568	510	490.011	1206.09
1440829997	466	462.422	1123.11
1440916427	358	348.21	868.005
1441002857	271	286.896	739.462
1441089287	220	331.767	902.878
1441175717	133	415.842	1114.79
1441262147	392	437.821	1185.81
1441348577	440	447.515	1188.56
1441435007	434	448.819	1193.04
1441521437	405	383.52	949.01
1441607867	146	126.563	291.62
1441694297	55	76.1584	191.74
1441780727	124	119.618	316.908
1441867156	427	459.07	1183.39
1441953586	453	445.779	1200.59
1442040016	457	453.081	1195.14
1442126446	493	455.294	1198.7
1442212876	465	473.6	1189.37
1442299306	447	488.252	1198.56
1442385736	511	469.02	1191.39
1442472166	439	468.785	1189.42
1442558596	482	457.598	1189.17
1442645026	476	460.642	1192.96
1442731456	496	471.908	1194.3
1442817886	420	424.844	1043.63
1442904315	0	0	0
1442990745	436	452.473	1163.66
1443077175	349	337.848	840.401
1443163605	429	446.344	1186.14
1443250035	469	470.106	1220.03
1443336465	469	477.879	1225.97
1443422895	464	499.43	1225.89
1443509325	481	488.752	1225.61
1443595755	461	495.273	1239.79
1443682185	472	459.873	1099.93
1443768615	424	404.255	1087.72
1443855045	264	262.126	695.794
1443941474	235	198.398	510.617
1444027904	244	208.263	526.384
1444114334	166	204.55	521.865
1444200764	452	407.904	1063.22
1444287194	426	420.142	1112.26
1444373624	420	403.009	1104.15
1444460054	331	341.049	956.019
1444546484	292	320.675	906.98
1444632914	390	411.875	1099.26
1444719344	423	460.049	1134.94
1444805774	329	329.669	750.742
1444892204	473	495.943	1256.43
1444978633	478	483.291	1268.42
1445065063	452	475.556	1274.84
1445151493	502	500.028	1278.13
1445237923	522	521.601	1276.18
1445324353	485	490.599	1240.79
1445410783	416	430.87	1083.09
1445497213	480	501.213	1292.66
1445583643	456	486.976	1299.36
1445670073	462	434.403	1151.55
1445756503	456	460.58	1195.38
1445842933	461	493.972	1254.43
1445929363	494	504.017	1274.3
1446015792	491	467.037	1162.53
1446102222	504	492.978	1231.48
1446188652	459	435.503	1144.63
1446275082	403	421.198	1089.18
1446361512	347	375.486	979.197
1446447942	409	390.952	985.846
1446534372	286	264.139	682.248
1446620802	440	442.143	1160.41
1446707232	470	473.268	1247.76
1446793662	491	482.47	1246.17
1446880092	529	509.364	1263.66
1446966522	432	425.533	1048.57
1447052951	518	518.234	1254.2
1447139381	430	424.698	1098.81
1447225811	481	495.458	1265.5
1447312241	526	493.23	1207.79
1447398671	536	506.441	1262.23
1447485101	547	517.77	1265.1
1447571531	583	527.352	1259.33
1447657961	536	502.585	1204.96
1447744391	430	469.076	1130.7
1447830821	535	512.314	1252.87
1447917251	476	502.021	1247.35
1448003681	512	495.659	1260.92
1448090111	520	520.393	1261.33
1448176540	508	508.862	1266.81
1448262970	419	425.327	1048.68
1448349400	517	523.944	1264.12
1448435830	531	522.998	1261.44
1448522260	371	360.069	890.905
1448608690	492	505.124	1266.18
1448695120	392	410.334	1042.18
1448781550	454	428.848	1098.15
1448867980	384	385.387	961.149
1448954410	408	377.184	921.711
1449040840	431	404.371	1029
1449127270	430	459.222	1144.09
1449213699	496	493.291	1218.2
1449300129	387	373.919	958.121
1449386559	522	483.592	1214.64
1449472989	500	504.594	1219.73
1449559419	409	411.545	985.17
1449645849	457	467.955	1160.3
1449732279	521	495.692	1203.76
1449818709	406	397.668	955.701
1449905139	474	508.28	1196.65
1449991569	524	496.351	1184.91
1450077999	477	497.921	1191.22
1450164429	219	221.293	543.589
1450250858	527	500.629	1202.86
1450337288	516	510.148	1216.64
1450423718	508	496.79	1240.59
1450510148	499	492.174	1241.94
1450596578	510	510.99	1244.01
1450683008	486	474.767	1137.83
1450769438	509	470.104	1111.68
1450855868	492	474.605	1119.01
1450942298	515	495.354	1210.02
1451028728	538	501.572	1205.24
1451115158	430	431.671	1032.16
1451201588	531	504.415	1185.52
1451288017	505	511.193	1193.04
1451374447	68	54.9649	127.363
1451460877	0	0	0
1451547307	0	0	0
1451633737	0	0	0
1451720167	0	0	0
1451806597	0	0	0
1451893027	81	83.9625	206.848
1451979457	388	382.961	956.49
1452065887	476	439.211	1128.72
1452152317	273	271.576	674.322
1452238747	328	353.72	866.347
1452325176	369	359.41	900.436
1452411606	418	433.74	1079.98
1452498036	461	467.39	1121.16
1452584466	447	479.103	1139.29
1452670896	402	465.493	1146.51
1452757326	521	485.228	1174.39
1452843756	450	485.778	1183.21
1452930186	236	245.722	587.229
1453016616	480	489.478	1181.77
1453103046	495	476.988	1176.59
1453189476	481	495.742	1180.38
1453275906	512	494.003	1181.17
1453362335	447	454.921	1079.64
1453448765	507	480.881	1154.01
1453535195	538	474.126	1146.69
1453621625	253	243.282	565.49
1453708055	391	352.26	867.451
1453794485	488	412.383	1027.06
1453880915	409	368.979	901.784
1453967345	406	421.758	1018.88
1454053775	438	404.822	998.983
1454140205	136	146.745	365.291
1454226635	413	412.218	1050.88
1454313065	393	396.62	1009.64
1454399494	372	380.425	929.23
1454485924	391	406.824	994.603
1454572354	456	450.092	1065.4
1454658784	440	444.535	1099.13
1454745214	321	315.922	776.774
1454831644	367	377.622	899.433
1454918074	407	414.694	1018.87
1455004504	458	442.554	1080.44
1455090934	419	395.765	948.382
1455177364	341	362.486	894.134
1455263794	410	467.18	1097.17
1455350224	467	468.017	1114.05
1455436653	444	445.443	1087.3
1455523083	502	464.189	1112.63
1455609513	464	470.761	1087.77
1455695943	479	476.268	1121.99
1455782373	515	469.945	1136.75
1455868803	434	449.861	1111.24
1455955233	482	467.03	1154.47
1456041663	230	248.219	536.69
1456128093	449	463.274	1111.32
1456214523	435	429.208	1019.8
1456300953	462	446.4	1081.18
1456387383	523	477.661	1155.3
1456473812	504	508.067	1212.51
1456560242	461	492.054	1207.86
1456646672	266	240.761	593.406
1456733102	485	469.79	1170.07
1456819532	478	461.219	1151.78
1456905962	480	474.792	1190.83
1456992392	78	245.393	596.985
1457078822	162	463.901	1146.53
1457165252	246	213.287	527.26
1457251682	453	462.197	1172.94
1457338112	363	387.677	941.695
1457424542	467	467.766	1175.89
1457510972	489	471.446	1184.06
1457597401	439	456.376	1194.6
1457683831	429	449.762	1150.74
1457770261	467	468.43	1191.1
1457856691	501	475.299	1186.98
1457943121	509	464.957	1145.28
1458029551	458	451.74	1109.35
1458115981	477	479.09	1180.8
1458202411	464	499.126	1186.78
1458288841	364	359.48	916.803
1458375271	248	216.992	556.711
1458461701	43	31.8381	100.894
1458548131	253	222.431	541.958
1458634560	249	226.452	565.413
1458720990	260	217.967	530.467
1458807420	484	475.346	1207.59
1458893850	207	189.7	514.886
1458980280	157	155.259	380.06
1459066710	204	215.372	540.525
1459153140	248	215.801	538.452
1459239570	245	218.447	538.45
1459326000	247	244.232	594.691
1459412430	335	348.106	856.889
1459498860	497	466.555	1176.1
1459585290	190	197.502	495.761
1459671719	127	138.34	346.01
1459758149	343	371.641	940.143
1459844579	460	467.375	1203.92
1459931009	482	487.382	1216.62
1460017439	491	486.679	1196.38
1460103869	437	425.391	1085.84
1460190299	398	419.361	1070.86
1460276729	475	454.207	1210.68
1460363159	438	439.001	1197.36
1460449589	490	445.329	1186.86
1460536019	457	459.38	1177.88
1460622449	506	482.624	1177.74
1460708878	481	479.92	1176.89
1460795308	481	471.503	1175.82
1460881738	455	450.796	1158.86
1460968168	352	353.409	920.535
1461054598	340	336.493	867.416
1461141028	471	468.388	1168
1461227458	504	471.99	1192.71
1461313888	482	479.314	1210.17
1461400318	490	491.881	1200.32
1461486748	445	465.569	1191.66
1461573178	213	241.281	665.188
1461659608	159	150.494	419.015
1461746037	231	213.326	584.836
1461832467	207	438.829	1175.07
1461918897	429	430.215	1172.96
1462005327	433	423.127	1144.72
1462091757	441	443.715	1137.51
1462178187	429	429.764	1127.17
1462264617	390	384.909	1028.96
1462351047	349	349.557	911.262
1462437477	441	445.395	1154.43
1462523907	404	400.245	1050.44
1462610337	335	326.789	857.844
1462696767	325	349.89	902.796
1462783196	339	339.6	880.284
1462869626	326	311.496	815.116
1462956056	0	0	0
1463042486	0	0	0
1463128916	0	0	0
1463215346	0	0	0
1463301776	0	0	0
1463388206	0	0	0
1463474636	0	0	0
1463561066	0	0	0
1463647496	0	0	0
1463733926	0	0	0
1463820355	0	0	0
1463906785	80	85.5291	236.554
1463993215	124	118.407	317.02
1464079645	111	134.263	348.487
1464166075	156	154.381	409.19
1464252505	368	367.453	1009.74
1464338935	392	363.312	1000.29
1464425365	241	255.275	695.619
1464511795	138	125.165	319.053
1464598225	114	113.876	305.135
1464684655	139	134.251	342.215
1464771085	132	125.051	327.72
1464857514	236	201.281	542.653
1464943944	410	393.539	1024.89
1465030374	103	106.085	292.937
1465116804	253	271.591	729.683
1465203234	154	145.264	402.261
1465289664	163	147.636	428.797
1465376094	208	202.507	556.969
1465462524	153	149.037	397.207
1465548954	238	253.352	735.376
1465635384	419	385.328	1092.95
1465721814	421	399.136	1098.23
1465808244	456	417.026	1099.06
1465894674	396	415.882	1098.35
1465981103	406	394.784	1087.95
1466067533	415	389.59	1099.64
1466153963	386	401.951	1111.23
1466240393	387	406.042	1110.47
1466326823	395	401.277	1106.19
1466413253	396	400.518	1102.55
1466499683	413	399.352	1097.98
1466586113	390	410.393	1101.27
1466672543	402	413.514	1096.8
1466758973	413	393.743	1067.4
1466845403	362	371.723	1056.62
1466931833	400	371.123	1053.87
1467018262	261	240.214	648.815
1467104692	167	147.72	404.678
1467191122	416	411.554	1064.1
1467277552	446	432.239	1099.32
1467363982	398	416.723	1118.5
1467450412	419	414.605	1104.27
1467536842	385	414.197	1104.06
1467623272	419	398.959	1077.24
1467709702	411	417.294	1126.6
1467796132	441	427.294	1143.18
1467882562	463	426.793	1141.76
1467968992	468	435.157	1141.79
1468055421	486	443.295	1143.19
1468141851	460	445.166	1142.13
1468228281	346	371.145	951.435
1468314711	329	358.435	930.506
1468401141	409	438.651	1104.94
1468487571	441	458.05	1164.07
1468574001	422	419.94	1133.04
1468660431	404	410.864	1160.23
1468746861	395	426.87	1157.08
1468833291	416	426.077	1160.27
1468919721	424	422.653	1162.78
1469006151	462	442.588	1182.24
1469092580	479	449.829	1186.15
1469179010	456	455.332	1190.42
1469265440	480	466.93	1191.1
1469351870	445	450.545	1174.85
1469438300	449	444.687	1161.43
1469524730	402	413.823	1143.06
1469611160	431	430.435	1164.94
1469697590	435	430.094	1158.13
1469784020	265	441.088	1158.54
1469870450	191	446.221	1153.59
1469956880	469	444.113	1152.31
1470043310	401	421.479	1140.62
1470129739	478	426.507	1154.16
1470216169	492	443.967	1157.76
1470302599	477	453.181	1156.98
1470389029	438	443.913	1145.1
1470475459	499	434.334	1155.5
1470561889	425	437.778	1157.85
1470648319	447	443.173	1156.72
1470734749	445	422.03	1149.96
1470821179	463	428.178	1143.13
1470907609	474	450.426	1151.65
1470994039	483	449.42	1153.94
1471080469	456	472.172	1154.15
1471166898	470	459.77	1142.07
1471253328	437	464.685	1139.89
1471339758	483	470.727	1141.95
1471426188	420	401.382	1026.8
1471512618	358	362.329	944.347
1471599048	415	431.477	1141.09
1471685478	393	407.487	1140.6
1471771908	406	402.73	1138.33
1471858338	435	422.73	1125.19
1471944768	457	427.957	1103.37
1472031198	458	441.997	1109.05
1472117628	458	457.098	1105.95
1472204057	447	437.277	1091.03
1472290487	409	418.482	1092.46
1472376917	375	412.501	1095.23
1472463347	437	398.112	1093.51
1472549777	458	425.978	1092.37
1472636207	402	426.23	1086.47
1472722637	419	388.697	1074.89
1472809067	368	385.712	1095.32
1472895497	357	375.093	1097.12
1472981927	337	377.347	1095.01
1473068357	371	383.37	1094.05
1473154787	414	393.427	1093.29
1473241216	408	415.04	1094.02
1473327646	446	429.404	1099.09
1473414076	454	436.478	1098.54
1473500506	440	425.661	1093.68
1473586936	404	429.694	1090.82
1473673366	450	432.34	1085.56
1473759796	248	266.281	694.201
1473846226	303	292.942	786.803
1473932656	413	417.809	1075.46
1474019086	396	435.517	1080.44
1474105516	424	428.667	1082.44
1474191946	425	403.962	1082.05
1474278376	420	402.906	1080.46
1474364805	461	425.626	1079.2
1474451235	433	431.053	1067.53
1474537665	412	418.172	1074.31
1474624095	399	385.265	1067.41
1474710525	411	390.564	1065.93
1474796955	430	415.409	1068.02
1474883385	405	419.79	1054.7
1474969815	433	425.778	1065.04
1475056245	398	403.538	1037.35
1475142675	410	400.381	1023.16
1475229105	430	398.62	1020.86
1475315535	405	395.07	1023.3
1475401964	413	393.534	1017.8
1475488394	417	403.778	1021.94
1475574824	410	411.928	1025.86
1475661254	347	369.228	986.82
1475747684	382	400.977	1025.62
1475834114	413	398.894	1023.16
1475920544	407	395.783	1017.37
1476006974	393	396.034	1016.38
1476093404	386	399.213	1017.28
1476179834	396	411.536	1021.87
1476266264	430	421.431	1017.59
1476352694	376	409.886	1018.42
1476439123	384	403.429	1010.1
1476525553	265	290.136	710.794
1476611983	358	376.036	926.654
1476698413	356	373.935	950.025
1476784843	234	246.11	636.119
1476871273	239	236.234	632.1
1476957703	317	335.646	907.903
1477044133	414	405.432	1052.02
1477130563	351	373.58	918.489
1477216993	315	284.797	732.223
1477303423	355	406.147	1052.58
1477389853	351	396.979	1051.53
1477476282	429	399.567	1047.63
1477562712	225	230.181	602.463
1477649142	202	173.511	444.512
1477735572	419	426.264	1048.85
1477822002	360	352.74	872.983
1477908432	415	427.865	1049.48
1477994862	433	412.244	1037.37
1478081292	386	399.896	1036.63
1478167722	372	415.965	1027.91
1478254152	436	407.882	1024.5
1478340582	435	416.6	1023.85
1478427012	394	420.155	1021.25
1478513441	433	424.101	1026.46
1478599871	409	414.648	1019.45
1478686301	409	412.111	1012.63
1478772731	413	412.426	1008.81
1478859161	434	404.843	1011.81
1478945591	396	412.569	1018.19
1479032021	419	421.187	1022.09
1479118451	411	421.423	1022.43
1479204881	431	426.067	1007.74
1479291311	369	396.206	1004.3
1479377741	382	374.876	1001.06
1479464171	400	396.411	994.29
1479550600	441	396.733	985.984
1479637030	98	91.8512	230.241
1479723460	155	163.47	410.619
1479809890	395	380.254	970.481
1479896320	345	348.365	879.702
1479982750	272	286.995	692.068
1480069180	272	236.617	597.166
1480155610	408	391.534	928.482
1480242040	90	68.2567	187.699
1480328470	0	0	0
1480414900	162	152.169	365.707
1480501330	367	403.3	997.406
1480587759	418	393.856	957.955
1480674189	410	411.666	1013.59
1480760619	411	396.443	969.024
1480847049	329	309.842	754.341
1480933479	401	401.517	950.269
1481019909	400	412.135	1021.17
1481106339	402	418.98	1031.92
1481192769	363	374.061	949.823
1481279199	431	426.184	1042.88
1481365629	419	430.471	1044.63
1481452059	439	426.552	1041.74
1481538489	451	443.505	1033.53
1481624918	419	415.904	1034.78
1481711348	436	412.049	1044.21
1481797778	425	430.622	1046.85
1481884208	482	443.448	1051.91
1481970638	420	445.083	1067.23
1482057068	419	413.004	1015.61
1482143498	416	437.758	1060.77
1482229928	445	409.176	967.866
1482316358	493	447.291	1058.78
1482402788	423	431.968	1062.7
1482489218	221	446.005	1086.56
1482575648	431	404.294	958.488
1482662077	423	429.552	993.045
1482748507	451	438.983	1089.92
1482834937	422	412.365	1044.32
1482921367	427	400.062	982.826
1483007797	532	472.301	1125.26
1483094227	28	480.897	1128.33
1483180657	208	480.999	1130.54
1483267087	410	435.354	1064.83
1483353517	457	451.609	1100.77
1483439947	484	475.858	1119.25
1483526377	476	470.243	1132.26
1483612807	476	468.607	1154.02
1483699237	487	477.494	1163.98
1483785666	513	491.653	1171.82
1483872096	445	450.092	1067.89
1483958526	249	247.191	585.899
1484044956	513	485.65	1182.34
1484131386	462	488.011	1192.3
1484217816	513	496.975	1187.82
1484304246	506	498.263	1195.94
1484390676	493	477.011	1152.41
1484477106	295	334.17	805.329
1484563536	468	476.309	1144.34
1484649966	467	494.736	1193.34
1484736396	545	494.288	1192.29
1484822825	470	488.703	1190.1
1484909255	493	468.008	1137.02
1484995685	459	422.116	1024.98
1485082115	498	481.446	1167.48
1485168545	480	435.193	1053.73
1485254975	420	414.87	1008.58
1485341405	470	472.814	1178.64
1485427835	469	448.146	1145.46
1485514265	519	479.589	1188.6
1485600695	537	496.85	1192.67
1485687125	539	510.705	1195.02
1485773555	546	502.738	1189.07
1485859984	427	385.621	943.633
1485946414	457	436.754	1082.13
1486032844	454	462.112	1117.87
1486119274	435	423.172	1018.95
1486205704	308	295.573	728.372
1486292134	416	403.062	1039.34
1486378564	462	462.812	1149.83
1486464994	429	433.219	1045.64
1486551424	452	440.823	1056.46
1486637854	479	477.815	1167.33
1486724284	430	400.765	1009.51
1486810714	447	471.314	1167.83
1486897143	404	391.597	966.744
1486983573	489	445.311	1098.68
1487070003	273	307.459	765.418
1487156433	324	330.819	828.37
1487242863	361	371.076	912.556
1487329293	467	432.944	1031.15
1487415723	489	474.591	1139.62
1487502153	486	465.705	1135.53
1487588583	481	472.962	1148.38
1487675013	485	472.431	1148.5
1487761443	454	448.698	1090.93
1487847873	488	478.245	1141.4
1487934302	422	390.264	921.809
1488020732	310	299.655	750.251
1488107162	252	252.237	614.111
1488193592	233	249.284	611.508
1488280022	281	264.094	632.924
1488366452	152	259.996	618.652
1488452882	461	470.24	1116.45
1488539312	456	448.312	1123.89
1488625742	455	453.561	1126.7
1488712172	480	455.409	1124.47
1488798602	456	437.741	1084.9
1488885032	472	452.435	1108.82
1488971461	499	465.371	1098.52
1489057891	469	459.239	1106.14
1489144321	425	435.606	1096.97
1489230751	447	442.2	1104.46
1489317181	446	426.352	1110.71
1489403611	462	446.922	1116.6
1489490041	456	447.315	1076.76
1489576471	466	446.945	1114.34
1489662901	430	419.764	1111.25
1489749331	481	450.426	1120.94
1489835761	438	442.466	1117.25
1489922191	401	368.14	952.26
1490008620	410	430.307	1067.04
1490095050	405	388.296	1023.99
1490181480	190	196.506	467.958
1490267910	311	312.622	778.869
1490354340	387	320.461	823.025
1490440770	385	415.642	996.02
1490527200	403	418.202	1028.5
1490613630	409	424.728	1053.53
1490700060	448	447.705	1121.88
1490786490	451	452.672	1121.09
1490872920	430	449.259	1127.28
1490959350	303	318.421	804.735
1491045779	157	331.954	841.77
1491132209	290	300.132	750.596
1491218639	370	381.63	958.583
1491305069	420	449.841	1105.29
1491391499	440	438.944	1107.59
1491477929	427	425.505	1047.66
1491564359	449	452.508	1096.47
1491650789	411	425.766	1104.52
1491737219	396	420.116	1104.89
1491823649	395	408.687	1062.81
1491910079	231	225.179	586.156
1491996509	395	397.907	1048.52
1492082939	387	391.125	993.536
1492169368	412	432.94	1096.81
1492255798	419	401.492	1045.28
1492342228	375	405.52	1084.49
1492428658	396	403.641	1061.66
1492515088	388	404.735	1041.58
1492601518	461	412.949	1041.63
1492687948	410	414.473	1039.54
1492774378	441	412.391	1056.04
1492860808	393	410.756	1049.16
1492947238	371	377.477	954.049
1493033668	359	378.382	954.378
1493120098	450	414.266	1044.55
1493206527	401	407.608	1066.02
1493292957	468	418.816	1090.35
1493379387	365	360.901	922.889
1493465817	419	417.656	1085.09
1493552247	497	421.497	1092.15
1493638677	213	426.419	1082.23
1493725107	450	436.935	1077.44
1493811537	407	410.901	1093.05
1493897967	426	427.699	1093.79
1493984397	454	439.606	1105.67
1494070827	482	461.859	1125
1494157257	373	403.046	989.769
1494243686	392	411.454	1058.05
1494330116	402	420.607	1115.84
1494416546	421	426.536	1122.64
1494502976	429	440.464	1113.64
1494589406	404	439.841	1103.37
1494675836	438	438.945	1111.89
1494762266	462	438.552	1110.45
1494848696	431	415.485	1110.9
1494935126	414	435.884	1127.83
1495021556	425	396.696	1001.74
1495107986	312	305.305	778.14
1495194416	424	424.385	1092.69
1495280845	449	446.143	1143.87
1495367275	472	460.669	1148.59
1495453705	423	449.324	1145.41
1495540135	445	437.464	1144.65
1495626565	420	438.217	1138.8
1495712995	448	440.529	1139.01
1495799425	417	413.762	1135.83
1495885855	399	404.031	1147.44
1495972285	434	411.533	1143.97
1496058715	399	386.461	1061.18
1496145145	430	413.596	1145.11
1496231575	448	424.834	1150.03
