1104623700	134	137.913	1020.44
1104796500	135	137.35	1008.09
1104969300	174	176.155	1294.62
1105142100	186	190.055	1399.25
1105314900	123	144.664	1066.41
1105487700	204	212.011	1557.28
1105660500	171	195.113	1434.54
1105833301	201	198.583	1468.72
1106006101	139	151.382	1116.09
1106178901	215	240.787	1783.94
1106351701	244	254.342	1869.33
1106524501	262	259.072	1915.96
1106697301	219	226.904	1686.69
1106870102	256	251.839	1856.92
1107042902	239	249.155	1845.55
1107215702	205	239.34	1820.94
1107388502	212	241.337	1806.9
1107561302	126	130.237	960.7
1107734102	185	170.121	1250.75
1107906902	171	188.812	1398.01
1108079703	234	236.211	1760.35
1108252503	136	170.137	1258.84
1108425303	225	241.803	1792.31
1108598103	246	253.028	1872.3
1108770903	190	204.48	1504.31
1108943703	217	216.874	1602.01
1109116503	207	194.944	1433.84
1109289304	42	44.3487	327.883
1109462104	124	117.118	863.91
1109634904	166	172.491	1296.1
1109807704	176	182.717	1353.69
1109980504	195	217.91	1614.23
1110153304	67	86.9153	644.312
1110326105	219	206.783	1551.49
1110498905	212	218.497	1613.95
1110671705	256	246.132	1842.54
1110844505	170	194.009	1427.91
1111017305	180	191.724	1422.12
1111190105	182	189.945	1414.3
1111362905	194	232.232	1718.83
1111535706	256	244.036	1838.07
1111708506	206	231.737	1726.32
1111881306	22	28.0374	207.608
1112054106	0	0	0
1112226906	0	0	0
1112399706	0	0	0
1112572506	0	0	0
1112745307	0	0	0
1112918107	137	153.738	1139.03
1113090907	13	14.3229	105.441
1113263707	103	99.5608	754.716
1113436507	259	266.776	2006.83
1113609307	231	242.767	1816.2
1113782107	167	175.84	1315
1113954908	226	258.977	1944.58
1114127708	44	46.583	350.223
1114300508	0	0	0
1114473308	0	0	0
1114646108	0	0	0
1114818908	0	0	0
1114991709	0	0.485418	0
1115164509	240	231.712	1713.71
1115337309	256	278.115	2125.65
1115510109	299	286.881	2171.02
1115682909	315	288.251	2148.82
1115855709	231	243.675	1810.23
1116028509	232	263.103	1972.68
1116201310	213	221.173	1664.06
1116374110	270	270.715	2018.05
1116546910	203	224.492	1695.15
1116719710	170	146.001	1101.13
1116892510	190	216.914	1604.46
1117065310	249	255.075	1912.79
1117238110	247	253.121	1873.72
1117410911	238	238.668	1796.58
1117583711	187	191.594	1430.52
1117756511	264	304.205	2274.06
1117929311	226	241.285	1830.08
1118102111	281	295.566	2201.51
1118274911	282	319.248	2401.16
1118447712	179	177.875	1324.94
1118620512	126	137.964	1039.72
1118793312	297	315.781	2397.67
1118966112	194	224.675	1707.45
1119138912	319	316.478	2393.94
1119311712	260	282.517	2146.52
1119484512	288	320.273	2428.1
1119657313	327	341.067	2580.09
1119830113	78	71.7894	535.271
1120002913	191	225.598	1691.57
1120175713	158	155.484	1170.64
1120348513	0	0	0
1120521313	67	72.5154	561.815
1120694113	134	132.49	1020.89
1120866914	0	0	0
1121039714	0	0	0
1121212514	129	121.747	905.266
1121385314	226	245.522	1873.18
1121558114	354	330.312	2514.35
1121730914	348	328.078	2502.16
1121903715	280	276.468	2093.42
1122076515	322	315.563	2432.85
1122249315	104	124.824	953.163
1122422115	265	274.782	2080.21
1122594915	314	333.568	2476.82
1122767715	170	227.826	1694.66
1122940515	88	83.1008	619.552
1123113316	324	328.983	2460.92
1123286116	264	281.345	2146.28
1123458916	282	297.239	2309.53
1123631716	310	320.624	2438.18
1123804516	313	320.468	2393.52
1123977316	299	327.658	2457.17
1124150116	324	327.302	2457.53
1124322917	179	180.836	1364.54
1124495717	326	309.373	2330.26
1124668517	272	321.495	2400.74
1124841317	320	324.292	2460.12
1125014117	302	327.19	2442.48
1125186917	337	331.528	2461.36
1125359718	275	299.896	2260.29
1125532518	298	311.606	2406.17
1125705318	284	314.563	2387.71
1125878118	294	308.035	2340.25
1126050918	221	215.278	1621.03
1126223718	165	174.014	1304.84
1126396518	246	284.021	2182.72
1126569319	304	288.273	2234.8
1126742119	272	294.337	2244.38
1126914919	320	320.282	2439.25
1127087719	201	210.769	1575.91
1127260519	299	291.11	2174.87
1127433319	301	328.108	2437.5
1127606119	324	335.558	2540.44
1127778920	319	334.268	2510.11
1127951720	322	347.895	2599.76
1128124520	320	342.837	2579.39
1128297320	329	337.844	2523
1128470120	300	315.918	2394.37
1128642920	325	347.836	2613.19
1128815721	349	342.8	2588.24
1128988521	335	345.793	2558.47
1129161321	327	341.295	2541.57
1129334121	297	340.676	2551.53
1129506921	176	182.844	1371.43
1129679721	321	327.543	2447.93
1129852521	332	339.127	2505.86
1130025322	311	330.932	2475.8
1130198122	328	331.278	2476.8
1130370922	333	331.208	2478.76
1130543722	309	340.44	2570.28
1130716522	317	341.372	2570.31
1130889322	317	344.451	2559.59
1131062122	322	348.819	2599.2
1131234923	348	346.656	2602.07
1131407723	387	346.345	2583.12
1131580523	312	321.249	2383.83
1131753323	356	349.778	2581.85
1131926123	334	342.909	2527.83
1132098923	343	347.048	2566.62
1132271723	295	310.632	2293.12
1132444524	265	282.037	2082.26
1132617324	324	323.239	2372.64
1132790124	353	356.596	2636.26
1132962924	404	355.907	2626.04
1133135724	375	359.175	2633.85
1133308524	355	359.81	2676.54
1133481325	372	373.586	2774.21
1133654125	290	325.372	2391.7
1133826925	392	365.328	2720.35
1133999725	378	376.851	2781.56
1134172525	380	375.732	2800.57
1134345325	328	293.263	2154.84
1134518125	296	295.873	2177.86
1134690926	365	370.092	2720.19
1134863726	398	385.844	2843.44
1135036526	348	388.61	2873.5
1135209326	414	409.905	3018.55
1135382126	388	394.666	2931.38
1135554926	420	396.134	2918
1135727726	351	346.588	2554.73
1135900527	393	390.877	2880.83
1136073327	173	181.783	1339.21
1136246127	212	222.292	1648.88
1136418927	303	316.913	2323.88
1136591727	326	351.324	2572.12
1136764527	189	221.594	1621.84
1136937328	227	240.624	1776.13
1137110128	233	239.135	1771.64
1137282928	197	211.72	1550.94
1137455728	240	241.128	1804.84
1137628528	259	249.829	1833.93
1137801328	265	250.361	1857.95
1137974128	238	240.367	1771.87
1138146929	226	258.525	1910.92
1138319729	393	402.119	2958.49
1138492529	376	398.996	2930.07
1138665329	381	392.639	2885.36
1138838129	364	384.908	2828.11
1139010929	372	376.433	2771.71
1139183729	394	348.837	2573.77
1139356530	358	371.887	2744.69
1139529330	395	380.641	2843.45
1139702130	305	280.637	2089.08
1139874930	317	313.903	2322.76
1140047730	362	358.971	2644
1140220530	407	383.312	2818.19
1140393331	370	353.542	2608.2
1140566131	339	351.889	2587.28
1140738931	398	377.974	2830.04
1140911731	372	345.76	2550.09
1141084531	51	39.9007	293.762
1141257331	29	29.8273	220.135
1141430131	300	289.749	2155.34
1141602932	391	399.17	2946.08
1141775732	149	155.626	1148.53
1141948532	320	316.544	2348.53
1142121332	207	218.02	1612.26
1142294132	330	354.18	2615.15
1142466932	350	370.982	2753.28
1142639732	373	364.996	2728.46
1142812533	398	367.324	2723.15
1142985333	367	368.413	2731.29
1143158133	329	366.857	2726.43
1143330933	345	361.32	2722.95
1143503733	366	363.722	2734.53
1143676533	372	375.085	2790.45
1143849334	406	385.237	2872.96
1144022134	380	382.264	2841.59
1144194934	354	369.573	2762.15
1144367734	389	371.271	2774.15
1144540534	366	363.61	2733.83
1144713334	385	369.337	2738.86
1144886134	348	371.201	2753.67
1145058935	337	364.76	2761.35
1145231735	353	356.386	2719.9
1145404535	360	361.766	2663.14
1145577335	373	359.395	2686.45
1145750135	347	354.136	2638.69
1145922935	340	357.465	2669.56
1146095735	326	296.068	2222.29
1146268536	328	322.556	2416.5
1146441336	265	273.907	2095.44
1146614136	342	300.625	2281.53
1146786936	410	381.441	2874.96
1146959736	341	377.346	2877.54
1147132536	378	370.725	2822.68
1147305336	376	370.503	2808.61
1147478137	427	375.537	2843.73
1147650937	407	378.195	2828.59
1147823737	361	371.335	2780.1
1147996537	393	364.088	2778.73
1148169337	380	358.537	2738.36
1148342137	314	359.799	2735.9
1148514938	386	368.134	2753.7
1148687738	342	365.209	2740.93
1148860538	356	359.422	2709.67
1149033338	337	346.865	2618.06
1149206138	340	322.786	2426.72
1149378938	289	275.33	2079.91
1149551738	360	349.609	2610.06
1149724539	329	367.619	2716.43
1149897339	349	364.26	2775.73
1150070139	327	310.603	2339.85
1150242939	346	359.153	2696.98
1150415739	326	332.695	2528.93
1150588539	372	341.584	2559.44
1150761339	335	330.937	2463.1
1150934140	382	372.689	2828.46
1151106940	354	372.506	2814.16
1151279740	340	327.166	2481.79
1151452540	354	348.247	2646.46
1151625340	351	357.24	2698.75
1151798140	353	347.452	2626.57
1151970941	336	355.164	2690.65
1152143741	372	328.828	2474.04
1152316541	324	359.771	2679.99
1152489341	370	356.045	2656.06
1152662141	315	305.1	2254.1
1152834941	325	340.391	2599.71
1153007741	332	322.585	2448.39
1153180542	349	339.347	2547.02
1153353342	336	340.442	2546.74
1153526142	341	342.056	2552.48
1153698942	308	338.514	2541.16
1153871742	325	342.254	2540.75
1154044542	325	349.938	2657.21
1154217342	317	350.898	2708.59
1154390143	381	354.276	2709.42
1154562943	347	347.209	2628.66
1154735743	362	364.146	2738.89
1154908543	351	361.117	2702.34
1155081343	353	361.87	2708.1
1155254143	356	370.318	2759.96
1155426944	379	361.894	2693.63
1155599744	325	349.754	2640.76
1155772544	322	354.223	2715.67
1155945344	368	368.937	2797.29
1156118144	371	369.821	2820.03
1156290944	186	186.294	1400.96
1156463744	420	391.957	2920.63
1156636545	387	395.036	2985.28
1156809345	367	383.323	2911.02
1156982145	399	394.897	2945.72
1157154945	366	385.026	2923.61
1157327745	191	213.843	1648.5
1157500545	376	387.11	2925.42
1157673345	445	402.697	3027.72
1157846146	406	409.919	3042.66
1158018946	395	406.76	3064.05
1158191746	414	401.704	3028.59
1158364546	421	402.55	3044.54
1158537346	437	396.115	2978.48
1158710146	414	377.413	2831.81
1158882947	415	406.576	3021.19
1159055747	381	399.799	3019.84
1159228547	389	407.393	3018.89
1159401347	405	398.54	3020.24
1159574147	437	399.596	2979.09
1159746947	428	407.056	3033.74
1159919747	398	386.12	2872.85
1160092548	414	398.181	2991.68
1160265348	421	391.71	2928.29
1160438148	373	377.282	2809.3
1160610948	357	357.832	2657.56
1160783748	385	382.693	2842.82
1160956548	391	388.551	2912.52
1161129348	264	259.852	1943.24
1161302149	251	254.654	1908.01
1161474949	378	371.686	2762.89
1161647749	389	378.199	2783.77
1161820549	374	377.485	2833.36
1161993349	402	385.222	2856.97
1162166149	434	377.961	2814.56
1162338950	397	366.596	2746.14
1162511750	376	373.176	2786.64
1162684550	376	383.442	2828.49
1162857350	369	379.019	2845.19
1163030150	405	383.851	2883.34
1163202950	384	364.929	2710.64
1163375750	381	386.815	2837.12
1163548551	401	385.958	2828.5
1163721351	359	377.993	2820.13
1163894151	303	337.207	2535.21
1164066951	419	369.945	2735.62
1164239751	377	375.563	2764.83
1164412551	367	378.178	2792.99
1164585351	387	363.016	2704.48
1164758152	396	383.414	2843.86
1164930952	353	393.764	2883.29
1165103752	347	338.744	2517.49
1165276552	390	338.201	2496.53
1165449352	359	334.88	2468.23
1165622152	347	354.299	2620.21
1165794952	343	352.826	2613.04
1165967753	363	363.379	2681.04
1166140553	420	407.05	2995.84
1166313353	407	419.988	3076.94
1166486153	394	422.444	3089.91
1166658953	484	445.05	3265.37
1166831753	444	480.807	3511.93
1167004554	471	478.828	3528.12
1167177354	484	481.961	3522.27
1167350154	448	472.905	3463.72
1167522954	35	27.366	200.229
1167695754	0	0	0
1167868554	0	0	0
1168041354	0	0	0
1168214155	0	0	0
1168386955	78	85.9529	633.094
1168559755	423	438.454	3240.73
1168732555	448	437.399	3236.93
1168905355	399	376.6	2780.79
1169078155	325	323.794	2378.33
1169250955	376	366.922	2707.35
1169423756	493	460.648	3383.27
1169596556	392	430.827	3163.03
1169769356	458	468.045	3449.32
1169942156	453	440.474	3260.56
1170114956	475	450.555	3343.28
1170287756	461	438.235	3244.12
1170460557	474	464.101	3412.3
1170633357	467	466.773	3435.04
1170806157	475	474.037	3505.96
1170978957	485	478.371	3561.47
1171151757	439	445.947	3335.08
1171324557	459	451.618	3322.54
1171497357	412	439.712	3218.9
1171670158	480	440.286	3278.57
1171842958	486	433.677	3228.82
1172015758	447	437.069	3270.81
1172188558	438	446.371	3306.94
1172361358	493	455.559	3345.49
1172534158	485	450.987	3320.12
1172706958	476	462.15	3410.32
1172879759	389	366.138	2742.07
1173052559	516	473.233	3511.96
1173225359	477	485.613	3592.21
1173398159	470	470.499	3482.34
1173570959	524	482.41	3581.15
1173743759	471	480.854	3556.35
1173916560	431	485.537	3607.11
1174089360	418	470.947	3520.43
1174262160	427	443.849	3297.88
1174434960	466	440.171	3251.78
1174607760	420	423.423	3158.12
1174780560	484	446.11	3314.65
1174953360	451	437.864	3263.79
1175126161	463	449.549	3364.35
1175298961	373	398.255	3002.29
1175471761	451	439.68	3279.9
1175644561	481	443.654	3321.6
1175817361	443	441.748	3315.76
1175990161	479	448.205	3361.98
1176162961	472	452.801	3373.28
1176335762	490	464.25	3475.27
1176508562	474	476.331	3517.78
1176681362	479	468.535	3476.39
1176854162	485	484.929	3576.94
1177026962	489	495.733	3707.38
1177199762	508	487.79	3670.18
1177372563	489	477.138	3579.92
1177545363	474	484.413	3666.15
1177718163	506	494.217	3738.62
1177890963	542	499.225	3724.68
1178063763	486	497.567	3730.59
1178236563	564	504.054	3754.41
1178409363	513	495.256	3727.85
1178582164	461	478.014	3663.73
1178754964	519	491.247	3744.43
1178927764	535	500.509	3813.09
1179100564	548	503.021	3809.16
1179273364	486	506.37	3817.83
1179446164	549	523.726	3970.37
1179618964	569	546.639	4105.36
1179791765	596	583.113	4426.41
1179964565	617	586.185	4478.29
1180137365	665	597.508	4514.39
1180310165	586	580.754	4465.76
1180482965	586	578.174	4420.7
1180655765	215	195.29	1472.65
1180828565	493	480.426	3657.97
1181001366	313	291.403	2206.39
1181174166	631	591.47	4478.32
1181346966	626	592.809	4450.57
1181519766	592	582.556	4369.45
1181692566	521	588.932	4407.7
1181865366	490	499.113	3813.16
1182038167	598	586.278	4449.22
1182210967	625	573.558	4323.32
1182383767	601	588.756	4420
1182556567	627	618.229	4637.73
1182729367	658	602.593	4607.51
1182902167	607	608.962	4639.2
1183074967	705	624.664	4753.7
1183247768	687	627.562	4777.16
1183420568	665	633.381	4788.78
1183593368	678	646.212	4784.34
1183766168	649	597.248	4487.14
1183938968	582	609.072	4735.73
1184111768	658	594.387	4600.26
1184284568	618	617.803	4660.41
1184457369	574	616.026	4679.77
1184630169	644	625.83	4702.05
1184802969	553	539.885	4026.98
1184975769	702	627.724	4714.23
1185148569	567	601.628	4533.25
1185321369	578	582.888	4410.44
1185494170	608	606.812	4631.56
1185666970	627	611.067	4694.31
1185839770	664	624.026	4714.49
1186012570	531	545.331	4211.98
1186185370	586	569.655	4400.48
1186358170	505	535.683	4070.91
1186530970	623	623.61	4656.68
1186703771	596	617.66	4733.88
1186876571	639	624.276	4694.61
1187049371	624	607.738	4506.71
1187222171	413	412.232	3144.67
1187394971	409	439.94	3407.4
1187567771	546	517.639	4021.68
1187740571	628	602.883	4588.28
1187913372	631	621.271	4702.37
1188086172	608	605.895	4645.37
1188258972	659	601.472	4582.68
1188431772	627	597.998	4597.56
1188604572	617	613.47	4643.76
1188777372	660	618.28	4604.72
1188950173	618	614.622	4599.25
1189122973	669	628.99	4708.24
1189295773	676	642.365	4744.67
1189468573	607	589.022	4425.97
1189641373	648	626.999	4705.3
1189814173	621	619.573	4724.66
1189986973	621	606.066	4589.52
1190159774	627	628.155	4717.95
1190332574	586	634.854	4787.45
1190505374	597	577.643	4393.82
1190678174	576	570.439	4350.6
1190850974	534	502.519	3782.93
1191023774	678	658.092	4936.54
1191196574	647	658.975	4875.95
1191369375	677	651.354	4852.28
1191542175	664	650.903	4833.55
1191714975	654	642.743	4839.91
1191887775	649	648.089	4814.26
1192060575	628	640.909	4829.43
1192233375	626	637.819	4784.8
1192406176	477	498.521	3766.78
1192578976	407	400.489	2983.27
1192751776	694	634.573	4728.03
1192924576	95	102.971	765.774
1193097376	0	0	0
1193270176	0	0	0
1193442976	0	0	0
1193615777	0	0	0
1193788577	0	0	0
1193961377	0	0	0
1194134177	0	0	0
1194306977	0	0	0
1194479777	0	0	0
1194652577	0	0	0
1194825378	0	0	0
1194998178	82	78.2089	591.356
1195170978	105	105.62	800.175
1195343778	0	0	0
1195516578	0	0	0
1195689378	480	460.156	3399.31
1195862178	223	244.914	1838.37
1196034979	128	129.475	948.637
1196207779	549	556.431	4106.34
1196380579	647	659.391	4849.36
1196553379	637	607.568	4520.46
1196726179	553	557.881	4134.54
1196898979	548	536.748	3998.56
1197071780	14	16.7753	125.146
1197244580	471	475.751	3495.14
1197417380	637	626.131	4638.97
1197590180	632	650.066	4790.27
1197762980	675	642.316	4786.82
1197935780	610	641.976	4744.81
1198108580	693	643.916	4733.58
1198281381	251	250.722	1845.66
1198454181	614	617.315	4577.48
1198626981	412	417.126	3099.32
1198799781	318	299.472	2212.48
1198972581	349	300.606	2210.7
1199145381	0	0.523738	0
1199318181	412	394.42	2912.82
1199490982	517	485.529	3600.03
1199663782	582	606.911	4445.78
1199836582	656	610.049	4468.22
1200009382	661	600.305	4433.74
1200182182	635	606.187	4456.08
1200354982	615	612.914	4508.8
1200527783	643	627.852	4620.29
1200700583	690	656.995	4852.27
1200873383	608	652.133	4808.09
1201046183	565	552.965	4116.7
1201218983	630	604.985	4491.52
1201391783	542	495.452	3695.43
1201564583	500	532.854	3975.35
1201737384	567	561.423	4171.39
1201910184	633	605.549	4484.25
1202082984	446	424.09	3142.7
1202255784	493	495.847	3664.32
1202428584	393	361.943	2694.68
1202601384	572	545.973	4065.83
1202774184	599	553.916	4115.38
1202946985	598	601.236	4414.25
1203119785	601	603.526	4453.57
1203292585	568	547.949	4045.98
1203465385	564	583.307	4327.14
1203638185	517	567.133	4206.17
1203810985	615	583.948	4358.24
1203983786	549	555.062	4132.13
1204156586	610	569.654	4220.66
1204329386	572	550.128	4065.2
1204502186	527	536.757	3993.12
1204674986	623	578.22	4297.66
1204847786	556	530.175	3960.5
1205020586	553	572.299	4268.49
1205193387	589	569.135	4265.43
1205366187	612	588.421	4403.53
1205538987	511	498.826	3702.27
1205711787	564	559.879	4168.03
1205884587	636	594.623	4408.1
1206057387	582	586.201	4361.72
1206230187	573	578.887	4340.59
1206402988	619	580.794	4309.14
1206575788	585	586.054	4367.11
1206748588	585	582.521	4376.09
1206921388	616	595.265	4433.84
1207094188	645	598.09	4488.27
1207266988	606	608.21	4550.85
1207439789	662	619.667	4576.27
1207612589	521	529.031	3937.36
1207785389	632	612.135	4516.04
1207958189	614	624.362	4640.39
1208130989	509	544.931	4126.82
1208303789	635	618.43	4638.83
1208476589	641	617.911	4637.74
1208649390	666	655.504	4892.47
1208822190	687	649.615	4838.94
1208994990	647	651.543	4859.59
1209167790	682	644.648	4791.04
1209340590	625	634.097	4730.15
1209513390	622	616.865	4690.9
1209686190	609	587.546	4471.18
1209858991	481	507.105	3848.59
1210031791	627	609.557	4580.14
1210204591	647	608.788	4610.69
1210377391	615	609.795	4614.16
1210550191	448	460.811	3497.35
1210722991	493	472.731	3561.01
1210895792	710	647.215	4863.1
1211068592	652	658.7	4862.04
1211241392	661	658.261	4855.06
1211414192	687	649.023	4806.18
1211586992	579	639.387	4824.37
1211759792	639	642.833	4808.41
1211932592	563	556.7	4215.14
1212105393	571	590.048	4556.49
1212278193	592	606.226	4637.02
1212450993	618	625.505	4726.62
1212623793	627	615.351	4613.5
1212796593	670	617.054	4664.78
1212969393	610	620.335	4718.51
1213142193	667	635.227	4778.59
1213314994	627	634.581	4810.88
1213487794	540	569.217	4293.58
1213660594	474	459.102	3460.86
1213833394	639	670.051	5050.26
1214006194	631	631.605	4826.92
1214178994	626	607.898	4642.23
1214351794	683	656.927	4993.14
1214524595	731	698.701	5292.53
1214697395	776	709.176	5348.93
1214870195	713	708.337	5329.09
1215042995	737	677.024	5143.16
1215215795	755	751.712	5568.98
1215388595	748	734.084	5536.97
1215561396	773	744.398	5594.02
1215734196	665	684.279	5174.99
1215906996	678	628.84	4734.58
1216079796	769	738.317	5529.55
1216252596	753	759.422	5640.16
1216425396	680	656.538	4981.53
1216598196	788	744.129	5634.9
1216770997	666	664.172	5022.77
1216943797	795	725.585	5509.39
1217116597	713	687.945	5214.04
1217289397	472	439.279	3338.8
1217462197	343	375.625	2826.74
1217634997	766	772.529	5790.7
1217807797	799	764.965	5725.36
1217980598	715	720.42	5374.86
1218153398	706	743.432	5636.28
1218326198	730	707.916	5290.37
1218498998	739	750.486	5646.85
1218671798	804	768.432	5810.53
1218844598	817	776.671	5774.23
1219017399	722	716.302	5423.5
1219190199	795	764.387	5797.44
1219362999	716	724.107	5523.82
1219535799	608	601.839	4524.38
1219708599	808	795.594	5900.4
1219881399	772	732.87	5512.04
1220054199	823	789.106	5915.89
1220227000	822	779.801	5757.82
1220399800	691	756.798	5681.88
1220572600	756	769.443	5890.59
1220745400	792	760.612	5767.41
1220918200	746	709.573	5339.55
1221091000	759	750.016	5690.84
1221263800	788	755.802	5763.01
1221436601	835	763.105	5769.52
1221609401	772	761.379	5710.88
1221782201	731	736.296	5616.67
1221955001	744	749.909	5697.62
1222127801	802	762.569	5705.64
1222300601	814	772.077	5790.05
1222473402	754	786.923	5847.83
1222646202	748	781.458	5885.32
1222819002	798	795.486	5941.3
1222991802	823	790.074	5902.1
1223164602	313	307.879	2341.47
1223337402	762	756.457	5718.75
1223510202	784	782.316	5863.14
1223683003	758	764.001	5639.69
1223855803	789	776.19	5814.84
1224028603	806	746.631	5634.82
1224201403	746	771.063	5815.12
1224374203	756	777.416	5779.3
1224547003	787	783.109	5811.15
1224719803	818	769.07	5755.12
1224892604	775	779.137	5795.61
1225065404	752	773.774	5773.11
1225238204	754	768.272	5753.27
1225411004	868	784.705	5857.41
1225583804	812	786.439	5839.96
1225756604	788	783.479	5812.58
1225929405	812	796.239	5884.05
1226102205	367	346.24	2547.73
1226275005	303	346.127	2577.3
1226447805	597	613.754	4562.69
1226620605	759	786.349	5773.8
1226793405	650	676.835	5082.62
1226966205	655	615.598	4586.37
1227139006	777	773.81	5726.96
1227311806	825	781.274	5743.48
1227484606	792	782.609	5776.23
1227657406	721	728.241	5375.34
1227830206	790	773.317	5685.13
1228003006	718	682.164	5100.5
1228175806	749	711.645	5350.65
1228348607	802	763.672	5676.82
1228521407	576	572.264	4267.27
1228694207	308	285.372	2104.95
1228867007	682	638.848	4756.77
1229039807	736	757.261	5619.53
1229212607	766	739.122	5483.23
1229385407	733	728.992	5344.01
1229558208	731	735.984	5444.38
1229731008	719	756.039	5557.9
1229903808	737	728.982	5408.41
1230076608	814	729.019	5390
1230249408	753	732.806	5415.22
1230422208	614	607.333	4470.56
1230595009	647	601.681	4452.38
1230767809	177	193.47	1433.5
1230940609	512	493.023	3672.61
1231113409	732	691.942	5089.41
1231286209	660	672.794	4964.34
1231459009	767	708.54	5271.6
1231631809	655	642.83	4756.13
1231804610	632	609.508	4502.44
1231977410	759	698.602	5158.76
1232150210	591	563.53	4141.91
1232323010	728	692.428	5160.53
1232495810	725	699.611	5182.62
1232668610	703	682.303	5034.73
1232841410	709	696.481	5138.65
1233014211	693	694.839	5161.06
1233187011	687	695.278	5140.23
1233359811	716	687.77	5077.76
1233532611	655	658.095	4846.86
1233705411	718	712.046	5256.03
1233878211	727	713.591	5267.54
1234051012	695	709.247	5255.19
1234223812	717	723.159	5321.65
1234396612	713	734.902	5436.09
1234569412	766	702.823	5179.08
1234742212	754	732.266	5367.77
1234915012	686	659.182	4835.34
1235087812	607	613.038	4520.6
1235260613	740	705.441	5260.28
1235433413	694	674.019	5018.93
1235606213	720	717.426	5307.73
1235779013	694	693.096	5131.32
1235951813	719	709.718	5231.56
1236124613	754	720.058	5348.66
1236297413	760	732.318	5424.46
1236470214	752	745.525	5559.77
1236643014	738	742.418	5538.8
1236815814	708	722.329	5339.15
1236988614	773	740.114	5473.74
1237161414	747	748.036	5562.06
1237334214	800	753.285	5633.64
1237507015	705	739.35	5484.1
1237679815	502	483.54	3569.08
1237852615	797	740.054	5508.18
1238025415	762	735.214	5441.46
1238198215	755	742.978	5475.03
1238371015	765	760.193	5598.65
1238543815	634	716.715	5379.68
1238716616	757	738.055	5448.49
1238889416	761	734.4	5456.86
1239062216	707	749.795	5602.36
1239235016	748	745.506	5602.46
1239407816	762	738.587	5506.47
1239580616	724	742.713	5526.44
1239753416	780	736.86	5519.94
1239926217	385	364.351	2703.27
1240099017	0	0	0
1240271817	0	0	0
1240444617	0	0	0
1240617417	0	0	0
1240790217	0	0	0
1240963018	0	0	0
1241135818	0	0	0
1241308618	0	0	0
1241481418	0	0	0
1241654218	0	0	0
1241827018	0	0	0
1241999818	0	0	0
1242172619	0	0	0
1242345419	0	0	0
1242518219	0	0	0
1242691019	0	0	0
1242863819	0	0	0
1243036619	0	0	0
1243209419	0	0	0
1243382220	0	0	0
1243555020	0	0	0
1243727820	0	0	0
1243900620	0	0	0
1244073420	0	0	0
1244246220	0	0	0
1244419021	240	250.611	1905.63
1244591821	638	593.268	4516.92
1244764621	579	588.722	4503.93
1244937421	529	563.72	4191.65
1245110221	586	600.683	4548.3
1245283021	586	599.116	4433.95
1245455821	564	588.962	4388
1245628622	589	571.221	4344.94
1245801422	471	470.874	3612.97
1245974222	572	567.601	4337.94
1246147022	551	572.614	4294.45
1246319822	548	563.971	4252.65
1246492622	564	588.956	4439.32
1246665422	531	572.03	4274.44
1246838223	573	603.275	4506.03
1247011023	548	592.216	4510.6
1247183823	567	590.222	4470.57
1247356623	627	595.456	4495.94
1247529423	581	582.007	4462.46
1247702223	621	580.066	4405.43
1247875023	549	577.497	4393.75
1248047824	511	555.266	4180.43
1248220624	507	565.241	4243.03
1248393424	628	555.634	4279.54
1248566224	487	515.747	3922.05
1248739024	380	396.297	3017.75
1248911824	631	591.816	4515.41
1249084625	636	625.449	4753.05
1249257425	628	637.259	4799.27
1249430225	571	642.843	4792.94
1249603025	636	638.474	4871.68
1249775825	643	644.811	4945.03
1249948625	679	671.481	5047.92
1250121425	537	611.276	4542.77
1250294226	316	369.116	2726.41
1250467026	436	522.72	3950.42
1250639826	499	572.243	4304.79
1250812626	596	628.958	4745.49
1250985426	650	631.251	4721.07
1251158226	325	323.408	2421.6
1251331026	658	654.349	4887.48
1251503827	633	682.822	5039.54
1251676627	620	685.891	5118.81
1251849427	561	551.4	4149.86
1252022227	692	689.867	5233.64
1252195027	648	706.077	5262.88
1252367827	636	688.973	5218.12
1252540628	678	719.881	5499.59
1252713428	680	722.867	5495.99
1252886228	787	755.647	5630
1253059028	707	713.24	5388.45
1253231828	761	765.041	5754.96
1253404628	790	769.739	5808.28
1253577428	716	771.454	5805.82
1253750229	728	766.936	5782.05
1253923029	749	789.938	5900.86
1254095829	295	300.183	2303.07
1254268629	754	755.99	5789.94
1254441429	745	777.985	5834.99
1254614229	729	786.912	5844.91
1254787029	711	785.815	5884.15
1254959830	753	785.754	5939.04
1255132630	803	817.661	6036.7
1255305430	497	527.535	3921.38
1255478230	736	806.894	6014.98
1255651030	797	794.839	5962.72
1255823830	753	801.018	5977.57
1255996631	782	796.821	5940.41
1256169431	771	803.758	5964.39
1256342231	788	811.343	6011.65
1256515031	734	803.657	5977.29
1256687831	765	789.03	5847.2
1256860631	775	817.205	5999.55
1257033431	756	811.258	5964.46
1257206232	756	803.128	5958.64
1257379032	759	815.956	6058.13
1257551832	721	809.241	6022.64
1257724632	807	807.124	6000.25
1257897432	683	734.245	5471.57
1258070232	811	784.339	5780.33
1258243032	742	657.113	4895.59
1258415833	769	765.02	5630.49
1258588633	748	734.149	5426.08
1258761433	713	739.747	5462.63
1258934233	736	752.337	5517.07
1259107033	756	755.874	5540.98
1259279833	756	752.051	5568.71
1259452634	782	753.379	5531.99
1259625434	783	737.535	5428.96
1259798234	447	476.871	3534.09
1259971034	703	725.684	5349.66
1260143834	670	693.204	5181.53
1260316634	695	682.761	5086.89
1260489434	622	615.563	4574.73
1260662235	744	702.802	5201.43
1260835035	696	707.914	5239.14
1261007835	713	719.244	5286.53
1261180635	725	703.488	5184.72
1261353435	765	682.182	5060.83
1261526235	620	616.03	4525.97
1261699035	662	686.177	5060.61
1261871836	673	697.164	5111.1
1262044636	590	585.185	4289.97
1262217436	658	658.874	4863.23
1262390236	700	676.397	4993.47
1262563036	723	671.456	4918.29
1262735836	679	709.148	5227.6
1262908636	734	720	5315.16
1263081437	706	707.121	5207.33
1263254237	725	723.226	5323
1263427037	729	708.876	5272.14
1263599837	732	716.833	5275.19
1263772637	691	702.788	5176.86
1263945437	654	644.203	4758.98
1264118238	593	622.317	4582.8
1264291038	678	675.338	4970.71
1264463838	638	641.02	4728.82
1264636638	609	652.231	4777.68
1264809438	634	599.238	4397.81
1264982238	690	674.263	4958.45
1265155038	708	648.52	4699.88
1265327839	694	671.719	4939.48
1265500639	610	599.983	4389.56
1265673439	636	642.913	4716.26
1265846239	726	680.728	5006.35
1266019039	654	639.179	4694.91
1266191839	608	602.932	4462.81
1266364639	714	659.682	4861.61
1266537440	678	673.749	4937.45
1266710240	614	652.133	4828.48
1266883040	659	655.535	4824.02
1267055840	637	642.279	4815.47
1267228640	606	613.565	4570.16
1267401440	655	643.396	4783.56
1267574241	650	642.594	4756.77
1267747041	653	642.761	4774.93
1267919841	661	645.083	4738.68
1268092641	617	638.557	4731.82
1268265441	662	628.881	4666.69
1268438241	596	561.647	4133.89
1268611041	493	491.684	3632.58
1268783842	557	522.51	3873.35
1268956642	609	630.945	4671.79
1269129442	614	636.234	4706.28
1269302242	682	651.438	4816.96
1269475042	679	653.082	4858.78
1269647842	601	554.19	4116.82
1269820642	420	412.962	3063.47
1269993443	446	437.651	3234.65
1270166243	463	451.592	3368
1270339043	425	430.49	3278.55
1270511843	455	430.718	3250.25
1270684643	414	425.588	3193.69
1270857443	517	497.082	3706.8
1271030244	550	561.047	4184.03
1271203044	552	532.053	4041.53
1271375844	565	520.428	3895.58
1271548644	604	530.47	3954.35
1271721444	534	509.45	3804.33
1271894244	514	543.496	4107.47
1272067044	532	493.006	3732.8
1272239845	561	562.777	4244.67
1272412645	574	544.75	4104.2
1272585445	531	534.704	4047.02
1272758245	638	563.596	4214.2
1272931045	573	546.321	4101.87
1273103845	542	528.86	3951.27
1273276645	588	572.095	4369.68
1273449446	581	595.31	4548.84
1273622246	624	610.716	4605.47
1273795046	617	620.535	4611.71
1273967846	524	518.233	3954.94
1274140646	559	577.699	4370.23
1274313446	666	607.778	4598.42
1274486247	563	554.509	4171.09
1274659047	582	589.094	4452.54
1274831847	462	428.501	3234.16
1275004647	516	537.712	4079.34
1275177447	556	534.108	4057.19
1275350247	578	585.31	4470.86
1275523047	644	608.842	4607.46
1275695848	664	609.589	4651.98
1275868648	603	612.74	4644.24
1276041448	595	548.142	4184.37
1276214248	484	461.583	3483.99
1276387048	510	489.039	3688.4
1276559848	642	314.353	2339.65
1276732648	605	621.378	4679.62
1276905449	588	597.759	4471.77
1277078249	601	614.726	4631.36
1277251049	626	634.221	4682.83
1277423849	560	600.538	4549.4
1277596649	635	610.153	4656.97
1277769449	654	587.078	4457.54
1277942250	599	571.535	4276.73
1278115050	654	626.529	4705.45
1278287850	660	649.801	4855.5
1278460650	659	633.08	4765.76
1278633450	643	634.864	4784.3
1278806250	640	628.913	4718.88
1278979050	558	554.07	4249.86
1279151851	526	533.225	4142.39
1279324651	465	482.138	3785.88
1279497451	574	598.937	4627.65
1279670251	585	602.574	4573.76
1279843051	663	624.576	4751.59
1280015851	586	614.914	4694.16
1280188651	600	619.669	4699.44
1280361452	652	641.249	4855.64
1280534252	664	685.44	5175.03
1280707052	603	646.324	4990.65
1280879852	537	561.2	4376.93
1281052652	536	502.74	3833.86
1281225452	515	525.024	4003.22
1281398252	654	632.337	4826.57
1281571053	706	705.257	5316.6
1281743853	581	622.833	4806.71
1281916653	669	687.167	5187.52
1282089453	696	707.632	5276.27
1282262253	698	698.713	5291.09
1282435053	685	714.192	5334.92
1282607854	691	709.04	5323.4
1282780654	753	736.213	5517.45
1282953454	769	749.956	5557.87
1283126254	707	730.644	5529.17
1283299054	684	716.559	5447.16
1283471854	670	694.516	5321.12
1283644654	718	723.068	5494.63
1283817455	753	734.782	5556.28
1283990255	740	749.824	5609.29
1284163055	798	753.878	5671.6
1284335855	709	736.513	5542.77
1284508655	713	732.163	5509.38
1284681455	740	741.697	5614.27
1284854255	753	738.625	5537.38
1285027056	722	742.229	5535.79
1285199856	770	735.697	5526.16
1285372656	684	717.884	5356.5
1285545456	621	685.316	5081.52
1285718256	741	700.317	5245.53
1285891056	705	732.588	5526.11
1286063857	737	731.608	5505.32
1286236657	781	739.635	5513.49
1286409457	738	749.398	5633.73
1286582257	729	776.583	5859.55
1286755057	800	785.87	5885.15
1286927857	792	785.779	5816.71
1287100657	730	798.967	5993.51
1287273458	798	813.331	6144.6
1287446258	789	806.162	6011.49
1287619058	858	840.578	6230.44
1287791858	888	864.868	6445.62
1287964658	892	861.754	6451.82
1288137458	842	875.125	6452.15
1288310258	760	826.359	6118.87
1288483059	741	709.882	5305.81
1288655859	816	849.782	6339.85
1288828659	811	872.166	6440.31
1289001459	850	878.299	6508.45
1289174259	792	841.742	6224.43
1289347059	727	757.316	5704.78
1289519860	825	860.092	6400.95
1289692660	827	846.019	6314.77
1289865460	811	833.85	6237.95
1290038260	850	850.154	6279.85
1290211060	723	764.815	5636.51
1290383860	842	832.94	6200.71
1290556660	872	848.024	6263.42
1290729461	573	662.648	4893.7
1290902261	837	850.407	6317.28
1291075061	814	838.937	6210.62
1291247861	819	844.692	6204.11
1291420661	816	843.295	6246.45
1291593461	831	819.186	6064.1
1291766261	866	839.62	6190.66
1291939062	800	838.603	6139.23
1292111862	823	831.848	6200.62
1292284662	828	832.29	6144.19
1292457462	783	828.377	6080.78
1292630262	824	828.791	6113.88
1292803062	853	830.112	6138.14
1292975863	877	857.983	6316.09
1293148663	932	874.16	6419.97
1293321463	898	872.95	6417.5
1293494263	924	858.36	6337.02
1293667063	759	782.276	5804.97
1293839863	792	784.089	5802.39
1294012663	782	778.474	5751.16
1294185464	761	778.444	5794.86
1294358264	812	806.615	5969
1294531064	776	833.749	6197.61
1294703864	806	826.823	6090.81
1294876664	807	757.054	5532.03
1295049464	825	851.685	6262.36
1295222264	758	804.165	5912.46
1295395065	888	840.228	6170.75
1295567865	853	838.977	6189.89
1295740665	873	855.086	6303.56
1295913465	872	836.478	6143.88
1296086265	857	842.36	6204.27
1296259065	741	685.903	5081.41
1296431865	855	867.459	6400.34
1296604666	866	873.052	6445.88
1296777466	942	864.542	6362.28
1296950266	815	855.92	6337.81
1297123066	868	843.236	6274.49
1297295866	773	775.147	5783.48
1297468666	859	834.577	6190.57
1297641467	773	787.607	5854.17
1297814267	801	807.721	5944.11
1297987067	834	811.023	6058.24
1298159867	794	784.495	5881.31
1298332667	782	778.774	5761.55
1298505467	740	707.979	5262.56
1298678267	726	705.045	5262.26
1298851068	863	809.732	6010.66
1299023868	750	765.519	5638.26
1299196668	747	765.7	5699.99
1299369468	769	780.722	5787.94
1299542268	722	764.454	5663.6
1299715068	835	803.982	5928.04
1299887868	653	675.962	5005.11
1300060669	708	706.495	5285.18
1300233469	570	595.385	4438.43
1300406269	754	750.919	5610.88
1300579069	760	734.469	5464.5
1300751869	673	689.077	5089.81
1300924669	695	734.794	5498.52
1301097470	794	809.549	6015.75
1301270270	814	796.226	5985.42
1301443070	825	799.675	5956.16
1301615870	758	812.458	6064.23
1301788670	860	807.192	6033.64
1301961470	769	790.478	5898.36
1302134270	759	765.664	5706.9
1302307071	817	392.261	2964.39
1302479871	763	386.541	2872.65
1302652671	781	798.945	5881.28
1302825471	638	624.573	4700.68
1302998271	830	785.933	5905.9
1303171071	809	780.668	5872.42
1303343871	801	790.066	5871.23
1303516672	689	736.306	5479.64
1303689472	638	599.538	4510.63
1303862272	677	674.593	5066.49
1304035072	697	697.515	5298.85
1304207872	733	762.329	5809.93
1304380672	748	769.349	5836.8
1304553473	810	764.346	5731.06
1304726273	716	710.782	5343.84
1304899073	522	505.543	3803.86
1305071873	802	712.675	5340.43
1305244673	754	735.235	5560.64
1305417473	730	685.453	5183.94
1305590273	704	700.125	5255.78
1305763074	753	765.831	5703.7
1305935874	755	764.401	5732.94
1306108674	731	748.314	5660.41
1306281474	744	747.805	5653.97
1306454274	778	752.05	5730.67
1306627074	775	776.639	5890.45
1306799874	758	765.32	5814.52
1306972675	804	792.351	5980.66
1307145475	763	787.021	6006.98
1307318275	789	788.998	5930.19
1307491075	757	786.231	5869.26
1307663875	727	735.87	5517.67
1307836675	789	773.158	5781.29
1308009476	801	784.301	5956.23
1308182276	808	787.294	5908.68
1308355076	663	709.233	5350.22
1308527876	483	528.666	3964.99
1308700676	610	601.689	4596.99
1308873476	731	336.173	2555.8
1309046276	698	374.25	2903.45
1309219077	828	767.603	5832.79
1309391877	741	781.049	5840.31
1309564677	663	688.523	5311.8
1309737477	556	519.074	3983.02
1309910277	775	767.245	5871.93
1310083077	784	764.887	5798.11
1310255877	811	800.843	5981.11
1310428678	678	673.251	5032.87
1310601478	782	816.119	6068.45
1310774278	756	796.224	5974.67
1310947078	714	754.373	5774.02
1311119878	729	739.163	5638.05
1311292678	857	786.266	5968.84
1311465478	816	794.083	5981.75
1311638279	788	788.107	5939.76
1311811079	812	810.591	6048.41
1311983879	746	734.837	5586.48
1312156679	670	653.301	5041.2
1312329479	779	777.306	5922.83
1312502279	790	789.099	5932.56
1312675080	798	790.176	5942.78
1312847880	709	776.171	5841.63
1313020680	764	796.267	5915.3
1313193480	789	809.054	6065.99
1313366280	789	809.859	6085.57
1313539080	800	811.277	6081.83
1313711880	685	753.522	5744.92
1313884681	686	701.91	5425.08
1314057481	797	776.623	5897.58
1314230281	752	798.177	6031.6
1314403081	807	820.436	6128.03
1314575881	796	819.664	6155.02
1314748681	766	805.486	6151.38
1314921481	835	835.618	6248.16
1315094282	714	783.301	5852.77
1315267082	693	756.104	5724.44
1315439882	843	832.445	6297.56
1315612682	829	848.096	6326.82
1315785482	789	839.245	6314.41
1315958282	823	837.196	6304.74
1316131083	786	842.674	6233.12
1316303883	859	801.603	6115.02
1316476683	726	759.392	5727.9
1316649483	807	801.219	6002.35
1316822283	821	794.895	5996.56
1316995083	760	752.645	5657.13
1317167883	767	782.604	5794.71
1317340684	762	800.848	5963.71
1317513484	583	583.433	4382.04
1317686284	722	742.61	5552.19
1317859084	833	841.15	6226.73
1318031884	701	782.039	5876.1
1318204684	806	846.04	6322.8
1318377484	788	863.977	6414.94
1318550285	693	684.7	5140.91
1318723085	847	879.757	6566.26
1318895885	811	836.35	6280.46
1319068685	890	845.131	6309.85
1319241485	792	842.781	6271.78
1319414285	838	0	0
1319587086	849	866.108	6507.36
1319759886	824	886.045	6566.96
1319932686	855	868.775	6508.9
1320105486	890	879.231	6520.74
1320278286	924	914.893	6770.94
1320451086	850	911.22	6768.91
1320623886	851	921	6777.38
1320796687	832	916.811	6753.48
1320969487	914	903.744	6736.49
1321142287	857	880.846	6549.56
1321315087	911	872.013	6514.45
1321487887	838	806.61	6005.49
1321660687	812	876.716	6477.77
1321833487	896	874.234	6493.52
1322006288	886	879.865	6470.52
1322179088	885	893.465	6599.02
1322351888	916	901.051	6637.44
1322524688	849	840.577	6230.77
1322697488	913	899.987	6696.57
1322870288	868	905.292	6654.04
1323043089	912	900.388	6661.48
1323215889	778	802.682	5946.62
1323388689	893	880.05	6500.89
1323561489	906	898.641	6616.06
1323734289	870	894.252	6660.25
1323907089	908	885.426	6568.6
1324079889	864	877.713	6497.33
1324252690	792	797.395	5849.92
1324425490	904	888.582	6511.94
1324598290	815	886.89	6579.72
1324771090	809	822.124	6171.35
1324943890	801	809.336	5975.44
1325116690	862	891.702	6570.59
1325289490	865	879.172	6478.28
1325462291	56	58.6531	428.715
1325635091	832	869.424	6404.89
1325807891	879	876.234	6478.71
1325980691	890	867.023	6351.34
1326153491	550	599.431	4371.14
1326326291	483	516.685	3825.68
1326499092	593	583.435	4294.76
1326671892	497	522.866	3863.86
1326844692	520	532.178	3940.77
1327017492	501	500.242	3679.83
1327190292	710	721.332	5327.8
1327363092	678	705.952	5223.6
1327535892	107	103.328	759.78
1327708693	760	803.512	5882.69
1327881493	854	814.647	5956.3
1328054293	586	591.814	4371.73
1328227093	706	769.499	5674.61
1328399893	818	823.536	6040.17
1328572693	632	664.436	4873.56
1328745493	732	745.516	5545.71
1328918294	878	851.13	6295.71
1329091094	310	304.132	2227.59
1329263894	340	353.178	2602.99
1329436694	762	833.05	6109.81
1329609494	782	774.617	5702.72
1329782294	781	785.31	5816.94
1329955094	830	848.169	6286.22
1330127895	829	846.694	6225.53
1330300695	842	845.38	6239.94
1330473495	766	804.981	5946.94
1330646295	852	827.575	6158.66
1330819095	798	841.37	6181.74
1330991895	823	831.283	6125.92
1331164696	847	832.921	6168.16
1331337496	616	637.001	4676.63
1331510296	806	838.483	6153.73
1331683096	844	834.244	6232.12
1331855896	824	837.95	6216.18
1332028696	878	852.983	6272.74
1332201496	842	844.008	6273.52
1332374297	861	839.107	6247.67
1332547097	843	849.643	6323.3
1332719897	838	834.677	6254.91
1332892697	814	821.355	6181.18
1333065497	847	869.153	6493.99
1333238297	820	804.721	5968.56
1333411097	56	73.5956	540.198
1333583898	854	844.724	6269.65
1333756698	902	862.738	6396.38
1333929498	742	761.836	5666.04
1334102298	396	418.137	3122.77
1334275098	833	815.552	6068.44
1334447898	825	848.096	6340.51
1334620699	859	846.555	6319.82
1334793499	823	843.474	6295.34
1334966299	809	831.474	6263.89
1335139099	822	842.732	6381.05
1335311899	880	862.308	6450.68
1335484699	809	851.618	6423.32
1335657499	751	812.972	6154.67
1335830300	803	816.774	6103.95
1336003100	854	856.42	6368.02
1336175900	819	848.748	6366.94
1336348700	886	852.828	6369.94
1336521500	809	841.041	6297.41
1336694300	812	835.194	6242.29
1336867100	776	828.247	6217.03
1337039901	766	830.673	6210.04
1337212701	825	841.472	6308.64
1337385501	842	851.749	6409.49
1337558301	842	832.614	6288.75
1337731101	897	854.914	6490.58
1337903901	946	874.318	6593.81
1338076702	870	862.306	6406.08
1338249502	877	877.656	6520.93
1338422302	882	865.918	6553.54
1338595102	830	874.125	6531.47
1338767902	860	862.705	6535.06
1338940702	865	851.897	6506.85
1339113502	808	849.164	6526.88
1339286303	852	845.795	6394.38
1339459103	866	863.856	6396.27
1339631903	819	827.688	6195.41
1339804703	794	834.579	6340.32
1339977503	646	685.956	5160.47
1340150303	836	868.205	6527.28
1340323103	381	411.495	3086.01
1340495904	784	846.987	6361.33
1340668704	891	840.504	6379.51
1340841504	832	872.955	6504.11
1341014304	765	788.416	5887.12
1341187104	715	738.784	5568.75
1341359904	795	787.309	5950.97
1341532705	806	847.965	6463.71
1341705505	801	831.239	6321.47
1341878305	858	841.475	6391.32
1342051105	777	844.161	6338.34
1342223905	814	836.85	6368.45
1342396705	772	715.953	5506.43
1342569505	886	818.632	6244.91
1342742306	851	844.334	6330.13
1342915106	815	833.928	6263.96
1343087906	734	752.67	5720.78
1343260706	811	775.536	5890.11
1343433506	648	648.625	4883.36
1343606306	821	814.705	6250.55
1343779106	894	823.657	6247.16
1343951907	803	815.745	6152.33
1344124707	796	816.495	6240.95
1344297507	792	819.202	6176.44
1344470307	322	352.407	2658.93
1344643107	0	0	0
1344815907	351	364.747	2764
1344988707	849	833.596	6255.35
1345161508	840	861.778	6474.01
1345334308	855	843.549	6376.81
1345507108	850	801.791	6039.14
1345679908	835	853.419	6390.74
1345852708	811	831.031	6399.79
1346025508	825	822.55	6328.4
1346198309	867	848.248	6390.44
1346371109	862	840.052	6322.14
1346543909	837	835.58	6292.2
1346716709	869	832.789	6262.2
1346889509	746	812.993	6153.29
1347062309	493	508.562	3795.1
1347235109	217	210.255	1579.24
1347407910	857	839.256	6303.72
1347580710	846	851.067	6306.45
1347753510	808	837.352	6219.39
1347926310	788	805.659	6046.98
1348099110	822	824.3	6159.28
1348271910	754	820.438	6162.7
1348444710	750	730.666	5474.05
1348617511	608	607.783	4634.26
1348790311	759	801.888	5999.47
1348963111	765	794.406	5935.25
1349135911	819	801.619	6017.01
1349308711	850	804.335	6018.1
1349481511	833	812.446	6033.19
1349654312	741	778.515	5884.5
1349827112	743	788.594	5955.55
1349999912	784	797.868	5966.91
1350172712	773	787.035	5839.95
1350345512	752	770.498	5754.81
1350518312	834	796.446	5912.53
1350691112	743	799.499	5923.16
1350863913	759	798.029	5928.3
1351036713	757	794.426	5917.87
1351209513	749	717.199	5321.85
1351382313	804	792.832	5888.29
1351555113	714	676.672	5021.25
1351727913	715	708.559	5270.18
1351900713	857	851.701	6330.15
1352073514	851	848.268	6283.01
1352246314	884	863.467	6344.14
1352419114	801	852.051	6252.56
1352591914	812	836.395	6310.93
1352764714	811	839.976	6290.14
1352937514	803	838.242	6198.83
1353110315	723	712.466	5301.75
1353283115	854	840.764	6244.82
1353455915	784	834.119	6123.62
1353628715	788	828.896	6180.22
1353801515	812	826.753	6163.97
1353974315	818	834.614	6175.39
1354147115	578	572.267	4211.32
1354319916	676	620.744	4613.59
1354492716	659	662.526	4859.12
1354665516	848	836.317	6151.07
1354838316	738	753.929	5568.22
1355011116	785	825.827	6096.38
1355183916	632	633.384	4638.69
1355356716	596	605.22	4457.59
1355529517	803	818.279	6012.34
1355702317	817	804.093	5893.6
1355875117	766	801.419	5868.07
1356047917	760	785.79	5844.38
1356220717	785	800.807	5853.58
1356393517	763	794.504	5797.88
1356566318	740	776.744	5779.77
1356739118	830	783.756	5782.36
1356911918	770	785.473	5759.62
1357084718	778	765.403	5716.57
1357257518	758	787.745	5792.51
1357430318	764	779.148	5732.01
1357603118	793	832.055	6088.17
1357775919	885	876.66	6457.59
1357948719	871	856.834	6264.78
1358121519	509	509.222	3770.39
1358294319	841	852.05	6256.25
1358467119	721	730.235	5423.14
1358639919	603	644.46	4823.12
1358812719	808	815.255	6038.24
1358985520	845	841.21	6190.21
1359158320	862	861.827	6385.27
1359331120	752	701.861	5201.29
1359503920	857	831.929	6177.44
1359676720	764	743.801	5454.99
1359849520	792	839.826	6241.74
1360022321	546	550.884	4048.6
1360195121	367	396.119	2921.45
1360367921	545	525.272	3874.26
1360540721	431	393.126	2892.81
1360713521	410	406.432	2982.79
1360886321	609	610.516	4498.93
1361059121	834	838.711	6171.78
1361231922	831	815.63	6114.97
1361404722	759	820.35	6099.37
1361577522	807	868.099	6389.94
1361750322	847	869.867	6476.57
1361923122	880	857.61	6365.35
1362095922	822	868.511	6369.79
1362268722	836	864.367	6460.45
1362441523	855	871.897	6475.29
1362614323	894	882.727	6505.01
1362787123	822	878.322	6490.93
1362959923	825	871.655	6448.86
1363132723	807	854.612	6385.96
1363305523	741	796.549	6035.84
1363478323	712	788.543	5935.08
1363651124	822	834.92	6232.93
1363823924	866	850.796	6330.75
1363996724	903	855.378	6391.5
1364169524	821	854.912	6358.9
1364342324	853	835.345	6259.46
1364515124	814	846.759	6289.43
1364687925	832	835.241	6237.39
1364860725	581	544.395	4104.69
1365033525	492	518.963	3882.78
1365206325	801	821.039	6087.78
1365379125	759	783.723	5873.41
1365551925	827	844.32	6261.37
1365724725	850	847.253	6349.02
1365897526	827	835.779	6281.95
1366070326	872	839.919	6272.19
1366243126	801	833.482	6200.73
1366415926	825	837.244	6230.41
1366588726	794	834.269	6229.75
1366761526	838	830.807	6205.06
1366934326	753	738.181	5499.35
1367107127	747	794.988	5971.66
1367279927	800	812.739	6082.68
1367452727	756	824.743	6134.01
1367625527	852	821.414	6158.74
1367798327	748	799.301	6038.13
1367971127	867	801.42	6024.8
1368143928	836	817.485	6064.69
1368316728	794	803.455	6050.51
1368489528	767	795.082	5982.32
1368662328	740	772.212	5896.28
1368835128	786	747.234	5660.19
1369007928	721	706.557	5351.3
1369180728	790	790.022	5964.18
1369353529	740	727.785	5483.9
1369526329	868	830.792	6224.31
1369699129	801	769.207	5706.58
1369871929	758	764.048	5704.49
1370044729	792	829.448	6159.49
1370217529	796	797.745	6025.47
1370390329	856	821.227	6160.13
1370563130	836	811.409	6115.06
1370735930	685	665.346	5038.05
1370908730	847	815.738	6159.53
1371081530	818	824.09	6229.23
1371254330	799	809.306	6113.41
1371427130	740	759.414	5724.9
1371599931	718	762.473	5790.55
1371772731	744	722.177	5462.13
1371945531	766	803.249	6069.55
1372118331	835	790.285	5998.49
1372291131	882	820.575	6134.3
1372463931	769	795.198	5974.12
1372636731	765	747.25	5680.47
1372809532	871	818.588	6062.58
1372982332	787	806.767	6081.12
1373155132	779	766.094	5844.16
1373327932	536	541.015	4106.97
1373500732	439	466.112	3501.77
1373673532	711	680.094	5136.66
1373846332	803	765.729	5784.84
1374019133	828	823.884	6166.8
1374191933	703	730.447	5554.29
1374364733	700	784.404	5976.89
1374537533	782	781.906	6008.45
1374710333	893	805.849	6122.35
1374883133	795	783.671	5919.87
1375055934	832	801.513	6067.18
1375228734	824	813.916	6109.8
1375401534	754	759.814	5772.87
1375574334	855	831.648	6252.08
1375747134	764	840.164	6276.69
1375919934	821	831.588	6246.71
1376092734	808	782.435	5980.65
1376265535	779	809.027	6060.8
1376438335	730	759.16	5836.63
1376611135	841	834.429	6318.32
1376783935	912	864.961	6528.99
1376956735	834	855.927	6391.61
1377129535	688	719.37	5420.32
1377302335	399	400.539	3061.11
1377475136	2	0	0
1377647936	716	729.718	5513.83
1377820736	711	713.495	5314.25
1377993536	817	783.756	5845.07
1378166336	725	778.599	5878.19
1378339136	722	700.359	5245.71
1378511936	813	810.131	6029.03
1378684737	678	629.868	4673.25
1378857537	754	694.498	5138.73
1379030337	748	789.693	5974.18
1379203137	707	751.906	5740.5
1379375937	719	739.802	5647.53
1379548737	586	557.86	4207.22
1379721538	824	820.248	6156.22
1379894338	769	795.271	6130.42
1380067138	784	811.987	6159.44
1380239938	837	828.887	6226.85
1380412738	858	818.555	6263.4
1380585538	683	718.036	5419.14
1380758338	767	747.011	5626.05
1380931139	844	819.187	6182.01
1381103939	787	816.256	6119.37
1381276739	810	801.758	5963.82
1381449539	796	846.903	6347.45
1381622339	202	198.008	1491.3
1381795139	162	158.116	1179.31
1381967939	295	331.109	2464.18
1382140740	812	859.495	6338.35
1382313540	866	862.787	6395.94
1382486340	802	862.638	6408.23
1382659140	810	834.678	6273.01
1382831940	840	852.302	6358.25
1383004740	914	864.06	6388.2
1383177541	471	517.316	3800.64
1383350341	850	852.932	6376.35
1383523141	795	831.561	6170.82
1383695941	764	809.107	5963.91
1383868741	831	851.614	6315.88
1384041541	827	845.067	6272.93
1384214341	861	854.835	6331.68
1384387142	913	861.962	6326.98
1384559942	823	847.88	6309.75
1384732742	838	849.41	6262.97
1384905542	862	835.535	6209.32
1385078342	770	805.105	5952.48
1385251142	840	842.08	6166.72
1385423942	811	804.122	6026.87
1385596743	768	814.389	6045.23
1385769543	647	678.461	5023.61
1385942343	818	820.876	6067.18
1386115143	838	828.785	6112.86
1386287943	908	859.679	6350.3
1386460743	786	814.762	5975.02
1386633544	858	851.715	6343.28
1386806344	790	838.062	6186
1386979144	765	748.851	5485.27
1387151944	652	697.901	5153.5
1387324744	777	753.764	5542.9
1387497544	629	646.808	4776.02
1387670344	820	804.972	5929.4
1387843145	663	699.975	5138
1388015945	732	735.932	5394.33
1388188745	664	644.3	4745.27
1388361545	841	838.541	6118.12
1388534345	858	833.073	6104.62
1388707145	815	821.796	6078.31
1388879945	406	409.983	3036.95
1389052746	821	823.566	6039.93
1389225546	779	822.842	6034.28
1389398346	804	811.678	6021.62
1389571146	837	817.754	6040.07
1389743946	786	821.417	6037.26
1389916746	823	843.497	6182.86
1390089547	796	795.662	5858.09
1390262347	844	851.61	6200.27
1390435147	740	755.307	5495.77
1390607947	751	773.376	5788.97
1390780747	746	789.757	5817.42
1390953547	803	783.16	5802.88
1391126347	829	831.517	6098.47
1391299148	820	825.986	6056.57
1391471948	745	819.033	6001.2
1391644748	635	654.555	4804.94
1391817548	811	824.47	6037.71
1391990348	712	746.217	5506.68
1392163148	763	797.99	5888.7
1392335948	674	678.167	5106.39
1392508749	318	334.77	2509.99
1392681549	540	542.524	4030.5
1392854349	593	617.991	4575.63
1393027149	693	709.249	5279.57
1393199949	768	784.729	5822.44
1393372749	711	720.64	5440.79
1393545550	731	684.878	5083.59
1393718350	714	695.273	5209.23
1393891150	794	785.772	5842.42
1394063950	738	785.107	5855.8
1394236750	809	787.625	5842.82
1394409550	693	759.284	5617.7
1394582350	730	757.451	5613.1
1394755151	798	789.15	5855
1394927951	762	792.404	5822.8
1395100751	727	765.391	5720.44
1395273551	872	820.958	6081.42
1395446351	821	827.736	6215.11
1395619151	886	843.155	6279.42
1395791951	860	841.838	6335.87
1395964752	793	814.722	6034.75
1396137552	784	806.661	5916.28
1396310352	843	830.31	6237.01
1396483152	796	815.043	6097.53
1396655952	832	853.554	6340.1
1396828752	701	728.95	5401.01
1397001552	681	727.408	5400.1
1397174353	854	864.289	6467.23
1397347153	869	861.982	6524.27
1397519953	503	497.723	3741.81
1397692753	554	548.336	4123.32
1397865553	834	836.135	6298.65
1398038353	858	837.854	6317.05
1398211154	565	596.851	4482.44
1398383954	787	809.946	6061.92
1398556754	933	850.583	6334.28
1398729554	809	852.031	6431.68
1398902354	791	859.222	6375.07
1399075154	823	855.17	6362.06
1399247954	878	855.946	6398.03
1399420755	856	830.705	6234.84
1399593555	816	852.036	6393.51
1399766355	839	821.812	6159.02
1399939155	848	829.209	6210.53
1400111955	849	840.047	6278.16
1400284755	765	739.023	5570.05
1400457555	836	840.692	6350.64
1400630356	821	834.533	6251.71
1400803156	810	826.351	6324.75
1400975956	836	806.771	6110.29
1401148756	825	807.466	6116.21
1401321556	843	842.566	6251.75
1401494356	904	869.704	6564.86
1401667157	882	881.561	6599.14
1401839957	867	904.257	6652.91
1402012757	853	886.017	6632.45
1402185557	883	887.093	6622.59
1402358357	908	880.331	6597.77
1402531157	839	871.2	6446.12
1402703957	861	845.969	6453.68
1402876758	909	858.648	6505.52
1403049558	852	848.862	6505.88
1403222358	936	846.88	6432.45
1403395158	916	848.524	6346.29
1403567958	843	827.168	6261.89
1403740758	857	850.814	6475.12
1403913558	856	849.957	6552.11
1404086359	862	853.655	6473.5
1404259159	834	855.364	6407.61
1404431959	836	855.31	6441.53
1404604759	818	841.566	6400.02
1404777559	880	838.244	6396.38
1404950359	827	834.926	6372.21
1405123160	846	834.566	6305.35
1405295960	889	846.927	6362.01
1405468760	776	816.167	6142.77
1405641560	891	819.542	6264.59
1405814360	803	751.495	5661.78
1405987160	789	775.587	5837.2
1406159960	814	779.453	5984.47
1406332761	758	816.406	6200.54
1406505561	790	811.011	6114.27
1406678361	746	811.622	6084.86
1406851161	810	829.64	6165.81
1407023961	763	839.844	6227.99
1407196761	855	832.004	6278.02
1407369561	794	819.243	6221.41
1407542362	863	825.198	6247.65
1407715162	793	830.328	6252.98
1407887962	822	820.806	6310.64
1408060762	871	845.197	6395.43
1408233562	840	839.254	6326.98
1408406362	883	840.218	6275.15
1408579163	884	849.031	6317.53
1408751963	803	795.747	5919.21
1408924763	850	846.471	6383.6
1409097563	818	842.312	6395.24
1409270363	882	860.21	6457.09
1409443163	873	870.277	6503.32
1409615963	891	881.258	6557.49
1409788764	825	843.971	6284.75
1409961564	864	860.671	6459.22
1410134364	906	877.26	6536.91
1410307164	875	854.568	6402.19
1410479964	837	879.02	6600.22
1410652764	873	846.346	6372.81
1410825564	896	860.499	6452.53
1410998365	761	836.163	6246.07
1411171165	862	873.447	6563.86
1411343965	932	894.217	6652.83
1411516765	836	863.521	6458.57
1411689565	856	884.198	6627.1
1411862365	918	895.587	6635.58
1412035165	869	870.459	6498.66
1412207966	853	877.38	6587.94
1412380766	780	869.714	6463.07
1412553566	804	771.823	5767.33
1412726366	954	906.72	6713.81
1412899166	879	897.862	6741.56
1413071966	442	445.264	3345.81
1413244767	449	426.009	3170.59
1413417567	888	915.014	6781.08
1413590367	934	916.621	6784.01
1413763167	873	887.863	6644.48
1413935967	885	914.763	6775.02
1414108767	898	912.168	6767.11
1414281567	894	917.647	6741.12
1414454368	883	924.028	6814.99
1414627168	952	925.539	6829.67
1414799968	848	901.053	6795.89
1414972768	873	886.103	6678.78
1415145568	903	911.853	6787.54
1415318368	916	881.047	6533.19
1415491168	871	882.644	6554.01
1415663969	930	907.917	6707.21
1415836769	827	845.492	6326.47
1416009569	944	917.045	6787.17
1416182369	974	915.75	6761.94
1416355169	812	854.901	6280.22
1416527969	782	775.764	5785.88
1416700770	838	894.587	6605.42
1416873570	800	831.585	6167.09
1417046370	895	875.915	6492.21
1417219170	912	889.241	6563.27
1417391970	693	722.788	5460.07
1417564770	825	883.843	6539.19
1417737570	894	886.736	6491.65
1417910371	842	886.55	6535.4
1418083171	889	879.159	6441.43
1418255971	819	813.25	6025.75
1418428771	754	775.708	5757.6
1418601571	751	763.337	5645.91
1418774371	722	747.833	5574.16
1418947171	795	851.193	6254.72
1419119972	847	863.283	6401.83
1419292772	706	724.933	5426.47
1419465572	791	744.628	5475.78
1419638372	841	799.836	5895.1
1419811172	804	827.535	6076.79
1419983972	740	778.935	5712.73
1420156773	798	854.032	6337.67
1420329573	874	851.83	6294.27
1420502373	898	847.425	6209.36
1420675173	869	870.509	6412.53
1420847973	887	871.735	6413.93
1421020773	705	686.722	5066.71
1421193573	703	777.123	5721.02
1421366374	800	831.727	6142.06
1421539174	0	0	0
1421711974	0	0	0
1421884774	0	0	0
1422057574	0	0	0
1422230374	0	0	0
1422403174	0	0	0
1422575975	0	0	0
1422748775	0	0	0
1422921575	0	0	0
1423094375	0	0	0
1423267175	0	0	0
1423439975	0	0	0
1423612776	0	0	0
1423785576	0	0	0
1423958376	367	372.41	2756.72
1424131176	786	765.865	5650.86
1424303976	835	828.954	6148.67
1424476776	774	793.847	5938.45
1424649576	782	812.669	6030.25
1424822377	719	738.021	5493.63
1424995177	757	727.335	5442.01
1425167977	792	790.514	5866.85
1425340777	696	678.077	5024.07
1425513577	9	14.8228	110.014
1425686377	0	0	0
1425859177	0	0	0
1426031978	224	208.721	1528.28
1426204778	694	674.762	4951.85
1426377578	777	785.572	5848.88
1426550378	725	770.632	5697.47
1426723178	644	676.88	4988.11
1426895978	464	467.509	3507.2
1427068778	205	224.484	1681.85
1427241579	622	658.381	4961.71
1427414379	694	697.011	5238.56
1427587179	748	760.993	5672.36
1427759979	769	773.291	5788.78
1427932779	753	777.021	5760.81
1428105579	784	780.054	5778.1
1428278380	766	771.785	5772.02
1428451180	767	781.656	5798.26
1428623980	764	764.504	5699.32
1428796780	820	768.015	5705.09
1428969580	699	732.038	5428.13
1429142380	735	754.043	5614.39
1429315180	728	726.987	5424.37
1429487981	803	777.376	5780.34
1429660781	814	808.145	6094.82
1429833581	850	831.59	6246.24
1430006381	885	838.044	6267.99
1430179181	820	842.409	6308.58
1430351981	773	817.382	6114
1430524781	869	868.406	6446.04
1430697582	861	839.852	6314.39
1430870382	809	843.753	6406.8
1431043182	887	865.015	6510.6
1431215982	855	864.958	6513.57
1431388782	878	853.581	6415.09
1431561582	843	864.927	6483.91
1431734383	889	844.299	6310.27
1431907183	855	811.548	6079.35
1432079983	857	824.281	6166.62
1432252783	798	852.665	6356.9
1432425583	837	845.975	6402.54
1432598383	873	834.183	6338.3
1432771183	872	839.667	6353.8
1432943984	861	854.994	6404.67
1433116784	844	841.318	6328.88
1433289584	787	788.532	5861.25
1433462384	926	854.477	6343.19
1433635184	849	862.786	6428.15
1433807984	934	858.214	6445.76
1433980784	878	835.52	6329.37
1434153585	569	574.306	4338.31
1434326385	138	144.668	1088.66
1434499185	781	829.491	6254.23
1434671985	675	637.371	4861.45
1434844785	921	859.796	6476.82
1435017585	858	841.928	6463.92
1435190386	914	837.629	6363.57
1435363186	815	818.988	6229.26
1435535986	872	840.994	6352.07
1435708786	834	846.59	6380.92
1435881586	810	845.494	6424.9
1436054386	885	844.016	6375.24
1436227186	842	841.031	6349.11
1436399987	742	766.845	5720.71
1436572787	812	847.079	6370.33
1436745587	793	822.505	6124.51
1436918387	808	827.778	6276.97
1437091187	807	842.666	6367.68
1437263987	822	828.008	6237.77
1437436787	810	826.095	6324
1437609588	859	824.605	6282.44
1437782388	844	830.239	6276.64
1437955188	773	752.959	5563.69
1438127988	865	833.755	6280.44
1438300788	828	832.362	6242.89
1438473588	728	801.221	5969.81
1438646389	783	810.595	6094.26
1438819189	808	828.698	6111.08
1438991989	708	682.269	5098.59
1439164789	341	321.394	2412.08
1439337589	171	184.715	1410.93
1439510389	610	616.556	4700.2
1439683189	694	749.712	5665.28
1439855990	702	730.14	5500.79
1440028790	795	793.421	5974.12
1440201590	785	810.305	6029.55
1440374390	741	795.917	5991.64
1440547190	760	803.94	5975.8
1440719990	818	789.411	5881.13
1440892790	623	618.018	4581.21
1441065591	542	577.451	4371.93
1441238391	747	773.698	5869.85
1441411191	715	706.336	5345.25
1441583991	430	412.133	3049.33
1441756791	247	257.771	1930.17
1441929591	767	790.086	5968.71
1442102392	799	793.057	5983.53
1442275192	775	804.015	5970.94
1442447992	781	794.777	5944.68
1442620792	798	792.582	5958.8
1442793592	673	664.688	4950.82
1442966392	441	456.218	3409.24
1443139192	696	693.825	5216.58
1443311993	849	817.578	6127.67
1443484793	783	825.025	6130.87
1443657593	788	785.11	5826.68
1443830393	577	542.708	4114.51
1444003193	368	344.788	2578.66
1444175993	569	564.986	4240.79
1444348793	718	737.981	5618.28
1444521594	578	602.758	4628.27
1444694394	625	667.216	4994.07
1444867194	759	763.66	5679.09
1445039994	775	840.986	6363.2
1445212794	810	857.879	6377.44
1445385594	782	781.133	5829.09
1445558394	801	857.578	6476.62
1445731195	790	776.904	5849.03
1445903995	764	817.327	6102.4
1446076795	874	836.487	6219.39
1446249595	697	718.343	5406.94
1446422395	664	659.824	4936.15
1446595195	641	627.964	4738.42
1446767996	853	830.531	6240.62
1446940796	808	778.643	5767.11
1447113596	767	791.79	5899.88
1447286396	867	831.517	6179.48
1447459196	872	853.459	6317.9
1447631996	855	837.863	6155.66
1447804796	749	806.422	5956.65
1447977597	822	842.584	6279.31
1448150397	845	853.415	6321.41
1448323197	783	783.03	5780.55
1448495997	755	728.082	5384.85
1448668797	676	735.713	5490.28
1448841597	725	708.54	5276.78
1449014397	644	646.594	4808.7
1449187198	750	801.504	5951.6
1449359998	757	747.508	5573.77
1449532798	724	731.871	5388.14
1449705598	773	816.559	6036.03
1449878398	668	733.097	5373.79
1450051198	793	806.267	5924.82
1450223999	606	596.388	4390.59
1450396799	826	831.31	6154.59
1450569599	809	819.538	6073.74
1450742399	810	777.726	5702.17
1450915199	787	797.871	5868.86
1451087999	748	760.215	5583.19
1451260799	768	783.118	5718.02
