1104623721	36	30.9522	1020.44
1104796565	21	30.6538	1008.09
1104969409	32	39.3637	1294.62
1105142253	45	42.5315	1399.25
1105315097	28	32.4081	1066.41
1105487941	43	47.3369	1557.28
1105660785	40	43.6099	1435.15
1105833629	43	44.6069	1465.62
1106006473	33	33.9039	1119.22
1106179317	46	54.1671	1784.01
1106352161	52	56.8389	1869.55
1106525005	56	58.1912	1915.84
1106697849	51	51.1961	1686.65
1106870692	53	56.4386	1856.89
1107043536	50	56.0948	1845.52
1107216380	44	55.1144	1820.84
1107389224	45	54.8036	1807.21
1107562068	31	29.1956	960.646
1107734912	33	38.0197	1249.8
1107907756	37	42.4517	1397.99
1108080600	54	53.402	1762.25
1108253444	32	38.2341	1258.53
1108426288	35	54.4184	1792.72
1108599132	53	56.8636	1861.63
1108771976	36	45.7186	1514.84
1108944820	38	48.6574	1601.9
1109117663	45	43.586	1433.82
1109290507	11	9.96096	328.578
1109463351	22	26.2489	852.253
1109636195	42	39.2846	1296.1
1109809039	41	41.1024	1366.76
1109981883	42	49.0146	1614.07
1110154727	20	19.5734	644.315
1110327571	38	47.0581	1552.25
1110500415	50	50.298	1614.59
1110673259	59	55.8535	1842.17
1110846103	41	42.2007	1411.16
1111018947	46	44.3941	1438.7
1111191791	38	42.9522	1414.45
1111364634	46	50.9997	1702.1
1111537478	60	56.9334	1855.12
1111710322	38	51.1598	1706.05
1111883166	4	6.30795	207.608
1112056010	0	0	0
1112228854	0	0	0
1112401698	0	0	0
1112574542	0	0	0
1112747386	0	0	0
1112920230	28	34.6196	1139.03
1113093074	1	3.21029	105.441
1113265918	19	24.1508	779.605
1113438762	61	60.8738	2006.78
1113611605	50	54.1671	1802.43
1113784449	32	40.9388	1330.11
1113957293	64	59.0336	1946.27
1114130137	8	9.19679	318.961
1114302981	0	0	0
1114475825	0	0	0
1114648669	0	0	0
1114821513	0	0	0
1114994357	0	1.41015	32.1649
1115167201	57	52.1207	1714.49
1115340045	45	64.4291	2127.79
1115512889	70	65.7615	2169.68
1115685733	60	65.2916	2149.12
1115858576	50	55.0003	1809.46
1116031420	54	59.3761	1964.19
1116204264	51	51.0193	1672.6
1116377108	55	61.354	2018.22
1116549952	40	51.4178	1694.55
1116722796	34	33.3284	1098.78
1116895640	38	48.797	1604.15
1117068484	60	58.0787	1913.02
1117241328	55	56.9639	1873.76
1117414172	44	54.4999	1796.72
1117587016	29	43.5676	1434.91
1117759860	67	69.18	2277.51
1117932704	39	55.5098	1831.23
1118105547	66	66.9342	2202.82
1118278391	62	72.8414	2400.8
1118451235	40	38.7446	1279
1118624079	38	33.0519	1087.28
1118796923	65	72.7462	2399.59
1118969767	44	51.6808	1704.73
1119142611	69	72.6256	2394.66
1119315455	47	65.0817	2147.64
1119488299	57	73.6337	2429.72
1119661143	69	77.7527	2564.59
1119833987	16	16.7255	553.78
1120006831	40	51.4025	1693.01
1120179675	22	33.904	1113.11
1120352518	0	0	0
1120525362	18	18.5973	619.99
1120698206	34	29.2405	962.71
1120871050	0	0	0
1121043894	0	0	0
1121216738	23	28.6388	942.2
1121389582	55	57.2687	1899.55
1121562426	73	76.1248	2512.57
1121735270	77	75.7947	2501.99
1121908114	68	63.468	2093.19
1122080958	70	73.577	2433.43
1122253802	23	28.8589	955.482
1122426646	58	63.1051	2081.11
1122599489	73	75.2618	2476.5
1122772333	41	49.886	1628.39
1122945177	22	20.4177	685.24
1123118021	67	74.7047	2459.55
1123290865	51	64.7285	2137.08
1123463709	52	70.0246	2318.6
1123636553	71	73.8949	2439.88
1123809397	76	72.6579	2393.5
1123982241	65	74.4656	2452.31
1124155085	57	74.7009	2461.16
1124327929	49	41.3836	1364.79
1124500773	62	70.6794	2330.01
1124673617	52	72.89	2398.73
1124846460	57	75.9295	2456.94
1125019304	64	74.3639	2447.05
1125192148	67	74.8682	2461.62
1125364992	53	68.5814	2259.98
1125537836	69	72.7813	2406.78
1125710680	58	72.3235	2385.51
1125883524	50	70.9032	2340.16
1126056368	50	49.2616	1623.28
1126229212	32	36.4827	1227.99
1126402056	58	69.0236	2257.82
1126574900	76	67.5599	2234.33
1126747744	73	68.0243	2248.26
1126920588	64	71.8435	2392.35
1127093431	44	49.5107	1609.18
1127266275	57	66.4552	2189.11
1127439119	74	74.1025	2438.53
1127611963	71	76.9642	2540.4
1127784807	73	76.2402	2512.7
1127957651	60	78.8743	2598.34
1128130495	66	78.2686	2579.77
1128303339	75	76.4675	2518.73
1128476183	81	72.6817	2396.97
1128649027	70	79.2935	2614.73
1128821871	77	78.3986	2587.71
1128994715	68	77.692	2557.4
1129167559	61	77.1437	2540.37
1129340402	61	77.4135	2551.18
1129513246	35	41.4925	1368.36
1129686090	77	74.3895	2451.61
1129858934	59	76.1311	2505.1
1130031778	66	75.1401	2475.76
1130204622	65	74.2925	2447.24
1130377466	72	76.2309	2511.12
1130550310	61	77.9189	2570.33
1130723154	66	77.9224	2570.11
1130895998	64	77.6478	2557.16
1131068842	68	78.9982	2602.57
1131241686	71	78.9289	2602.07
1131414530	85	78.3132	2580.78
1131587373	60	72.4695	2386.23
1131760217	77	78.481	2582.71
1131933061	71	76.781	2526.12
1132105905	71	77.9786	2566.34
1132278749	54	69.6563	2291.69
1132451593	56	62.3272	2052.12
1132624437	80	73.2737	2407.15
1132797281	85	80.139	2636.47
1132970125	73	79.7484	2623.92
1133142969	86	80.2985	2639.42
1133315813	75	81.3194	2678.53
1133488657	79	84.2455	2773.8
1133661501	68	72.7262	2390.98
1133834344	74	82.6656	2721.78
1134007188	71	84.6355	2783.46
1134180032	81	84.9625	2799.97
1134352876	57	63.8275	2099
1134525720	57	67.7974	2225.82
1134698564	74	82.8393	2729.77
1134871408	85	86.3986	2842.78
1135044252	80	87.5527	2882.43
1135217096	85	91.636	3015.01
1135389940	93	88.9358	2930.05
1135562784	101	88.611	2915.6
1135735628	73	77.64	2555.23
1135908472	90	87.5377	2880.36
1136081315	23	37.0452	1208.91
1136254159	61	53.722	1779.36
1136427003	60	70.8224	2330.35
1136599847	67	76.6888	2515.31
1136772691	49	49.3134	1620.58
1136945535	43	53.9746	1775.95
1137118379	45	53.8376	1773.17
1137291223	42	47.176	1550.94
1137464067	47	54.8037	1807.8
1137636911	63	55.7656	1833.79
1137809755	48	56.4076	1857.74
1137982599	45	53.8267	1771.03
1138155443	47	59.407	1963.35
1138328286	93	89.9709	2960.9
1138501130	71	88.987	2927.87
1138673974	74	87.6732	2884.3
1138846818	81	85.8769	2824.88
1139019662	82	84.2507	2771.95
1139192506	75	79.9473	2572.31
1139365350	73	83.5268	2748.5
1139538194	87	86.1469	2841.45
1139711038	70	61.5159	2028.42
1139883882	64	72.3119	2381.76
1140056726	80	80.3527	2644.31
1140229570	80	85.6481	2818.12
1140402414	86	79.1064	2604.32
1140575257	66	78.8417	2592.02
1140748101	89	85.9586	2833.72
1140920945	82	76.2445	2537.74
1141093789	9	6.60927	217.029
1141266633	5	6.68592	220.122
1141439477	70	69.1899	2253.28
1141612321	83	89.469	2944.55
1141785165	28	34.6321	1140.78
1141958009	67	66.0065	2198.25
1142130853	51	54.4052	1765.42
1142303697	69	79.3826	2612.92
1142476541	82	83.5761	2751.18
1142649385	98	82.7321	2726.79
1142822228	112	82.7467	2724.41
1142995072	66	82.9706	2731.7
1143167916	74	82.7133	2724.44
1143340760	82	82.6098	2724.73
1143513604	82	82.9744	2736.74
1143686448	81	84.9033	2795.29
1143859292	77	87.1726	2873.33
1144032136	77	86.1434	2837.91
1144204980	76	83.8136	2762.14
1144377824	77	84.1216	2772.11
1144550668	101	82.7774	2730.14
1144723512	70	83.2739	2740.06
1144896356	63	83.7147	2754.72
1145069199	66	83.5727	2758.82
1145242043	80	82.3253	2719.98
1145414887	81	81.0494	2663.31
1145587731	80	81.4597	2684.15
1145760575	87	80.0725	2637.34
1145933419	79	80.975	2668.45
1146106263	68	67.4751	2224.63
1146279107	70	73.1877	2413.17
1146451951	45	58.4254	1935.91
1146624795	90	74.3707	2450.19
1146797639	91	87.454	2884.93
1146970483	77	86.9213	2872
1147143327	90	85.419	2820.84
1147316170	70	85.0775	2808.47
1147489014	88	86.2231	2845.16
1147661858	102	85.7876	2825.25
1147834702	75	84.3842	2780.68
1148007546	96	84.1265	2778.32
1148180390	84	82.8382	2734.69
1148353234	64	82.9115	2737.3
1148526078	67	83.657	2754.63
1148698922	77	83.1315	2739.85
1148871766	96	82.0934	2706.28
1149044610	63	77.966	2569.33
1149217454	78	74.9143	2470.29
1149390298	54	63.0865	2081.5
1149563141	88	79.3866	2612.92
1149735985	69	82.89	2725.34
1149908829	68	84.0548	2774.76
1150081673	74	70.8255	2333.73
1150254517	80	81.9936	2703.09
1150427361	66	71.3164	2344.77
1150600205	99	83.2285	2751.76
1150773049	85	74.6824	2458.07
1150945893	86	85.7437	2829.14
1151118737	93	85.2521	2809.59
1151291581	77	75.0594	2476.34
1151464425	76	80.1466	2645.52
1151637269	89	81.9051	2700.65
1151810112	74	79.5814	2625.12
1151982956	67	81.5356	2690.65
1152155800	85	75.1909	2477.48
1152328644	80	81.3346	2676.56
1152501488	80	80.6937	2655.07
1152674332	66	68.5162	2252.06
1152847176	66	78.6822	2599.57
1153020020	66	74.0661	2443.18
1153192864	85	77.26	2547.08
1153365708	91	77.2873	2545.6
1153538552	70	79.1809	2552.87
1153711396	69	76.9927	2540.1
1153884240	80	77.5558	2544.66
1154057083	62	80.8083	2665.63
1154229927	85	81.8942	2708.37
1154402771	85	82.0373	2709
1154575615	65	79.7972	2631.49
1154748459	70	83.0514	2737.5
1154921303	66	82.1064	2702.82
1155094147	66	82.2552	2707.6
1155266991	85	84.0153	2763.64
1155439835	77	81.5702	2685.3
1155612679	65	80.0491	2639.63
1155785523	69	82.5923	2726.96
1155958367	75	84.801	2798.05
1156131211	92	85.4175	2821.3
1156304054	49	42.6464	1405.72
1156476898	93	88.9462	2927.72
1156649742	74	90.3706	2981.07
1156822586	83	88.2796	2913.03
1156995430	77	89.6357	2950.22
1157168274	62	84.2375	2800.99
1157341118	49	53.4181	1758.53
1157513962	80	89.5986	2940.5
1157686806	95	90.5187	2999.7
1157859650	82	93.9153	3073.43
1158032494	89	92.8437	3061.87
1158205338	81	91.9901	3032.16
1158378182	112	92.2337	3043.05
1158551025	93	90.2291	2974.57
1158723869	84	85.8963	2832.36
1158896713	86	91.7628	3020.22
1159069557	90	91.5437	3019.72
1159242401	75	91.689	3017.97
1159415245	98	91.6279	3024.96
1159588089	99	90.3068	2974.29
1159760933	82	92.1428	3034.96
1159933777	91	87.2553	2872.09
1160106621	102	90.5501	2984.31
1160279465	90	88.8042	2925.9
1160452309	78	85.222	2807.47
1160625153	74	80.7925	2659.27
1160797996	83	86.3718	2841.99
1160970840	79	88.4	2913.31
1161143684	54	58.8513	1941.2
1161316528	55	57.9077	1909.08
1161489372	76	83.8459	2761.16
1161662216	87	84.6449	2783.78
1161835060	85	85.9571	2833.69
1162007904	88	86.7676	2855.3
1162180748	99	85.3924	2811.87
1162353592	81	83.3807	2747.54
1162526436	71	84.6247	2787.7
1162699280	77	86.0603	2830.22
1162872124	78	86.3667	2847.63
1163044967	83	87.5156	2885.84
1163217811	88	82.1753	2705.96
1163390655	92	86.2507	2835.86
1163563499	99	86.1249	2830.38
1163736343	81	85.3963	2813.21
1163909187	64	76.4662	2522.27
1164082031	102	83.5079	2748.46
1164254875	70	84.1338	2767.6
1164427719	85	84.2225	2769.91
1164600563	83	82.7252	2727.31
1164773407	90	86.726	2855.65
1164946251	73	86.6986	2847.44
1165119095	75	76.3705	2514.85
1165291938	68	75.9981	2501.56
1165464782	65	75.2174	2475.14
1165637626	68	79.5674	2619.24
1165810470	76	79.217	2607.81
1165983314	92	82.2833	2709.36
1166156158	106	91.6023	3013.76
1166329002	78	93.6034	3076.49
1166501846	85	94.2442	3096.69
1166674690	108	100.059	3290.88
1166847534	89	107.197	3522.28
1167020378	88	107.219	3525.08
1167193222	103	107.171	3521.17
1167366066	82	98.5085	3207.96
1167538909	4	4.07014	133.812
1167711753	0	0	0
1167884597	0	0	0
1168057441	0	0	0
1168230285	0	0	0
1168403129	26	29.4261	934.675
1168575973	90	98.5254	3244.09
1168748817	88	98.1551	3231.75
1168921661	101	82.521	2716.29
1169094505	61	74.5239	2450.65
1169267349	77	82.8635	2724.73
1169440193	99	102.919	3384.18
1169613037	78	96.0608	3159.44
1169785880	100	102.547	3373.78
1169958724	91	101.111	3329.66
1170131568	102	101.462	3342.02
1170304412	91	98.5273	3244.39
1170477256	102	103.978	3420.06
1170650100	118	104.407	3434.79
1170822944	101	106.913	3518.85
1170995788	91	107.607	3547.22
1171168632	103	100.811	3325.45
1171341476	98	101.062	3323.79
1171514320	88	98.0257	3220.94
1171687164	108	99.3051	3270.77
1171860008	99	98.1045	3231.53
1172032851	78	99.2597	3271.05
1172205695	98	100.655	3313.8
1172378539	111	101.653	3343.8
1172551383	103	100.96	3321.38
1172724227	110	104.213	3426.68
1172897071	80	83.3895	2748.57
1173069915	103	106.684	3512.55
1173242759	94	108.78	3581.89
1173415603	94	106.087	3491.31
1173588447	130	108.73	3580.26
1173761291	113	108.186	3560.97
1173934135	96	109.339	3602.35
1174106979	87	106.114	3499.61
1174279822	78	99.7791	3287.06
1174452666	90	98.7523	3255.42
1174625510	102	96.0657	3159.84
1174798354	100	100.577	3311.68
1174971198	84	99.0678	3263.6
1175144042	101	102.42	3374.57
1175316886	79	90.6116	2990.84
1175489730	108	99.7088	3284.42
1175662574	108	100.706	3320.62
1175835418	79	100.716	3321.23
1176008262	111	101.942	3361.93
1176181106	98	102.682	3380.48
1176353950	99	105.783	3485.77
1176526793	90	106.796	3512.65
1176699637	106	105.536	3473.53
1176872481	109	109.483	3601.69
1177045325	104	111.719	3682.7
1177218169	116	112.127	3695.42
1177391013	127	108.533	3576.83
1177563857	97	111.318	3673.24
1177736701	123	113.349	3739.99
1177909545	106	113.073	3722.73
1178082389	120	113.199	3730.46
1178255233	118	113.9	3749.77
1178428077	106	113.365	3738.31
1178600920	95	110.611	3656.11
1178773764	94	113.73	3754.27
1178946608	127	115.453	3812.7
1179119452	115	115.51	3810.14
1179292296	107	115.854	3819.49
1179465140	105	122.094	4031.97
1179637984	136	124.598	4105.24
1179810828	131	133.895	4419.36
1179983672	148	136.317	4501.71
1180156516	150	136.787	4510.8
1180329360	128	134.862	4458.1
1180502204	130	133.9	4419.23
1180675048	37	38.4185	1266.75
1180847891	106	106.142	3473.43
1181020735	83	78.1106	2607.33
1181193579	133	135.7	4474.31
1181366423	139	134.986	4445.15
1181539267	129	132.792	4372.51
1181712111	107	131.026	4305.78
1181884955	114	118.341	3914.24
1182057799	115	134.835	4446.23
1182230643	141	131.261	4323.65
1182403487	136	137.875	4445.99
1182576331	147	140.643	4633.14
1182749175	135	139.604	4609.16
1182922019	150	140.76	4646.31
1183094862	155	144.232	4762.31
1183267706	143	144.858	4781.33
1183440550	160	145.465	4794.28
1183613394	139	142.09	4681.97
1183786238	146	139.194	4577.41
1183959082	135	143.053	4732.55
1184131926	150	139.199	4598.12
1184304770	140	141.392	4658.8
1184477614	133	141.87	4679.77
1184650458	135	139.577	4639.09
1184823302	115	125.749	4100.37
1184996146	143	142.738	4701.88
1185168990	134	137.619	4533.75
1185341833	137	133.218	4397.11
1185514677	140	140.735	4648.98
1185687521	138	142.089	4694.16
1185860365	141	143.072	4717.94
1186033209	100	123.023	4076.34
1186206053	125	134.899	4459.29
1186378897	110	125.944	4145.82
1186551741	129	141.551	4659.42
1186724585	142	143.386	4735.42
1186897429	151	141.959	4675.13
1187070273	122	137.14	4509.93
1187243117	76	77.8009	2589.04
1187415961	110	116.183	3827.1
1187588804	115	125.783	4157.69
1187761648	133	139.719	4606.45
1187934492	133	142.263	4692.28
1188107336	132	140.515	4640.27
1188280180	154	138.79	4581.4
1188453024	162	139.319	4605.04
1188625868	140	140.782	4644.15
1188798712	162	139.84	4601.65
1188971556	144	139.756	4606.31
1189144400	152	143.197	4717.26
1189317244	137	144.183	4741.64
1189490088	152	134.024	4418.56
1189662932	136	142.996	4712.19
1189835775	151	143.031	4725.12
1190008619	141	138.383	4564.47
1190181463	128	144.094	4747.7
1190354307	121	145.269	4789.59
1190527151	129	132.793	4385.52
1190699995	100	122.148	4035.06
1190872839	112	125.226	4129.01
1191045683	158	149.765	4936.2
1191218527	132	147.707	4861.42
1191391371	144	147.457	4856.01
1191564215	159	146.709	4829.6
1191737059	131	146.711	4837.58
1191909903	150	146.407	4819.52
1192082746	127	146.361	4827.03
1192255590	140	145.155	4781.9
1192428434	82	95.711	3148.95
1192601278	116	108.157	3571.26
1192774122	147	144.167	4748.75
1192946966	1	5.0208	157.062
1193119810	0	0	0
1193292654	0	0	0
1193465498	0	0	0
1193638342	0	0	0
1193811186	0	0	0
1193984030	0	0	0
1194156874	0	0	0
1194329717	0	0	0
1194502561	0	0	0
1194675405	0	0	0
1194848249	0	0	0
1195021093	38	36.9034	1244.84
1195193937	3	5.22024	146.696
1195366781	0	0	0
1195539625	0	0	0
1195712469	125	122.161	4055.05
1195885313	27	36.8685	1182.62
1196058157	45	47.7253	1602.77
1196231001	120	124.629	4101.78
1196403845	138	147.31	4845.43
1196576688	121	131.335	4315.18
1196749532	127	133.986	4325.65
1196922376	88	103.336	3457.4
1197095220	0	0.71185	27.343
1197268064	136	125.218	4068.06
1197440908	136	143.54	4714.52
1197613752	134	145.585	4791.42
1197786596	132	144.969	4776.76
1197959440	154	144.286	4751.22
1198132284	139	143.508	4721.6
1198305128	56	54.5923	1797.11
1198477972	127	136.611	4548.31
1198650816	80	86.8909	2838.12
1198823659	62	67.2398	2212.13
1198996503	65	57.4251	1908.22
1199169347	0	0	0
1199342191	109	103.543	3409.37
1199515035	103	114.379	3727.73
1199687879	129	134.922	4437.66
1199860723	147	136.349	4480.55
1200033567	149	134.18	4431.92
1200206411	153	135.84	4452.75
1200379255	114	137.612	4527.43
1200552099	132	141.657	4656.94
1200724943	159	147.092	4843.01
1200897787	128	145.708	4796.66
1201070630	122	123.565	4072.8
1201243474	153	137.622	4534.33
1201416318	108	103.542	3415.04
1201589162	88	124.294	4099.77
1201762006	107	130.849	4303.86
1201934850	119	116.988	3876.86
1202107694	121	114.582	3750.38
1202280538	101	101.434	3351.06
1202453382	84	91.0108	2989.19
1202626226	124	123.423	4068.15
1202799070	131	125.021	4116.93
1202971914	137	134.302	4417.47
1203144758	133	135.475	4458.18
1203317601	115	122.387	4030.99
1203490445	102	129.388	4263.68
1203663289	120	129.542	4266.04
1203836133	113	132.28	4360.69
1204008977	119	125.157	4123.65
1204181821	130	119.796	3944.67
1204354665	121	131.736	4336.03
1204527509	107	121.326	3998.05
1204700353	136	129.952	4287.67
1204873197	103	120.421	3962.06
1205046041	130	129.653	4273.56
1205218885	125	129.645	4274.46
1205391729	147	133.922	4416.95
1205564572	116	111.041	3655.94
1205737416	129	128.026	4219.71
1205910260	154	133.471	4393.4
1206083104	127	132.284	4359.06
1206255948	124	131.621	4340.22
1206428792	137	130.752	4304.77
1206601636	139	132.992	4382.2
1206774480	136	132.774	4378.36
1206947324	155	134.706	4437.74
1207120168	127	136.25	4493.39
1207293012	129	138.39	4562.41
1207465856	142	139.085	4576.11
1207638700	112	119.23	3925.59
1207811543	144	138.219	4545.61
1207984387	131	140.806	4634.11
1208157231	120	124.629	4112.82
1208330075	135	141.575	4665.37
1208502919	121	141.367	4660.84
1208675763	165	148.486	4890.87
1208848607	129	146.929	4839.92
1209021451	152	147.454	4855.74
1209194295	143	145.279	4780.11
1209367139	131	143.319	4718.87
1209539983	162	141.495	4670.33
1209712827	111	131.139	4299.62
1209885671	94	120.965	4022.03
1210058514	151	139.193	4588.19
1210231358	132	139.79	4612.22
1210404202	142	140.04	4620.62
1210577046	57	84.9707	2772.86
1210749890	126	129.586	4306.07
1210922734	169	147.851	4870.15
1211095578	142	150.976	4864.97
1211268422	142	147.077	4837.26
1211441266	158	146.142	4806.95
1211614110	121	146.665	4838.67
1211786954	133	143.946	4742.62
1211959798	104	126.666	4182.81
1212132642	136	139.803	4617.16
1212305485	132	141.095	4657.2
1212478329	165	143.284	4723.09
1212651173	138	139.906	4610.55
1212824017	132	141.132	4652.91
1212996861	130	143.743	4744.28
1213169705	149	145.702	4800.88
1213342549	138	146.751	4837.72
1213515393	76	104.145	3478.89
1213688237	119	130.48	4257.49
1213861081	131	152.455	5025.38
1214033925	152	144.64	4780.62
1214206769	130	142.886	4712.33
1214379613	144	152.836	5040.13
1214552456	174	160.988	5310.86
1214725300	155	161.998	5341.27
1214898144	165	154.375	5090.2
1215070988	152	164.829	5435.57
1215243832	164	169.168	5564.2
1215416676	189	167.67	5529.89
1215589520	167	169.653	5592.45
1215762364	147	146.823	4869.49
1215935208	160	153.613	5034
1216108052	150	168.05	5533.33
1216280896	150	171.904	5657.71
1216453740	151	150.973	4979.7
1216626584	177	170.854	5632.93
1216799427	143	153.154	5050.1
1216972271	176	166.809	5502.85
1217145115	121	128.555	4260.27
1217317959	124	130.305	4280.66
1217490803	81	85.5728	2818.61
1217663647	147	176.606	5818.93
1217836491	194	173.605	5715.7
1218009335	123	163.475	5380.31
1218182179	182	170.551	5628.73
1218355023	140	160.006	5267.53
1218527867	171	172.194	5674.36
1218700711	156	176.917	5832.14
1218873555	171	175.381	5768.91
1219046398	150	164.171	5415.15
1219219242	173	176.302	5818.07
1219392086	143	167.151	5519.81
1219564930	144	137.521	4529.09
1219737774	190	179.096	5891.52
1219910618	162	167.207	5512.56
1220083462	203	179.745	5919.52
1220256306	171	174.977	5751.98
1220429150	139	172.447	5684.97
1220601994	184	178.077	5882.16
1220774838	184	174.464	5754.76
1220947682	180	161.598	5326.82
1221120526	147	172.48	5695.55
1221293369	184	174.643	5766.21
1221466213	202	174.724	5766.23
1221639057	167	173.191	5709.14
1221811901	152	169.664	5607.32
1221984745	172	172.148	5683.36
1222157589	194	174.157	5739.17
1222330433	183	175.753	5793.89
1222503277	142	177.992	5860.53
1222676121	158	178.838	5899.37
1222848965	169	180.054	5929.49
1223021809	165	179.162	5901.74
1223194653	70	68.3928	2257.48
1223367497	165	175.732	5802.9
1223540340	197	177.715	5854.63
1223713184	176	171.304	5635.11
1223886028	164	176.337	5811.06
1224058872	173	170.918	5641.07
1224231716	149	175.96	5805.28
1224404560	159	175.838	5789.51
1224577404	186	176.393	5808.6
1224750248	173	174.694	5756.53
1224923092	149	175.727	5787.38
1225095936	169	174.75	5754.42
1225268780	172	175.219	5779.09
1225441624	176	181.689	5863.28
1225614468	177	176.905	5826.48
1225787311	177	177.02	5826.64
1225960155	182	178.997	5888.51
1226132999	43	43.626	1503.09
1226305843	90	92.6472	3023.27
1226478687	158	157.29	5150.7
1226651531	162	175.669	5776.98
1226824375	159	153.976	5077.91
1226997219	150	138.862	4577.4
1227170063	150	174.026	5728.18
1227342907	177	174.92	5751.82
1227515751	172	175.528	5777.34
1227688595	155	163.018	5364.24
1227861439	163	172.459	5674.51
1228034282	146	147.242	4857.51
1228207126	157	169.547	5592.73
1228379970	186	172.323	5675.5
1228552814	86	97.0182	3241.45
1228725658	87	96.3149	3131.69
1228898502	148	144.256	4754.1
1229071346	149	170.482	5614.7
1229244190	165	165.373	5446.76
1229417034	164	162.925	5358.8
1229589878	155	165.664	5453.71
1229762722	158	169.252	5564.17
1229935566	169	163.643	5391.25
1230108410	166	163.791	5391.79
1230281253	153	163.737	5389.9
1230454097	126	130.164	4288.38
1230626941	132	140.853	4632.54
1230799785	24	26.6569	896.64
1230972629	127	127.31	4184.84
1231145473	147	154.832	5096.69
1231318317	136	151.224	4974.68
1231491161	188	160.835	5298.21
1231664005	117	135.734	4478.65
1231836849	126	144.233	4737.34
1232009693	165	156.911	5165.79
1232182537	118	125.639	4134.07
1232355381	156	156.804	5168.78
1232528224	154	157.174	5176.95
1232701068	151	152.874	5031.3
1232873912	149	156.362	5147.15
1233046756	147	156.193	5146.12
1233219600	147	156.88	5163.56
1233392444	163	155.047	5104.85
1233565288	133	147.043	4835.38
1233738132	156	159.691	5254.87
1233910976	154	159.984	5266.41
1234083820	150	159.184	5241.61
1234256664	166	162.349	5340.52
1234429508	159	166.399	5477.77
1234602352	184	156.918	5163.52
1234775195	188	163.124	5364.05
1234948039	155	146.434	4813.77
1235120883	130	137.108	4513.07
1235293727	170	159.532	5256.47
1235466571	148	152.18	5015.01
1235639415	154	161.754	5325.82
1235812259	151	154.989	5100.88
1235985103	152	160.003	5264.52
1236157947	169	162.396	5350.12
1236330791	162	165.732	5457.29
1236503635	157	168.591	5558.26
1236676479	171	168.478	5551.59
1236849323	142	161.944	5330.83
1237022166	145	166.078	5469.51
1237195010	167	169.249	5574.71
1237367854	173	171.55	5655.7
1237540698	136	133.61	4371.53
1237713542	143	140.057	4637.88
1237886386	190	167.437	5515.87
1238059230	174	162.581	5351.89
1238232074	167	169.869	5587.57
1238404918	173	169.883	5589.84
1238577762	172	162.498	5355.88
1238750606	159	165.494	5442.49
1238923450	165	165.87	5463.96
1239096294	156	170.742	5629.77
1239269137	146	169.2	5581.41
1239441981	162	167.253	5509.86
1239614825	143	167.6	5524.07
1239787669	186	170.358	5507.61
1239960513	55	47.3393	1620.93
1240133357	0	0	0
1240306201	0	0	0
1240479045	0	0	0
1240651889	0	0	0
1240824733	0	0	0
1240997577	0	0	0
1241170421	0	0	0
1241343265	0	0	0
1241516108	0	0	0
1241688952	0	0	0
1241861796	0	0	0
1242034640	0	0	0
1242207484	0	0	0
1242380328	0	0	0
1242553172	0	0	0
1242726016	0	0	0
1242898860	0	0	0
1243071704	0	0	0
1243244548	0	0	0
1243417392	0	0	0
1243590236	0	0	0
1243763079	0	0	0
1243935923	0	0	0
1244108767	0	0	0
1244281611	0	0	0
1244454455	78	88.2684	2890.62
1244627299	140	135.027	4460.78
1244800143	130	137.661	4542.91
1244972987	114	126.808	4173.9
1245145831	137	137.822	4544.6
1245318675	133	133.332	4383.83
1245491519	112	134.168	4419.39
1245664363	133	131.176	4327.91
1245837207	97	109.065	3603.25
1246010050	130	130.389	4305.27
1246182894	120	132.65	4365.31
1246355738	125	128.394	4230.95
1246528582	123	134.656	4439.59
1246701426	132	130.029	4280.02
1246874270	129	137.216	4519.5
1247047114	126	136.3	4501.03
1247219958	125	135.387	4465.56
1247392802	150	136.519	4498.05
1247565646	130	134.357	4439.27
1247738490	144	133.636	4407.93
1247911334	140	132.388	4369.59
1248084178	111	126.456	4164.75
1248257021	122	129.085	4254.18
1248429865	149	127.876	4223.34
1248602709	96	118.182	3899.61
1248775553	100	94.7655	3128.75
1248948397	165	138.508	4571.1
1249121241	135	144.875	4781.71
1249294085	149	145.542	4791.75
1249466929	128	145.884	4807.28
1249639773	135	148.129	4890
1249812617	137	150.15	4961.63
1249985461	152	152.535	5023.96
1250158305	85	111.907	3666.52
1250331149	77	99.7207	3288.47
1250503992	91	124.322	4101.34
1250676836	105	133.946	4416.09
1250849680	134	143.189	4717.46
1251022524	153	145.129	4781.41
1251195368	74	73.8835	2433.93
1251368212	134	149.512	4927.07
1251541056	135	153.978	5062.34
1251713900	124	146.474	4815.46
1251886744	130	135.291	4471.86
1252059588	168	159.671	5266.58
1252232432	124	158.574	5214.91
1252405276	137	159.74	5272.23
1252578120	149	167.278	5530.49
1252750963	159	166.858	5506.48
1252923807	170	170.941	5628.63
1253096651	168	162.646	5366.21
1253269495	159	176.703	5827.49
1253442339	202	175.908	5800.6
1253615183	158	176.352	5817.87
1253788027	164	175.919	5797.93
1253960871	173	178.368	5872.42
1254133715	60	72.8872	2294.48
1254306559	171	175.914	5807.53
1254479403	163	176.954	5829.18
1254652247	170	177.971	5855.2
1254825091	156	177.761	5862.54
1254997934	155	181.977	5999.52
1255170778	155	183.871	6043.75
1255343622	108	118.763	3910.31
1255516466	159	182.505	6012.61
1255689310	163	180.794	5956.07
1255862154	171	181.281	5972.71
1256034998	150	180.246	5934.81
1256207842	178	181.753	5976.5
1256380686	166	182.462	6005.62
1256553530	163	181.574	5979.66
1256726374	181	177.76	5850.08
1256899218	157	182.212	5990.37
1257072062	176	181.237	5958.59
1257244905	146	181.789	5982.92
1257417749	158	184.043	6055.4
1257590593	145	182.646	6014.94
1257763437	164	181.949	5989.88
1257936281	153	165.022	5432.61
1258109125	168	161.694	5331.74
1258281969	195	162.088	5325.73
1258454813	154	170.197	5596.05
1258627657	172	164.568	5414.06
1258800501	150	166.768	5483.6
1258973345	163	167.342	5499.98
1259146189	145	168.971	5555.76
1259319033	186	169.363	5572.53
1259491876	180	166.9	5486.81
1259664720	163	164.713	5416.2
1259837564	115	107.451	3538.12
1260010408	140	161.868	5325.18
1260183252	152	155.723	5133.54
1260356096	146	142.482	4695.75
1260528940	150	151.254	4980.32
1260701784	146	158.29	5208.08
1260874628	161	160.1	5269.2
1261047472	166	160.031	5263.04
1261220316	169	157.765	5193.12
1261393160	152	137.188	4521.57
1261566004	169	153.823	5054.18
1261738847	163	153.746	5057.89
1261911691	158	155.329	5105.75
1262084535	109	129.625	4262.39
1262257379	152	148.544	4887.54
1262430223	140	150.577	4955.46
1262603067	157	150.769	4955.23
1262775911	141	160.481	5281.89
1262948755	163	162.062	5331.49
1263121599	168	158.035	5197.63
1263294443	135	161.66	5319.72
1263467287	168	159.48	5254.49
1263640131	138	160.378	5274.67
1263812975	142	149.508	4916.85
1263985818	144	137.754	4527.9
1264158662	152	152.174	5016.31
1264331506	161	148.879	4899.78
1264504350	143	144.986	4773.13
1264677194	117	132.33	4334.34
1264850038	163	147.264	4859.94
1265022882	171	150.045	4931.26
1265195726	152	143.728	4718.79
1265368570	158	145.412	4777.23
1265541414	161	135.296	4448.05
1265714258	139	147.068	4836.55
1265887102	144	151.151	4972.24
1266059946	146	139.88	4599.81
1266232789	138	137.75	4534.54
1266405633	138	148.668	4889.6
1266578477	139	150.842	4961.35
1266751321	138	145.514	4788.06
1266924165	144	147.561	4857.71
1267097009	133	139.273	4588.06
1267269853	143	144.068	4754.21
1267442697	140	144.98	4773.35
1267615541	140	144.489	4757.84
1267788385	124	144.998	4775.93
1267961229	128	144.074	4738.76
1268134073	140	143.123	4713.56
1268306917	133	134.743	4437.03
1268479760	139	128.379	4146.05
1268652604	123	108.867	3585.36
1268825448	120	126.327	4150.3
1268998292	139	142.144	4676.63
1269171136	126	143.565	4721.27
1269343980	163	146.749	4829.3
1269516824	157	142.389	4737.62
1269689668	120	117.612	3846.51
1269862512	114	92.8369	3056.47
1270035356	96	99.5228	3274.01
1270208200	106	102.111	3367.29
1270381044	99	98.352	3251.11
1270553888	96	98.2796	3240.94
1270726731	101	96.4577	3181.63
1270899575	134	119.697	3934
1271072419	136	125.977	4156.2
1271245263	123	123.892	4085.32
1271418107	118	116.477	3835.67
1271590951	128	116.555	3843.4
1271763795	130	120.559	3964.74
1271936639	87	117.705	3909.25
1272109483	126	120.537	3947.95
1272282327	139	128.731	4244.76
1272455171	128	123.153	4063.46
1272628015	122	124.467	4105.7
1272800859	127	127.106	4188.4
1272973702	142	122.818	4046.29
1273146546	141	121.973	4020.16
1273319390	134	134.668	4448.45
1273492234	156	137.841	4553.67
1273665078	143	140.534	4631.41
1273837922	127	134.073	4414.71
1274010766	127	118.895	3927.81
1274183610	126	138.528	4564.83
1274356454	146	140.501	4635.81
1274529298	132	124.583	4104.16
1274702142	150	133.306	4395.71
1274874986	104	99.6016	3286.63
1275047830	110	118.221	3900.38
1275220673	140	127.426	4209.05
1275393517	130	138.01	4554.09
1275566361	150	139.547	4604.37
1275739205	149	141.301	4664.77
1275912049	133	140.612	4641.67
1276084893	127	118.057	3898.82
1276257737	86	94.0944	3101.58
1276430581	134	132.736	4370.81
1276603425	137	71.2914	2347.89
1276776269	138	141.268	4651.84
1276949113	145	135.993	4476.12
1277121957	115	140.136	4617.85
1277294801	129	142.137	4671.83
1277467644	122	138.95	4584.3
1277640488	141	140.739	4648.68
1277813332	144	135.394	4465.55
1277986176	131	129.711	4270.79
1278159020	142	144.112	4743.25
1278331864	130	147.559	4861.19
1278504708	144	144.083	4746.49
1278677552	160	145.133	4787.48
1278850396	138	134.707	4435.34
1279023240	128	132.678	4382.38
1279196084	112	121.096	4008.19
1279368928	100	121.621	4032.65
1279541772	155	139.365	4599.33
1279714615	144	140.358	4629.3
1279887459	175	144.868	4777.36
1280060303	132	138.533	4574.41
1280233147	142	143.475	4733.09
1280405991	184	152.801	5037.1
1280578835	131	157.431	5192.75
1280751679	132	143.332	4736.46
1280924523	109	117.541	3880.61
1281097367	140	127.1	4200.61
1281270211	126	123.633	4085.57
1281443055	146	155.54	5139.25
1281615899	155	151.943	5008.05
1281788743	157	153.765	5087.05
1281961586	155	158.554	5221.39
1282134430	155	160.032	5276.33
1282307274	155	160.872	5304.72
1282480118	148	161.014	5299.62
1282652962	166	163.512	5392.52
1282825806	172	171.536	5535.14
1282998650	171	168.664	5552.37
1283171494	166	166.576	5491.12
1283344338	161	164.276	5429.89
1283517182	177	161.243	5325.96
1283690026	178	168.465	5557.38
1283862870	178	168.359	5553.98
1284035714	192	171.085	5636.25
1284208557	189	171.772	5660.57
1284381401	167	167.876	5535.24
1284554245	141	167.268	5514.37
1284727089	151	169.805	5602.76
1284899933	171	166.359	5478.71
1285072777	142	168.389	5549.5
1285245621	202	168.53	5551.36
1285418465	158	163.172	5369.57
1285591309	129	150.509	4956.31
1285764153	156	162.656	5355.88
1285936997	170	168.005	5542.89
1286109841	182	166.755	5495.37
1286282685	176	167.644	5519.53
1286455528	167	173.135	5707.65
1286628372	171	177.766	5870.2
1286801216	188	178.491	5878.19
1286974060	196	177.617	5845.47
1287146904	175	183.548	6050.62
1287319748	186	186.368	6147.8
1287492592	186	182.729	6016.79
1287665436	224	191.073	6292.47
1287838280	170	196.027	6454.03
1288011124	182	196.029	6459.99
1288183968	184	195.8	6437.18
1288356812	165	167.578	5522.36
1288529656	181	178.177	5865.05
1288702499	173	193.441	6368.05
1288875343	201	196.374	6466.13
1289048187	206	197.699	6499.93
1289221031	146	169.995	5605.98
1289393875	168	191.579	6310.53
1289566719	202	193.72	6380.65
1289739563	193	190.134	6268.5
1289912407	183	190.322	6272.3
1290085251	193	190.542	6265.03
1290258095	166	170.992	5624.85
1290430939	205	188.481	6209.5
1290603783	191	191.003	6283.94
1290776627	157	148.888	4900.36
1290949470	194	191.104	6292.97
1291122314	192	188.3	6194.53
1291295158	156	188.071	6182.03
1291468002	195	190.263	6264.08
1291640846	215	184.505	6070.02
1291813690	201	188.196	6189.28
1291986534	184	187.02	6143.88
1292159378	175	187.698	6185.03
1292332222	189	187.072	6151.48
1292505066	158	184.329	6059.99
1292677910	206	185.881	6116.15
1292850754	177	187.818	6183.53
1293023598	190	193.276	6356.53
1293196441	208	194.918	6412.85
1293369285	185	194.623	6400.37
1293542129	195	191.252	6295.43
1293714973	154	172.969	5694.55
1293887817	167	176.2	5800.84
1294060661	158	174.002	5704.67
1294233505	180	180.015	5953.66
1294406349	180	181.735	5981.31
1294579193	175	187.897	6191.04
1294752037	155	167.441	5495.36
1294924881	211	186.601	6144.37
1295097725	176	190.502	6261.63
1295270569	176	179.374	5900.09
1295443412	211	187.131	6153.68
1295616256	170	189.048	6222.28
1295789100	190	192.097	6321.92
1295961944	184	186.627	6138.62
1296134788	161	156.602	5154.53
1296307632	197	183.839	6053.75
1296480476	193	198.474	6533.15
1296653320	180	194.987	6412.33
1296826164	195	192.919	6346.24
1296999008	193	192.292	6331.06
1297171852	206	193.251	6240.77
1297344696	171	175.385	5779.8
1297517540	196	188.01	6189.83
1297690383	166	177.139	5835.72
1297863227	216	179.612	5912.09
1298036071	194	182.467	6021.38
1298208915	183	178.967	5900.11
1298381759	190	175.515	5775.32
1298554603	152	140.358	4648.71
1298727447	187	178.85	5873.11
1298900291	178	183.218	6033.93
1299073135	160	159.296	5241.6
1299245979	193	185.551	6113.99
1299418823	149	173.912	5727.97
1299591667	173	173.012	5695.49
1299764511	170	164.799	5436.35
1299937354	148	163.57	5376.57
1300110198	147	149.98	4952.88
1300283042	115	145.113	4767.12
1300455886	169	173.222	5708.15
1300628730	172	147.812	4880.32
1300801574	160	173.534	5697.65
1300974418	144	166.967	5503.67
1301147262	196	182.981	6024.45
1301320106	219	179.349	5914.67
1301492950	190	183.154	6031.2
1301665794	169	183.419	6047.47
1301838638	186	182.94	6025.27
1302011482	179	177.954	5868.43
1302184325	164	173.815	5727.07
1302357169	172	36.8548	1246.91
1302530013	155	139.903	4574.65
1302702857	170	158.356	5217.01
1302875701	164	163.193	5371.39
1303048545	173	178.973	5900.36
1303221389	175	177.947	5864.14
1303394233	186	178.377	5864.35
1303567077	162	153.189	5054.58
1303739921	166	150.302	4952.2
1303912765	139	153.959	5073.59
1304085609	152	159.5	5269.44
1304258453	161	175.656	5803.62
1304431296	182	177.22	5845.71
1304604140	175	169.15	5576.49
1304776984	142	148.021	4881.89
1304949828	118	125.395	4128.31
1305122672	207	170.474	5620.59
1305295516	180	165.896	5473.66
1305468360	140	150.482	4965.07
1305641204	166	169.02	5570.96
1305814048	167	172.485	5675.47
1305986892	160	173.44	5714.8
1306159736	180	171.421	5653.93
1306332580	166	171.431	5658.34
1306505424	185	175.458	5791.3
1306678267	176	179.084	5908.4
1306851111	185	176.689	5830.57
1307023955	178	181.771	5994.92
1307196799	181	180.934	5971.07
1307369643	195	178.905	5892.59
1307542487	166	178.96	5891.12
1307715331	166	164.226	5411.07
1307888175	185	178.937	5900.65
1308061019	202	180.923	5963.34
1308233863	168	179.928	5925.9
1308406707	144	144.306	4742.76
1308579551	114	120.277	3964.85
1308752395	154	147.616	4880
1308925238	169	34.081	1096.06
1309098082	194	139.575	4644.78
1309270926	206	177.637	5852.23
1309443770	184	175.93	5800.47
1309616614	91	109.572	3590.87
1309789458	190	172.891	5739.74
1309962302	171	177.94	5866.2
1310135146	202	176.51	5826.3
1310307990	156	182.105	5994.24
1310480834	147	153.822	5069.62
1310653678	194	182.283	5990.34
1310826522	170	182.544	6018.31
1310999366	159	168.327	5553.5
1311172209	206	176.3	5822.89
1311345053	200	181.74	5995.77
1311517897	195	180.994	5958.92
1311690741	174	184.432	5957.49
1311863585	194	184.96	6089.1
1312036429	161	156.76	5188.42
1312209273	162	161.949	5331.78
1312382117	160	182.227	6014.18
1312554961	173	180.133	5931.05
1312727805	184	175.271	5781.97
1312900649	155	181.94	5988.88
1313073493	149	180.776	5947.8
1313246337	187	183.792	6060.45
1313419180	182	184.48	6072.73
1313592024	186	184.067	6066.05
1313764868	153	172.245	5690.48
1313937712	136	163.112	5393.66
1314110556	181	182.314	6007.37
1314283400	187	183.322	6046.57
1314456244	186	186.407	6135.23
1314629088	166	185.806	6125.28
1314801932	184	186.89	6169.05
1314974776	189	192.441	6330.65
1315147620	151	163.838	5407.22
1315320464	196	186.857	6158.17
1315493308	199	190.749	6286.3
1315666151	216	192.576	6349.43
1315838995	170	191.378	6312.11
1316011839	185	190.563	6280.81
1316184683	187	188.474	6207.11
1316357527	186	184.112	6080.96
1316530371	176	173.832	5731.53
1316703215	177	181.627	5991.11
1316876059	198	177.626	5857.01
1317048903	167	173.547	5723.38
1317221747	194	177.133	5829.26
1317394591	146	133.116	4381.63
1317567435	189	177.953	5867.81
1317740279	169	172.306	5672.8
1317913122	174	192.913	6369.08
1318085966	135	177.184	5820.28
1318258810	177	192.441	6337.05
1318431654	146	154.251	5072.88
1318604498	199	199.547	6577.08
1318777342	173	198.807	6551.2
1318950186	199	188.13	6208.53
1319123030	209	186.02	6122.9
1319295874	196	135.381	4470.78
1319468718	174	62.2861	2051.11
1319641562	193	197.645	6514.34
1319814406	195	199.915	6579.99
1319987250	225	196.641	6482.77
1320160093	224	200.22	6590.18
1320332937	212	205.348	6758.54
1320505781	178	206.225	6791.62
1320678625	194	206.634	6791.64
1320851469	223	204.838	6741.16
1321024313	201	204.29	6727.89
1321197157	184	196.131	6461.15
1321370001	192	184.114	6065.93
1321542845	195	196.454	6469.21
1321715689	192	197.518	6499.63
1321888533	169	195.896	6449.95
1322061377	208	197.604	6499.84
1322234220	200	202.016	6649.14
1322407064	187	197.121	6483.42
1322579908	210	193.841	6387.6
1322752752	181	203.419	6695.79
1322925596	190	202.199	6651.14
1323098440	216	201.942	6648.51
1323271284	188	180.669	5950.28
1323444128	211	196.873	6477.09
1323616972	217	201.459	6627.5
1323789816	210	202.388	6674.52
1323962660	192	198.71	6544.41
1324135504	182	193.176	6351.44
1324308348	172	180.261	5934.95
1324481191	189	199.984	6575.05
1324654035	200	199.359	6570.89
1324826879	178	180.549	5945.5
1324999723	212	187.81	6189.56
1325172567	187	199.657	6568.28
1325345411	114	134.426	4371.93
1325518255	77	73.2655	2467.59
1325691099	173	196.296	6463.81
1325863943	186	196.12	6457.79
1326036787	194	192.663	6238.62
1326209631	115	110.639	3627.87
1326382475	125	119.99	3946.43
1326555319	127	132.458	4362.91
1326728162	107	98.1393	3244.12
1326901006	142	145.17	4752.64
1327073850	131	116.871	3841.59
1327246694	178	162.031	5330.9
1327419538	92	103.025	3449.24
1327592382	84	84.3563	2718.07
1327765226	178	178.27	5859.62
1327938070	224	181.527	5967.04
1328110914	114	127.327	4190.02
1328283758	148	179.818	5914.77
1328456602	153	163.363	5373.09
1328629446	161	154.659	5104.25
1328802290	186	183.495	6030.95
1328975133	204	191.831	6311.07
1329147977	12	10.8073	371.302
1329320821	123	130.393	4275.88
1329493665	180	186.041	6119.67
1329666509	160	170.905	5621.21
1329839353	196	184.266	6064.3
1330012197	180	190.03	6257.24
1330185041	197	189.623	6237.79
1330357885	164	189.537	6232.08
1330530729	189	180.34	5940.19
1330703573	196	186.83	6148.97
1330876417	209	187.852	6175.93
1331049261	185	186.047	6125.44
1331222104	126	143.816	4737.61
1331394948	182	182.807	6012.13
1331567792	175	190.559	6271.15
1331740636	201	188.441	6213.3
1331913480	216	189.859	6248.16
1332086324	196	190.855	6278.2
1332259168	195	188.49	6210.79
1332432012	217	191.782	6319.07
1332604856	180	191.661	6311.41
1332777700	179	187.252	6183.9
1332950544	178	190.977	6290.53
1333123388	208	198.407	6539.28
1333296232	114	114.754	3788.28
1333469075	69	82.3494	2696.7
1333641919	210	190.177	6262.18
1333814763	185	193.814	6381.14
1333987607	136	157.324	5181.13
1334160451	113	107.357	3538.71
1334333295	196	186.181	6133.19
1334506139	188	192.193	6331.66
1334678983	186	191.318	6303.85
1334851827	186	190.956	6292.13
1335024671	164	190.959	6303.04
1335197515	189	193.286	6374.7
1335370359	196	197.451	6506.26
1335543203	179	190.022	6263.71
1335716046	164	188.395	6215.8
1335888890	174	186.713	6146.17
1336061734	216	192.962	6357.07
1336234578	192	193.42	6375.35
1336407422	217	192.625	6349.09
1336580266	209	191.334	6302.64
1336753110	180	188.367	6206.16
1336925954	169	188.588	6213.97
1337098798	183	188.746	6217.14
1337271642	196	192.385	6343.9
1337444486	203	195.242	6430.13
1337617330	206	190.065	6272.29
1337790174	237	199.157	6574.6
1337963017	210	198.712	6544.61
1338135861	227	194.828	6406.88
1338308705	182	198.625	6545.84
1338481549	180	198.67	6553.09
1338654393	198	198.452	6538.28
1338827237	166	197.533	6517.04
1339000081	187	197.16	6516.46
1339172925	189	197.418	6515.89
1339345769	207	192.18	6330.94
1339518613	200	196.601	6462.05
1339691457	202	183.777	6058.45
1339864301	151	178.758	5884.98
1340037145	171	175.402	5791.64
1340209988	178	180.077	5876.33
1340382832	106	114.476	3691.14
1340555676	177	188.903	6235.4
1340728520	213	197.957	6521.33
1340901364	171	190.645	6284.21
1341074208	168	175.262	5768.44
1341247052	157	165.7	5467.51
1341419896	198	193.681	6372.29
1341592740	193	196	6471.93
1341765584	216	190.977	6296.37
1341938428	189	192.913	6363.64
1342111272	196	192.476	6340.98
1342284116	202	186.865	6179.89
1342456959	174	168.731	5574.88
1342629803	187	192.717	6360.88
1342802647	205	192.413	6333.88
1342975491	162	172.589	5690.48
1343148335	194	185.853	6136.4
1343321179	149	144.226	4789.72
1343494023	184	186.407	6113.74
1343666867	207	189.185	6248.28
1343839711	196	190.016	6261.19
1344012555	154	185.296	6113.63
1344185399	197	190.207	6277.87
1344358243	171	176.52	5826.07
1344531087	17	23.3793	797.486
1344703930	0	0	0
1344876774	141	153.47	5026.77
1345049618	173	189.656	6244.62
1345222462	207	197.385	6509.43
1345395306	217	188.073	6206.26
1345568150	205	187.666	6175.61
1345740994	185	193.783	6395.42
1345913838	196	192.917	6381.44
1346086682	199	191.889	6342.03
1346259526	217	193.149	6365.12
1346432370	212	191.561	6316.04
1346605214	184	189.745	6259.9
1346778058	178	190.846	6295.8
1346950901	213	182.013	6001.98
1347123745	44	51.3706	1701.55
1347296589	141	116.432	3827.01
1347469433	178	191.151	6300.54
1347642277	191	191.145	6287.05
1347815121	196	187.959	6191.51
1347987965	191	183.764	6058.05
1348160809	176	186.891	6151.49
1348333653	188	186.619	6150.77
1348506497	122	120.355	3970.47
1348679341	165	185.698	6128.15
1348852185	176	177.94	5864.94
1349025029	182	183.318	6036.27
1349197872	204	181.92	5997.01
1349370716	226	183.519	6040
1349543560	200	182.898	6024
1349716404	168	175.619	5794.71
1349889248	150	183.202	6045.88
1350062092	167	181.921	5992.26
1350234936	142	169.331	5574.29
1350407780	177	181.024	5963.38
1350580624	181	179.367	5901.68
1350753468	155	180.367	5935.09
1350926312	177	179.667	5913.72
1351099156	178	180.693	5949.34
1351272000	157	161.098	5302.9
1351444843	191	174.997	5760.25
1351617687	138	159.04	5239.35
1351790531	169	163.518	5386.82
1351963375	209	192.213	6330.34
1352136219	217	189.283	6230.4
1352309063	199	190.025	6234.43
1352481907	177	193.63	6383.17
1352654751	192	190.58	6289.44
1352827595	191	188.492	6210.49
1353000439	167	170.666	5572.48
1353173283	186	180.453	5990.94
1353346127	189	189.535	6239.36
1353518971	172	185.179	6088.86
1353691814	200	187.21	6170.78
1353864658	178	187.223	6165.63
1354037502	195	188.373	6195.94
1354210346	92	88.0956	2845.35
1354383190	183	178.734	5936.2
1354556034	124	148.428	4882.47
1354728878	180	183.612	5969.81
1354901722	171	176.061	5734.46
1355074566	170	184.316	6060.8
1355247410	117	99.2248	3323.6
1355420254	195	177.751	5785.36
1355593098	185	181.098	5954.79
1355765942	171	178.83	5877.48
1355938785	167	178.422	5863.01
1356111629	192	177.4	5840.34
1356284473	177	178.022	5844.89
1356457317	170	175.69	5779.58
1356630161	168	175.818	5788.23
1356803005	169	175.445	5770.37
1356975849	176	174.619	5749.1
1357148693	192	172.932	5693.69
1357321537	156	178.49	5871.77
1357494381	176	174.3	5726.17
1357667225	178	191.008	6283.45
1357840069	216	189.942	6248.14
1358012913	132	131.333	4364.12
1358185756	176	180.979	5913.48
1358358600	180	172.002	5662.14
1358531444	132	136.007	4483.66
1358704288	198	187.402	6179.87
1358877132	204	187.678	6178.67
1359049976	183	187.787	6180.36
1359222820	212	194.493	6401.83
1359395664	172	154.524	5093.87
1359568508	179	178.895	5893.63
1359741352	173	176.345	5798.53
1359914196	193	188.319	6203.07
1360087040	130	122.471	4030.78
1360259884	42	35.6232	1172.82
1360432727	133	126.498	4162.57
1360605571	105	88.044	2894.02
1360778415	91	91.6318	3019.4
1360951259	182	181.088	5955.03
1361124103	194	186.443	6139.57
1361296947	175	179.803	5926.68
1361469791	156	195.287	6429.86
1361642635	179	194.039	6383.83
1361815479	197	196.857	6488.09
1361988323	194	192.647	6337.94
1362161167	178	194.035	6382.05
1362334011	206	195.745	6453.66
1362506855	189	198.22	6520.75
1362679698	212	197.289	6494.12
1362852542	190	196.112	6454.33
1363025386	186	196.009	6449.22
1363198230	201	189.043	6234.97
1363371074	168	180.388	5952.95
1363543918	179	181.458	5984.92
1363716762	200	192.67	6346
1363889606	192	194.012	6392.56
1364062450	210	193.511	6374.76
1364235294	190	192.664	6351.11
1364408138	177	189.208	6238.75
1364580982	167	191.375	6301.58
1364753826	162	169.477	5586.05
1364926669	120	114.318	3771.69
1365099513	132	144.077	4745.03
1365272357	202	176.536	5816.02
1365445201	188	188.836	6222.86
1365618045	206	191.908	6314.09
1365790889	221	191.836	6326.95
1365963733	175	190.943	6294.48
1366136577	195	188.995	6227.34
1366309421	161	189.466	6241.32
1366482265	192	188.172	6200.03
1366655109	195	188.83	6225.44
1366827953	174	187.989	6193.34
1367000797	181	164.76	5427.8
1367173640	183	180.745	5957.76
1367346484	196	186.864	6152.35
1367519328	169	186.307	6135.99
1367692172	196	185.538	6120.64
1367865016	175	181.338	5985.04
1368037860	218	184.899	6089.26
1368210704	208	183.615	6046.45
1368383548	191	183.493	6048.52
1368556392	181	180.356	5947.26
1368729236	187	172.987	5711.96
1368902080	182	170.181	5609.77
1369074924	176	171.594	5536.68
1369247768	189	165.991	5472.22
1369420611	215	186.214	6140.8
1369593455	186	182.206	6000.27
1369766299	163	169.86	5596.78
1369939143	190	183.3	6018.14
1370111987	199	185.683	6118.02
1370284831	190	182.486	6017.44
1370457675	209	188.361	6210.43
1370630519	142	149.287	4921.99
1370803363	177	188.936	6231.76
1370976207	189	188.629	6220.25
1371149051	204	187.237	6179.18
1371321895	153	171.027	5638.32
1371494739	202	184.493	6082.27
1371667582	167	160.595	5357.21
1371840426	213	183.728	5997.93
1372013270	165	177.166	5844.73
1372186114	192	187.651	6189.14
1372358958	196	186.392	6134.03
1372531802	184	175.677	5795.67
1372704646	189	177.273	5839.86
1372877490	181	184.812	6081.34
1373050334	177	180.928	5966.14
1373223178	161	164.685	5453.37
1373396022	107	109.192	3600.47
1373568866	110	114.922	3784.82
1373741710	165	174.189	5734.93
1373914553	181	180.83	5960.56
1374087397	213	184.529	6081.07
1374260241	159	164.928	5436.63
1374433085	174	185.823	6141.65
1374605929	206	182.17	6017.41
1374778773	170	179.606	5919.16
1374951617	173	185.201	6112.8
1375124461	206	184.1	6068.72
1375297305	200	186.053	6134.34
1375470149	184	175.676	5792.48
1375642993	182	189.977	6258.81
1375815837	198	191.302	6295.57
1375988681	195	183.685	6065.45
1376161524	198	186.898	6159.73
1376334368	173	170.738	5633.37
1376507212	173	186.5	6158.62
1376680056	226	197.841	6531.6
1376852900	197	196.921	6485.27
1377025744	173	177.244	5839.03
1377198588	193	177.315	5850.46
1377371432	17	18.4563	608.924
1377544276	87	71.6145	2364.47
1377717120	158	155.718	5134.11
1377889964	195	171.428	5643.55
1378062808	183	175.52	5782.96
1378235652	183	179.791	5931.63
1378408495	162	160.179	5277.1
1378581339	187	179.449	5905.88
1378754183	140	124.901	4107.48
1378927027	186	179.187	5903.03
1379099871	199	180.167	5947.12
1379272715	146	168.9	5576.9
1379445559	157	144.286	4752.26
1379618403	170	162.302	5357.12
1379791247	197	186.197	6143.67
1379964091	185	185.167	6124.48
1380136935	178	188.09	6198.02
1380309779	208	189.21	6243.99
1380482623	207	188.757	6233.39
1380655466	154	156.597	5137.62
1380828310	184	178.215	5904.64
1381001154	204	187.597	6186.53
1381173998	183	183.796	6053.49
1381346842	188	183.921	6062.16
1381519686	170	161.569	5292.65
1381692530	40	33.6657	1135.39
1381865374	13	17.1465	572.455
1382038218	141	136.588	4502.73
1382211062	187	193.932	6374.38
1382383906	206	194.528	6401.68
1382556750	165	191.27	6304.46
1382729594	186	193	6359.06
1382902437	175	193.738	6380.07
1383075281	156	167.151	5462.12
1383248125	133	141.245	4688.22
1383420969	192	192.415	6209.96
1383593813	183	187.221	6168.86
1383766657	168	186.371	6125.41
1383939501	187	190.588	6298.45
1384112345	197	192.068	6296.06
1384285189	224	192.502	6333.87
1384458033	207	192.425	6329.5
1384630877	205	190.555	6275.87
1384803721	169	189.669	6241.17
1384976565	180	188.054	6196.54
1385149408	196	180.783	5946.42
1385322252	187	187.716	6175.95
1385495096	194	181.645	5987.96
1385667940	175	180.176	5928.76
1385840784	129	156.271	5143.38
1386013628	185	182.524	6008.64
1386186472	205	190.166	6252.76
1386359316	201	192.449	6333.43
1386532160	189	182.738	6008.68
1386705004	166	187.65	6183.34
1386877848	174	186.84	6191.19
1387050692	152	155.114	5101.46
1387223536	164	165.732	5410.86
1387396379	144	151.148	5018.54
1387569223	165	168.342	5496.7
1387742067	172	168.425	5587.75
1387914911	156	160.162	5228.15
1388087755	155	166.187	5465.72
1388260599	135	149.893	4928.77
1388433443	199	185.799	6105.19
1388606287	180	185.681	6102.5
1388779131	208	184.549	6078.76
1388951975	91	91.7451	3016.98
1389124819	193	183.427	6035.48
1389297663	164	183.319	6029.16
1389470507	186	182.709	6021.18
1389643350	194	182.51	6005.88
1389816194	172	185.97	6117.74
1389989038	216	189.569	6236.57
1390161882	143	177.283	5831.29
1390334726	171	188.317	6183.99
1390507570	158	160.114	5266.49
1390680414	183	178.421	5878.79
1390853258	168	178.929	5886.96
1391026102	188	177.589	5844.94
1391198946	204	185.446	6098.22
1391371790	184	181.963	5980.45
1391544634	177	182.309	5989.55
1391717478	149	147.828	4863.08
1391890321	181	183.776	6043.03
1392063165	158	165.69	5452.93
1392236009	182	180.184	5934.88
1392408853	118	110.32	3642.18
1392581697	74	75.1692	2483.08
1392754541	136	143.932	4730.07
1392927385	144	146.562	4835.57
1393100229	167	176.413	5810.08
1393273073	163	165.308	5450.15
1393445917	177	171.3	5648.65
1393618761	143	138.856	4572.55
1393791605	198	176.473	5819.11
1393964449	185	177.146	5832.8
1394137292	156	177.249	5842.1
1394310136	188	178.041	5858.93
1394482980	151	167.874	5525.91
1394655824	187	173.628	5718.54
1394828668	170	177.888	5854.98
1395001512	166	176.087	5789.49
1395174356	145	177.496	5851.46
1395347200	179	184.941	6087.25
1395520044	209	191.151	6305.51
1395692888	201	190.254	6273.35
1395865732	198	191.732	6321.12
1396038576	150	173.948	5719.22
1396211420	174	189.39	6229.84
1396384263	188	189.69	6258.79
1396557107	198	184.639	6082.72
1396729951	193	184.171	6020.32
1396902795	131	145.907	4844.61
1397075639	183	192.896	6352.98
1397248483	193	197.009	6494.3
1397421327	177	173.974	5727.72
1397594171	76	67.7884	2247.97
1397767015	192	197.053	6363.38
1397939859	186	190.486	6284.46
1398112703	179	190.417	6281.36
1398285547	132	137.062	4517.39
1398458391	197	183.444	6043.92
1398631234	193	192.456	6344.15
1398804078	181	193.844	6386.89
1398976922	212	196.527	6465.47
1399149766	190	192.24	6330.41
1399322610	190	190.209	6268.89
1399495454	220	193.631	6388.02
1399668298	206	193.808	6387.95
1399841142	179	186.572	6151.76
1400013986	201	186.288	6134.91
1400186830	166	168.357	5547.91
1400359674	187	193.155	6370.62
1400532518	185	190.57	6281.17
1400705362	199	190.855	6290.99
1400878205	196	190.61	6296.11
1401051049	169	181.416	5984.28
1401223893	194	186.009	6130.69
1401396737	204	197.01	6481.6
1401569581	215	200.098	6597.42
1401742425	203	201.813	6632.1
1401915269	192	201.713	6634
1402088113	202	201.769	6639.58
1402260957	200	200.086	6588
1402433801	213	200.936	6606.99
1402606645	189	192.299	6337.76
1402779489	212	197.708	6521.42
1402952333	225	197.129	6511.76
1403125176	196	196.399	6492.21
1403298020	204	194.374	6403.86
1403470864	196	187.064	6164.16
1403643708	194	195.517	6448.67
1403816552	198	197.809	6536.82
1403989396	215	196.926	6507.27
1404162240	180	195.936	6456.29
1404335084	213	195.003	6422.69
1404507928	189	194.033	6394.54
1404680772	195	194.046	6405.68
1404853616	204	194.35	6420.75
1405026460	190	190.614	6289.11
1405199304	218	193.243	6370.99
1405372147	198	187.775	6184.42
1405544991	215	190.113	6272.55
1405717835	211	189.251	6249.8
1405890679	195	161.083	5305.28
1406063523	189	184.417	6084.24
1406236367	190	184.92	6105.17
1406409211	173	186.715	6162.29
1406582055	188	184.723	6083.39
1406754899	153	184.809	6090.83
1406927743	187	188.534	6199.94
1407100587	193	189.815	6257.43
1407273431	184	189.679	6244.84
1407446275	215	189.021	6248.36
1407619118	213	189.583	6245.95
1407791962	190	189.899	6267.44
1407964806	199	192.804	6369.21
1408137650	195	193.252	6373.16
1408310494	198	190.646	6288.58
1408483338	198	190.697	6280.54
1408656182	214	193.211	6362.01
1408829026	171	180.005	5923.88
1409001870	185	193.212	6378.13
1409174714	200	195.111	6433.51
1409347558	210	197.233	6493.08
1409520402	244	197.69	6508.64
1409693246	181	199.047	6552.9
1409866089	205	187.194	6165.22
1410038933	202	199.73	6581.06
1410211777	199	198.643	6536.22
1410384621	196	193.794	6390.17
1410557465	204	201.261	6627.33
1410730309	197	187.918	6204.03
1410903153	183	195.782	6448.45
1411075997	186	192.861	6355.77
1411248841	195	201.75	6649.83
1411421685	228	197.234	6495.24
1411594529	199	200.972	6615.14
1411767373	199	201.462	6638.14
1411940217	205	201.431	6626.84
1412113060	190	200.98	6487.3
1412285904	209	197.976	6525.24
1412458748	196	184.402	6081.84
1412631592	194	189.499	6228.66
1412804436	196	204.328	6724.04
1412977280	150	163.196	5421.38
1413150124	94	90.9596	2998.01
1413322968	146	148.853	4858.12
1413495812	209	206.698	6802.55
1413668656	202	201.821	6647.26
1413841500	211	206.537	6804.99
1414014344	200	204.727	6743.56
1414187188	169	206.386	6795.09
1414360031	190	205.34	6752.62
1414532875	203	207.171	6813.62
1414705719	205	207.208	6821.11
1414878563	196	203.752	6726.44
1415051407	207	204.326	6730.73
1415224251	206	199.378	6563
1415397095	228	203.724	6709.99
1415569939	215	200.026	6583.45
1415742783	204	203.987	6718.56
1415915627	188	192.403	6339.94
1416088471	225	205.838	6781.06
1416261315	212	191.273	6288.6
1416434159	196	204.58	6733.23
1416607002	179	174.495	5748.56
1416779846	209	194.862	6410.24
1416952690	206	191.858	6317.02
1417125534	211	197.1	6486.02
1417298378	183	180.79	5961.66
1417471222	175	184.636	6081.05
1417644066	202	198.281	6522.32
1417816910	208	197.685	6497.19
1417989754	182	198.374	6529.62
1418162598	174	186.623	6135.47
1418335442	196	174.108	5758.14
1418508286	213	184.347	6048.19
1418681130	145	157.896	5199.65
1418853973	184	184.154	6066.28
1419026817	190	195.914	6437.09
1419199661	154	170.026	5603.98
1419372505	172	176.341	5806.78
1419545349	203	166.113	5464.58
1419718193	198	190.247	6258.56
1419891037	195	185.863	6111.65
1420063881	181	173.44	5702.94
1420236725	181	191.636	6310.02
1420409569	207	190.948	6282.68
1420582413	213	191.041	6284.37
1420755257	203	194.713	6405.94
1420928101	183	178.006	5857.3
1421100944	145	170.984	5626.61
1421273788	160	165.669	5455.4
1421446632	115	104.576	3430.7
1421619476	0	0	0
1421792320	0	0	0
1421965164	0	0	0
1422138008	0	0	0
1422310852	0	0	0
1422483696	0	0	0
1422656540	0	0	0
1422829384	0	0	0
1423002228	0	0	0
1423175072	0	0	0
1423347915	0	0	0
1423520759	0	0	0
1423693603	0	0	0
1423866447	0	0	0
1424039291	170	167.943	5562.72
1424212135	202	173.898	5721.69
1424384979	179	185.575	6109.94
1424557823	171	179.353	5914.63
1424730667	162	170.411	5610.15
1424903511	175	175.433	5774.83
1425076355	151	167.015	5512.98
1425249199	165	160.893	5255.39
1425422043	83	90.7508	2988.57
1425594886	0	0	0
1425767730	0	0	0
1425940574	0	0	0
1426113418	125	114.171	3754.35
1426286262	171	165.62	5504.4
1426459106	160	180.002	5804.03
1426631950	142	156.24	5144.09
1426804794	112	100.2	3303.05
1426977638	145	132.879	4445.52
1427150482	85	90.5854	2928.22
1427323326	131	134.357	4432.54
1427496170	169	173.134	5712.77
1427669014	173	176.233	5803.09
1427841857	162	175.442	5781.31
1428014701	161	174.669	5750.29
1428187545	170	174.67	5753.76
1428360389	187	176.412	5811.09
1428533233	163	173.578	5716.87
1428706077	179	173.95	5734.48
1428878921	181	166.059	5467.37
1429051765	177	169.744	5591.22
1429224609	151	163.981	5402.27
1429397453	166	173.949	5720.3
1429570297	163	178.489	5884.38
1429743141	182	190.511	6281.06
1429915985	218	188.833	6227.65
1430088828	214	189.592	6249.23
1430261672	169	191.767	6321.26
1430434516	157	188.339	6203.32
1430607360	193	193.983	6386.46
1430780204	171	191.594	6316.75
1430953048	209	196.048	6470.91
1431125892	211	198.541	6541.16
1431298736	208	196.145	6470.73
1431471580	220	194.914	6424.49
1431644424	185	196.849	6484.32
1431817268	192	186.245	6135.13
1431990112	173	185.965	6133.76
1432162956	226	188.677	6210.43
1432335799	192	194.039	6393.04
1432508643	204	192.732	6360.16
1432681487	209	192.382	6350.2
1432854331	215	193.534	6375.74
1433027175	186	194.289	6404.7
1433200019	203	189.871	6258.35
1433372863	199	178.273	5865.93
1433545707	213	195.815	6438.92
1433718551	216	194.995	6424.7
1433891395	201	194.273	6402.27
1434064239	200	191.034	6302.33
1434237083	42	39.0822	1287.69
1434409927	118	123.038	4050.7
1434582770	159	145.645	4808.61
1434755614	238	196.779	6486.71
1434928458	223	195.95	6468.49
1435101302	207	194.152	6412.26
1435274146	182	192.639	6356.39
1435446990	179	188.901	6231.81
1435619834	218	193.002	6361.83
1435792678	199	194.699	6419.35
1435965522	198	193.654	6394.12
1436138366	211	193.192	6361.01
1436311210	174	177.166	5841.21
1436484054	200	189.535	6242.6
1436656898	211	189.603	6237.35
1436829741	190	186.944	6159.63
1437002585	168	193.114	6371.07
1437175429	161	189.109	6231.06
1437348273	203	192.506	6354.04
1437521117	210	190.292	6281.15
1437693961	202	191.156	6310.47
1437866805	198	182.092	5989.29
1438039649	177	177.338	5840.44
1438212493	235	190.063	6265.29
1438385337	184	188.297	6199.93
1438558181	182	179.929	5924.44
1438731025	163	185.841	6117.97
1438903869	177	181.762	5969.34
1439076712	114	116.358	3790.92
1439249556	32	25.9215	854.111
1439422400	104	102.865	3434.11
1439595244	158	170.276	5619.35
1439768088	151	159.598	5265.14
1439940932	196	179.213	5913.14
1440113776	207	181.564	5979.4
1440286620	171	182.736	6021.3
1440459464	189	181.21	5964.78
1440632308	166	178.019	5865.95
1440805152	179	175.435	5663.52
1440977996	128	121.883	4018.61
1441150840	136	157.48	5185.76
1441323683	188	180.261	5950.93
1441496527	173	162.58	5355.96
1441669371	19	15.5108	572.295
1441842215	136	135.071	4387.51
1442015059	178	181.484	5988.6
1442187903	227	181.238	5970.29
1442360747	180	181.385	5969.83
1442533591	204	180.491	5947.42
1442706435	179	181.187	5968.75
1442879279	79	77.5287	2552.07
1443052123	150	153.067	5039.8
1443224967	192	183.748	6057.49
1443397811	188	186.177	6128.73
1443570654	170	187.835	6181.8
1443743498	173	160.395	5296
1443916342	116	84.7623	2809.07
1444089186	97	85.951	2810.67
1444262030	179	169.367	5583.07
1444434874	157	151.09	5003.02
1444607718	143	156.262	5149.28
1444780562	136	145.424	4777.9
1444953406	176	191.674	6317.57
1445126250	185	193.583	6383.39
1445299094	167	178.409	5872.84
1445471938	192	193.494	6373.71
1445644782	186	184.827	6099.47
1445817625	171	185.848	6123.6
1445990469	193	182.729	6018.85
1446163313	184	175.28	5777.37
1446336157	169	159.463	5265.77
1446509001	154	123.699	4070.95
1446681845	180	189.392	6252.28
1446854689	179	190.871	6287.8
1447027533	181	162.595	5349.27
1447200377	186	191.706	6320.31
1447373221	216	187.556	6173.55
1447546065	207	191.764	6307.12
1447718909	181	177.505	5836.53
1447891753	201	189.982	6251.06
1448064596	155	191.684	6308.54
1448237440	177	175.967	5791.9
1448410284	203	190.679	6269.12
1448583128	167	164.864	5429.7
1448755972	156	157.855	5203.79
1448928816	104	133.419	4392.15
1449101660	173	178.368	5876.7
1449274504	161	165.03	5440.16
1449447348	172	181.35	5969.7
1449620192	164	166.335	5473.76
1449793036	154	163.927	5392.52
1449965880	180	181.068	5950.54
1450138724	123	131.923	4340.16
1450311567	181	184.727	6073.19
1450484411	186	188.381	6206.26
1450657255	194	179.081	5888.55
1450830099	185	171.135	5625.08
1451002943	175	171.452	5642.53
1451175787	203	180.391	5930.05
1451348631	75	82.4927	2700.44
1451521475	0	0	0
1451694319	0	0	0
1451867163	27	28.4322	954.948
1452040007	153	154.745	5102.83
1452212851	117	122.54	4034.44
1452385695	160	151.744	4998.46
1452558538	166	172.396	5670.32
1452731382	164	176.785	5819.81
1452904226	124	134.491	4425.48
1453077070	172	179.007	5893.94
1453249914	169	175.408	5772.01
1453422758	182	173.426	5704.43
1453595602	133	124.734	4095.33
1453768446	183	144.814	4766.79
1453941290	158	147.587	4827.69
1454114134	111	103.166	3435.42
1454286978	169	158.041	5212.48
1454459822	147	146.678	4827.82
1454632666	146	153.177	5040.69
1454805509	138	133.404	4390.92
1454978353	144	164.143	5404.03
1455151197	121	140.015	4609.97
1455324041	170	171.964	5539.35
1455496885	192	166.986	5492.77
1455669729	168	168.664	5540.69
1455842573	191	171.064	5630.42
1456015417	127	126.405	4158.98
1456188261	156	164.61	5414
1456361105	165	170.393	5604.85
1456533949	180	178.32	5930.06
1456706793	134	138.862	4511.91
1456879637	186	172.806	5757.17
1457052480	163	132.031	4347.19
1457225324	110	127.461	4135.99
1457398168	167	167.283	5511.21
1457571012	183	180.76	5961.61
1457743856	173	177.469	5851.62
1457916700	183	172.592	5686.16
1458089544	175	178.383	5872.99
1458262388	159	148.185	4931.17
1458435232	44	42.2138	1392.09
1458608076	91	91.4132	3011.71
1458780920	142	136.856	4502.58
1458953764	67	62.4551	2060.33
1459126608	88	81.4435	2683.12
1459299451	88	98.2639	3192.13
1459472295	142	140.105	4656.72
1459645139	70	72.8007	2397.52
1459817983	153	168.21	5503.27
1459990827	186	183.23	6031.03
1460163671	170	163.537	5391.43
1460336515	186	181.964	6010.2
1460509359	188	179.077	5903.95
1460682203	182	178.963	5886.03
1460855047	162	173.741	5729.7
1461027891	115	138.713	4567.44
1461200735	187	179.951	5925.5
1461373579	181	183.016	6020.7
1461546422	100	122.838	4071.09
1461719266	105	93.5413	3069.68
1461892110	181	177.454	5859.94
1462064954	197	172.734	5695.85
1462237798	146	159.947	5281.29
1462410642	147	160.223	5281.32
1462583486	128	141.035	4654.12
1462756330	142	135.016	4450.98
1462929174	55	48.9116	1621.49
1463102018	0	0	0
1463274862	0	0	0
1463447706	0	0	0
1463620550	0	0	0
1463793393	0	0	0
1463966237	41	42.6469	1407.18
1464139081	67	71.075	2343.99
1464311925	172	151.913	5020.1
1464484769	68	62.7667	2071.39
1464657613	57	49.3897	1624.27
1464830457	100	80.862	2675.34
1465003301	103	99.0872	3265.82
1465176145	71	72.5606	2387.41
1465348989	61	74.1384	2451.99
1465521833	99	99.7546	3307.95
1465694677	167	166.06	5486.84
1465867520	184	166.505	5492.18
1466040364	182	165.659	5476.72
1466213208	157	168.126	5553.35
1466386052	173	167.004	5516.93
1466558896	163	166.691	5502.31
1466731740	167	163.317	5388.86
1466904584	188	159.475	5273.23
1467077428	82	79.9148	2637.37
1467250272	174	164.654	5430.3
1467423116	162	168.365	5554.43
1467595960	173	165.397	5457.7
1467768804	183	172.163	5681.96
1467941648	171	173.143	5709.62
1468114491	171	173.443	5712.16
1468287335	136	142.042	4676.41
1468460179	144	173.481	5713.36
1468633023	168	173.499	5729.9
1468805867	167	175.557	5794.57
1468978711	198	177.918	5872.65
1469151555	198	180.276	5944.04
1469324399	186	179.299	5907.25
1469497243	170	174.527	5758.9
1469670087	208	179.565	5803.6
1469842931	173	175.36	5778.08
1470015775	178	173.655	5730.19
1470188619	169	175.372	5783.24
1470361462	195	174.664	5754.52
1470534306	194	175.311	5783.49
1470707150	181	174.617	5764.49
1470879994	169	174.052	5738.02
1471052838	176	175.155	5767.31
1471225682	164	173.286	5701.83
1471398526	168	160.892	5309.17
1471571370	159	161.882	5325.12
1471744214	159	172.18	5692.9
1471917058	199	168.689	5563.16
1472089902	157	167.971	5527.68
1472262746	169	165.723	5460.44
1472435590	162	165.724	5471.52
1472608433	165	165.233	5445.24
1472781277	161	164.17	5428.2
1472954121	169	165.502	5478.92
1473126965	163	165.472	5468.65
1473299809	170	166.395	5485.29
1473472653	161	166.198	5477.68
1473645497	165	160.554	5301.61
1473818341	122	116.618	3833.93
1473991185	145	163.864	5396.48
1474164029	169	163.826	5404.48
1474336873	171	162.973	5374.07
1474509717	161	163.139	5377.49
1474682561	187	161.266	5328.87
1474855404	176	161.187	5309.79
1475028248	147	158.801	5235.34
1475201092	190	155.119	5111.79
1475373936	150	154.644	5099.35
1475546780	159	155.529	5123.62
1475719624	148	152.534	5029.59
1475892468	166	154.738	5099.17
1476065312	171	154.371	5087.13
1476238156	157	154.9	5095.81
1476411000	125	153.928	5067.37
1476583844	111	124.597	4098.22
1476756688	106	115.093	3796.14
1476929532	128	122.237	4031.32
1477102375	135	143.236	4718.39
1477275219	134	141.725	4670.97
1477448063	155	159.008	5247.17
1477620907	86	79.2794	2618.16
1477793751	161	145.968	4805.06
1477966595	161	158.333	5211.57
1478139439	141	156.492	5156.54
1478312283	161	155.285	5115.28
1478485127	152	155.569	5124.03
1478657971	160	154.057	5071.02
1478830815	155	153.672	5059.6
1479003659	133	155.096	5102.93
1479176503	163	154.093	5066.13
1479349346	155	151.986	5014.01
1479522190	136	137.659	4522.56
1479695034	49	60.7939	2013.32
1479867878	132	138.536	4563.31
1480040722	105	94.7223	3117.25
1480213566	84	77.9581	2547.4
1480386410	47	40.1363	1340.03
1480559254	143	148.627	4892.62
1480732098	146	150.607	4958.38
1480904942	134	129.73	4266.21
1481077786	131	149.22	4913.47
1481250630	159	158.196	5209.26
1481423474	175	158.403	5212.75
1481596317	164	157.257	5173.67
1481769161	176	158.831	5231.03
1481942005	170	157.566	5182.46
1482114849	158	161.34	5309.66
1482287693	173	154.129	5067.42
1482460537	163	163.004	5360.93
1482633381	187	149.11	4903.08
1482806225	134	160.07	5265.54
1482979069	172	162.463	5353.94
1483151913	156	170.904	5612.84
1483324757	148	165.383	5448.11
1483497601	186	171.545	5640.98
1483670445	168	176.377	5806.53
1483843288	141	161.274	5251.81
1484016132	155	147.412	4776.29
1484188976	176	180.793	5949.22
1484361820	157	169.939	5590.73
1484534664	162	156.519	5149.88
1484707508	196	181.28	5965.43
1484880352	186	176.462	5811
1485053196	186	166.194	5472.26
1485226040	165	156.896	5163.89
1485398884	178	176.245	5812.01
1485571728	176	181.005	5958.28
1485744572	188	181.261	5959.88
1485917416	145	153.489	5056
1486090259	168	162.513	5344.43
1486263103	140	133.643	4405.3
1486435947	177	166.891	5490.69
1486608791	163	160.131	5319.25
1486781635	189	174.196	5687.35
1486954479	165	149.267	4919.44
1487127323	123	124.816	4119.56
1487300167	169	150.97	4956.95
1487473011	184	172.925	5690.53
1487645855	161	170.663	5619.6
1487818699	181	173.079	5697.55
1487991543	126	121.276	4006.64
1488164387	86	93.0922	3065.63
1488337230	100	100.536	3293.82
1488510074	169	170.375	5607.02
1488682918	163	170.894	5626.29
1488855762	193	166.246	5473.62
1489028606	173	167.67	5512.48
1489201450	161	167.303	5509.62
1489374294	196	169.217	5576.49
1489547138	182	166.036	5466.74
1489719982	193	169.314	5586.64
1489892826	159	154.39	5088.16
1490065670	146	146.978	4865.65
1490238514	119	109.028	3571.63
1490411358	162	138.008	4543.88
1490584201	156	158.055	5204.91
1490757045	166	170.245	5607.07
1490929889	137	145.259	4788.32
1491102733	135	119.811	3946.47
1491275577	150	158.871	5228.5
1491448421	171	163.507	5382.96
1491621265	175	167.196	5505.58
1491794109	147	156.404	5158.58
1491966953	136	130.368	4301.34
1492139797	146	159.881	5267.62
1492312641	151	160.969	5313.13
1492485485	161	159.149	5248.27
1492658329	156	158.218	5210.74
1492831172	151	159.571	5259.49
1493004016	155	144.764	4768.41
1493176860	193	160.668	5295.42
1493349704	141	152.81	5037.84
1493522548	158	164.874	5436.91
1493695392	195	163.974	5399.65
1493868236	161	166.038	5475.34
1494041080	186	169.62	5580.3
1494213924	143	155.372	5117.57
1494386768	164	169.732	5599.22
1494559612	154	168.232	5538.44
1494732456	212	168.594	5552.87
1494905300	179	170.163	5611.34
1495078143	166	134.012	4410.88
1495250987	162	170.95	5633.38
1495423831	173	174.183	5735.24
1495596675	166	173.16	5705.99
1495769519	181	172.472	5691.38
1495942363	188	172.89	5708.79
1496115207	173	167.388	5533.35
1496288051	125	133.75	4414.66
1496460895	182	177.856	5857.64
1496633739	149	174.683	5759.82
1496806583	167	165.176	5441.4
1496979427	175	177.966	5870.38
1497152271	192	176.925	5832.52
1497325114	179	175.97	5800.34
1497497958	167	176.164	5795.27
1497670802	180	177.243	5828.56
1497843646	192	176.589	5834.76
1498016490	158	170.93	5610.94
1498189334	102	112.172	3689.62
1498362178	110	114.427	3690.19
1498535022	59	53.6423	1811.41
1498707866	84	102.689	3316.19
1498880710	196	180.083	5946.33
1499053554	194	180.983	5963.74
1499226398	186	181.143	5970.56
1499399242	185	179.858	5938.8
1499572085	186	179.461	5918.48
1499744929	193	178.983	5908.62
1499917773	180	179.462	5907.44
1500090617	172	178.83	5891.17
1500263461	174	176.812	5849.25
1500436305	184	176.943	5840
1500609149	171	176.828	5831.44
1500781993	198	174.966	5760.01
1500954837	192	174.356	5754.01
1501127681	185	174.172	5741.56
1501300525	177	174.934	5768.37
1501473369	173	173.767	5742.02
1501646213	173	172.6	5700.05
1501819056	168	159.401	5259.46
1501991900	99	98.9027	3260.43
1502164744	97	97.5555	3209.42
1502337588	162	175.735	5783.19
1502510432	195	174.927	5766.06
1502683276	163	170.373	5609.33
1502856120	179	174.114	5743.01
1503028964	206	175.649	5780.88
1503201808	182	170.909	5640.37
1503374652	177	169.381	5573.48
1503547496	122	120.248	3962.63
1503720340	167	158.899	5233.9
1503893184	157	166.534	5485
1504066027	176	162.864	5374.29
1504238871	158	168.876	5558.42
1504411715	139	136.708	4509.61
1504584559	152	170.275	5619.3
1504757403	165	174.593	5753.79
1504930247	169	177.393	5845.69
1505103091	187	175.983	5803.45
1505275935	214	179.298	5912.51
1505448779	212	177.476	5861.23
1505621623	191	177.802	5867.45
1505794467	172	170.289	5602.69
1505967311	190	177.277	5850.57
1506140155	195	173.568	5723.48
1506312998	174	177.262	5843.56
1506485842	178	177.975	5873.11
1506658686	186	173.159	5703.67
1506831530	191	178.798	5882.02
1507004374	185	185.514	6101.77
1507177218	213	191.049	6277.92
1507350062	178	165.082	5438.51
1507522906	157	174.531	5748.66
1507695750	181	183.171	6041.39
1507868594	150	150.242	4962.82
1508041438	196	158.505	5215.23
1508214282	147	124.964	4125.6
1508387126	189	187.892	6186.08
1508559969	213	189.07	6231.97
1508732813	186	188.168	6199.22
1508905657	217	188.255	6198.2
1509078501	190	188.41	6202.36
1509251345	166	188.523	6199.5
1509424189	215	190.682	6279.33
1509597033	219	192.992	6348.28
1509769877	205	196.063	6456.86
1509942721	185	191.199	6297.89
1510115565	168	171.137	5636.53
1510288409	203	196.313	6466.99
1510461253	215	193.621	6371.32
1510634097	179	180.491	5935.24
1510806940	186	191.294	6294.6
1510979784	194	190.53	6267.62
1511152628	202	181.404	5972.27
1511325472	189	192.471	6338.77
1511498316	195	191.45	6301.99
1511671160	182	191.118	6291.9
1511844004	196	190.215	6267.95
1512016848	199	192.439	6333.41
1512189692	149	154.14	5055.07
1512362536	120	133.938	4435.25
1512535380	204	185.123	6094.18
1512708224	130	129.666	4210.49
1512881068	149	159.336	5170.81
1513053911	164	183.075	6023.49
1513226755	180	190.613	6276.07
1513399599	176	167.489	5569.95
1513572443	209	178.069	5799.5
1513745287	219	190.995	6280.85
1513918131	206	193.442	6364.15
1514090975	193	194.708	6413.02
1514263819	169	164.425	5412.56
1514436663	223	189.023	6221.02
1514609507	183	183.209	6030.13
1514782351	147	149.589	4924.85
1514955195	202	184.29	6057.86
1515128039	199	190.589	6267.28
1515300882	174	175.651	5793.79
1515473726	155	132.968	4387.33
1515646570	144	148.173	4868.79
1515819414	194	178.755	5884.47
1515992258	157	164.449	5408.01
1516165102	181	168.657	5555.91
1516337946	170	187.715	6182.74
1516510790	189	176.683	5825.76
1516683634	139	152.74	5011.36
1516856478	170	163.357	5377.76
1517029322	188	184.293	6063.39
1517202166	163	166.584	5480.96
1517375010	192	175.671	5785.64
1517547853	171	165.37	5440.69
1517720697	144	165.485	5445.85
1517893541	194	182.272	5995.48
1518066385	174	172.938	5687.98
1518239229	195	181.864	5987.02
1518412073	181	186.247	6143.85
1518584917	205	182.355	6004.79
1518757761	175	169.555	5585.16
1518930605	195	157.844	5191.31
1519103449	154	164.002	5396.84
1519276293	170	156.874	5169.93
1519449137	148	145.571	4798.13
1519621981	187	161.217	5312.35
1519794824	182	152.305	5017.57
1519967668	210	190.267	6265.79
1520140512	165	171.943	5660.14
1520313356	180	190.959	6296.02
1520486200	176	175.358	5770.56
1520659044	195	189.021	6216.37
1520831888	204	189.699	6244.45
1521004732	195	185.495	6104.14
1521177576	188	191.283	6292.58
1521350420	217	192.027	6315.77
1521523264	197	191.518	6311.31
1521696108	210	190.987	6283.41
1521868952	214	191.755	6314.85
1522041795	182	191.307	6307.59
1522214639	181	192.353	6334.61
1522387483	175	184.77	6088.62
1522560327	186	192.284	6335.91
1522733171	169	190.233	6264.82
1522906015	194	188.619	6209.63
1523078859	134	143.809	4735.53
1523251703	192	184.137	6060.9
1523424547	164	183.373	6029.06
1523597391	171	162.669	5371.25
1523770235	203	181.741	5996.15
1523943079	209	182.512	6016.43
1524115923	177	182.432	6010.46
1524288766	200	182.399	6006.79
1524461610	177	186.354	6142.69
1524634454	196	193.174	6367.15
1524807298	187	193.538	6370.92
1524980142	209	192.279	6338.62
1525152986	189	192.875	6361.71
1525325830	198	194.088	6393.43
1525498674	201	192.899	6360.66
1525671518	178	191.643	6318
1525844362	179	190.396	6275.12
1526017206	194	188.004	6199.98
1526190050	195	186.288	6134.16
1526362894	161	186.116	6133.94
1526535737	173	184.705	6087.84
1526708581	205	183.821	6069.75
1526881425	225	183.123	6038.93
1527054269	216	185.736	6006.35
1527227113	202	187.084	6175.81
1527399957	194	186.562	6136.84
1527572801	182	186.293	6133
1527745645	176	183.393	6056.25
1527918489	198	182.105	6021.01
1528091333	174	180.29	5960.01
1528264177	186	176.351	5819.31
1528437021	199	181.858	5984.96
1528609865	207	189.254	6220.61
1528782708	189	188.46	6217.3
1528955552	202	188.145	6221.17
1529128396	218	189.567	6263.32
1529301240	209	191.211	6309.64
1529474084	222	191.359	6307.57
1529646928	216	191.532	6312.71
1529819772	186	189.866	6264.45
1529992616	179	187.978	6188.54
1530165460	188	186.348	6133.64
1530338304	199	186.678	6148.86
1530511148	157	169.677	5596.26
1530683992	172	181.73	5992.74
1530856836	157	178.87	5897.02
1531029679	167	173.393	5733.4
1531202523	188	171.768	5673.56
1531375367	198	179.982	5932.14
1531548211	190	180.83	5951.21
1531721055	156	180.709	5962.3
1531893899	193	180.097	5938.8
1532066743	181	175.735	5802.5
1532239587	177	177.304	5842.87
1532412431	168	176.491	5836.49
1532585275	197	178.509	5896.47
1532758119	196	183.582	6055.11
1532930963	190	184.235	6079.84
1533103807	181	186.067	6141.32
1533276650	195	188.062	6201.83
1533449494	164	156.506	5161.96
1533622338	169	177.434	5841.14
1533795182	186	191.403	6325.65
1533968026	212	193.465	6377.67
1534140870	187	194.108	6402.04
1534313714	225	194.47	6420.99
1534486558	232	196.488	6476.02
1534659402	212	195.339	6460.57
1534832246	192	195.427	6454.48
1535005090	189	196.026	6452.32
1535177934	196	195.456	6457.66
1535350778	152	148.57	4896.55
