1388620500	664	658.647	6108.75
1388706900	606	622.99	6056.26
1388793300	630	614.472	6099.54
1388879700	328	321.975	3055.3
1388966100	320	319.228	2990.45
1389052500	696	650.705	6048.86
1389138900	644	626.592	6022.93
1389225300	682	655.568	6048.01
1389311700	637	640.237	6017.91
1389398100	604	619.172	6028.33
1389484500	595	602.812	6011.6
1389570900	683	631.248	6030.11
1389657300	648	629.506	5953.94
1389743700	638	644.908	6059.98
1389830100	660	662.841	6198.4
1389916500	660	665.045	6161.08
1390002900	711	655.622	6237.23
1390089300	647	659.673	6262.61
1390175700	609	581.827	5413.65
1390262100	711	686.914	6206.38
1390348500	665	683.054	6187.07
1390434900	653	640.169	5794.17
1390521300	498	499.388	4755.57
1390607700	586	576.331	6021.41
1390694100	598	595.235	5835.83
1390780500	606	632.968	5977.62
1390866900	581	594.182	5689.51
1390953300	585	564.53	5599.44
1391039700	661	641.298	6096.88
1391126100	671	654.83	6113.7
1391212500	673	649.033	6094.58
1391298900	662	648.426	6039.5
1391385300	658	634.724	5934.66
1391471700	621	643.828	6053.8
1391558100	651	657.948	5984.08
1391644500	440	445.198	4227.72
1391730900	581	567.61	5437.7
1391817300	628	655.445	6049.45
1391903700	643	641.39	6037.41
1391990100	615	611.178	5861.81
1392076500	473	535.424	5120.58
1392162900	620	613.177	5867.46
1392249300	621	611.631	5942.6
1392335700	516	543.521	5770.62
1392422100	271	259.457	2723.92
1392508500	225	245.954	2507.65
1392594900	242	240.069	2446.95
1392681300	414	439.527	4351.97
1392767700	489	483.949	4673.01
1392854100	471	458.902	4461.92
1392940500	459	482.253	4707.86
1393026900	521	535.746	5348.28
1393113300	640	610.195	5993.2
1393199700	616	599.738	5680.64
1393286100	509	557.761	5916.35
1393372500	471	478.294	5079.89
1393458900	547	555.288	5647.49
1393545300	614	579.642	5631.05
1393631700	349	349.184	3458.33
1393718100	603	562.596	5778.08
1393804500	568	575.827	5832.9
1393890900	606	590.662	5848.22
1393977300	579	601.758	5839.76
1394063700	541	579.757	5849.73
1394150100	588	587.276	5892.52
1394236500	628	590.295	5800.62
1394322900	661	619.109	5855.38
1394409300	505	562.272	5492.02
1394495700	565	579.446	5718.1
1394582100	582	567.843	5529.95
1394668500	581	592.248	5733.05
1394754900	607	590.993	5852.39
1394841300	587	603.829	5858.34
1394927700	585	618.234	5814.78
1395014100	626	613.856	5832.2
1395100500	501	554.01	5660.5
1395186900	582	579.546	5892.14
1395273300	673	623.431	6094.45
1395359700	638	637.13	6048.74
1395446100	601	589.337	6249.44
1395532500	686	616.498	6322.03
1395618900	649	638.704	6273.17
1395705300	663	616.575	6272.92
1395791700	657	606.045	6351.97
1395878100	576	624.68	6309.05
1395964500	621	597.728	5819
1396050900	617	636.714	6013.67
1396137300	685	633.087	5830.95
1396223700	632	627.892	6205.99
1396310100	577	614.636	6269.93
1396396500	610	589.937	6261.93
1396482900	595	584.746	5907.88
1396569300	629	629.574	6226.53
1396655700	625	649.318	6392.7
1396742100	648	651.088	6363.13
1396828500	461	458.374	4457.83
1396914900	619	650.947	6377.48
1397001300	465	453.764	4503.54
1397087700	638	637.452	6314.61
1397174100	614	625.054	6455.75
1397260500	664	646.29	6504.65
1397346900	588	600.566	6530.51
1397433300	550	524.431	5609.81
1397519700	463	453.388	4650.96
1397606100	63	51.2565	515.128
1397692500	527	488.102	5039.94
1397778900	609	609.159	6381.08
1397865300	639	610.451	6355.93
1397951700	586	587.741	6234.44
1398038100	610	603.904	6282
1398124500	585	601.447	6300.16
1398210900	269	281.24	2875.39
1398297300	587	599.712	6112.14
1398383700	543	564.896	5765.18
1398470100	652	636.83	6340.24
1398556500	704	646.828	6341.65
1398642900	592	607.591	6361.11
1398729300	577	604.708	6420.06
1398815700	599	609.889	6281.44
1398902100	626	667.325	6499.76
1398988500	586	660.372	6457.42
1399074900	605	630.209	6271.12
1399161300	615	641.198	6405.92
1399247700	608	636.358	6404.11
1399334100	632	597.172	6121.1
1399420500	670	626.663	6426.27
1399506900	641	609.503	6351.12
1399593300	591	628.32	6432.92
1399679700	622	630.99	6348.1
1399766100	596	577.957	5904.19
1399852500	655	614.407	6410.56
1399938900	600	596.964	6106.54
1400025300	649	624.708	6201.2
1400111700	633	619.649	6270.9
1400198100	507	504.482	5153.96
1400284500	600	576.874	6037.59
1400370900	602	592.996	6333.76
1400457300	619	604.592	6402.44
1400543700	585	593.422	6212.89
1400630100	632	617.478	6250.61
1400716500	559	599.265	6293.67
1400802900	587	553.169	6338.17
1400889300	580	559.209	6260.62
1400975700	597	591.384	6247.65
1401062100	561	532.058	5726.71
1401148500	588	579.006	6218.83
1401234900	574	572.084	6012.78
1401321300	692	664.325	6399.75
1401407700	668	646.883	6503.77
1401494100	630	618.756	6571.22
1401580500	606	620.645	6604.46
1401666900	664	638.451	6566.15
1401753300	691	707.401	6683.76
1401839700	689	702.617	6640.93
1401926100	661	661.087	6637.07
1402012500	624	637.619	6623.65
1402098900	615	658.776	6649.59
1402185300	639	645.91	6613.61
1402271700	653	653.521	6561.69
1402358100	699	630.233	6623.5
1402444500	683	692.884	6610.78
1402530900	669	655.002	6290.95
1402617300	595	611.857	6612.89
1402703700	612	567.826	6325.02
1402790100	662	608.246	6513.56
1402876500	612	611.861	6514.36
1402962900	629	589.312	6516.61
1403049300	578	577.788	6511.63
1403135700	596	564.216	6462.98
1403222100	610	590.2	6408.64
1403308500	657	623.663	6431.93
1403394900	673	641.206	6417.98
1403481300	596	564.482	5927.23
1403567700	603	596.758	6419.23
1403654100	608	605.603	6460.65
1403740500	616	598.471	6527.33
1403826900	582	565.35	6487.66
1403913300	598	562.37	6563.74
1403999700	576	580.872	6539.22
1404086100	613	592.74	6404.38
1404172500	579	621.93	6471.84
1404258900	623	632.509	6419.82
1404345300	599	609.188	6426.08
1404431700	630	614.125	6430.97
1404518100	580	606.947	6357.87
1404604500	603	582.189	6447.35
1404690900	608	594.228	6401.86
1404777300	579	571.873	6396.18
1404863700	628	576.307	6425.52
1404950100	566	578.864	6398.38
1405036500	611	573.804	6226.39
1405122900	604	598.992	6329.81
1405209300	615	597.671	6378.81
1405295700	638	616.393	6360.88
1405382100	635	616.751	6311.17
1405468500	522	576.672	6006.74
1405554900	612	588.193	6279.8
1405641300	594	553.196	6260.02
1405727700	565	569.822	6237.22
1405814100	590	553.192	5774.47
1405900500	536	479.149	4869.62
1405986900	611	599.472	6209.78
1406073300	552	544.563	5951.83
1406159700	522	509.657	5921.6
1406246100	596	569.792	6261.61
1406332500	555	575.493	6163.73
1406418900	521	555.267	6204.51
1406505300	576	575.969	6066.32
1406591700	590	614.165	6121.83
1406678100	514	585.807	6069.82
1406764500	614	596.54	6107.27
1406850900	611	620.451	6146.27
1406937300	587	650.364	6208.45
1407023700	607	642.807	6242.16
1407110100	554	581.566	6255.47
1407196500	609	590.675	6333.28
1407282900	610	638.11	6193.81
1407369300	550	559.45	6221.15
1407455700	562	545.081	6247.42
1407542100	580	580.826	6245.77
1407628500	664	621.024	6245.24
1407714900	561	593.369	6252.05
1407801300	559	576.989	6268.38
1407887700	561	541.278	6311.96
1407974100	575	569.821	6377.15
1408060500	632	603.514	6400.25
1408146900	654	603.198	6370.03
1408233300	605	602.821	6317
1408319700	591	612.462	6282.07
1408406100	677	624.454	6266.36
1408492500	627	626.533	6287.36
1408578900	689	640.163	6319.1
1408665300	648	634.076	6381.12
1408751700	621	616.059	6048.23
1408838100	550	578.486	5798.27
1408924500	584	605.385	6373.52
1409010900	598	575.353	6363.54
1409097300	625	592.358	6399.16
1409183700	623	607.51	6433.61
1409270100	597	628.082	6489.82
1409356500	683	653.552	6486.72
1409442900	628	629.362	6449.44
1409529300	682	659.96	6560.7
1409615700	676	656.819	6556.75
1409702100	645	656.045	6558.93
1409788500	667	651.845	6526.18
1409874900	569	577.814	5778.03
1409961300	610	634.671	6603.08
1410047700	612	640.793	6570.05
1410134100	662	649.666	6527
1410220500	663	672.465	6551.41
1410306900	634	602.915	6229.3
1410393300	615	618.609	6592.42
1410479700	607	638.706	6581.19
1410566100	650	650.649	6651.65
1410652500	622	609.508	6325.83
1410738900	575	575.505	6105.49
1410825300	687	644.734	6558.01
1410911700	636	660.086	6661.37
1410998100	554	614.792	6204.37
1411084500	625	604.676	6106.76
1411170900	629	640.198	6648.7
1411257300	637	648.63	6638.74
1411343700	741	689.271	6661.53
1411430100	604	608.259	6330.84
1411516500	653	650.253	6612.86
1411602900	662	674.415	6628.33
1411689300	612	636.99	6608.83
1411775700	632	641.656	6648.96
1411862100	649	689.317	6628.12
1411948500	699	678.803	6644.62
1412034900	677	657.195	6596.6
1412121300	658	619.919	6380.64
1412207700	647	637.701	6611.39
1412294100	599	650.797	6508.53
1412380500	578	658.705	6451.7
1412466900	617	605.854	6075.3
1412553300	537	541.684	5513.25
1412639700	724	650.571	6489.02
1412726100	710	695.026	6737.41
1412812500	676	685.928	6682.2
1412898900	642	646.776	6759.84
1412985300	547	535.864	5614.02
1413071700	301	291.641	3000.98
1413158100	288	296.119	2998.57
1413244500	296	300.076	2989.73
1413330900	534	531.659	5181.6
1413417300	692	698.421	6811.15
1413503700	720	690.804	6791.65
1413590100	705	710.743	6783.02
1413676500	657	670.384	6801.88
1413762900	606	636.674	6484.7
1413849300	702	686.926	6825.01
1413935700	676	702.011	6758.66
1414022100	708	690.432	6761.15
1414108500	657	692.512	6741.61
1414194900	708	703.287	6819.21
1414281300	733	721.347	6740.23
1414367700	703	717.134	6754.01
1414454100	706	700.882	6808.24
1414540500	736	727.772	6810.79
1414626900	701	703.445	6823.12
1414713300	677	692.39	6826.75
1414799700	590	650.217	6811.78
1414886100	551	608.314	6687.59
1414972500	665	635.624	6673.51
1415058900	666	665.364	6758.26
1415145300	700	685.732	6780.89
1415231700	654	666.998	6543.31
1415318100	700	673.975	6574.68
1415404500	671	683.032	6742.49
1415490900	656	678.194	6666.92
1415577300	679	665.877	6426.07
1415663700	713	702.691	6744.91
1415750100	684	678.409	6680.24
1415836500	568	573.279	5893.88
1415922900	686	679.577	6774.76
1416009300	710	705.206	6773.03
1416095700	723	696.846	6800.04
1416182100	718	702.021	6764.57
1416268500	660	647.048	5969.11
1416354900	703	706.75	6603
1416441300	631	681.961	6703.77
1416527700	543	491.418	4949.19
1416614100	638	657.555	6598.44
1416700500	663	687.667	6599.24
1416786900	679	703.598	6586.67
1416873300	569	605.126	6015.97
1416959700	663	641.347	6333.6
1417046100	702	658.171	6446.37
1417132500	719	676.226	6493.3
1417218900	708	701.31	6555.34
1417305300	560	590.912	6149.7
1417391700	454	451.603	4825.7
1417478100	620	644.5	6532.92
1417564500	672	677.507	6534.14
1417650900	678	692.031	6536.11
1417737300	700	703.468	6518.79
1417823700	713	702.501	6461.83
1417910100	695	676.093	6530.25
1417996500	703	678.433	6533.93
1418082900	730	705.922	6541.9
1418169300	633	622.531	5809.02
1418255700	687	661.754	6483.66
1418342100	636	621.051	6096.04
1418428500	470	513.692	5042.46
1418514900	685	657.136	6413.58
1418601300	615	620.558	5967.02
1418687700	506	514.477	5038.99
1418774100	492	526.369	5320.28
1418860500	601	615.483	6089.45
1418946900	687	651.429	6101.68
1419033300	680	697.362	6417.06
1419119700	630	649.177	6434.06
1419206100	534	515.472	5283.45
1419292500	499	548.313	5659.3
1419378900	592	606.11	5831.32
1419465300	601	579.686	5488
1419551700	650	574.976	5472.8
1419638100	656	626.682	5986.83
1419724500	678	657.486	6244.16
1419810900	577	617.516	5797.08
1419897300	689	678.559	6335.77
1419983700	526	557.238	5245.01
1420070100	651	657.382	6173.57
1420156500	618	638.043	6342.81
1420242900	629	644.387	6280.5
1420329300	677	654.535	6327.36
1420415700	697	670.413	6306.48
1420502100	713	664.61	6155.19
1420588500	717	667.48	6309.19
1420674900	660	669.442	6412.03
1420761300	680	677.23	6401.46
1420847700	683	677.845	6430.96
1420934100	642	617.183	5868.69
1421020500	538	512.141	4898.21
1421106900	600	606.71	5756.9
1421193300	590	624.494	5888.4
1421279700	502	527.221	5127.34
1421366100	652	655.061	6287.95
1421452500	394	347.385	3260.33
1421538900	0	0	0
1421625300	0	0	0
1421711700	0	0	0
1421798100	0	0	0
1421884500	0	0	0
1421970900	0	0	0
1422057300	0	0	0
1422143700	0	0	0
1422230100	0	0	0
1422316500	0	0	0
1422402900	0	0	0
1422489300	0	0	0
1422575700	0	0	0
1422662100	0	0	0
1422748500	0	0	0
1422834900	0	0	0
1422921300	0	0	0
1423007700	0	0	0
1423094100	0	0	0
1423180500	0	0	0
1423266900	0	0	0
1423353300	0	0	0
1423439700	0	0	0
1423526100	0	0	0
1423612500	0	0	0
1423698900	0	0	0
1423785300	0	0	0
1423871700	0	0	0
1423958100	204	238.191	2348.38
1424044500	661	624.086	6002.66
1424130900	595	555.118	5352.93
1424217300	671	650.159	6123.15
1424303700	650	621.669	6177.12
1424390100	617	613.964	6107.27
1424476500	547	562.374	5797.96
1424562900	596	603.265	5997.51
1424649300	604	617.503	6068.33
1424735700	641	633.004	6040.31
1424822100	534	516.012	5080.01
1424908500	549	562.243	5873.93
1424994900	512	500.048	4990.02
1425081300	593	579.054	5848.5
1425167700	643	600.076	5870.84
1425254100	621	602.874	5826.98
1425340500	471	438.184	4265.85
1425426900	326	321.523	3151.26
1425513300	0	0	0
1425599700	0	0	0
1425686100	0	0	0
1425772500	0	0	0
1425858900	0	0	0
1425945300	0	0	0
1426031700	1	3.70946	0
1426118100	677	644.356	5975.91
1426204500	452	423.713	3961.56
1426290900	599	602.954	5869.55
1426377300	593	581.933	5827.25
1426463700	594	608.031	5927.11
1426550100	589	575.065	5509.2
1426636500	489	500.581	4829.55
1426722900	576	592.944	5624.79
1426809300	262	260.096	2468.68
1426895700	402	405.28	4131.53
1426982100	551	561.363	5761.64
1427068500	2	0	0
1427154900	313	330.117	3344.26
1427241300	453	465.275	4916.11
1427327700	457	451.274	4797.24
1427414100	488	471.863	4870.9
1427500500	578	550.646	5591.84
1427586900	559	579.852	5793.31
1427673300	602	587.574	5793.72
1427759700	606	565.521	5813.4
1427846100	578	571.317	5751.11
1427932500	550	587.343	5740.62
1428018900	646	602.585	5781.23
1428105300	573	589.805	5777.61
1428191700	553	582.101	5743.57
1428278100	571	563.719	5769.84
1428364500	601	592.552	5855.2
1428450900	571	587.859	5763.05
1428537300	572	573.882	5657.99
1428623700	572	578.545	5766.21
1428710100	597	572.227	5751.33
1428796500	607	577.593	5701.37
1428882900	571	556.382	5342.54
1428969300	564	564.563	5512.23
1429055700	550	557.859	5559.33
1429142100	543	569.416	5659.64
1429228500	548	562.139	5680.53
1429314900	529	505.044	5157.9
1429401300	649	606.656	5717
1429487700	584	579.469	5775.08
1429574100	556	557.545	5866.58
1429660500	610	582.485	6109.7
1429746900	601	607.075	6289.6
1429833300	633	601.68	6181.2
1429919700	627	609.821	6308.88
1430006100	658	620.438	6248.68
1430092500	628	624.055	6269.54
1430178900	659	616.053	6291.53
1430265300	591	624.115	6349.9
1430351700	609	626.133	6353.09
1430438100	637	593.945	5956.33
1430524500	660	663.645	6450.65
1430610900	636	629.866	6379.15
1430697300	676	602.857	6284.5
1430783700	622	605.116	6341.45
1430870100	572	592.346	6410.98
1430956500	584	590.428	6476.88
1431042900	663	624.41	6504.24
1431129300	682	648.004	6545.63
1431215700	640	618.196	6515.97
1431302100	583	617.294	6469.55
1431388500	661	615.324	6367.83
1431474900	627	621.975	6456.55
1431561300	607	631.718	6466.11
1431647700	657	648.649	6524.08
1431734100	658	625.368	6367.19
1431820500	650	593.774	5950.88
1431906900	593	588.713	5996.82
1431993300	653	616.428	6420.62
1432079700	578	584.381	5962.26
1432166100	665	646.705	6313.77
1432252500	607	632.648	6373.72
1432338900	541	622.75	6393.98
1432425300	599	596.793	6399.42
1432511700	615	575.714	6335.59
1432598100	622	589.314	6369.62
1432684500	594	581.517	6339.88
1432770900	667	590.442	6354.76
1432857300	667	634.604	6370.55
1432943700	633	623.076	6415.62
1433030100	608	607.022	6400.33
1433116500	620	603.756	6301.99
1433202900	677	632.887	6344.47
1433289300	521	549.864	5377.77
1433375700	642	623.94	6337.72
1433462100	697	643.28	6289.98
1433548500	696	674.186	6443.98
1433634900	617	642.004	6411.96
1433721300	652	615.794	6448.83
1433807700	638	628.197	6442.83
1433894100	646	609.661	6380.31
1433980500	639	594.545	6365.36
1434066900	605	574.033	6279.33
1434153300	536	532.764	5555.9
1434239700	0	0	0
1434326100	0	0	0
1434412500	454	500.718	5201.03
1434498900	625	609.826	6283.91
1434585300	277	288.568	3200.85
1434671700	597	565.529	6457.48
1434758100	683	634.734	6475.02
1434844500	618	609.622	6486.66
1434930900	634	600.101	6467.86
1435017300	576	561.549	6465.07
1435103700	590	561.602	6429.51
1435190100	675	590.52	6344.14
1435276500	565	579.479	6341.74
1435362900	626	582.964	6350.19
1435449300	558	568.646	6119.88
1435535700	597	598.235	6357.01
1435622100	657	617.972	6356.4
1435708500	605	604.171	6366.33
1435794900	591	611.301	6451.1
1435881300	569	591.934	6426.82
1435967700	573	562.116	6392.28
1436054100	605	595.375	6361.31
1436140500	666	632.754	6364.27
1436226900	577	596.694	6364.62
1436313300	603	577.864	6080.57
1436399700	506	532.648	5329.14
1436486100	634	632.505	6382.21
1436572500	612	601.665	6371.6
1436658900	593	632.814	6314.02
1436745300	607	604.993	6041.42
1436831700	591	586.097	6131.38
1436918100	571	578.664	6304.73
1437004500	573	594.4	6371.62
1437090900	574	589.242	6369.45
1437177300	641	631.811	6365.87
1437263700	577	574.582	6102.99
1437350100	576	573.732	6359.7
1437436500	578	556.246	6315.26
1437522900	592	580.322	6314.32
1437609300	577	565.164	6249.93
1437695700	588	576.362	6308.42
1437782100	577	587.539	6268.24
1437868500	716	619.412	6287.81
1437954900	534	535.473	5082.18
1438041300	605	616.253	6034.48
1438127700	647	595.195	6284.48
1438214100	637	585.394	6265.73
1438300500	621	617.382	6239.18
1438386900	577	605.79	6226.76
1438473300	580	619.734	6134.31
1438559700	549	562.373	5709.11
1438646100	607	578.333	6110.89
1438732500	572	608.706	6128.2
1438818900	623	649.15	6120.31
1438905300	656	611.102	5987.95
1438991700	512	509.091	5186.84
1439078100	393	395.801	4093.96
1439164500	299	271.928	2811.55
1439250900	0	0	0
1439337300	2	7.78849	0
1439423700	387	406.276	4563.43
1439510100	437	430.746	4816.14
1439596500	570	546.817	5731.89
1439682900	482	540.582	5761.73
1439769300	475	479.722	5139.36
1439855700	542	540.373	5568.16
1439942100	494	553.015	5861.94
1440028500	599	576.808	6031.21
1440114900	622	587.281	5931.97
1440201300	567	609.495	6020.92
1440287700	552	586.692	6035.75
1440374100	512	564.85	5996.08
1440460500	617	606.667	5941.61
1440546900	614	604.944	5985.78
1440633300	526	554.722	5728.28
1440719700	611	602.917	6022.67
1440806100	621	625.975	6015.94
1440892500	447	462.543	4531.84
1440978900	367	367.716	3712.61
1441065300	346	399.935	4329.37
1441151700	501	482.397	5220.82
1441238100	498	543.937	5878.17
1441324500	555	558.158	5932.7
1441410900	570	557.552	5962.75
1441497300	482	468.739	4744.31
1441583700	344	328.608	3142.61
1441670100	66	95.4603	958.698
1441756500	0	0	0
1441842900	536	565.853	5836.84
1441929300	533	556.994	5977.99
1442015700	588	566.174	5996.5
1442102100	571	565.378	5975.27
1442188500	564	583	5950.4
1442274900	611	613.808	5992.67
1442361300	644	592.909	5961.22
1442447700	567	586.406	5953.28
1442534100	575	576.484	5946.54
1442620500	576	573.02	5956.89
1442706900	622	585.995	5970.06
1442793300	597	601.739	5948.43
1442879700	93	98.1109	990.51
1442966100	382	405.093	4122.58
1443052500	493	489.649	4931.76
1443138900	491	495.163	5166.01
1443225300	564	580.045	6064.15
1443311700	584	593.4	6127.62
1443398100	635	625.012	6155.36
1443484500	609	619.497	6099.66
1443570900	570	614.163	6175.45
1443657300	680	649.045	6264.62
1443743700	500	490.314	5120.06
1443830100	395	372.749	4044.8
1443916500	260	261.739	2727.7
1444002900	279	246.656	2495.73
1444089300	239	257.214	2608.36
1444175700	444	432.49	4477.42
1444262100	522	536.292	5627.6
1444348500	513	503.138	5485.25
1444434900	450	444.416	5050.59
1444521300	354	385.235	4415.81
1444607700	442	485.071	5336.99
1444694100	524	559.802	5622.53
1444780500	391	401.816	3877.1
1444866900	625	599.088	5957.93
1444953300	585	608.306	6320.38
1445039700	543	594.042	6363.16
1445126100	613	610.867	6389.68
1445212500	663	658.545	6390.27
1445298900	628	624.214	6259.99
1445385300	506	534.284	5365.9
1445471700	617	630.993	6415.71
1445558100	562	616.389	6509.49
1445644500	567	556.327	5980.26
1445730900	574	565.073	5914.93
1445817300	570	605.117	6160.37
1445903700	617	632.177	6338.56
1445990100	648	600.47	5953.8
1446076500	621	618.355	6065.54
1446162900	621	615.786	6253.19
1446249300	492	505.188	5295.98
1446335700	490	468.528	4903.17
1446422100	484	485.69	4929.14
1446508500	431	413.635	4090.68
1446594900	462	444.088	4720.56
1446681300	597	589.483	6243.67
1446767700	628	600.997	6227.5
1446854100	617	633.325	6306.68
1446940500	673	649.894	6323.25
1447026900	563	544.249	5192.69
1447113300	547	547.935	5491.22
1447199700	591	614.418	6326.55
1447286100	644	620.079	6042.6
1447372500	661	639.057	6302.99
1447458900	665	651.603	6334.23
1447545300	693	666.228	6299.18
1447631700	715	665.074	6293.7
1447718100	578	629.766	5945.34
1447804500	589	586.416	5718.2
1447890900	612	640.99	6235.78
1447977300	625	618.056	6288.09
1448063700	663	651.008	6305.76
1448150100	605	641.82	6320.79
1448236500	622	648.991	6331.25
1448322900	531	544.249	5246.37
1448409300	654	662.558	6303.69
1448495700	514	464.073	4451.74
1448582100	612	637.947	6334.69
1448668500	514	520.272	5220.64
1448754900	578	564.196	5725.06
1448841300	521	504.181	5035.83
1448927700	492	500.426	4788.21
1449014100	485	465.932	4659.31
1449100500	550	558.043	5596.11
1449186900	609	625.211	6115.1
1449273300	478	480.469	4774.21
1449359700	609	603.93	6092.13
1449446100	641	633.443	6083.88
1449532500	565	540.669	5102.6
1449618900	537	578.915	5645.78
1449705300	608	626.83	6028.06
1449791700	635	638.655	6056.63
1449878100	496	513.221	4740.33
1449964500	640	632.799	5966
1450050900	602	630.235	5896.83
1450137300	293	312.584	2972.93
1450223700	606	594.009	5729.22
1450310100	636	647.828	6059.1
1450396500	603	636.632	6172.23
1450482900	642	616.712	6206.98
1450569300	649	638.926	6224.93
1450655700	609	619.204	5870.45
1450742100	601	598.296	5579.48
1450828500	640	600.518	5570.17
1450914900	634	619.718	5918.68
1451001300	661	636.841	6035.59
1451087700	566	547.855	5181.81
1451174100	621	641.842	5934.36
1451260500	678	651.856	5962.11
1451346900	295	277.418	2537.2
1451433300	0	0	0
1451519700	0	0	0
1451606100	0	0	0
1451692500	0	0	0
1451778900	0	0	0
1451865300	0	0	0
1451951700	484	473.411	4623.75
1452038100	488	489.906	4994.67
1452124500	542	526.988	5213.49
1452210900	281	315.555	3041.66
1452297300	453	473.161	4624.06
1452383700	482	478.729	4769.9
1452470100	545	585.429	5586.06
1452556500	595	612.776	5679.87
1452642900	579	591.045	5701.15
1452729300	597	606.658	5838.1
1452815700	573	620.179	5900.45
1452902100	307	310.779	2963.15
1452988500	618	624.981	5890.85
1453074900	607	606.863	5882.26
1453161300	623	624.141	5903.11
1453247700	629	636.312	5908.91
1453334100	574	595.023	5628.48
1453420500	592	601.095	5586.02
1453506900	684	609.121	5766.59
1453593300	418	376.456	3486.78
1453679700	411	411.15	3936.38
1453766100	589	519.2	5120.42
1453852500	511	455.077	4429.98
1453938900	528	565.675	5408.35
1454025300	491	499.531	4808.94
1454111700	283	259.453	2509.86
1454198100	447	436.565	4438.07
1454284500	486	499.392	5005.71
1454370900	501	501.063	4917.26
1454457300	446	480.029	4630.59
1454543700	582	592.4	5539.41
1454630100	548	550.391	5273.37
1454716500	430	436.368	4242.43
1454802900	450	460.752	4389.6
1454889300	467	510.381	4878.18
1454975700	590	564.302	5391.79
1455062100	609	567.932	5438.51
1455148500	366	392.429	3767.58
1455234900	541	585.785	5448.42
1455321300	592	603.718	5572.18
1455407700	558	564.785	5427.52
1455494100	586	586.798	5560.56
1455580500	592	593.704	5451.72
1455666900	602	612.578	5579.02
1455753300	633	593.015	5657.2
1455839700	575	579.653	5552.61
1455926100	597	584.452	5763.06
1456012500	326	305.449	2879.87
1456098900	558	592.135	5428.48
1456185300	550	527.713	4997.41
1456271700	577	567.418	5421.11
1456358100	654	602.171	5767.06
1456444500	649	638.653	5988.28
1456530900	578	628.9	6052.04
1456617300	320	313.621	3007.99
1456703700	581	591.877	5848.38
1456790100	614	588.067	5747.1
1456876500	586	599.548	5970.06
1456962900	305	305.141	2972.62
1457049300	653	594.296	5749.78
1457135700	325	302.885	2944.59
1457222100	542	568.146	5595.24
1457308500	480	477.109	4652.11
1457394900	550	585.453	5870.39
1457481300	602	600.659	5916.13
1457567700	572	580.998	5965
1457654100	561	567.475	5838.85
1457740500	566	584.911	5886.22
1457826900	609	596.886	5941.69
1457913300	645	591.129	5761.12
1457999700	568	573.688	5537.51
1458086100	598	601.669	5868.16
1458172500	610	626.877	5927.05
1458258900	465	476.732	4560.08
1458345300	281	267.582	2771.44
1458431700	279	258.299	2615.38
1458518100	56	57.9532	583.139
1458604500	331	288.441	2822.29
1458690900	279	270.181	2659.92
1458777300	647	618.642	6040.01
1458863700	251	283.552	2938.84
1458950100	162	167.551	1757.34
1459036500	250	249.75	2525.45
1459122900	292	272.78	2693.42
1459209300	311	270.971	2674.19
1459295700	334	309.069	2985.77
1459382100	523	551.732	5273.5
1459468500	522	484.097	4876.24
1459554900	272	248.784	2461.26
1459641300	227	236.286	2354.09
1459727700	365	407.392	4069.95
1459814100	558	587.66	6012.27
1459900500	615	601.113	6065.61
1459986900	605	618.357	5996.89
1460073300	622	611.567	6055.75
1460159700	467	463.537	4718.96
1460246100	588	576.912	6065.33
1460332500	579	550.54	6007.86
1460418900	561	551.214	5963.29
1460505300	602	564.305	5890.1
1460591700	602	602.257	5888.06
1460678100	608	606.612	5884.38
1460764500	569	597.06	5881.57
1460850900	614	580.627	5877.93
1460937300	477	476.823	4958.45
1461023700	441	432.38	4478.19
1461110100	516	520.618	5250.25
1461196500	606	600.527	5928.73
1461282900	599	588.605	6033.01
1461369300	646	619.588	6018.19
1461455700	603	600.741	5970.89
1461542100	455	502.603	5478.37
1461628500	0	0	0
1461714900	266	257.851	2913.4
1461801300	540	537.42	5863.23
1461887700	538	545.63	5878.86
1461974100	536	520.521	5770.22
1462060500	571	546.04	5694.12
1462146900	518	551.62	5656.32
1462233300	529	514.803	5544.39
1462319700	417	430.086	4520.52
1462406100	506	519.749	5356.45
1462492500	548	543.621	5671.67
1462578900	395	408.587	4308.72
1462665300	434	437.814	4533.21
1462751700	405	428.286	4426.18
1462838100	426	428.046	4446.39
1462924500	136	120.224	1264.01
1463010900	0	0	0
1463097300	0	0	0
1463183700	0	0	0
1463270100	0	0	0
1463356500	0	0	0
1463442900	0	0	0
1463529300	0	0	0
1463615700	0	0	0
1463702100	0	0	0
1463788500	0	0	0
1463874900	0	0	0
1463961300	101	115.199	1245.17
1464047700	152	147.457	1569.19
1464134100	158	179.569	1868.01
1464220500	445	464.668	5046.6
1464306900	446	451.173	5028.42
1464393300	393	350.179	3860.76
1464479700	126	135.101	1483.76
1464566100	169	151.63	1606.58
1464652500	141	149.752	1553.1
1464738900	166	159.093	1677.9
1464825300	244	228.341	2364.62
1464911700	520	499.345	5346.37
1464998100	160	166.61	1747.88
1465084500	325	314.763	3396.38
1465170900	173	168.611	1821.47
1465257300	205	180.908	2018.28
1465343700	241	234.409	2715.92
1465430100	199	196.34	2150.21
1465516500	305	316.576	3588.21
1465602900	466	466.628	5425.3
1465689300	499	487.054	5491.73
1465775700	556	511.567	5489.24
1465862100	522	521.896	5489.19
1465948500	509	504.43	5485.32
1466034900	506	477.701	5440.75
1466121300	463	491.147	5543.13
1466207700	529	503.542	5555.05
1466294100	496	501.743	5543.69
1466380500	491	496.881	5526.99
1466466900	495	490.935	5485.97
1466553300	490	504.109	5497.77
1466639700	534	516.626	5530.12
1466726100	508	501.389	5375.02
1466812500	444	462.207	5292.08
1466898900	486	456.57	5272.11
1466985300	508	468.539	5258.1
1467071700	2	0	0
1467158100	537	506.395	5300.91
1467244500	509	517.466	5410.98
1467330900	522	514.714	5576.04
1467417300	508	514.659	5524.57
1467503700	518	521.544	5572.32
1467590100	493	493.269	5366.81
1467676500	525	508.347	5559
1467762900	526	530.056	5702.83
1467849300	535	528.795	5708.9
1467935700	550	535.522	5708.89
1468022100	588	549.641	5713.44
1468108500	586	551.586	5714.04
1468194900	526	567.051	5708.09
1468281300	336	373.422	3948.84
1468367700	487	511.623	5269.19
1468454100	568	576.78	5801.69
1468540500	533	549.011	5811.18
1468626900	470	496.732	5645.4
1468713300	490	514.999	5795.29
1468799700	525	537.019	5796.16
1468886100	540	517.686	5806.94
1468972500	560	537.312	5877.05
1469058900	610	560.921	5917.11
1469145300	593	557.91	5943.81
1469231700	597	585.653	5966.28
1469318100	585	566.989	5895.86
1469404500	563	563.233	5870.84
1469490900	506	530.818	5800.53
1469577300	524	516.757	5711.68
1469663700	524	530.211	5787.34
1469750100	549	542.369	5792.71
1469836500	559	552.715	5780.61
1469922900	561	558.412	5767.08
1470009300	577	540.433	5765.16
1470095700	592	517.774	5702.76
1470182100	573	542.747	5774.85
1470268500	587	564.208	5791.16
1470354900	536	558.667	5719.69
1470441300	589	548.506	5784.87
1470527700	566	540.772	5784.73
1470614100	566	558.826	5787.31
1470700500	548	528.64	5753.54
1470786900	571	531.446	5756.85
1470873300	600	548.611	5719.08
1470959700	577	562.483	5767.21
1471046100	573	589.283	5769.78
1471132500	607	582.485	5762.21
1471218900	572	583.861	5680.51
1471305300	586	595.02	5702.48
1471391700	544	565.756	5639.35
1471478100	436	427.556	4448.41
1471564500	529	518.94	5472.21
1471650900	491	524.177	5704.02
1471737300	484	485.195	5697.56
1471823700	528	518.202	5661.21
1471910100	567	530.004	5522.59
1471996500	581	549.806	5563.84
1472082900	577	571.01	5544.67
1472169300	596	568.963	5475.09
1472255700	518	527.374	5457.55
1472342100	493	519.653	5474.73
1472428500	493	496.443	5466.75
1472514900	573	515.649	5470.91
1472601300	511	548.352	5442.34
1472687700	516	499.359	5438.5
1472774100	469	476.621	5389.41
1472860500	442	466.356	5482.97
1472946900	424	461.552	5482.32
1473033300	438	468.099	5469.21
1473119700	490	476.608	5467.94
1473206100	502	505.424	5466.92
1473292500	548	533.07	5495.96
1473378900	553	549.387	5487.82
1473465300	590	538.141	5469.24
1473551700	533	534.788	5470.61
1473638100	519	547.24	5440.08
1473724500	418	422.339	4305.68
1473810900	318	314.284	3379.53
1473897300	481	486.676	5113.72
1473983700	516	541.654	5383.15
1474070100	536	546.562	5428.94
1474156500	493	517.471	5399.85
1474242900	492	499.18	5405.02
1474329300	576	520.187	5398.02
1474415700	558	543.221	5338.62
1474502100	526	542.863	5383.14
1474588500	508	492.973	5351.18
1474674900	475	476.657	5328.92
1474761300	504	508.047	5335.12
1474847700	544	527.208	5288.4
1474934100	548	536.582	5323.24
1475020500	498	526.66	5298.3
1475106900	491	495.223	5086
1475193300	526	505.193	5117.91
1475279700	503	493.455	5105.08
1475366100	509	496.47	5097.99
1475452500	515	497.097	5095.63
1475538900	500	526.864	5127.49
1475625300	463	488.964	5129
1475711700	432	471.598	4931.76
1475798100	522	505.661	5125.19
1475884500	474	493.94	5096.9
1475970900	476	500.698	5080.1
1476057300	514	493.141	5083.59
1476143700	503	512.873	5111.84
1476230100	508	528.433	5085.02
1476316500	509	527.397	5092.92
1476402900	478	503.768	5067.74
1476489300	446	513.554	5027.26
1476575700	358	368.054	3585.94
1476662100	471	466.738	4644.84
1476748500	331	351.458	3652.02
1476834900	280	300.356	3163.54
1476921300	354	345.515	3772.66
1477007700	469	485.043	5124.16
1477094100	501	527.656	5297.09
1477180500	382	373.273	3671.32
1477266900	426	449.155	4563.09
1477353300	418	498.757	5263
1477439700	486	495.853	5250.34
1477526100	500	501.417	5237.8
1477612500	0	0	0
1477698900	569	533.65	5225.51
1477785300	538	541.384	5256.52
1477871700	424	442.811	4360.97
1477958100	512	537.057	5214.15
1478044500	462	496.161	5186.91
1478130900	495	520.584	5156.59
1478217300	506	522.264	5129.25
1478303700	499	519.753	5129.46
1478390100	537	535.284	5092.5
1478476500	534	520.804	5132.02
1478562900	502	516.89	5122.81
1478649300	565	529.956	5070.78
1478735700	488	517.393	5045.11
1478822100	536	515.706	5047.72
1478908500	536	514.197	5085.64
1478994900	502	528.393	5089.36
1479081300	511	533.958	5124.89
1479167700	541	541.509	5074.98
1479254100	497	519.693	5014.59
1479340500	480	473.869	5003.19
1479426900	472	483.038	4979.81
1479513300	518	520.083	5020.22
1479599700	360	338.224	3236.3
1479686100	1	0	0
1479772500	473	458.562	4795.02
1479858900	474	497.966	4885.08
1479945300	349	402.734	3903.49
1480031700	328	306.161	2978.53
1480118100	414	382.728	3658.47
1480204500	337	326.891	3126.63
1480290900	0	0	0
1480377300	0	0	0
1480463700	491	465.751	4640.34
1480550100	514	520.39	4986.75
1480636500	531	501.49	4837.16
1480722900	526	500.533	4830.51
1480809300	535	538.591	5076.69
1480895700	364	365.301	3443.84
1480982100	531	523.344	5088.17
1481068500	506	526.005	5131.67
1481154900	444	480.626	4742.85
1481241300	528	526.323	5202.92
1481327700	573	546.017	5225.38
1481414100	587	541.727	5226.27
1481500500	503	558.158	5182.17
1481586900	544	546.469	5160.68
1481673300	526	513.666	5199.97
1481759700	533	537.17	5241.33
1481846100	563	557.698	5239.15
1481932500	559	567.277	5303.48
1482018900	550	533.86	5095.53
1482105300	517	550.898	5312.94
1482191700	532	520.135	4889.23
1482278100	586	567.459	5229.04
1482364500	600	552.465	5300.64
1482450900	524	555.832	5385.61
1482537300	535	540.56	5123.75
1482623700	516	519.891	4711.08
1482710100	585	569.337	5369.99
1482796500	493	517.664	5244.7
1482882900	507	492.181	4864.75
1482969300	598	587.522	5585.84
1483055700	624	610.831	5622.45
1483142100	627	613.146	5662.23
1483228500	558	573.855	5366.31
1483314900	539	567.768	5543.15
1483401300	599	595.332	5539.89
1483487700	585	596.551	5599.11
1483574100	620	596.543	5732.35
1483660500	605	592.991	5800.8
1483746900	604	623.781	5865.61
1483833300	568	570.624	5321.69
1483919700	299	319.548	2929.72
1484006100	634	621.339	5884.87
1484092500	607	617.085	5955.81
1484178900	613	625.552	5941.32
1484265300	667	640.647	5958.63
1484351700	629	626.739	5980.04
1484438100	497	510.45	4791.75
1484524500	474	499.638	4752.17
1484610900	593	628.436	5955.7
1484697300	630	632.789	5959.57
1484783700	609	623.332	5973.07
1484870100	633	596.612	5695.92
1484956500	654	623.559	5885.92
1485042900	562	532.713	5102.52
1485129300	630	584.552	5574.41
1485215700	585	531.898	5027.42
1485302100	551	573.301	5571.12
1485388500	554	574.646	5743.34
1485474900	630	591.645	5893.63
1485561300	648	625.655	5964.91
1485647700	690	646.542	5979.07
1485734100	661	650.988	5955.23
1485820500	671	626.09	5953.51
1485906900	466	445.641	4347.59
1485993300	595	593.372	5719.65
1486079700	557	593.11	5577.25
1486166100	481	483.664	4621.12
1486252500	364	344.988	3510.56
1486338900	583	570.282	5739.69
1486425300	572	604.255	5778.27
1486511700	534	556.198	5227.59
1486598100	574	561.564	5333.98
1486684500	527	513.527	5039.16
1486770900	567	587.575	5824.87
1486857300	629	603.22	5826.36
1486943700	495	491.589	4806.42
1487030100	460	454.081	4409.78
1487116500	379	426.148	4178.2
1487202900	425	426.366	4188.77
1487289300	525	508.71	4798.1
1487375700	585	592.513	5559.5
1487462100	647	589.329	5666.14
1487548500	590	602.427	5728.44
1487634900	620	604.051	5759.28
1487721300	589	572.623	5471.97
1487807700	580	604.791	5688.65
1487894100	648	606.026	5634.11
1487980500	401	390.659	3751.09
1488066900	348	366.077	3533.62
1488153300	305	317.405	3057.4
1488239700	316	318.499	3056.24
1488326100	288	280.393	2601.58
1488412500	512	512.515	4743.65
1488498900	582	577.984	5604.58
1488585300	559	566.897	5633.03
1488671700	530	574.039	5621.41
1488758100	570	560.498	5454.16
1488844500	595	567.149	5560.32
1488930900	603	582.368	5505.57
1489017300	592	593.815	5518.75
1489103700	528	558.404	5492.76
1489190100	596	553.77	5536.52
1489276500	511	542.272	5520.9
1489362900	561	548.268	5557.97
1489449300	603	586.375	5644.68
1489535700	544	554.287	5333.86
1489622100	585	540.042	5554.04
1489708500	532	532.811	5588.32
1489794900	601	553.044	5599.01
1489881300	580	560.864	5565.84
1489967700	482	455.688	4569.12
1490054100	536	528.721	5366.01
1490140500	232	235.053	2368.19
1490226900	366	353.787	3549.46
1490313300	596	574.537	5613.26
1490399700	394	379.919	3742.11
1490486100	499	553.515	5371.85
1490572500	508	522.891	5110.86
1490658900	558	542.398	5302.49
1490745300	567	560.096	5586.05
1490831700	554	575.002	5633.91
1490918100	538	562.927	5622.73
1491004500	358	344.675	3474.88
1491090900	329	343.746	3394.56
1491177300	462	458.577	4632.46
1491263700	504	533.763	5223.86
1491350100	555	560.163	5539.49
1491436500	497	528.712	5276.49
1491522900	603	577.561	5461.96
1491609300	530	544.205	5505
1491695700	507	528.349	5533.66
1491782100	469	520.767	5492.97
1491868500	304	281.046	2843.72
1491954900	499	511.079	5366.63
1492041300	477	460.779	4776.61
1492127700	524	545.515	5476.57
1492214100	509	517.248	5226.14
1492300500	516	514.317	5464.62
1492386900	460	504.955	5356.1
1492473300	500	503.803	5252.8
1492559700	523	516.134	5205.24
1492646100	524	518.415	5191.91
1492732500	530	523.967	5254.08
1492818900	503	512.581	5257.14
1492905300	545	520.06	5242.35
1492991700	470	472.73	4750.4
1493078100	411	478.249	4763.37
1493164500	556	509.083	5262.44
1493250900	554	513.591	5421.53
1493337300	572	538.058	5482.22
1493423700	436	448.006	4612.23
1493510100	578	520.934	5407.79
1493596500	602	533.61	5455.46
1493682900	551	542.224	5347.56
1493769300	534	534.776	5457.76
1493855700	523	521.513	5464.07
1493942100	555	541.555	5482.63
1494028500	607	572.085	5599.3
1494114900	559	584.25	5615.3
1494201300	486	464.011	4643.86
1494287700	512	530.318	5575.75
1494374100	508	526.384	5598.93
1494460500	505	543.636	5606.96
1494546900	556	552.359	5519.88
1494633300	493	551.076	5544.72
1494719700	583	550.372	5555.31
1494806100	544	529.122	5530.5
1494892500	558	529.957	5606.33
1494978900	576	558.619	5683.26
1495065300	372	378.579	3803.77
1495151700	489	468.88	4859.78
1495238100	530	553.289	5708.33
1495324500	579	569.623	5738.9
1495410900	581	573.338	5726.24
1495497300	544	550.812	5735.75
1495583700	550	544.835	5698.85
1495670100	540	551.497	5700.34
1495756500	523	530.194	5680.12
1495842900	488	503.019	5716.38
1495929300	477	497.127	5716.98
1496015700	527	478.125	5304.49
1496102100	520	509.669	5721.75
1496188500	555	519.299	5733.75
1496274900	292	285.041	3051.36
1496361300	539	535.637	5812.75
1496447700	618	582	5884.24
1496534100	552	576.635	5834.64
1496620500	521	534.866	5775.15
1496706900	486	520.123	5687.47
1496793300	476	495.544	5185.96
1496879700	567	565.953	5746.46
1496966100	529	554.842	5881.05
1497052500	547	566.373	5879.77
1497138900	536	564.863	5832
1497225300	554	538.715	5812.3
1497311700	594	552.823	5790.93
1497398100	590	543.157	5803.18
1497484500	590	591.179	5794.96
1497570900	605	620.653	5813.52
1497657300	614	602.293	5826.92
1497743700	553	549.057	5828.09
1497830100	518	502.308	5822.66
1497916500	528	519.59	5847.38
1498002900	574	569.321	5850.44
1498089300	463	487.39	4651.18
1498175700	349	373.339	3687.4
1498262100	339	359.865	3690.9
1498348500	365	361.266	3691.2
1498434900	366	364.912	3680.48
1498521300	220	229.53	2371.43
1498607700	0	0	0
1498694100	224	254.926	2780.42
1498780500	514	546.874	5868.67
1498866900	510	541.8	5917.02
1498953300	580	557.249	5985.05
1499039700	617	572.614	5963.33
1499126100	584	586.659	5954.87
1499212500	594	564.515	5977.7
1499298900	526	557.396	5974.73
1499385300	568	544.474	5939.98
1499471700	486	536.948	5926.75
1499558100	585	576.273	5915.97
1499644500	549	549.414	5919.12
1499730900	548	528.141	5905.75
1499817300	537	546.162	5899.64
1499903700	591	599.674	5914.59
1499990100	539	575.151	5901.45
1500076500	549	587.493	5904.59
1500162900	516	524.556	5861.92
1500249300	459	483.345	5845
1500335700	540	512.392	5836.57
1500422100	559	544.044	5855.53
1500508500	567	555.196	5830.88
1500594900	540	556.204	5838.94
1500681300	609	554.554	5763.65
1500767700	573	594.574	5791.71
1500854100	542	540.944	5767.91
1500940500	514	524.972	5757.17
1501026900	559	531.086	5749.74
1501113300	525	538.852	5735.74
1501199700	546	563.645	5752.86
1501286100	566	561.436	5771.83
1501372500	537	520.39	5773.43
1501458900	446	496.369	5741.69
1501545300	527	520.047	5716.86
1501631700	542	515.798	5710.74
1501718100	507	511.547	5664.29
1501804500	490	446.686	4860.38
1501890900	560	539.098	5664.46
1501977300	381	373.887	3826.22
1502063700	246	249.713	2564.29
1502150100	272	279.394	2811.61
1502236500	371	371.701	3770.71
1502322900	599	581.09	5797.6
1502409300	521	567.176	5772.26
1502495700	560	550.413	5785.22
1502582100	514	539.06	5695.79
1502668500	550	555.798	5572.99
1502754900	488	557.018	5673.55
1502841300	540	529.307	5724.66
1502927700	583	553.887	5817.75
1503014100	596	597.438	5872.87
1503100500	576	566.763	5625.35
1503186900	486	517.257	5639.55
1503273300	487	512.522	5644.08
1503359700	554	567.755	5629.99
1503446100	515	556.408	5338.88
1503532500	356	349.19	3558.99
1503618900	446	415.604	4130.35
1503705300	507	500.443	5306.28
1503791700	546	533.005	5528.81
1503878100	571	549.185	5481.96
1503964500	509	506.126	5243.19
1504050900	486	490.181	5468.81
1504137300	503	513.482	5514.32
1504223700	567	555.374	5566
1504310100	523	563.962	5568.35
1504396500	380	397.389	4236.28
1504482900	410	433.071	4753.39
1504569300	524	511.172	5625.14
1504655700	557	546.776	5702.43
1504742100	539	543.923	5735.12
1504828500	590	569.671	5786.79
1504914900	558	571.532	5851.57
1505001300	552	544.107	5864.11
1505087700	569	549.423	5830.22
1505174100	508	539.691	5771.52
1505260500	554	556.179	5910.43
1505346900	584	587.626	5945.83
1505433300	523	533.119	5812.86
1505519700	523	520.841	5890.09
1505606100	545	546.374	5838.99
1505692500	579	581.156	5899.84
1505778900	616	601.944	5847.64
1505865300	590	553.064	5349.14
1505951700	561	542.329	5857.77
1506038100	518	551.023	5837.62
1506124500	535	537.136	5601.04
1506210900	565	581.462	5841.76
1506297300	575	572.32	5842.08
1506383700	592	563.233	5850.91
1506470100	527	544.055	5859.79
1506556500	564	558.059	5893.02
1506642900	505	538.861	5497.58
1506729300	665	611.494	5968.37
1506815700	523	578.717	5739.62
1506902100	568	597.492	5991.03
1506988500	608	627.725	6085.85
1507074900	674	652.394	6187.24
1507161300	650	657.613	6304.09
1507247700	633	631.429	6265.03
1507334100	529	535.845	5530.8
1507420500	517	529.443	5196.45
1507506900	565	570.369	5772.14
1507593300	538	564.625	5699.3
1507679700	569	581.187	5999.98
1507766100	545	562.145	6268.67
1507852500	429	426.293	4780.36
1507938900	523	476.967	5140.06
1508025300	557	560.695	5807
1508111700	299	269.495	2669.32
1508198100	379	407.581	3997.14
1508284500	664	650.104	6180.49
1508370900	631	618.832	6180.7
1508457300	637	627.344	6208.74
1508543700	617	609.889	6231.68
1508630100	580	580.053	6222.08
1508716500	613	611.24	6192.36
1508802900	651	634.301	6180.13
1508889300	647	623.276	6200.89
1508975700	656	636.716	6220.2
1509062100	624	623.485	6185.8
1509148500	632	641.304	6221.9
1509234900	650	649.438	6197.43
1509321300	602	615.352	6197.12
1509407700	625	622.999	6274.24
1509494100	650	654.985	6328.98
1509580500	688	658.317	6355.31
1509666900	634	640.444	6364.85
1509753300	620	643.831	6455.38
1509839700	632	651.27	6472.2
1509926100	627	651.417	6432.05
1510012500	615	616.564	6166.17
1510098900	526	511.496	5094
1510185300	646	622.351	6179.96
1510271700	626	645.651	6458.78
1510358100	655	653.921	6475.48
1510444500	670	658.749	6360.04
1510530900	698	673.478	6346.15
1510617300	549	587.884	5540.59
1510703700	686	678.998	6307.44
1510790100	603	640.488	6304.17
1510876500	670	657.797	6279.8
1510962900	627	640.245	6337.94
1511049300	616	629.823	6063.49
1511135700	595	610.432	5825.21
1511222100	607	621.518	6267.53
1511308500	566	637.802	6343.43
1511394900	665	665.209	6351.36
1511481300	635	643.328	6286.88
1511567700	590	632.26	6301.91
1511654100	633	642.427	6275.57
1511740500	655	658.601	6304.42
1511826900	614	607.18	6226.39
1511913300	654	653.434	6302.81
1511999700	647	655.991	6304.83
1512086100	552	580.93	5531.12
1512172500	595	654.428	6428.7
1512258900	395	383.464	3832.82
1512345300	384	361.331	3702.56
1512431700	541	578.895	5831.55
1512518100	577	606.704	5843.63
1512604500	659	659.894	6339.94
1512690900	385	380.022	3592.72
1512777300	348	315.73	2969.17
1512863700	609	629.434	6085.85
1512950100	649	627.517	6102.31
1513036500	625	640.192	6102.27
1513122900	610	626.867	5976.08
1513209300	625	642.917	6268.03
1513295700	651	658.052	6287.68
1513382100	688	664.587	6164.94
1513468500	455	438.262	4056.65
1513554900	607	605.878	6161.3
1513641300	714	661.64	6390.44
1513727700	701	656.466	6166.72
1513814100	701	686.844	6401.39
1513900500	666	660.685	6310.8
1513986900	701	669.495	6419.24
1514073300	619	641.036	6412.42
1514159700	708	669.944	6401.18
1514246100	600	615.842	5806.92
1514332500	516	511.105	4995.24
1514418900	657	662.973	6339.58
1514505300	650	646.26	6093.68
1514591700	734	678.474	6264.05
1514678100	566	598.618	5675.75
1514764500	383	398.057	3928.76
1514850900	591	617.548	5910.53
1514937300	591	615.628	5904.27
1515023700	665	686.053	6337.94
1515110100	657	670.675	6201.9
1515196500	683	630.958	6233.18
1515282900	598	582.987	5791.99
1515369300	591	592.68	5737.65
1515455700	499	479.506	4604.51
1515542100	413	393.863	3786.31
1515628500	495	519.259	4993.51
1515714900	548	543.124	5112.78
1515801300	684	664.82	6191.41
1515887700	550	555.331	5472.81
1515974100	542	525.06	5103.93
1516060500	640	618.083	5970.15
1516146900	547	526.889	5168.87
1516233300	573	605.602	5931.6
1516319700	651	631.65	6176.85
1516406100	668	647.712	6195.82
1516492500	659	659.206	6150.35
1516578900	529	500.718	4735.47
1516665300	470	520.248	4880.84
1516751700	579	600.863	5733.09
1516838100	608	613.415	6042.82
1516924500	513	499.192	4847.62
1517010900	587	642.859	6081.49
1517097300	607	617.688	5967.87
1517183700	650	604.797	5772.58
1517270100	566	557.325	5187.34
1517356500	592	583.803	5611.66
1517442900	531	572.662	5598.85
1517529300	610	547.357	5279.92
1517615700	644	641.018	6027.14
1517702100	642	606.437	5646.77
1517788500	570	550.967	5178.83
1517874900	638	645.484	6016.41
1517961300	645	639.896	5913.72
1518047700	579	612.277	5796.99
1518134100	581	594.968	5563.84
1518220500	591	614.326	6007.8
1518306900	576	597.905	6134.83
1518393300	614	582.158	6140.76
1518479700	630	620.334	6144.38
1518566100	599	608.783	5905.59
1518652500	685	639.268	6084.3
1518738900	579	564.94	5408.88
1518825300	589	578.211	5564.88
1518911700	501	516.396	4851.97
1518998100	611	596.095	5548.59
1519084500	487	500.611	4807.96
1519170900	588	622.905	6219.84
1519257300	627	637.823	6256.72
1519343700	420	400.301	3931.07
1519430100	523	505.393	5129.13
1519516500	505	452.609	4571.03
1519602900	607	619.778	6109.16
1519689300	469	451.462	4389.83
1519775700	408	413.626	4135.29
1519862100	607	610.539	5995.12
1519948500	659	645.193	6314.91
1520034900	676	658.743	6320.64
1520121300	580	580.031	5530.88
1520207700	606	588.869	5767.49
1520294100	621	619.583	6323.61
1520380500	671	625.169	6240.44
1520466900	631	638.458	6092.1
1520553300	552	573.089	5466.74
1520639700	686	674.994	6251.36
1520726100	642	627.557	6174.84
1520812500	617	629.51	6216.41
1520898900	632	646.685	6284.8
1520985300	618	606.316	5929.69
1521071700	659	639.814	6268.34
1521158100	651	641.892	6293.72
1521244500	658	680.96	6322.17
1521330900	669	666.826	6304.4
1521417300	658	632.924	6311.46
1521503700	666	642.245	6360.68
1521590100	611	595.294	6232.56
1521676500	654	639.681	6270.49
1521762900	702	681.061	6341.43
1521849300	662	652.756	6311.4
1521935700	581	592.547	6294.89
1522022100	602	614.898	6298.92
1522108500	625	624.841	6338.42
1522194900	672	641.463	6324.11
1522281300	659	646.145	6343.62
1522367700	648	617.66	6157.31
1522454100	593	612.199	6033.84
1522540500	648	644.488	6358.05
1522626900	590	623.053	6280.38
1522713300	632	634.879	6270.86
1522799700	667	641.896	6251.42
1522886100	650	646.657	6216.24
1522972500	463	517.903	5262.92
1523058900	383	429.173	4291.22
1523145300	563	608.046	6064.42
1523231700	625	611.53	6074.72
1523318100	620	644.701	6035.24
1523404500	601	644.119	6034.45
1523490900	556	602.688	6037.74
1523577300	425	435.776	4749.43
1523663700	595	564.622	5973.92
1523750100	586	573.651	6002.68
1523836500	606	584.331	5992.49
1523922900	612	600.679	6029.9
1524009300	587	579.345	6002.89
1524095700	594	595.78	5995.05
1524182100	622	584.44	5801.9
1524268500	641	624.119	6168.22
1524354900	622	620.007	6038.7
1524441300	647	607.435	6122.42
1524527700	583	615.148	6272.58
1524614100	591	625.897	6367.25
1524700500	682	642.247	6391.94
1524786900	734	665.751	6360.49
1524873300	585	620.971	6385.05
1524959700	671	609.053	6296.1
1525046100	636	619.358	6387.98
1525132500	599	594.869	6339.23
1525218900	627	622.897	6374.64
1525305300	613	635.243	6402.53
1525391700	604	636.907	6384.98
1525478100	633	609.78	6352.68
1525564500	660	613.495	6360.34
1525650900	611	620.42	6313.53
1525737300	622	585.948	6018.86
1525823700	589	617.358	6280.93
1525910100	477	507.308	5196.24
1525996500	565	591.279	6203.72
1526082900	614	591.12	6170.38
1526169300	653	603.905	6151.12
1526255700	633	623.328	6107.88
1526342100	573	607.992	6147.3
1526428500	538	564.694	6119.15
1526514900	609	584.178	6088.31
1526601300	591	584.711	6075.1
1526687700	539	547.24	6071.31
1526774100	307	280.223	3073.7
1526860500	623	579.573	6073.5
1526946900	579	546.718	5969.12
1527033300	553	545.798	5932.86
1527119700	581	561.629	6136.74
1527206100	607	578.737	6238.63
1527292500	609	580.169	5988.21
1527378900	594	610.83	6212.52
1527465300	622	627.202	6209.43
1527551700	624	622.791	6157.75
1527638100	541	593.655	6069.3
1527724500	498	555.713	6009.18
1527810900	520	519.641	6020.2
1527897300	548	518.539	6024.31
1527983700	253	263.709	3048.86
1528070100	522	523.61	5987.03
1528156500	498	507.701	5895.26
1528242900	557	540.763	5841.66
1528329300	531	530.05	5776.9
1528415700	571	574.298	5900.69
1528502100	621	624.449	6185.9
1528588500	636	642.948	6222.88
1528674900	601	617.707	6212.24
1528761300	534	572.232	6218.71
1528847700	552	547.355	6223.2
1528934100	575	532.063	6219.38
1529020500	528	533.059	6220.62
1529106900	588	545.44	6250.4
1529193300	584	571.031	6299.14
1529279700	643	583.27	6317.93
1529366100	630	601.048	6304.31
1529452500	622	605.082	6300.19
1529538900	661	611.207	6312.15
1529625300	600	591.239	6311.45
1529711700	631	624.092	6317.42
1529798100	243	293.953	3148.24
1529884500	561	582.572	6213
1529970900	312	309.074	3147.55
1530057300	601	640.08	6133.3
1530143700	509	501.738	4937.91
1530230100	416	422.852	4354.28
1530316500	522	481.281	4953.56
1530402900	413	421.071	4301.93
1530489300	588	590.103	6128.31
1530575700	418	444.891	5010.42
1530662100	554	551.234	6053.91
1530748500	508	550.808	5922.64
1530834900	548	553.7	5908.7
1530921300	519	542.179	5878.32
1531007700	464	510.955	5741.83
1531094100	453	478.37	5680.45
1531180500	494	491.425	5672.65
1531266900	583	527.572	5681.07
1531353300	548	557.565	5962.48
1531439700	575	587.127	5972.8
1531526100	644	606.046	5922.32
1531612500	616	598.831	5984.36
1531698900	510	544.12	5949.99
1531785300	546	545.399	5966.6
1531871700	549	561.954	5983.99
1531958100	534	537.896	5857.95
1532044500	511	508.331	5777.87
1532130900	537	531.752	5829.26
1532217300	568	585.461	5858.43
1532303700	538	522.873	5826.35
1532390100	492	496.548	5811.29
1532476500	467	508.474	5878.71
1532562900	537	519.826	5897.62
1532649300	556	538.995	5897.71
1532735700	560	561.987	6070.22
1532822100	589	565.509	6081.86
1532908500	602	561.921	6081.67
1532994900	517	540.401	6079.57
1533081300	554	554.768	6149.78
1533167700	602	555.65	6146.07
1533254100	559	587.553	6198.19
1533340500	613	569.324	6209.73
1533426900	458	469.475	5030.77
1533513300	495	495.059	5028.33
1533599700	590	590.025	5728.42
1533686100	544	564.666	6252.3
1533772500	601	546.064	6311.97
1533858900	595	576.714	6356.13
1533945300	666	599.643	6377.6
1534031700	605	617.184	6387.78
1534118100	574	609.585	6394.85
1534204500	562	577.63	6411.59
1534290900	591	578.415	6401.68
1534377300	655	605.55	6448.86
1534463700	722	621.521	6488.65
1534550100	660	642.783	6466.67
1534636500	547	558.979	6456.59
1534722900	501	532.235	6460.59
1534809300	579	564.573	6451.55
1534895700	637	607.008	6460.94
1534982100	678	663.326	6456.02
1535068500	609	604.226	6447.18
1535154900	548	571.868	6455.14
1535241300	646	595.434	6466.35
1535327700	310	317.736	3309.65
1535414100	657	645.86	6485.14
1535500500	627	647.013	6475.47
1535586900	647	629.211	6482.52
1535673300	548	590.216	6443.33
1535759700	557	578.231	6481.91
1535846100	584	575.669	6421.8
1535932500	627	602.843	6409.85
1536018900	160	134.615	1468.87
1536105300	658	647.01	6439.2
1536191700	659	661.028	6502.8
1536278100	581	622.811	6485.1
1536364500	599	598.5	6417.03
1536450900	576	606.367	6467.34
1536537300	581	607.61	6425.63
1536623700	604	623.168	6459.41
1536710100	636	637.569	6446.17
1536796500	589	605.993	6444.47
1536882900	617	618.498	6397.2
1536969300	656	646.674	6410.27
1537055700	550	604.432	6133.72
1537142100	409	392.995	3944.1
1537228500	599	633.011	6108.58
1537314900	646	632.542	6370.66
1537401300	621	634.097	6381.01
1537487700	666	650.728	6341.13
1537574100	655	588.021	5545.82
1537660500	619	634.205	6090.18
1537746900	568	604.945	6125.97
1537833300	588	603.788	6210.45
1537919700	686	626.197	6299.34
1538006100	626	620.121	6329.63
1538092500	624	642.95	6332.32
1538178900	612	650.864	6317.77
1538265300	608	648.069	6317.01
1538351700	569	615.885	6277.1
1538438100	613	603.98	6338.54
1538524500	573	602.598	6332.98
1538610900	582	593.774	6343.77
1538697300	589	601.511	6420.27
1538783700	682	637.048	6438.02
1538870100	678	633.223	6152.87
1538956500	693	647.924	6121.81
1539042900	644	636.928	6313.07
1539129300	568	600.844	6301.3
1539215700	617	586.718	6268
1539302100	576	614.134	6369.43
1539388500	647	618.243	6338.43
1539474900	627	606.355	6330.14
1539561300	645	635.665	6298.13
1539647700	641	645.324	6067.75
1539734100	618	652.265	6244.28
1539820500	601	637.414	6295.34
1539906900	573	603.291	6282.7
1539993300	609	609.686	6309.17
1540079700	596	630.607	6279.99
1540166100	635	627.227	6281.37
1540252500	595	616.905	6315.1
1540338900	628	613.871	6320.85
1540425300	592	631.325	6323.34
1540511700	602	622.315	6318.53
1540598100	655	636.797	6360.97
1540684500	614	638.502	6332.98
1540770900	494	510.648	4970.67
1540857300	638	649.699	6314.5
1540943700	564	581.388	5769.88
1541030100	576	585.684	5997.32
1541116500	627	663.508	6359.83
1541202900	595	668.597	6417.6
1541289300	654	653.439	6325.34
1541375700	702	648.469	6209.29
1541462100	587	600.91	6038.41
1541548500	562	620.239	6403
1541634900	647	653.156	6444.95
1541721300	652	653.012	6162.3
1541807700	698	684.45	6443.7
1541894100	597	588.932	5589.79
1541980500	586	651.563	6377.21
1542066900	573	622.127	6345.81
1542153300	648	626.19	6321.98
1542239700	658	651.75	6316.99
1542326100	616	640.745	6343.89
1542412500	616	660.101	6338.6
1542498900	637	629.795	6346.09
1542585300	615	641.556	6342.52
1542671700	633	646.043	6171.51
1542758100	653	636.31	6030
1542844500	654	630.197	5893.69
1542930900	569	609.604	6128.31
1543017300	599	608.758	6109.19
1543103700	659	639.976	6256.6
1543190100	589	634.73	6229.73
1543276500	582	580.258	5706.12
1543362900	515	546.869	5364.01
1543449300	633	635.906	6226.34
1543535700	620	629.713	6112.74
1543622100	558	541.866	5528.54
1543708500	526	568.427	6105.67
1543794900	671	614.075	6156.37
1543881300	611	619.91	6005.82
1543967700	512	495.514	4979.65
1544054100	569	564.517	5992.12
1544140500	514	579.681	6064.7
1544226900	620	617.224	6086.97
1544313300	580	622.138	5945.15
1544399700	290	315.082	3025.26
1544486100	612	629.658	5913.04
1544572500	573	606.504	5932.06
1544658900	629	633.124	6101.66
1544745300	678	639.431	6057.88
1544831700	567	580.584	5777.73
1544918100	0	0	0
1545004500	343	339.864	3263.51
1545090900	567	582.724	5889.99
1545177300	602	603.311	5897.38
1545263700	663	614.108	5818.61
1545350100	578	576.684	5737.34
1545436500	576	602.612	5779.59
1545522900	582	588.301	5591.45
1545609300	212	197.266	1888.38
1545695700	280	259.691	2481.23
1545782100	242	253.146	2353.38
1545868500	528	588.575	5389.7
1545954900	544	549.206	5137.57
1546041300	623	602.221	5592.24
1546127700	612	599.787	5682.01
1546214100	645	596.439	5810.27
1546300500	639	618.652	5772.54
1546386900	627	622.586	5788.99
1546473300	602	599.071	5803.86
1546559700	586	547.101	5199.51
1546646100	675	640.229	5965.52
1546732500	654	602.792	5552.47
1546818900	642	633.491	5922.55
1546905300	657	642.67	6000.24
1546991700	646	663.382	6221.15
1547078100	600	640.313	6297.3
1547164500	638	618.204	6380.7
1547250900	624	658.075	6375.14
1547337300	617	621.01	6034.77
1547423700	585	633.808	6317.75
1547510100	618	636.422	6318.35
1547596500	686	660.564	6276.28
1547682900	651	635.19	6195.26
1547769300	596	590.162	6232.38
1547855700	628	613.298	6199.49
1547942100	720	639.503	6145.07
1548028500	670	652.255	6117.6
1548114900	564	623.695	5910.19
1548201300	581	575.348	5393.74
1548287700	682	649.286	6104.15
1548374100	713	657.457	6037.68
1548460500	637	652.753	6098.72
1548546900	657	636.887	6099.89
1548633300	592	568.67	5315.45
1548719700	648	652.254	6061.16
1548806100	643	646.972	6044.05
1548892500	638	634.083	6031.08
1548978900	627	632.764	6061.28
1549065300	529	533.563	5282
1549151700	593	563.157	5873.12
1549238100	589	585.771	6073.86
1549324500	553	600.707	5987.75
1549410900	688	636.907	5999.9
1549497300	585	564.095	5208.2
1549583700	602	625.76	5918.68
1549670100	624	621.368	5913.08
1549756500	605	603.725	5653.2
1549842900	632	631.403	5932.74
1549929300	531	548.243	5966.71
1550015700	554	570.469	5946.49
1550102100	607	601.111	5952.74
1550188500	610	607.808	5958.99
1550274900	687	610.892	5932.78
1550361300	606	627.755	5934.24
1550447700	611	575.767	5376.24
1550534100	653	612.74	5765.45
1550620500	632	620.601	5890.58
1550706900	644	631.187	5867.89
1550793300	617	622.319	5876.86
1550879700	607	609.496	5884.9
1550966100	617	619.805	5880.95
1551052500	601	596.43	5853.5
1551138900	578	571.744	5870.95
1551225300	575	593.922	5935.55
1551311700	622	590.268	5850.7
1551398100	652	614.176	5821.23
1551484500	620	607.767	5846.62
1551570900	611	607.81	5893.76
1551657300	611	600.594	5657.38
1551743700	597	598.835	5819.8
1551830100	557	585.541	5801.77
1551916500	697	618.925	5836.59
1552002900	610	596.729	5797.83
1552089300	505	542.371	5778.06
1552175700	514	540.284	5791.79
1552262100	525	561.459	5798.45
1552348500	628	582.299	5766.8
1552434900	585	583.878	5766.8
1552521300	601	600.613	5860.6
1552607700	612	599.376	5917.01
1552694100	581	589.49	5941.19
1552780500	499	518.846	5387.25
1552866900	506	494.08	4888.84
1552953300	552	579.547	5797.97
1553039700	502	516.717	5553.01
1553126100	551	577.09	6098.88
1553212500	601	613.674	6162.99
1553298900	675	630.608	6297.32
1553385300	639	627.924	6320.42
1553471700	600	608.322	6331.77
1553558100	641	599.01	6329.8
1553644500	643	602.337	6387.6
1553730900	626	617.285	6403.87
1553817300	668	630.63	6387.72
1553903700	657	640.909	6310.28
1553990100	641	642.258	6303.08
1554076500	589	607.014	6019.07
1554162900	670	641.756	6342.92
1554249300	631	634.836	6307.68
1554335700	627	603.2	5649.49
1554422100	581	615.247	6259.83
1554508500	583	595.527	6247.21
1554594900	631	604.98	6246.05
1554681300	671	612.562	6230.75
1554767700	629	629.476	6225.25
1554854100	667	615.815	6152.79
1554940500	608	593.348	6170.91
1555026900	556	606.809	6205.96
1555113300	676	647.582	6247.45
1555199700	648	631.717	6279.17
1555286100	599	604.028	6300.47
1555372500	590	598.939	6354.75
1555458900	621	612.102	6159.37
1555545300	656	636.901	6284.54
1555631700	593	627.785	6165.44
1555718100	626	638.624	6329.97
1555804500	605	617.813	6381.95
1555890900	620	609.923	6371.32
1555977300	641	623.968	6379.45
1556063700	604	618.172	6308.92
1556150100	568	600.396	6268.15
1556236500	572	602.434	6325.42
1556322900	598	608.656	6353.75
1556409300	633	623.988	6346.63
1556495700	634	639.725	6344.86
1556582100	574	616.38	6374.06
1556668500	589	613.642	6349.32
1556754900	633	672.1	6348.58
1556841300	615	672.178	6310.06
1556927700	601	644.263	6287.84
1557014100	626	633.293	6263.33
1557100500	565	598.785	6264.02
1557186900	661	587.683	6150.02
1557273300	613	617.783	6256.28
1557359700	642	634.171	6261.73
1557446100	608	614.787	6214.49
1557532500	545	591.258	6253.94
1557618900	547	536.295	5621.34
1557705300	600	591.528	6219.06
1557791700	588	558.26	6217.4
1557878100	589	574.18	6224.32
1557964500	607	596.304	6225.78
1558050900	637	621.177	6241.51
1558137300	619	630.098	6250.04
1558223700	568	584.559	6247.48
1558310100	553	586.344	6189.28
1558396500	288	285.363	3138.6
1558482900	50	58.1803	694.08
1558569300	242	230.262	2681.98
1558655700	463	424.325	4665.43
1558742100	585	589.007	6134.8
1558828500	580	600.346	6069.55
1558914900	512	536.856	5611.19
1559001300	577	584.964	6118.49
1559087700	602	591.103	6204.05
1559174100	532	600.31	6245.22
1559260500	572	593.52	6248.23
1559346900	266	604.322	6252.47
1559433300	589	590.248	6244.62
1559519700	511	539.461	5988.39
1559606100	533	539.349	5824.96
1559692500	626	619.385	6125.31
1559778900	639	629.581	6188.31
1559865300	604	586.711	6205.56
1559951700	582	565.666	6197.94
1560038100	625	583.302	6178.3
1560124500	583	620.169	6179.66
1560210900	617	602.207	6225.33
1560297300	623	617.148	6280.56
1560383700	581	610.392	6299.83
1560470100	550	596.447	6298.07
1560556500	589	575.394	6312.57
1560642900	493	547.638	6315.92
1560729300	533	557.979	6284.11
1560815700	561	579.993	6244.5
1560902100	560	576.458	6218.47
1560988500	579	567.717	6198.15
1561074900	628	588.287	6131.73
1561161300	637	586.441	6179.21
1561247700	627	584.373	6160.68
1561334100	603	607.413	6153.29
1561420500	540	588.089	6141.88
1561506900	592	592.039	6175.02
1561593300	635	634.321	6172.69
1561679700	600	627.514	6161.46
1561766100	577	621.112	6241.23
1561852500	569	589.974	6257.81
1561938900	531	549.861	6258.94
1562025300	654	628.988	6297.83
1562111700	588	629.746	6329.7
1562198100	613	608.52	6329.84
1562284500	546	559.014	6281.43
1562370900	561	538.504	6198.84
1562457300	561	572.973	6340.83
1562543700	648	606.736	6298.72
1562630100	588	609.822	6289.1
1562716500	590	584.274	6302.25
1562802900	568	595.935	6285.1
1562889300	634	609.146	6396.45
1562975700	574	580.615	6240.48
1563062100	637	575.807	6160.32
1563148500	594	569.151	6180.22
1563234900	554	554.743	6164.18
1563321300	615	585.155	6149.6
1563407700	586	607.514	6172.79
1563494100	555	553.01	6172.67
1563580500	602	607.833	6183.18
1563666900	631	649.453	6053.08
1563753300	537	579.002	5981.5
1563839700	513	526.752	5921.69
1563926100	503	503.297	5893.97
1564012500	508	507.644	5887.68
1564098900	537	532.003	5885.59
1564185300	498	520.056	5868.18
1564271700	531	526.364	5794.49
1564358100	591	560.983	5794.91
1564444500	551	564.244	5792.97
1564530900	628	586.907	5845.02
1564617300	536	579.879	5911.94
1564703700	473	511.575	5879.27
1564790100	500	515.796	6054.44
1564876500	545	537.105	6050.85
1564962900	570	566.525	6062.52
1565049300	632	615.984	6021.64
1565135700	541	578.035	6005.22
1565222100	511	522.337	6006.23
1565308500	505	512.436	6004.8
1565394900	583	543.359	6000.27
1565481300	640	580.316	5934.46
1565567700	502	549.655	5933.94
1565654100	494	508.044	5922.82
1565740500	490	511.664	5924.46
1565826900	586	549.517	5904.6
1565913300	585	559.277	5879.68
1565999700	572	577.368	5871.43
1566086100	579	560.626	5878.82
1566172500	491	522.208	5889.07
1566258900	539	535.018	5890.6
1566345300	581	545.653	5962.19
1566431700	522	547.043	5965.21
1566518100	557	545.078	5959.6
1566604500	602	587.44	6068.38
1566690900	598	603.542	6086.7
1566777300	573	592.322	6089.02
1566863700	601	597.667	6115.63
1566950100	609	613.626	6141.97
1567036500	615	620.598	6041.44
1567122900	562	587.075	6062
1567209300	550	563.214	6099.9
1567295700	597	557.661	6096.9
1567382100	571	564.608	6102.6
1567468500	490	542.996	6136.24
1567554900	551	548.302	6136.51
1567641300	567	545.994	6087.2
1567727700	578	580.621	6136.94
1567814100	555	589.528	6153.98
1567900500	555	593.547	6148.27
1567986900	587	610.993	6150.06
1568073300	563	583.732	6195.95
1568159700	550	582.771	6224.68
1568246100	561	574.603	6206.8
1568332500	573	583.284	6198
1568418900	576	609.371	6229.14
1568505300	677	642.152	6232.22
1568591700	592	604.772	6225.75
1568678100	552	575.725	6238.83
1568764500	620	614.163	6232.86
1568850900	649	656.911	6248.89
1568937300	599	598.873	6268.85
1569023700	539	581.41	6242.92
1569110100	569	578.253	6249.56
1569196500	582	584.796	6187.64
1569282900	584	575.547	6123.81
1569369300	583	577.462	6142.71
1569455700	555	595.086	6090.75
1569542100	593	613.386	6073.12
1569628500	642	621.145	6111.79
1569714900	642	622.609	6094.54
1569801300	615	654.842	6100.82
1569887700	595	630.308	6180.38
1569974100	571	587.912	6182.31
1570060500	572	582.483	6209
1570146900	518	570.11	6162.19
1570233300	525	549.411	5929.71
1570319700	552	581.405	6134.44
1570406100	584	625.267	6150.12
1570492500	566	613.371	6199.42
1570578900	571	615.541	6215.61
1570665300	620	627.592	6209.6
1570751700	617	647.372	6154.9
1570838100	622	638.289	6113.39
1570924500	585	623.119	6124.9
1571010900	548	571.988	6145.45
1571097300	531	538.492	6178.91
1571183700	526	563.778	6161.12
1571270100	582	573.657	6097.25
1571356500	563	590.617	6130.01
1571442900	566	586.851	6111.23
1571529300	621	606.946	6020.17
1571615700	554	607.099	6082.16
1571702100	590	592.391	6031.42
1571788500	552	590.587	6085.77
1571874900	604	607.921	6075.83
1571961300	599	608.013	6052.66
1572047700	622	628.467	6041.38
1572134100	600	632.511	6003.87
1572220500	603	624.013	6019.24
1572306900	575	622.363	6019.68
1572393300	563	576.079	5682.96
1572479700	566	593.475	6019.47
1572566100	622	630.09	6059.86
1572652500	560	601.322	5953.39
1572738900	570	589.396	5951.85
1572825300	609	626.225	5906.56
1572911700	547	613.795	5990.92
1572998100	601	608.51	6044.78
1573084500	567	619.615	6060.22
1573170900	618	627.916	6160.91
1573257300	599	611.786	6015.34
1573343700	502	503.58	4939.62
1573430100	492	505.081	4852.3
1573516500	594	629.749	5997.8
1573602900	649	627.786	6049.42
1573689300	615	617.117	5986.64
1573775700	591	615.949	6014.22
1573862100	625	634.023	5998.22
1573948500	620	631.149	6001.56
1574034900	603	628.357	6020.28
1574121300	544	605.989	6020.75
1574207700	580	625.647	6014.82
1574294100	613	629.142	6023.44
1574380500	641	616.362	6007.89
1574466900	584	610.164	6019.28
1574553300	640	636.414	6008.05
1574639700	660	638.319	5996.67
1574726100	607	613.363	6013.29
1574812500	578	604.3	6035.37
1574898900	596	619.397	6057.3
1574985300	619	654.307	6109.38
1575071700	606	641.568	6142.5
1575158100	609	620.606	6144.83
1575244500	607	614.398	6073.28
1575330900	641	646.402	6148.25
1575417300	552	621.132	6115.39
1575503700	615	602.398	6085.53
1575590100	656	625.877	6053.19
1575676500	619	614.189	6020.43
1575762900	630	622.576	5990.93
1575849300	554	627.353	6024.03
1575935700	335	361.852	3416.34
1576022100	284	296.83	2802.26
1576108500	282	301.135	2878.5
1576194900	319	358.454	3539.6
1576281300	578	575.9	5520.35
1576367700	568	604.65	5942.45
1576454100	614	603.27	5975.1
1576540500	610	618.328	5964.28
1576626900	663	641.053	5976.38
1576713300	623	653.901	6072.19
1576799700	645	641.661	6123.05
1576886100	605	622.525	6119.76
1576972500	498	546.591	5359.55
1577058900	637	633.536	6075.44
1577145300	652	656.998	6039.63
1577231700	644	640.91	6011.19
1577318100	576	610.191	5984.77
1577404500	648	637.466	6003.79
1577490900	544	604.427	5676.99
1577577300	630	617.681	5926.28
1577663700	586	595.348	5556.15
1577750100	537	558.691	5284.28
1577836500	624	600.736	5749.97
