1388620500	735	722.152	6108.75
1388706900	686	711.561	6056.26
1388793300	723	709.491	6099.54
1388879700	378	354.607	3055.3
1388966100	359	349.604	2990.45
1389052500	761	705.629	6048.86
1389138900	702	702.38	6022.93
1389225300	731	707.103	6048.01
1389311700	682	703.519	6017.91
1389398100	673	697.93	6028.33
1389484500	698	691.856	6011.6
1389570900	746	699.134	6030.11
1389657300	721	690.568	5953.94
1389743700	681	701.625	6059.98
1389830100	708	719.071	6198.4
1389916500	712	719.904	6161.08
1390002900	773	726.499	6237.23
1390089300	696	725.696	6262.61
1390175700	650	633.66	5413.65
1390262100	739	733.213	6206.38
1390348500	696	730.901	6187.07
1390434900	685	686.036	5794.17
1390521300	534	559.64	4755.57
1390607700	715	698.162	6021.41
1390694100	697	682.597	5835.83
1390780500	690	700.133	5977.62
1390866900	635	666.232	5689.51
1390953300	668	648.415	5599.44
1391039700	726	713.33	6096.88
1391126100	731	716.171	6113.7
1391212500	744	713.976	6094.58
1391298900	736	714.567	6039.5
1391385300	720	701.887	5934.66
1391471700	683	714.098	6053.8
1391558100	704	708.985	5984.08
1391644500	493	496.131	4227.72
1391730900	651	640.62	5437.7
1391817300	686	711.229	6049.45
1391903700	703	706.961	6037.41
1391990100	666	685.084	5861.81
1392076500	543	598.577	5120.58
1392162900	676	683.204	5867.46
1392249300	716	689.109	5942.6
1392335700	620	666.855	5770.62
1392422100	320	314.96	2723.92
1392508500	267	291.631	2507.65
1392594900	281	285.593	2446.95
1392681300	473	506.986	4351.97
1392767700	536	545.042	4673.01
1392854100	529	520.668	4461.92
1392940500	525	551.007	4707.86
1393026900	611	623.254	5348.28
1393113300	760	699.266	5993.2
1393199700	692	667.645	5680.64
1393286100	607	685.351	5916.35
1393372500	581	589.385	5079.89
1393458900	654	656.746	5647.49
1393545300	690	659.345	5631.05
1393631700	412	406.563	3458.33
1393718100	721	672.457	5778.08
1393804500	699	676.463	5832.9
1393890900	705	683.015	5848.22
1393977300	659	683.413	5839.76
1394063700	648	681.994	5849.73
1394150100	684	683.337	5892.52
1394236500	728	674.527	5800.62
1394322900	741	687.179	5855.38
1394409300	577	642.507	5492.02
1394495700	662	670.023	5718.1
1394582100	678	647.707	5529.95
1394668500	649	671.168	5733.05
1394754900	698	687.031	5852.39
1394841300	686	689.136	5858.34
1394927700	651	690.696	5814.78
1395014100	695	688.758	5832.2
1395100500	604	660.862	5660.5
1395186900	699	692.031	5892.14
1395273300	763	716.443	6094.45
1395359700	704	713.788	6048.74
1395446100	737	724.779	6249.44
1395532500	827	733.853	6322.03
1395618900	752	730.031	6273.17
1395705300	774	725.675	6272.92
1395791700	809	731.08	6351.97
1395878100	693	735.304	6309.05
1395964500	717	682.689	5819
1396050900	707	710.51	6013.67
1396137300	746	698.033	5830.95
1396223700	718	735.564	6205.99
1396310100	714	729.556	6269.93
1396396500	734	724.566	6261.93
1396482900	710	690.355	5907.88
1396569300	719	728.647	6226.53
1396655700	740	746.431	6392.7
1396742100	740	743.081	6363.13
1396828500	512	526.71	4457.83
1396914900	711	758.375	6377.48
1397001300	543	531.004	4503.54
1397087700	736	743.903	6314.61
1397174100	729	756.564	6455.75
1397260500	790	765.507	6504.65
1397346900	754	757.46	6530.51
1397433300	662	654.259	5609.81
1397519700	566	545.455	4650.96
1397606100	72	60.833	515.128
1397692500	632	593.61	5039.94
1397778900	764	751.557	6381.08
1397865300	789	748.398	6355.93
1397951700	734	728.712	6234.44
1398038100	743	735.093	6282
1398124500	723	731.586	6300.16
1398210900	325	336.352	2875.39
1398297300	724	708.23	6112.14
1398383700	653	670.187	5765.18
1398470100	762	744.662	6340.24
1398556500	805	750.425	6341.65
1398642900	718	742.119	6361.11
1398729300	726	755.524	6420.06
1398815700	776	740.135	6281.44
1398902100	747	772.559	6499.76
1398988500	696	770.741	6457.42
1399074900	753	742.089	6271.12
1399161300	737	755.106	6405.92
1399247700	720	748.852	6404.11
1399334100	753	717.128	6121.1
1399420500	806	755.635	6426.27
1399506900	768	732.218	6351.12
1399593300	697	746.402	6432.92
1399679700	744	740.654	6348.1
1399766100	706	690.372	5904.19
1399852500	793	753.64	6410.56
1399938900	736	720.957	6106.54
1400025300	763	731.612	6201.2
1400111700	756	737.774	6270.9
1400198100	613	604.148	5153.96
1400284500	702	706.969	6037.59
1400370900	765	747.269	6333.76
1400457300	780	759.623	6402.44
1400543700	742	738.129	6212.89
1400630100	779	748.205	6250.61
1400716500	684	745.774	6293.67
1400802900	771	736.834	6338.17
1400889300	790	737.212	6260.62
1400975700	743	740.727	6247.65
1401062100	704	673.29	5726.71
1401148500	769	731.527	6218.83
1401234900	730	711.056	6012.78
1401321300	819	768.559	6399.75
1401407700	798	775.411	6503.77
1401494100	787	777.183	6571.22
1401580500	779	782.794	6604.46
1401666900	839	784.528	6566.15
1401753300	807	802.72	6683.76
1401839700	771	806.393	6640.93
1401926100	800	798.93	6637.07
1402012500	779	796.679	6623.65
1402098900	776	808.656	6649.59
1402185300	792	796.099	6613.61
1402271700	780	781.588	6561.69
1402358100	841	784.656	6623.5
1402444500	817	794.938	6610.78
1402530900	753	762.185	6290.95
1402617300	766	785.522	6612.89
1402703700	783	747.276	6325.02
1402790100	855	772.329	6513.56
1402876500	781	761.394	6514.36
1402962900	785	760.661	6516.61
1403049300	755	752.489	6511.63
1403135700	806	752.036	6462.98
1403222100	809	757.21	6408.64
1403308500	789	768.445	6431.93
1403394900	809	766.563	6417.98
1403481300	746	704.063	5927.23
1403567700	758	758.234	6419.23
1403654100	757	763.931	6460.65
1403740500	777	771.054	6527.33
1403826900	781	757.654	6487.66
1403913300	812	762.099	6563.74
1403999700	806	767.21	6539.22
1404086100	812	758.407	6404.38
1404172500	750	774.466	6471.84
1404258900	788	774.276	6419.82
1404345300	754	768.49	6426.08
1404431700	824	772.125	6430.97
1404518100	726	755.469	6357.87
1404604500	765	760.095	6447.35
1404690900	775	752.66	6401.86
1404777300	732	747.303	6396.18
1404863700	838	754.31	6425.52
1404950100	728	747.134	6398.38
1405036500	796	738.231	6226.39
1405122900	795	755.9	6329.81
1405209300	769	753.811	6378.81
1405295700	801	761.401	6360.88
1405382100	761	752.994	6311.17
1405468500	641	709.553	6006.74
1405554900	759	737.368	6279.8
1405641300	798	726.419	6260.02
1405727700	738	729.579	6237.22
1405814100	725	682.818	5774.47
1405900500	653	581.78	4869.62
1405986900	763	737.49	6209.78
1406073300	700	704.539	5951.83
1406159700	726	696.237	5921.6
1406246100	803	741.811	6261.61
1406332500	710	727.285	6163.73
1406418900	711	735.039	6204.51
1406505300	748	721.315	6066.32
1406591700	714	724.615	6121.83
1406678100	650	711.665	6069.82
1406764500	756	722.036	6107.27
1406850900	756	726.881	6146.27
1406937300	672	737.159	6208.45
1407023700	701	748.444	6242.16
1407110100	697	738.391	6255.47
1407196500	783	752.243	6333.28
1407282900	722	738.888	6193.81
1407369300	719	726.471	6221.15
1407455700	743	726.356	6247.42
1407542100	753	738.606	6245.77
1407628500	789	741.76	6245.24
1407714900	679	739.546	6252.05
1407801300	718	738.782	6268.38
1407887700	742	733.709	6311.96
1407974100	752	751.667	6377.15
1408060500	813	759.673	6400.25
1408146900	825	749.244	6370.03
1408233300	747	732.15	6317
1408319700	709	728.75	6282.07
1408406100	795	732.887	6266.36
1408492500	753	739.336	6287.36
1408578900	824	746.177	6319.1
1408665300	761	752.87	6381.12
1408751700	728	720.494	6048.23
1408838100	660	693.238	5798.27
1408924500	737	753.59	6373.52
1409010900	756	746.333	6363.54
1409097300	797	756.174	6399.16
1409183700	799	762.562	6433.61
1409270100	765	770.17	6489.82
1409356500	822	771.492	6486.72
1409442900	757	760.944	6449.44
1409529300	822	780.979	6560.7
1409615700	797	783.104	6556.75
1409702100	794	778.48	6558.93
1409788500	793	769.35	6526.18
1409874900	664	682.912	5778.03
1409961300	759	782.861	6603.08
1410047700	773	777.07	6570.05
1410134100	800	771.775	6527
1410220500	782	781.911	6551.41
1410306900	758	742.124	6229.3
1410393300	787	780.817	6592.42
1410479700	747	783.855	6581.19
1410566100	788	785.549	6651.65
1410652500	750	737.596	6325.83
1410738900	681	708.403	6105.49
1410825300	843	770.632	6558.01
1410911700	765	783.333	6661.37
1410998100	665	729.107	6204.37
1411084500	762	717.144	6106.76
1411170900	747	775.77	6648.7
1411257300	797	776.038	6638.74
1411343700	836	789.776	6661.53
1411430100	725	751.31	6330.84
1411516500	788	782.177	6612.86
1411602900	808	790.501	6628.33
1411689300	761	782.121	6608.83
1411775700	789	788.346	6648.96
1411862100	767	788.244	6628.12
1411948500	793	782.79	6644.62
1412034900	786	779.333	6596.6
1412121300	784	745.328	6380.64
1412207700	760	770.511	6611.39
1412294100	711	761.381	6508.53
1412380500	702	762.655	6451.7
1412466900	713	717.643	6075.3
1412553300	648	645.207	5513.25
1412639700	848	760.516	6489.02
1412726100	809	792.6	6737.41
1412812500	773	793.289	6682.2
1412898900	787	796.864	6759.84
1412985300	682	660.619	5614.02
1413071700	361	351.937	3000.98
1413158100	342	350.724	2998.57
1413244500	342	349.258	2989.73
1413330900	614	611.932	5181.6
1413417300	794	802.448	6811.15
1413503700	830	800.851	6791.65
1413590100	787	803.559	6783.02
1413676500	768	798.127	6801.88
1413762900	738	757.055	6484.7
1413849300	830	795.568	6825.01
1413935700	793	788.891	6758.66
1414022100	784	782.921	6761.15
1414108500	740	779.748	6741.61
1414194900	806	790.266	6819.21
1414281300	811	788.398	6740.23
1414367700	763	793.733	6754.01
1414454100	800	798.338	6808.24
1414540500	819	806.223	6810.79
1414626900	775	806.218	6823.12
1414713300	773	805.856	6826.75
1414799700	738	799.743	6811.78
1414886100	690	782.945	6687.59
1414972500	834	788.889	6673.51
1415058900	823	795.425	6758.26
1415145300	832	801.122	6780.89
1415231700	765	769.007	6543.31
1415318100	801	770.393	6574.68
1415404500	759	785.779	6742.49
1415490900	773	777.016	6666.92
1415577300	764	754.117	6426.07
1415663700	803	790.168	6744.91
1415750100	759	779.365	6680.24
1415836500	692	686.863	5893.88
1415922900	810	788.68	6774.76
1416009300	810	786.954	6773.03
1416095700	817	783.874	6800.04
1416182100	803	785.971	6764.57
1416268500	702	702.673	5969.11
1416354900	736	778.58	6603
1416441300	712	787.716	6703.77
1416527700	631	580.991	4949.19
1416614100	765	772.507	6598.44
1416700500	757	776.461	6599.24
1416786900	739	779.166	6586.67
1416873300	670	705.977	6015.97
1416959700	769	741.798	6333.6
1417046100	804	752.087	6446.37
1417132500	818	760.282	6493.3
1417218900	789	777.904	6555.34
1417305300	680	723.734	6149.7
1417391700	574	562.478	4825.7
1417478100	775	761.13	6532.92
1417564500	764	763.257	6534.14
1417650900	751	765.575	6536.11
1417737300	771	764.21	6518.79
1417823700	757	758.985	6461.83
1417910100	772	765.213	6530.25
1417996500	801	763.53	6533.93
1418082900	796	770.082	6541.9
1418169300	673	682.503	5809.02
1418255700	782	754.502	6483.66
1418342100	730	710.132	6096.04
1418428500	548	588.317	5042.46
1418514900	780	746.788	6413.58
1418601300	697	700.152	5967.02
1418687700	574	588.294	5038.99
1418774100	587	619.234	5320.28
1418860500	701	708.249	6089.45
1418946900	749	716.749	6101.68
1419033300	730	764.463	6417.06
1419119700	739	763.993	6434.06
1419206100	658	621.196	5283.45
1419292500	634	657.41	5659.3
1419378900	681	683.569	5831.32
1419465300	671	645.006	5488
1419551700	718	641.805	5472.8
1419638100	730	696.885	5986.83
1419724500	749	729.398	6244.16
1419810900	640	679.659	5797.08
1419897300	751	741.525	6335.77
1419983700	582	619.101	5245.01
1420070100	722	732.151	6173.57
1420156500	717	742.448	6342.81
1420242900	732	735.381	6280.5
1420329300	749	733.686	6327.36
1420415700	771	736.572	6306.48
1420502100	751	721.396	6155.19
1420588500	797	736.83	6309.19
1420674900	738	748.427	6412.03
1420761300	750	749.369	6401.46
1420847700	759	750.211	6430.96
1420934100	700	682.636	5868.69
1421020500	597	570.71	4898.21
1421106900	657	673.835	5756.9
1421193300	654	688.34	5888.4
1421279700	573	591.482	5127.34
1421366100	729	730.707	6287.95
1421452500	428	377.828	3260.33
1421538900	0	0	0
1421625300	0	0	0
1421711700	0	0	0
1421798100	0	0	0
1421884500	0	0	0
1421970900	0	0	0
1422057300	0	0	0
1422143700	0	0	0
1422230100	0	0	0
1422316500	0	0	0
1422402900	0	0	0
1422489300	0	0	0
1422575700	0	0	0
1422662100	0	0	0
1422748500	0	0	0
1422834900	0	0	0
1422921300	0	0	0
1423007700	0	0	0
1423094100	0	0	0
1423180500	0	0	0
1423266900	0	0	0
1423353300	0	0	0
1423439700	0	0	0
1423526100	0	0	0
1423612500	0	0	0
1423698900	0	0	0
1423785300	0	0	0
1423871700	0	0	0
1423958100	243	272.506	2348.38
1424044500	755	696.459	6002.66
1424130900	654	620.508	5352.93
1424217300	732	718.633	6123.15
1424303700	751	725.643	6177.12
1424390100	724	716.143	6107.27
1424476500	672	676.799	5797.96
1424562900	713	698.524	5997.51
1424649300	682	703.108	6068.33
1424735700	729	703.125	6040.31
1424822100	608	592.328	5080.01
1424908500	658	679.521	5873.93
1424994900	593	582.06	4990.02
1425081300	674	679.464	5848.5
1425167700	721	685.242	5870.84
1425254100	702	681.131	5826.98
1425340500	531	499.024	4265.85
1425426900	370	367.554	3151.26
1425513300	0	0	0
1425599700	0	0	0
1425686100	0	0	0
1425772500	0	0	0
1425858900	0	0	0
1425945300	0	0	0
1426031700	1	4.13698	0
1426118100	726	696.545	5975.91
1426204500	487	463.204	3961.56
1426290900	652	684.939	5869.55
1426377300	698	678.391	5827.25
1426463700	678	691.854	5927.11
1426550100	670	641.364	5509.2
1426636500	542	558.611	4829.55
1426722900	628	651.955	5624.79
1426809300	277	285.725	2468.68
1426895700	466	475.27	4131.53
1426982100	671	669.159	5761.64
1427068500	2	0	0
1427154900	376	387.347	3344.26
1427241300	563	567.42	4916.11
1427327700	545	556.352	4797.24
1427414100	595	565.862	4870.9
1427500500	686	647.604	5591.84
1427586900	671	671.486	5793.31
1427673300	706	676.154	5793.72
1427759700	724	677.628	5813.4
1427846100	706	672.048	5751.11
1427932500	659	671.609	5740.62
1428018900	716	677.396	5781.23
1428105300	674	678.157	5777.61
1428191700	648	672.208	5743.57
1428278100	685	669.201	5769.84
1428364500	702	685.58	5855.2
1428450900	675	676.121	5763.05
1428537300	666	662.139	5657.99
1428623700	645	669.594	5766.21
1428710100	704	665.314	5751.33
1428796500	695	661.754	5701.37
1428882900	625	624.962	5342.54
1428969300	647	642.658	5512.23
1429055700	637	650.346	5559.33
1429142100	642	664.585	5659.64
1429228500	660	668.817	5680.53
1429314900	632	606.685	5157.9
1429401300	727	682.968	5717
1429487700	691	681.126	5775.08
1429574100	687	685.161	5866.58
1429660500	759	711.187	6109.7
1429746900	763	733.763	6289.6
1429833300	768	721.763	6181.2
1429919700	741	732.324	6308.88
1430006100	784	731.884	6248.68
1430092500	758	728.305	6269.54
1430178900	772	730.062	6291.53
1430265300	724	740.904	6349.9
1430351700	719	741.405	6353.09
1430438100	758	700.413	5956.33
1430524500	772	766.816	6450.65
1430610900	751	760.192	6379.15
1430697300	808	744.045	6284.5
1430783700	759	750.147	6341.45
1430870100	744	748.687	6410.98
1430956500	769	759.695	6476.88
1431042900	822	770.29	6504.24
1431129300	823	776.182	6545.63
1431215700	788	762.143	6515.97
1431302100	731	754.347	6469.55
1431388500	796	749.756	6367.83
1431474900	795	761.63	6456.55
1431561300	774	759.999	6466.11
1431647700	793	771.147	6524.08
1431734100	798	749.41	6367.19
1431820500	771	702.861	5950.88
1431906900	700	701.306	5996.82
1431993300	783	745.859	6420.62
1432079700	703	702.084	5962.26
1432166100	785	750.318	6313.77
1432252500	734	750.967	6373.72
1432338900	678	759.018	6393.98
1432425300	768	758.123	6399.42
1432511700	785	748.518	6335.59
1432598100	782	753.111	6369.62
1432684500	772	743.277	6339.88
1432770900	810	746.246	6354.76
1432857300	784	756.496	6370.55
1432943700	780	759.558	6415.62
1433030100	745	758.356	6400.33
1433116500	764	746.283	6301.99
1433202900	796	748.993	6344.47
1433289300	607	636.803	5377.77
1433375700	760	746.786	6337.72
1433462100	823	741.784	6289.98
1433548500	774	766.882	6443.98
1433634900	725	760.501	6411.96
1433721300	799	765.53	6448.83
1433807700	786	768.159	6442.83
1433894100	803	756.782	6380.31
1433980500	796	754.365	6365.36
1434066900	802	739.182	6279.33
1434153300	679	662.918	5555.9
1434239700	0	0	0
1434326100	0	0	0
1434412500	594	621.104	5201.03
1434498900	773	749.534	6283.91
1434585300	361	375.315	3200.85
1434671700	821	759.032	6457.48
1434758100	859	771.417	6475.02
1434844500	776	762.594	6486.66
1434930900	793	761.98	6467.86
1435017300	742	755.126	6465.07
1435103700	775	762.36	6429.51
1435190100	873	758.387	6344.14
1435276500	726	746.113	6341.74
1435362900	801	745.931	6350.19
1435449300	718	722.582	6119.88
1435535700	743	755.178	6357.01
1435622100	805	749.388	6356.4
1435708500	746	749.934	6366.33
1435794900	740	764.674	6451.1
1435881300	720	759.408	6426.82
1435967700	758	755.77	6392.28
1436054100	784	766.59	6361.31
1436140500	802	761.891	6364.27
1436226900	739	752.965	6364.62
1436313300	756	721.227	6080.57
1436399700	613	634.786	5329.14
1436486100	739	756.273	6382.21
1436572500	774	757.141	6371.6
1436658900	730	762.661	6314.02
1436745300	732	731.461	6041.42
1436831700	724	733.311	6131.38
1436918100	744	747.017	6304.73
1437004500	754	752.315	6371.62
1437090900	754	752.644	6369.45
1437177300	794	758.426	6365.87
1437263700	715	727.743	6102.99
1437350100	726	749.921	6359.7
1437436500	770	741.333	6315.26
1437522900	777	748.065	6314.32
1437609300	758	736.457	6249.93
1437695700	750	739.047	6308.42
1437782100	753	741.064	6268.24
1437868500	875	750.526	6287.81
1437954900	626	606.437	5082.18
1438041300	681	719.19	6034.48
1438127700	787	744.429	6284.48
1438214100	797	742.565	6265.73
1438300500	771	743.649	6239.18
1438386900	703	739.421	6226.76
1438473300	722	734.645	6134.31
1438559700	666	677.524	5709.11
1438646100	738	723.8	6110.89
1438732500	718	730.6	6128.2
1438818900	730	742.536	6120.31
1438905300	755	728.078	5987.95
1438991700	651	625.962	5186.84
1439078100	479	493.322	4093.96
1439164500	378	336.429	2811.55
1439250900	0	0	0
1439337300	4	10.1051	0
1439423700	508	534.632	4563.43
1439510100	542	568.14	4816.14
1439596500	703	682.289	5731.89
1439682900	625	678.962	5761.73
1439769300	607	606.704	5139.36
1439855700	670	654.397	5568.16
1439942100	635	684.562	5861.94
1440028500	737	705.62	6031.21
1440114900	755	701	5931.97
1440201300	686	721.517	6020.92
1440287700	683	711.995	6035.75
1440374100	652	705.565	5996.08
1440460500	739	705.674	5941.61
1440546900	707	713.824	5985.78
1440633300	663	674.143	5728.28
1440719700	730	709.928	6022.67
1440806100	725	713.243	6015.94
1440892500	524	533.329	4531.84
1440978900	430	435.188	3712.61
1441065300	427	499.384	4329.37
1441151700	634	608.464	5220.82
1441238100	650	681.889	5878.17
1441324500	692	690.686	5932.7
1441410900	715	691.843	5962.75
1441497300	580	559.942	4744.31
1441583700	387	376.808	3142.61
1441670100	74	113.888	958.698
1441756500	0	0	0
1441842900	661	695.919	5836.84
1441929300	675	705.005	5977.99
1442015700	743	704.223	5996.5
1442102100	723	700.007	5975.27
1442188500	699	701.375	5950.4
1442274900	702	715.471	5992.67
1442361300	730	710.748	5961.22
1442447700	706	709.673	5953.28
1442534100	696	704.06	5946.54
1442620500	718	700.548	5956.89
1442706900	744	703.28	5970.06
1442793300	715	706.693	5948.43
1442879700	108	117.602	990.51
1442966100	464	489.271	4122.58
1443052500	601	586.372	4931.76
1443138900	587	611.165	5166.01
1443225300	696	714.716	6064.15
1443311700	706	721.792	6127.62
1443398100	732	729.447	6155.36
1443484500	697	721.534	6099.66
1443570900	690	730.155	6175.45
1443657300	794	747.467	6264.62
1443743700	605	604.644	5120.06
1443830100	495	473.817	4044.8
1443916500	322	322.785	2727.7
1444002900	341	296.178	2495.73
1444089300	287	308.845	2608.36
1444175700	544	529.653	4477.42
1444262100	654	664.495	5627.6
1444348500	649	643.783	5485.25
1444434900	578	587.73	5050.59
1444521300	468	512.979	4415.81
1444607700	577	625.75	5336.99
1444694100	644	671.447	5622.53
1444780500	450	467.407	3877.1
1444866900	742	714.144	5957.93
1444953300	707	744.451	6320.38
1445039700	691	742.827	6363.16
1445126100	734	746.827	6389.68
1445212500	769	756.267	6390.27
1445298900	743	744.507	6259.99
1445385300	599	636.672	5365.9
1445471700	744	757.096	6415.71
1445558100	723	761.021	6509.49
1445644500	719	701.704	5980.26
1445730900	725	698.034	5914.93
1445817300	689	723.717	6160.37
1445903700	722	741.03	6338.56
1445990100	762	696.321	5953.8
1446076500	706	709.086	6065.54
1446162900	752	730.654	6253.19
1446249300	594	616.734	5295.98
1446335700	587	572.908	4903.17
1446422100	590	576.2	4929.14
1446508500	501	480.029	4090.68
1446594900	547	545.477	4720.56
1446681300	728	721.899	6243.67
1446767700	760	722.371	6227.5
1446854100	750	736.439	6306.68
1446940500	772	744.578	6323.25
1447026900	639	615.12	5192.69
1447113300	631	641.822	5491.22
1447199700	742	732.986	6326.55
1447286100	725	710.818	6042.6
1447372500	778	741.439	6302.99
1447458900	752	742.543	6334.23
1447545300	760	742.632	6299.18
1447631700	777	741.852	6293.7
1447718100	648	705.773	5945.34
1447804500	686	678.231	5718.2
1447890900	716	743.476	6235.78
1447977300	746	738.742	6288.09
1448063700	775	749.562	6305.76
1448150100	731	746.783	6320.79
1448236500	738	745.809	6331.25
1448322900	606	623.025	5246.37
1448409300	730	748.376	6303.69
1448495700	573	525.839	4451.74
1448582100	728	744.163	6334.69
1448668500	609	609.864	5220.64
1448754900	678	665.868	5725.06
1448841300	621	585.25	5035.83
1448927700	566	561.909	4788.21
1449014100	574	542.799	4659.31
1449100500	636	654.3	5596.11
1449186900	704	713.822	6115.1
1449273300	552	554.125	4774.21
1449359700	715	703.736	6092.13
1449446100	725	709.963	6083.88
1449532500	623	601.702	5102.6
1449618900	607	661.506	5645.78
1449705300	691	703.068	6028.06
1449791700	704	709.291	6056.63
1449878100	547	560.079	4740.33
1449964500	712	706.97	5966
1450050900	670	697.834	5896.83
1450137300	333	349.511	2972.93
1450223700	685	671.171	5729.22
1450310100	709	715.347	6059.1
1450396500	683	725.615	6172.23
1450482900	745	724.423	6206.98
1450569300	739	728.946	6224.93
1450655700	679	691.226	5870.45
1450742100	663	659.349	5579.48
1450828500	710	659.658	5570.17
1450914900	696	691.915	5918.68
1451001300	734	704.258	6035.59
1451087700	617	605.113	5181.81
1451174100	673	695.863	5934.36
1451260500	724	699.485	5962.11
1451346900	310	298.318	2537.2
1451433300	0	0	0
1451519700	0	0	0
1451606100	0	0	0
1451692500	0	0	0
1451778900	0	0	0
1451865300	0	0	0
1451951700	556	536.895	4623.75
1452038100	579	575.956	4994.67
1452124500	613	601.976	5213.49
1452210900	328	355.074	3041.66
1452297300	530	537.832	4624.06
1452383700	555	555.677	4769.9
1452470100	619	650.753	5586.06
1452556500	640	666.946	5679.87
1452642900	637	663.532	5701.15
1452729300	669	679.89	5838.1
1452815700	632	688.642	5900.45
1452902100	349	344.572	2963.15
1452988500	679	685.765	5890.85
1453074900	688	680.624	5882.26
1453161300	680	683.333	5903.11
1453247700	674	684.939	5908.91
1453334100	624	650.421	5628.48
1453420500	638	650.06	5586.02
1453506900	747	666.512	5766.59
1453593300	447	407.733	3486.78
1453679700	461	465.156	3936.38
1453766100	668	600.561	5120.42
1453852500	583	517.741	4429.98
1453938900	600	632.51	5408.35
1454025300	565	561.422	4808.94
1454111700	310	291.71	2509.86
1454198100	524	507.581	4438.07
1454284500	559	574.451	5005.71
1454370900	578	568.021	4917.26
1454457300	514	541.034	4630.59
1454543700	644	648.619	5539.41
1454630100	607	614.839	5273.37
1454716500	477	491.254	4242.43
1454802900	496	510.307	4389.6
1454889300	522	569.325	4878.18
1454975700	652	625.546	5391.79
1455062100	669	628.768	5438.51
1455148500	414	438.31	3767.58
1455234900	579	635.875	5448.42
1455321300	628	654.332	5572.18
1455407700	629	633.826	5427.52
1455494100	658	648.807	5560.56
1455580500	645	641.345	5451.72
1455666900	644	661.144	5579.02
1455753300	703	663.238	5657.2
1455839700	646	646.105	5552.61
1455926100	670	670.042	5763.06
1456012500	359	336.553	2879.87
1456098900	585	634.631	5428.48
1456185300	585	579.874	4997.41
1456271700	638	628.497	5421.11
1456358100	724	671.987	5767.06
1456444500	712	707	5988.28
1456530900	652	710.625	6052.04
1456617300	365	352.806	3007.99
1456703700	692	679.372	5848.38
1456790100	691	664.816	5747.1
1456876500	681	688.796	5970.06
1456962900	341	345.279	2972.62
1457049300	728	669.536	5749.78
1457135700	369	341.611	2944.59
1457222100	622	649.702	5595.24
1457308500	550	542.954	4652.11
1457394900	660	683.79	5870.39
1457481300	696	687.385	5916.13
1457567700	680	688.422	5965
1457654100	664	677.646	5838.85
1457740500	674	678.78	5886.22
1457826900	696	687.012	5941.69
1457913300	735	668.078	5761.12
1457999700	651	643.146	5537.51
1458086100	678	678.389	5868.16
1458172500	665	693.293	5927.05
1458258900	501	533.301	4560.08
1458345300	322	318.73	2771.44
1458431700	332	303.181	2615.38
1458518100	63	67.9364	583.139
1458604500	372	328.228	2822.29
1458690900	316	307.676	2659.92
1458777300	745	701.947	6040.01
1458863700	306	337.715	2938.84
1458950100	208	202.566	1757.34
1459036500	302	292.916	2525.45
1459122900	333	312.796	2693.42
1459209300	353	310.585	2674.19
1459295700	384	347.612	2985.77
1459382100	592	616.288	5273.5
1459468500	605	568.718	4876.24
1459554900	305	288.783	2461.26
1459641300	260	275.973	2354.09
1459727700	433	476.829	4069.95
1459814100	657	699.075	6012.27
1459900500	719	713.55	6065.61
1459986900	713	707.865	5996.89
1460073300	709	709.527	6055.75
1460159700	548	551.799	4718.96
1460246100	702	705.979	6065.33
1460332500	713	696.044	6007.86
1460418900	697	693.009	5963.29
1460505300	730	692.143	5890.1
1460591700	717	695.547	5888.06
1460678100	699	701.09	5884.38
1460764500	695	701.759	5881.57
1460850900	718	693.137	5877.93
1460937300	590	581.748	4958.45
1461023700	534	527.7	4478.19
1461110100	633	622.553	5250.25
1461196500	697	700.646	5928.73
1461282900	720	710.908	6033.01
1461369300	745	719.266	6018.19
1461455700	695	715.26	5970.89
1461542100	588	647.384	5478.37
1461628500	0	0	0
1461714900	346	337.4	2913.4
1461801300	707	687.437	5863.23
1461887700	668	687.968	5878.86
1461974100	690	669.844	5770.22
1462060500	717	673.89	5694.12
1462146900	650	663.9	5656.32
1462233300	665	642.531	5544.39
1462319700	518	529.6	4520.52
1462406100	619	626.326	5356.45
1462492500	662	663.187	5671.67
1462578900	497	502.756	4308.72
1462665300	523	532.948	4533.21
1462751700	495	520.754	4426.18
1462838100	509	519.62	4446.39
1462924500	166	147.235	1264.01
1463010900	0	0	0
1463097300	0	0	0
1463183700	0	0	0
1463270100	0	0	0
1463356500	0	0	0
1463442900	0	0	0
1463529300	0	0	0
1463615700	0	0	0
1463702100	0	0	0
1463788500	0	0	0
1463874900	0	0	0
1463961300	130	144.864	1245.17
1464047700	194	184.196	1569.19
1464134100	207	220.508	1868.01
1464220500	573	587.533	5046.6
1464306900	547	582.791	5028.42
1464393300	490	449.188	3860.76
1464479700	163	171.221	1483.76
1464566100	220	187.855	1606.58
1464652500	181	183.627	1553.1
1464738900	190	195.69	1677.9
1464825300	291	281.279	2364.62
1464911700	673	634.621	5346.37
1464998100	216	209.136	1747.88
1465084500	398	401.743	3396.38
1465170900	218	214.342	1821.47
1465257300	255	232.487	2018.28
1465343700	315	307.782	2715.92
1465430100	252	251.249	2150.21
1465516500	403	415.231	3588.21
1465602900	649	629.744	5425.3
1465689300	690	640.248	5491.73
1465775700	727	648.227	5489.24
1465862100	660	643.35	5489.19
1465948500	634	638.72	5485.32
1466034900	662	631.166	5440.75
1466121300	597	645.478	5543.13
1466207700	675	650.597	5555.05
1466294100	623	645.913	5543.69
1466380500	642	645.494	5526.99
1466466900	645	641.908	5485.97
1466553300	636	645.395	5497.77
1466639700	664	654.346	5530.12
1466726100	640	636.893	5375.02
1466812500	611	617.456	5292.08
1466898900	638	613.681	5272.11
1466985300	648	610.981	5258.1
1467071700	3	0	0
1467158100	677	630.228	5300.91
1467244500	624	639.663	5410.98
1467330900	673	655.864	5576.04
1467417300	652	651.44	5524.57
1467503700	680	658.208	5572.32
1467590100	617	632.777	5366.81
1467676500	668	653.877	5559
1467762900	708	669.647	5702.83
1467849300	690	671.918	5708.9
1467935700	707	676.539	5708.89
1468022100	720	679.222	5713.44
1468108500	721	682.479	5714.04
1468194900	655	685.155	5708.09
1468281300	432	470.757	3948.84
1468367700	628	632.215	5269.19
1468454100	693	698.52	5801.69
1468540500	665	689.794	5811.18
1468626900	631	663.834	5645.4
1468713300	658	684.326	5795.29
1468799700	689	685.862	5796.16
1468886100	693	680.262	5806.94
1468972500	731	695.742	5877.05
1469058900	767	694.825	5917.11
1469145300	733	700.89	5943.81
1469231700	728	708.48	5966.28
1469318100	716	697.754	5895.86
1469404500	715	699.028	5870.84
1469490900	671	683.919	5800.53
1469577300	708	670.469	5711.68
1469663700	668	684.008	5787.34
1469750100	708	688.619	5792.71
1469836500	702	689.575	5780.61
1469922900	690	686.088	5767.08
1470009300	715	675.583	5765.16
1470095700	747	666.854	5702.76
1470182100	734	681.848	5774.85
1470268500	724	686.359	5791.16
1470354900	662	679.343	5719.69
1470441300	724	682.956	5784.87
1470527700	730	677.423	5784.73
1470614100	687	679.426	5787.31
1470700500	711	670.495	5753.54
1470786900	713	671.723	5756.85
1470873300	743	674.489	5719.08
1470959700	704	678.327	5767.21
1471046100	678	681.273	5769.78
1471132500	690	680.768	5762.21
1471218900	654	672.661	5680.51
1471305300	688	679.406	5702.48
1471391700	621	669.624	5639.35
1471478100	513	523.641	4448.41
1471564500	654	644.896	5472.21
1471650900	653	671.288	5704.02
1471737300	668	659.415	5697.56
1471823700	679	660.606	5661.21
1471910100	703	648.341	5522.59
1471996500	698	657.826	5563.84
1472082900	676	654.811	5544.67
1472169300	659	647.746	5475.09
1472255700	624	644.587	5457.55
1472342100	626	644.566	5474.73
1472428500	617	637.502	5466.75
1472514900	733	640.271	5470.91
1472601300	606	641.38	5442.34
1472687700	638	638.448	5438.5
1472774100	607	626.108	5389.41
1472860500	574	629.788	5482.97
1472946900	570	631.504	5482.32
1473033300	574	634.726	5469.21
1473119700	653	637.757	5467.94
1473206100	642	641.238	5466.92
1473292500	685	643.888	5495.96
1473378900	661	643.487	5487.82
1473465300	692	639.495	5469.24
1473551700	640	640.36	5470.61
1473638100	612	644.427	5440.08
1473724500	519	509.032	4305.68
1473810900	388	394.228	3379.53
1473897300	582	599.289	5113.72
1473983700	613	631.971	5383.15
1474070100	632	642.197	5428.94
1474156500	618	629.96	5399.85
1474242900	614	624.046	5405.02
1474329300	705	629.611	5398.02
1474415700	649	626.221	5338.62
1474502100	610	631.147	5383.14
1474588500	616	614.128	5351.18
1474674900	615	617.429	5328.92
1474761300	629	621.522	5335.12
1474847700	635	622.194	5288.4
1474934100	651	625.056	5323.24
1475020500	591	618.602	5298.3
1475106900	594	590.722	5086
1475193300	615	603.823	5117.91
1475279700	625	598.098	5105.08
1475366100	620	596.721	5097.99
1475452500	608	592.369	5095.63
1475538900	566	602.74	5127.49
1475625300	571	596.193	5129
1475711700	537	576.788	4931.76
1475798100	626	606.152	5125.19
1475884500	595	599.814	5096.9
1475970900	588	598.731	5080.1
1476057300	612	596.274	5083.59
1476143700	608	601.075	5111.84
1476230100	608	601.637	5085.02
1476316500	588	604.292	5092.92
1476402900	576	598.567	5067.74
1476489300	521	595.603	5027.26
1476575700	417	430.582	3585.94
1476662100	548	551.873	4644.84
1476748500	414	431.463	3652.02
1476834900	354	372.771	3163.54
1476921300	434	439.736	3772.66
1477007700	600	599.23	5124.16
1477094100	615	625.424	5297.09
1477180500	445	433.042	3671.32
1477266900	511	535.748	4563.09
1477353300	535	616.163	5263
1477439700	581	610.12	5250.34
1477526100	623	603.384	5237.8
1477612500	0	0	0
1477698900	650	611.326	5225.51
1477785300	618	615.373	5256.52
1477871700	501	514.818	4360.97
1477958100	601	621.992	5214.15
1478044500	579	610.049	5186.91
1478130900	586	601.337	5156.59
1478217300	571	592.326	5129.25
1478303700	571	593.371	5129.46
1478390100	590	594.118	5092.5
1478476500	608	597.607	5132.02
1478562900	590	595.895	5122.81
1478649300	621	594.54	5070.78
1478735700	556	591.63	5045.11
1478822100	606	590.481	5047.72
1478908500	610	596.512	5085.64
1478994900	579	600.81	5089.36
1479081300	582	604.993	5124.89
1479167700	599	600.498	5074.98
1479254100	558	588.57	5014.59
1479340500	568	581.874	5003.19
1479426900	594	578.083	4979.81
1479513300	593	589.056	5020.22
1479599700	395	380.556	3236.3
1479686100	1	0	0
1479772500	584	556.773	4795.02
1479858900	561	572.187	4885.08
1479945300	414	458.256	3903.49
1480031700	375	349.507	2978.53
1480118100	470	432.574	3658.47
1480204500	389	366.923	3126.63
1480290900	0	0	0
1480377300	0	0	0
1480463700	560	538.231	4640.34
1480550100	575	581.592	4986.75
1480636500	575	563.903	4837.16
1480722900	585	560.307	4830.51
1480809300	589	595.223	5076.69
1480895700	406	407.165	3443.84
1480982100	602	597.396	5088.17
1481068500	577	602.869	5131.67
1481154900	524	553.612	4742.85
1481241300	605	607.999	5202.92
1481327700	635	612.743	5225.38
1481414100	647	609.887	5226.27
1481500500	550	607.927	5182.17
1481586900	597	606.426	5160.68
1481673300	621	604.27	5199.97
1481759700	606	609.66	5241.33
1481846100	621	610.732	5239.15
1481932500	593	619.565	5303.48
1482018900	593	596.151	5095.53
1482105300	586	618.781	5312.94
1482191700	592	573.286	4889.23
1482278100	640	614.821	5229.04
1482364500	646	621.058	5300.64
1482450900	596	631.095	5385.61
1482537300	596	601.429	5123.75
1482623700	547	558.474	4711.08
1482710100	641	636.137	5369.99
1482796500	585	613.98	5244.7
1482882900	612	565.085	4864.75
1482969300	682	650.813	5585.84
1483055700	679	657.273	5622.45
1483142100	662	664.422	5662.23
1483228500	608	627.425	5366.31
1483314900	614	644.539	5543.15
1483401300	655	649.962	5539.89
1483487700	641	659.971	5599.11
1483574100	673	674.217	5732.35
1483660500	689	678.027	5800.8
1483746900	682	687.131	5865.61
1483833300	620	620.885	5321.69
1483919700	323	344.686	2929.72
1484006100	685	690.038	5884.87
1484092500	693	695.611	5955.81
1484178900	678	690.209	5941.32
1484265300	708	693.526	5958.63
1484351700	686	697.041	5980.04
1484438100	548	562.767	4791.75
1484524500	538	554.876	4752.17
1484610900	642	692.754	5955.7
1484697300	687	694.013	5959.57
1484783700	670	694.576	5973.07
1484870100	689	657.242	5695.92
1484956500	707	677.152	5885.92
1485042900	605	590.447	5102.52
1485129300	688	645.183	5574.41
1485215700	632	584.261	5027.42
1485302100	622	644.182	5571.12
1485388500	650	658.017	5743.34
1485474900	716	674.439	5893.63
1485561300	716	689.2	5964.91
1485647700	727	696.038	5979.07
1485734100	697	695.706	5955.23
1485820500	723	693.254	5953.51
1485906900	533	506.189	4347.59
1485993300	665	668.832	5719.65
1486079700	628	658.383	5577.25
1486166100	526	544.071	4621.12
1486252500	431	410.872	3510.56
1486338900	698	668.442	5739.69
1486425300	654	677.806	5778.27
1486511700	592	614.154	5227.59
1486598100	616	624.934	5333.98
1486684500	600	586.687	5039.16
1486770900	661	676.899	5824.87
1486857300	706	677.587	5826.36
1486943700	567	555.685	4806.42
1487030100	516	512.106	4409.78
1487116500	435	485.184	4178.2
1487202900	488	487.437	4188.77
1487289300	575	563.548	4798.1
1487375700	644	656.597	5559.5
1487462100	703	660.587	5666.14
1487548500	634	663.922	5728.44
1487634900	697	664.628	5759.28
1487721300	648	629.73	5471.97
1487807700	625	657.345	5688.65
1487894100	689	652.488	5634.11
1487980500	450	434.557	3751.09
1488066900	405	410.398	3533.62
1488153300	346	356.108	3057.4
1488239700	355	355.401	3056.24
1488326100	320	305.811	2601.58
1488412500	548	562.957	4743.65
1488498900	648	656.473	5604.58
1488585300	660	659.121	5633.03
1488671700	619	659.81	5621.41
1488758100	648	639.339	5454.16
1488844500	665	646.734	5560.32
1488930900	683	647.446	5505.57
1489017300	658	654.131	5518.75
1489103700	591	646	5492.76
1489190100	701	652.598	5536.52
1489276500	612	644.453	5520.9
1489362900	684	647.634	5557.97
1489449300	693	661.165	5644.68
1489535700	599	626.034	5333.86
1489622100	681	643.273	5554.04
1489708500	648	646.987	5588.32
1489794900	703	650.88	5599.01
1489881300	660	647.607	5565.84
1489967700	551	529.999	4569.12
1490054100	605	620.881	5366.01
1490140500	275	274.279	2368.19
1490226900	435	409.261	3549.46
1490313300	684	653.6	5613.26
1490399700	451	439.603	3742.11
1490486100	573	631.278	5371.85
1490572500	592	597.857	5110.86
1490658900	634	617.386	5302.49
1490745300	653	650	5586.05
1490831700	629	661.512	5633.91
1490918100	631	658.384	5622.73
1491004500	408	404.096	3474.88
1491090900	388	396.866	3394.56
1491177300	542	541.794	4632.46
1491263700	584	616.693	5223.86
1491350100	634	650.227	5539.49
1491436500	586	618.452	5276.49
1491522900	684	649.788	5461.96
1491609300	607	652.572	5505
1491695700	638	650.303	5533.66
1491782100	591	644.382	5492.97
1491868500	354	332.844	2843.72
1491954900	605	621.501	5366.63
1492041300	573	558.223	4776.61
1492127700	633	642.619	5476.57
1492214100	609	611.557	5226.14
1492300500	632	632.405	5464.62
1492386900	581	621.915	5356.1
1492473300	606	611.83	5252.8
1492559700	629	611.279	5205.24
1492646100	618	610.145	5191.91
1492732500	642	617.963	5254.08
1492818900	605	615.959	5257.14
1492905300	630	612.757	5242.35
1492991700	556	559.095	4750.4
1493078100	493	565.964	4763.37
1493164500	679	620.897	5262.44
1493250900	658	636.966	5421.53
1493337300	699	641.911	5482.22
1493423700	534	537.998	4612.23
1493510100	702	630.213	5407.79
1493596500	730	638.644	5455.46
1493682900	649	631.394	5347.56
1493769300	628	636.725	5457.76
1493855700	652	639.668	5464.07
1493942100	670	648.465	5482.63
1494028500	717	666.185	5599.3
1494114900	643	670.712	5615.3
1494201300	555	547.659	4643.86
1494287700	615	652.743	5575.75
1494374100	633	654.263	5598.93
1494460500	644	662.678	5606.96
1494546900	665	656.852	5519.88
1494633300	571	655.412	5544.72
1494719700	695	657.267	5555.31
1494806100	640	650.639	5530.5
1494892500	689	660.691	5606.33
1494978900	690	676.825	5683.26
1495065300	427	455.052	3803.77
1495151700	599	576.036	4859.78
1495238100	661	679.363	5708.33
1495324500	683	680.735	5738.9
1495410900	669	680.383	5726.24
1495497300	647	679.675	5735.75
1495583700	683	678.74	5698.85
1495670100	682	678.679	5700.34
1495756500	653	670.812	5680.12
1495842900	654	666.377	5716.38
1495929300	647	670.64	5716.98
1496015700	677	625.558	5304.49
1496102100	661	669.2	5721.75
1496188500	716	669.673	5733.75
1496274900	339	357.439	3051.36
1496361300	693	685.654	5812.75
1496447700	725	701.316	5884.24
1496534100	666	693.565	5834.64
1496620500	652	683.82	5775.15
1496706900	676	676.27	5687.47
1496793300	584	620.625	5185.96
1496879700	700	688.16	5746.46
1496966100	687	686.037	5881.05
1497052500	669	688.691	5879.77
1497138900	663	690.434	5832
1497225300	691	687.156	5812.3
1497311700	741	691.822	5790.93
1497398100	749	689.292	5803.18
1497484500	708	689.017	5794.96
1497570900	677	695.443	5813.52
1497657300	703	703.258	5826.92
1497743700	694	693.039	5828.09
1497830100	690	683.103	5822.66
1497916500	721	691.258	5847.38
1498002900	742	696.851	5850.44
1498089300	530	557.585	4651.18
1498175700	418	442.298	3687.4
1498262100	441	438.906	3690.9
1498348500	437	443.578	3691.2
1498434900	446	439.367	3680.48
1498521300	266	279.33	2371.43
1498607700	0	0	0
1498694100	299	328.072	2780.42
1498780500	645	687.117	5868.67
1498866900	634	687.354	5917.02
1498953300	729	701.703	5985.05
1499039700	771	705.779	5963.33
1499126100	706	711.204	5954.87
1499212500	730	710.373	5977.7
1499298900	663	706.324	5974.73
1499385300	719	695.815	5939.98
1499471700	656	694.784	5926.75
1499558100	697	696.407	5915.97
1499644500	682	693.007	5919.12
1499730900	735	695.525	5905.75
1499817300	691	706.223	5899.64
1499903700	735	706.665	5914.59
1499990100	657	698.114	5901.45
1500076500	673	710.106	5904.59
1500162900	652	695.291	5861.92
1500249300	654	683.522	5845
1500335700	742	679.98	5836.57
1500422100	723	684.917	5855.53
1500508500	708	684.135	5830.88
1500594900	677	683.917	5838.94
1500681300	763	682.902	5763.65
1500767700	670	692.831	5791.71
1500854100	657	683.221	5767.91
1500940500	671	677.316	5757.17
1501026900	692	678.318	5749.74
1501113300	660	678.455	5735.74
1501199700	680	686.047	5752.86
1501286100	678	681.247	5771.83
1501372500	689	672.93	5773.43
1501458900	596	670.646	5741.69
1501545300	681	678.713	5716.86
1501631700	715	671.579	5710.74
1501718100	672	662.243	5664.29
1501804500	610	572.099	4860.38
1501890900	687	671.108	5664.46
1501977300	458	454.855	3826.22
1502063700	308	304.446	2564.29
1502150100	343	334.5	2811.61
1502236500	442	449.247	3770.71
1502322900	688	693.754	5797.6
1502409300	632	690.049	5772.26
1502495700	700	689.463	5785.22
1502582100	650	676.704	5695.79
1502668500	648	663.962	5572.99
1502754900	603	671.503	5673.55
1502841300	677	671.026	5724.66
1502927700	748	685.053	5817.75
1503014100	712	698.988	5872.87
1503100500	658	672.198	5625.35
1503186900	628	663.562	5639.55
1503273300	673	661.905	5644.08
1503359700	694	672.439	5629.99
1503446100	591	640.438	5338.88
1503532500	430	427.227	3558.99
1503618900	515	493.523	4130.35
1503705300	612	627.178	5306.28
1503791700	693	657.714	5528.81
1503878100	687	654.783	5481.96
1503964500	596	623.546	5243.19
1504050900	609	640.857	5468.81
1504137300	678	650.811	5514.32
1504223700	685	663.835	5566
1504310100	619	659.938	5568.35
1504396500	472	499.565	4236.28
1504482900	535	555.621	4753.39
1504569300	659	656.416	5625.14
1504655700	672	677.388	5702.43
1504742100	680	677.592	5735.12
1504828500	716	688.15	5786.79
1504914900	674	694.556	5851.57
1505001300	691	695.977	5864.11
1505087700	713	690.291	5830.22
1505174100	634	678.768	5771.52
1505260500	691	694.14	5910.43
1505346900	688	700.889	5945.83
1505433300	638	675.413	5812.86
1505519700	699	681.056	5890.09
1505606100	677	679.997	5838.99
1505692500	702	691.447	5899.84
1505778900	703	691.364	5847.64
1505865300	665	632.101	5349.14
1505951700	687	680.579	5857.77
1506038100	677	680.6	5837.62
1506124500	660	651.787	5601.04
1506210900	686	687.028	5841.76
1506297300	683	682.416	5842.08
1506383700	702	682.53	5850.91
1506470100	654	684.998	5859.79
1506556500	683	689.707	5893.02
1506642900	610	646.796	5497.58
1506729300	772	710.626	5968.37
1506815700	626	689.722	5739.62
1506902100	691	711.84	5991.03
1506988500	703	723.474	6085.85
1507074900	761	738.782	6187.24
1507161300	725	765.246	6304.09
1507247700	755	743.502	6265.03
1507334100	629	645.12	5530.8
1507420500	593	613.074	5196.45
1507506900	657	679.304	5772.14
1507593300	635	672.536	5699.3
1507679700	696	710.522	5999.98
1507766100	686	736.217	6268.67
1507852500	553	558.974	4780.36
1507938900	657	598.977	5140.06
1508025300	698	677.819	5807
1508111700	343	314.111	2669.32
1508198100	437	473.1	3997.14
1508284500	741	729.062	6180.49
1508370900	737	724.034	6180.7
1508457300	751	735.886	6208.74
1508543700	735	734.905	6231.68
1508630100	736	723.261	6222.08
1508716500	761	728.05	6192.36
1508802900	738	727.435	6180.13
1508889300	754	728.949	6200.89
1508975700	760	732.332	6220.2
1509062100	721	727.412	6185.8
1509148500	739	739.386	6221.9
1509234900	735	740.078	6197.43
1509321300	715	734.072	6197.12
1509407700	731	738.635	6274.24
1509494100	750	749.08	6328.98
1509580500	772	754.785	6355.31
1509666900	746	756.112	6364.85
1509753300	740	761.363	6455.38
1509839700	746	763.035	6472.2
1509926100	736	750.38	6432.05
1510012500	718	722.322	6166.17
1510098900	608	598.784	5094
1510185300	752	724.569	6179.96
1510271700	718	754.514	6458.78
1510358100	753	755.974	6475.48
1510444500	759	744.614	6360.04
1510530900	759	741.896	6346.15
1510617300	606	650.326	5540.59
1510703700	750	745.726	6307.44
1510790100	691	739.122	6304.17
1510876500	779	739.859	6279.8
1510962900	719	745.138	6337.94
1511049300	691	713.856	6063.49
1511135700	668	688.025	5825.21
1511222100	714	736.031	6267.53
1511308500	676	741.067	6343.43
1511394900	748	747.558	6351.36
1511481300	719	738.617	6286.88
1511567700	708	735.439	6301.91
1511654100	737	732.412	6275.57
1511740500	739	736.023	6304.42
1511826900	735	723.776	6226.39
1511913300	758	738.18	6302.81
1511999700	721	736.329	6304.83
1512086100	601	648.924	5531.12
1512172500	674	752.462	6428.7
1512258900	449	448.598	3832.82
1512345300	441	429.894	3702.56
1512431700	643	680.96	5831.55
1512518100	648	683.027	5843.63
1512604500	731	739.266	6339.94
1512690900	431	421.913	3592.72
1512777300	375	348.608	2969.17
1512863700	687	708.149	6085.85
1512950100	744	706	6102.31
1513036500	697	715.373	6102.27
1513122900	671	699.367	5976.08
1513209300	716	727.951	6268.03
1513295700	739	730.921	6287.68
1513382100	749	726.755	6164.94
1513468500	493	479.156	4056.65
1513554900	715	717.315	6161.3
1513641300	803	747.137	6390.44
1513727700	771	720.083	6166.72
1513814100	748	750.339	6401.39
1513900500	746	739.34	6310.8
1513986900	767	751.233	6419.24
1514073300	725	748.623	6412.42
1514159700	787	748.435	6401.18
1514246100	664	681.408	5806.92
1514332500	573	581.81	4995.24
1514418900	731	736.615	6339.58
1514505300	699	708.139	6093.68
1514591700	767	732.745	6264.05
1514678100	612	662.217	5675.75
1514764500	432	458.494	3928.76
1514850900	663	690.298	5910.53
1514937300	675	690.784	5904.27
1515023700	715	746.493	6337.94
1515110100	700	731.397	6201.9
1515196500	758	724.586	6233.18
1515282900	695	670.574	5791.99
1515369300	659	663.39	5737.65
1515455700	545	535.867	4604.51
1515542100	454	439.595	3786.31
1515628500	557	579.099	4993.51
1515714900	593	593.609	5112.78
1515801300	720	721.213	6191.41
1515887700	611	636.321	5472.81
1515974100	632	595.654	5103.93
1516060500	727	695.719	5970.15
1516146900	630	600.551	5168.87
1516233300	662	687.805	5931.6
1516319700	761	714.787	6176.85
1516406100	740	719.59	6195.82
1516492500	684	719.006	6150.35
1516578900	576	556.405	4735.47
1516665300	524	576.859	4880.84
1516751700	644	670.869	5733.09
1516838100	697	703.918	6042.82
1516924500	580	567.348	4847.62
1517010900	652	714.292	6081.49
1517097300	676	696.765	5967.87
1517183700	721	675.816	5772.58
1517270100	618	613.848	5187.34
1517356500	653	653.655	5611.66
1517442900	588	646.858	5598.85
1517529300	677	611.389	5279.92
1517615700	716	701.266	6027.14
1517702100	697	655.62	5646.77
1517788500	606	598.883	5178.83
1517874900	694	699.176	6016.41
1517961300	681	689.736	5913.72
1518047700	633	677.617	5796.99
1518134100	634	654.576	5563.84
1518220500	654	703.868	6007.8
1518306900	701	714.753	6134.83
1518393300	719	708.462	6140.76
1518479700	761	714.932	6144.38
1518566100	672	685.1	5905.59
1518652500	763	706.692	6084.3
1518738900	634	628.194	5408.88
1518825300	650	642.134	5564.88
1518911700	549	566.103	4851.97
1518998100	646	653.382	5548.59
1519084500	544	566.159	4807.96
1519170900	682	723.579	6219.84
1519257300	752	726.014	6256.72
1519343700	487	457.716	3931.07
1519430100	604	595.563	5129.13
1519516500	565	529.58	4571.03
1519602900	718	707.128	6109.16
1519689300	520	510.892	4389.83
1519775700	476	480.79	4135.29
1519862100	700	697.659	5995.12
1519948500	734	731.196	6314.91
1520034900	741	735.28	6320.64
1520121300	639	646.175	5530.88
1520207700	682	670.904	5767.49
1520294100	733	732.86	6323.61
1520380500	778	725.966	6240.44
1520466900	719	713.863	6092.1
1520553300	612	640.808	5466.74
1520639700	745	737.311	6251.36
1520726100	730	723.531	6174.84
1520812500	732	730.948	6216.41
1520898900	729	741.05	6284.8
1520985300	702	702.041	5929.69
1521071700	751	740.02	6268.34
1521158100	754	744.568	6293.72
1521244500	748	748.914	6322.17
1521330900	729	747.5	6304.4
1521417300	762	740.596	6311.46
1521503700	765	747.218	6360.68
1521590100	736	726.764	6232.56
1521676500	786	743.82	6270.49
1521762900	784	752.769	6341.43
1521849300	751	741.601	6311.4
1521935700	708	730.121	6294.89
1522022100	748	737.915	6298.92
1522108500	746	741.75	6338.42
1522194900	778	741.378	6324.11
1522281300	764	740.313	6343.62
1522367700	745	715.582	6157.31
1522454100	686	702.617	6033.84
1522540500	743	739.59	6358.05
1522626900	682	728.018	6280.38
1522713300	743	733.706	6270.86
1522799700	747	732.34	6251.42
1522886100	722	731.183	6216.24
1522972500	541	615.263	5262.92
1523058900	467	506.897	4291.22
1523145300	667	712.974	6064.42
1523231700	730	709.992	6074.72
1523318100	699	714.824	6035.24
1523404500	655	715.4	6034.45
1523490900	645	710.018	6037.74
1523577300	541	549.602	4749.43
1523663700	731	696.907	5973.92
1523750100	728	695.88	6002.68
1523836500	740	697.269	5992.49
1523922900	713	706.45	6029.9
1524009300	715	697.959	6002.89
1524095700	703	700.786	5995.05
1524182100	717	678.01	5801.9
1524268500	743	721.461	6168.22
1524354900	721	710.022	6038.7
1524441300	754	715.16	6122.42
1524527700	709	731.129	6272.58
1524614100	694	742.103	6367.25
1524700500	804	750.088	6391.94
1524786900	836	750.867	6360.49
1524873300	700	747.439	6385.05
1524959700	792	740.717	6296.1
1525046100	763	747.868	6387.98
1525132500	733	742.429	6339.23
1525218900	749	748.765	6374.64
1525305300	739	752.296	6402.53
1525391700	731	750.257	6384.98
1525478100	742	741.482	6352.68
1525564500	787	742.384	6360.34
1525650900	737	737.631	6313.53
1525737300	725	702.811	6018.86
1525823700	707	736.397	6280.93
1525910100	576	608.875	5196.24
1525996500	683	724.614	6203.72
1526082900	739	723.962	6170.38
1526169300	781	727.553	6151.12
1526255700	752	726.077	6107.88
1526342100	665	727.175	6147.3
1526428500	682	717.267	6119.15
1526514900	767	719.854	6088.31
1526601300	734	718.543	6075.1
1526687700	700	708.484	6071.31
1526774100	381	361.505	3073.7
1526860500	744	716.781	6073.5
1526946900	726	700.044	5969.12
1527033300	721	696.543	5932.86
1527119700	729	716.666	6136.74
1527206100	764	733.146	6238.63
1527292500	735	712.351	5988.21
1527378900	711	736.677	6212.52
1527465300	732	740.463	6209.43
1527551700	728	730.922	6157.75
1527638100	637	716.937	6069.3
1527724500	640	708.953	6009.18
1527810900	670	705.802	6020.2
1527897300	727	708.251	6024.31
1527983700	326	357.05	3048.86
1528070100	683	701.642	5987.03
1528156500	684	695.051	5895.26
1528242900	727	696.04	5841.66
1528329300	678	680.269	5776.9
1528415700	710	701.814	5900.69
1528502100	726	739.736	6185.9
1528588500	752	758.874	6222.88
1528674900	705	750.564	6212.24
1528761300	708	741.244	6218.71
1528847700	728	731.899	6223.2
1528934100	764	730.317	6219.38
1529020500	740	728.443	6220.62
1529106900	784	731.809	6250.4
1529193300	770	735.755	6299.14
1529279700	816	738.524	6317.93
1529366100	779	745.591	6304.31
1529452500	774	742.52	6300.19
1529538900	787	743.104	6312.15
1529625300	741	745.015	6311.45
1529711700	780	752.468	6317.42
1529798100	311	368.827	3148.24
1529884500	713	738.246	6213
1529970900	382	373.297	3147.55
1530057300	697	727.178	6133.3
1530143700	566	584.147	4937.91
1530230100	498	515.94	4354.28
1530316500	636	589.569	4953.56
1530402900	488	514.848	4301.93
1530489300	725	730.365	6128.31
1530575700	538	587.986	5010.42
1530662100	721	723.709	6053.91
1530748500	670	714.768	5922.64
1530834900	707	706.795	5908.7
1530921300	672	697.794	5878.32
1531007700	628	671.308	5741.83
1531094100	618	658.411	5680.45
1531180500	676	664.515	5672.65
1531266900	744	676.492	5681.07
1531353300	712	705.607	5962.48
1531439700	698	703.696	5972.8
1531526100	733	700.516	5922.32
1531612500	712	710.636	5984.36
1531698900	660	703.404	5949.99
1531785300	726	708.501	5966.6
1531871700	692	711.86	5983.99
1531958100	657	699.147	5857.95
1532044500	678	683.186	5777.87
1532130900	693	690.259	5829.26
1532217300	677	702.136	5858.43
1532303700	684	681.378	5826.35
1532390100	663	678.119	5811.29
1532476500	627	688.489	5878.71
1532562900	731	690.744	5897.62
1532649300	717	697.482	5897.71
1532735700	716	719.864	6070.22
1532822100	729	719.076	6081.86
1532908500	771	722.856	6081.67
1532994900	683	715.27	6079.57
1533081300	722	731.2	6149.78
1533167700	755	728.563	6146.07
1533254100	689	738.236	6198.19
1533340500	763	732.265	6209.73
1533426900	616	598.639	5030.77
1533513300	605	595.715	5028.33
1533599700	693	687.013	5728.42
1533686100	707	733.334	6252.3
1533772500	794	734.825	6311.97
1533858900	767	751.246	6356.13
1533945300	831	755.101	6377.6
1534031700	746	757.64	6387.78
1534118100	699	758.889	6394.85
1534204500	719	751.795	6411.59
1534290900	788	750.315	6401.68
1534377300	833	757.599	6448.86
1534463700	876	764.94	6488.65
1534550100	778	760.775	6466.67
1534636500	710	751.436	6456.59
1534722900	729	749.397	6460.59
1534809300	780	759.054	6451.55
1534895700	812	764.377	6460.94
1534982100	790	775.268	6456.02
1535068500	739	764.558	6447.18
1535154900	729	754.311	6455.14
1535241300	811	751.014	6466.35
1535327700	393	388.541	3309.65
1535414100	771	765.479	6485.14
1535500500	734	768.534	6475.47
1535586900	789	765.849	6482.52
1535673300	703	757.464	6443.33
1535759700	732	761.598	6481.91
1535846100	781	752.743	6421.8
1535932500	781	748.876	6409.85
1536018900	197	170.324	1468.87
1536105300	783	764.748	6439.2
1536191700	775	768.493	6502.8
1536278100	729	760.276	6485.1
1536364500	768	750.468	6417.03
1536450900	755	754.272	6467.34
1536537300	710	748.211	6425.63
1536623700	771	757.219	6459.41
1536710100	766	754.665	6446.17
1536796500	729	753.016	6444.47
1536882900	755	750.153	6397.2
1536969300	763	758.625	6410.27
1537055700	661	725.924	6133.72
1537142100	485	466.284	3944.1
1537228500	686	727.945	6108.58
1537314900	757	763.09	6370.66
1537401300	758	756.367	6381.01
1537487700	771	750.462	6341.13
1537574100	708	658.701	5545.82
1537660500	694	723.209	6090.18
1537746900	657	720.182	6125.97
1537833300	715	733.1	6210.45
1537919700	799	743.961	6299.34
1538006100	736	747.056	6329.63
1538092500	749	751.885	6332.32
1538178900	724	756.936	6317.77
1538265300	722	755.825	6317.01
1538351700	678	745.224	6277.1
1538438100	752	749.08	6338.54
1538524500	724	745.266	6332.98
1538610900	733	740.964	6343.77
1538697300	737	746.291	6420.27
1538783700	838	756.14	6438.02
1538870100	764	727.451	6152.87
1538956500	764	727.199	6121.81
1539042900	762	747.042	6313.07
1539129300	711	740.43	6301.3
1539215700	754	733.545	6268
1539302100	716	752.154	6369.43
1539388500	774	741.909	6338.43
1539474900	763	739.505	6330.14
1539561300	760	739.62	6298.13
1539647700	717	721.168	6067.75
1539734100	699	744.505	6244.28
1539820500	690	743.324	6295.34
1539906900	687	730.077	6282.7
1539993300	717	737.498	6309.17
1540079700	696	736.902	6279.99
1540166100	734	736.546	6281.37
1540252500	692	737.401	6315.1
1540338900	762	741.476	6320.85
1540425300	696	739.598	6323.34
1540511700	715	738.075	6318.53
1540598100	780	744.457	6360.97
1540684500	707	741.498	6332.98
1540770900	559	587.027	4970.67
1540857300	734	748.437	6314.5
1540943700	661	676.532	5769.88
1541030100	690	701.683	5997.32
1541116500	718	756.435	6359.83
1541202900	668	758.788	6417.6
1541289300	731	746.042	6325.34
1541375700	796	731.358	6209.29
1541462100	688	700.884	6038.41
1541548500	671	737.505	6403
1541634900	771	752.635	6444.95
1541721300	721	726.469	6162.3
1541807700	785	761.425	6443.7
1541894100	657	661.809	5589.79
1541980500	681	753.615	6377.21
1542066900	687	747.956	6345.81
1542153300	764	745.059	6321.98
1542239700	728	746.095	6316.99
1542326100	711	744.639	6343.89
1542412500	716	750.316	6338.6
1542498900	751	744.195	6346.09
1542585300	723	743.25	6342.52
1542671700	716	722.448	6171.51
1542758100	701	706.108	6030
1542844500	708	693.073	5893.69
1542930900	665	714.001	6128.31
1543017300	704	713.866	6109.19
1543103700	751	732.257	6256.6
1543190100	684	728.688	6229.73
1543276500	677	666.878	5706.12
1543362900	575	624.714	5364.01
1543449300	719	727.46	6226.34
1543535700	719	714.866	6112.74
1543622100	624	644.393	5528.54
1543708500	667	707.691	6105.67
1543794900	792	719.861	6156.37
1543881300	683	704.834	6005.82
1543967700	583	583.993	4979.65
1544054100	677	694.076	5992.12
1544140500	628	698.66	6064.7
1544226900	722	707.166	6086.97
1544313300	659	698.091	5945.15
1544399700	326	354.017	3025.26
1544486100	663	692.965	5913.04
1544572500	644	690.172	5932.06
1544658900	703	717.758	6101.66
1544745300	737	718.493	6057.88
1544831700	658	672.437	5777.73
1544918100	0	0	0
1545004500	387	381.147	3263.51
1545090900	663	682.483	5889.99
1545177300	702	687.819	5897.38
1545263700	718	685.117	5818.61
1545350100	679	671.009	5737.34
1545436500	639	676.737	5779.59
1545522900	661	650.885	5591.45
1545609300	230	219.012	1888.38
1545695700	300	291.19	2481.23
1545782100	266	275.287	2353.38
1545868500	565	634.161	5389.7
1545954900	591	602.271	5137.57
1546041300	661	657.029	5592.24
1546127700	669	668.459	5682.01
1546214100	721	678.593	5810.27
1546300500	696	675.995	5772.54
1546386900	669	675.671	5788.99
1546473300	657	676.185	5803.86
1546559700	656	609.154	5199.51
1546646100	719	697.45	5965.52
1546732500	692	652.675	5552.47
1546818900	690	700.034	5922.55
1546905300	710	712.913	6000.24
1546991700	727	735.492	6221.15
1547078100	684	739.418	6297.3
1547164500	781	744.278	6380.7
1547250900	730	745.562	6375.14
1547337300	701	702.468	6034.77
1547423700	665	732.804	6317.75
1547510100	731	736.12	6318.35
1547596500	767	734.226	6276.28
1547682900	726	719.752	6195.26
1547769300	707	716.926	6232.38
1547855700	745	717.128	6199.49
1547942100	791	715.476	6145.07
1548028500	724	715.287	6117.6
1548114900	624	689.358	5910.19
1548201300	614	627.156	5393.74
1548287700	730	706.873	6104.15
1548374100	748	704.156	6037.68
1548460500	684	706.874	6098.72
1548546900	712	705.615	6099.89
1548633300	623	618.781	5315.45
1548719700	688	706.136	6061.16
1548806100	689	703.424	6044.05
1548892500	709	701.585	6031.08
1548978900	693	703.508	6061.28
1549065300	592	607.993	5282
1549151700	689	669.53	5873.12
1549238100	696	698.183	6073.86
1549324500	660	692.37	5987.75
1549410900	748	697.311	5999.9
1549497300	611	608.007	5208.2
1549583700	661	692.518	5918.68
1549670100	690	690.467	5913.08
1549756500	672	661.334	5653.2
1549842900	686	701.069	5932.74
1549929300	639	688.129	5966.71
1550015700	679	689.52	5946.49
1550102100	684	692.42	5952.74
1550188500	700	689.643	5958.99
1550274900	762	686.539	5932.78
1550361300	666	689.529	5934.24
1550447700	648	628.544	5376.24
1550534100	697	671.751	5765.45
1550620500	691	688.789	5890.58
1550706900	707	688.178	5867.89
1550793300	675	685.118	5876.86
1550879700	681	685.682	5884.9
1550966100	688	693.102	5880.95
1551052500	678	689.369	5853.5
1551138900	667	686.305	5870.95
1551225300	683	692.763	5935.55
1551311700	726	678.862	5850.7
1551398100	726	681.817	5821.23
1551484500	702	681.384	5846.62
1551570900	697	689.136	5893.76
1551657300	662	666.695	5657.38
1551743700	676	681.434	5819.8
1551830100	668	679.827	5801.77
1551916500	766	688.863	5836.59
1552002900	677	675.809	5797.83
1552089300	606	663.589	5778.06
1552175700	623	668.443	5791.79
1552262100	651	676.009	5798.45
1552348500	726	675.413	5766.8
1552434900	667	671.356	5766.8
1552521300	675	688.017	5860.6
1552607700	697	692.01	5917.01
1552694100	678	694.398	5941.19
1552780500	595	631.405	5387.25
1552866900	574	575.001	4888.84
1552953300	646	680.734	5797.97
1553039700	602	644.656	5553.01
1553126100	689	710.708	6098.88
1553212500	709	722.731	6162.99
1553298900	796	736.316	6297.32
1553385300	725	734.356	6320.42
1553471700	708	735.907	6331.77
1553558100	772	735.343	6329.8
1553644500	759	740.637	6387.6
1553730900	760	744.79	6403.87
1553817300	771	743.361	6387.72
1553903700	764	736.953	6310.28
1553990100	747	733.929	6303.08
1554076500	674	701.023	6019.07
1554162900	768	740.033	6342.92
1554249300	737	733.088	6307.68
1554335700	699	666.536	5649.49
1554422100	691	730.595	6259.83
1554508500	711	725.297	6247.21
1554594900	754	724.629	6246.05
1554681300	790	724.479	6230.75
1554767700	730	729.807	6225.25
1554854100	773	720.162	6152.79
1554940500	742	715.18	6170.91
1555026900	659	724.917	6205.96
1555113300	770	738.709	6247.45
1555199700	751	742.656	6279.17
1555286100	725	738.214	6300.47
1555372500	731	739.529	6354.75
1555458900	746	724.978	6159.37
1555545300	753	738.888	6284.54
1555631700	679	725.41	6165.44
1555718100	716	740.419	6329.97
1555804500	714	746.654	6381.95
1555890900	740	745.868	6371.32
1555977300	755	746.659	6379.45
1556063700	716	734.611	6308.92
1556150100	691	730.765	6268.15
1556236500	715	737.304	6325.42
1556322900	722	743.045	6353.75
1556409300	758	750.176	6346.63
1556495700	763	749.359	6344.86
1556582100	696	743.888	6374.06
1556668500	711	745.54	6349.32
1556754900	719	750.18	6348.58
1556841300	658	748.714	6310.06
1556927700	695	744.255	6287.84
1557014100	737	737.699	6263.33
1557100500	680	726.734	6264.02
1557186900	782	718.943	6150.02
1557273300	725	731.573	6256.28
1557359700	734	739.109	6261.73
1557446100	703	736.285	6214.49
1557532500	696	738.193	6253.94
1557618900	681	660.02	5621.34
1557705300	749	724.933	6219.06
1557791700	743	717.947	6217.4
1557878100	740	725.219	6224.32
1557964500	743	730.576	6225.78
1558050900	757	743.289	6241.51
1558137300	711	739.552	6250.04
1558223700	707	733.645	6247.48
1558310100	677	734.58	6189.28
1558396500	362	371.199	3138.6
1558482900	82	81.4357	694.08
1558569300	330	315.323	2681.98
1558655700	593	552.101	4665.43
1558742100	729	731.257	6134.8
1558828500	727	727.182	6069.55
1558914900	635	667.603	5611.19
1559001300	706	728.958	6118.49
1559087700	737	735.206	6204.05
1559174100	659	744.332	6245.22
1559260500	732	743.408	6248.23
1559346900	330	744.268	6252.47
1559433300	742	736.943	6244.62
1559519700	675	701.188	5988.39
1559606100	686	688.05	5824.96
1559692500	767	727.081	6125.31
1559778900	731	735.276	6188.31
1559865300	751	733.968	6205.56
1559951700	743	731.413	6197.94
1560038100	761	734.442	6178.3
1560124500	704	733.658	6179.66
1560210900	737	734.305	6225.33
1560297300	758	753.814	6280.56
1560383700	717	754.428	6299.83
1560470100	710	747.781	6298.07
1560556500	741	745.804	6312.57
1560642900	652	737.699	6315.92
1560729300	722	738.307	6284.11
1560815700	735	743.957	6244.5
1560902100	719	735.52	6218.47
1560988500	748	730.947	6198.15
1561074900	786	731.442	6131.73
1561161300	784	727.568	6179.21
1561247700	775	729.771	6160.68
1561334100	728	734.164	6153.29
1561420500	673	735.535	6141.88
1561506900	745	738.763	6175.02
1561593300	748	744.036	6172.69
1561679700	699	744.163	6161.46
1561766100	698	748.766	6241.23
1561852500	707	746.144	6257.81
1561938900	694	740.654	6258.94
1562025300	813	753.789	6297.83
1562111700	677	755.191	6329.7
1562198100	751	753.987	6329.84
1562284500	732	735.746	6281.43
1562370900	745	724.7	6198.84
1562457300	750	748.337	6340.83
1562543700	810	747.776	6298.72
1562630100	730	743.986	6289.1
1562716500	726	746.634	6302.25
1562802900	743	748.582	6285.1
1562889300	778	758.772	6396.45
1562975700	727	740.926	6240.48
1563062100	789	732.192	6160.32
1563148500	760	729.61	6180.22
1563234900	731	726.68	6164.18
1563321300	757	729.167	6149.6
1563407700	695	729.984	6172.79
1563494100	718	727.783	6172.67
1563580500	760	740.401	6183.18
1563666900	711	735.04	6053.08
1563753300	636	717.465	5981.5
1563839700	668	696.908	5921.69
1563926100	692	688.606	5893.97
1564012500	672	690.417	5887.68
1564098900	693	691.522	5885.59
1564185300	644	685.069	5868.18
1564271700	670	685.383	5794.49
1564358100	731	686.888	5794.91
1564444500	672	681.058	5792.97
1564530900	730	690.767	5845.02
1564617300	631	701.549	5911.94
1564703700	646	687.58	5879.27
1564790100	713	704.592	6054.44
1564876500	745	707.503	6050.85
1564962900	728	715.981	6062.52
1565049300	769	714.91	6021.64
1565135700	641	707.493	6005.22
1565222100	670	703.654	6006.23
1565308500	685	705.195	6004.8
1565394900	756	708.29	6000.27
1565481300	785	704.737	5934.46
1565567700	627	701.428	5933.94
1565654100	638	686.233	5922.82
1565740500	673	691.952	5924.46
1565826900	758	701.046	5904.6
1565913300	721	699.361	5879.68
1565999700	698	702.191	5871.43
1566086100	696	692.59	5878.82
1566172500	639	688.423	5889.07
1566258900	673	691.205	5890.6
1566345300	732	699.459	5962.19
1566431700	690	695.971	5965.21
1566518100	697	692.392	5959.6
1566604500	723	713.554	6068.38
1566690900	731	716.237	6086.7
1566777300	679	717.417	6089.02
1566863700	725	715.468	6115.63
1566950100	737	723.33	6141.97
1567036500	691	712.374	6041.44
1567122900	679	715.914	6062
1567209300	712	717.078	6099.9
1567295700	763	713.458	6096.9
1567382100	716	723.587	6102.6
1567468500	643	722.258	6136.24
1567554900	713	723.24	6136.51
1567641300	727	715.737	6087.2
1567727700	720	727.545	6136.94
1567814100	670	731.273	6153.98
1567900500	689	728.194	6148.27
1567986900	715	734.394	6150.06
1568073300	686	732.294	6195.95
1568159700	692	733.486	6224.68
1568246100	693	729.347	6206.8
1568332500	703	728.723	6198
1568418900	711	739.4	6229.14
1568505300	778	743.385	6232.22
1568591700	701	734.559	6225.75
1568678100	712	729.676	6238.83
1568764500	736	735.917	6232.86
1568850900	742	748.962	6248.89
1568937300	707	741.38	6268.85
1569023700	698	734.204	6242.92
1569110100	696	728.939	6249.56
1569196500	714	724.31	6187.64
1569282900	721	708.688	6123.81
1569369300	713	708.361	6142.71
1569455700	660	706.284	6090.75
1569542100	684	710.057	6073.12
1569628500	744	719.604	6111.79
1569714900	757	718.126	6094.54
1569801300	689	728.196	6100.82
1569887700	673	740.379	6180.38
1569974100	688	732.522	6182.31
1570060500	712	730.531	6209
1570146900	649	722.617	6162.19
1570233300	657	693.288	5929.71
1570319700	696	717.963	6134.44
1570406100	693	721.193	6150.12
1570492500	655	723.724	6199.42
1570578900	690	726.343	6215.61
1570665300	722	730.84	6209.6
1570751700	702	727.974	6154.9
1570838100	700	724.089	6113.39
1570924500	672	720.663	6124.9
1571010900	692	714.822	6145.45
1571097300	691	720.754	6178.91
1571183700	671	722.355	6161.12
1571270100	724	719.172	6097.25
1571356500	677	716.255	6130.01
1571442900	685	709.247	6111.23
1571529300	747	705.238	6020.17
1571615700	654	710.178	6082.16
1571702100	690	704.572	6031.42
1571788500	680	713.829	6085.77
1571874900	708	713.93	6075.83
1571961300	718	709.423	6052.66
1572047700	712	714.038	6041.38
1572134100	666	710.513	6003.87
1572220500	678	714.498	6019.24
1572306900	661	716.38	6019.68
1572393300	646	672.407	5682.96
1572479700	685	704.466	6019.47
1572566100	717	716.338	6059.86
1572652500	655	698.217	5953.39
1572738900	671	698.487	5951.85
1572825300	684	702.9	5906.56
1572911700	620	704.993	5990.92
1572998100	690	708.107	6044.78
1573084500	642	708.364	6060.22
1573170900	723	723.564	6160.91
1573257300	689	704.408	6015.34
1573343700	579	573.902	4939.62
1573430100	555	564.463	4852.3
1573516500	658	701.923	5997.8
1573602900	724	707.071	6049.42
1573689300	689	696.11	5986.64
1573775700	669	700.735	6014.22
1573862100	693	699.339	5998.22
1573948500	679	704.727	6001.56
1574034900	682	701.886	6020.28
1574121300	638	698.585	6020.75
1574207700	666	701.786	6014.82
1574294100	683	701.362	6023.44
1574380500	702	700.136	6007.89
1574466900	679	698.265	6019.28
1574553300	710	705.796	6008.05
1574639700	707	710.106	5996.67
1574726100	689	710.15	6013.29
1574812500	675	708.485	6035.37
1574898900	698	711.236	6057.3
1574985300	690	721.397	6109.38
1575071700	670	721.651	6142.5
1575158100	695	715.911	6144.83
1575244500	708	703.6	6073.28
1575330900	710	719.501	6148.25
1575417300	640	716.78	6115.39
1575503700	726	708.47	6085.53
1575590100	719	707.583	6053.19
1575676500	695	702.993	6020.43
1575762900	707	700.721	5990.93
1575849300	629	703.789	6024.03
1575935700	355	398.827	3416.34
1576022100	316	327.792	2802.26
1576108500	318	337.398	2878.5
1576194900	374	415.535	3539.6
1576281300	643	648.352	5520.35
1576367700	643	695.355	5942.45
1576454100	705	699.331	5975.1
1576540500	699	698.335	5964.28
1576626900	721	702.695	5976.38
1576713300	669	712.786	6072.19
1576799700	719	717.311	6123.05
1576886100	700	712.541	6119.76
1576972500	552	624.499	5359.55
1577058900	722	707.611	6075.44
1577145300	689	709.384	6039.63
1577231700	684	708.409	6011.19
1577318100	660	702.144	5984.77
1577404500	713	702.572	6003.79
1577490900	590	661.769	5676.99
1577577300	697	689.671	5926.28
1577663700	641	647.093	5556.15
1577750100	578	612.447	5284.28
1577836500	680	662.798	5749.97
