1388620500	146	158.793	6108.75
1388706900	156	156.819	6056.26
1388793300	170	157.32	6099.54
1388879700	88	78.767	3055.3
1388966100	75	77.5278	2990.45
1389052500	173	156.542	6048.86
1389138900	163	155.662	6022.93
1389225300	168	156.679	6048.01
1389311700	138	155.758	6017.91
1389398100	152	155.322	6028.33
1389484500	158	154.498	6011.6
1389570900	165	155.57	6030.11
1389657300	172	153.703	5953.94
1389743700	165	156.373	6059.98
1389830100	135	160.108	6198.4
1389916500	174	159.564	6161.08
1390002900	165	161.197	6237.23
1390089300	147	161.579	6262.61
1390175700	113	140.328	5413.65
1390262100	157	161.479	6206.38
1390348500	133	160.982	6187.07
1390434900	133	150.885	5794.17
1390521300	125	123.276	4755.57
1390607700	164	154.826	6021.41
1390694100	150	150.858	5835.83
1390780500	157	154.798	5977.62
1390866900	140	147.266	5689.51
1390953300	138	143.867	5599.44
1391039700	169	157.818	6096.88
1391126100	160	158.414	6113.7
1391212500	167	157.871	6094.58
1391298900	180	157.031	6039.5
1391385300	167	154.245	5934.66
1391471700	139	157.203	6053.8
1391558100	148	155.816	5984.08
1391644500	112	109.507	4227.72
1391730900	134	141.046	5437.7
1391817300	159	157.014	6049.45
1391903700	151	156.355	6037.41
1391990100	150	151.612	5861.81
1392076500	118	132.5	5120.58
1392162900	128	151.571	5867.46
1392249300	167	153.135	5942.6
1392335700	137	148.083	5770.62
1392422100	74	69.9473	2723.92
1392508500	64	64.5828	2507.65
1392594900	66	63.1117	2446.95
1392681300	102	112.312	4351.97
1392767700	98	120.721	4673.01
1392854100	124	115.278	4461.92
1392940500	119	121.722	4707.86
1393026900	145	137.985	5348.28
1393113300	141	154.787	5993.2
1393199700	165	147.162	5680.64
1393286100	144	151.956	5916.35
1393372500	133	130.548	5079.89
1393458900	162	145.497	5647.49
1393545300	140	145.642	5631.05
1393631700	88	89.4785	3458.33
1393718100	150	148.831	5778.08
1393804500	166	150.134	5832.9
1393890900	166	151.031	5848.22
1393977300	149	150.987	5839.76
1394063700	137	150.861	5849.73
1394150100	140	151.729	5892.52
1394236500	141	149.63	5800.62
1394322900	163	151.713	5855.38
1394409300	127	141.963	5492.02
1394495700	129	147.86	5718.1
1394582100	146	143.042	5529.95
1394668500	147	148.26	5733.05
1394754900	164	151.42	5852.39
1394841300	140	151.744	5858.34
1394927700	124	151.345	5814.78
1395014100	163	151.38	5832.2
1395100500	138	145.963	5660.5
1395186900	132	152.319	5892.14
1395273300	162	157.818	6094.45
1395359700	140	156.913	6048.74
1395446100	163	160.619	6249.44
1395532500	164	162.706	6322.03
1395618900	162	161.804	6273.17
1395705300	161	161.263	6272.92
1395791700	176	162.881	6351.97
1395878100	163	162.708	6309.05
1395964500	143	150.575	5819
1396050900	145	156.179	6013.67
1396137300	152	152.254	5830.95
1396223700	151	161.053	6205.99
1396310100	170	161.445	6269.93
1396396500	137	160.786	6261.93
1396482900	132	152.466	5907.88
1396569300	181	160.895	6226.53
1396655700	163	165.099	6392.7
1396742100	171	164.387	6363.13
1396828500	103	115.662	4457.83
1396914900	159	165.781	6377.48
1397001300	117	116.686	4503.54
1397087700	154	163.499	6314.61
1397174100	163	166.616	6455.75
1397260500	141	168.242	6504.65
1397346900	157	167.646	6530.51
1397433300	147	144.331	5609.81
1397519700	118	120.11	4650.96
1397606100	17	13.3649	515.128
1397692500	138	130.286	5039.94
1397778900	161	164.872	6381.08
1397865300	177	164.22	6355.93
1397951700	146	160.602	6234.44
1398038100	141	161.984	6282
1398124500	155	161.985	6300.16
1398210900	57	74.1431	2875.39
1398297300	162	157.222	6112.14
1398383700	154	148.45	5765.18
1398470100	163	163.991	6340.24
1398556500	169	164.503	6341.65
1398642900	153	163.818	6361.11
1398729300	142	165.761	6420.06
1398815700	169	162.404	6281.44
1398902100	180	168.932	6499.76
1398988500	175	168.04	6457.42
1399074900	168	162.617	6271.12
1399161300	160	165.885	6405.92
1399247700	166	165.274	6404.11
1399334100	172	157.994	6121.1
1399420500	164	166.109	6426.27
1399506900	183	162.944	6351.12
1399593300	157	165.524	6432.92
1399679700	173	163.755	6348.1
1399766100	151	152.323	5904.19
1399852500	151	165.548	6410.56
1399938900	168	158.058	6106.54
1400025300	163	160.637	6201.2
1400111700	171	162.169	6270.9
1400198100	144	133.049	5153.96
1400284500	158	155.648	6037.59
1400370900	154	163.62	6333.76
1400457300	152	165.742	6402.44
1400543700	145	160.993	6212.89
1400630100	180	162.557	6250.61
1400716500	152	162.887	6293.67
1400802900	182	162.496	6338.17
1400889300	174	161.382	6260.62
1400975700	172	161.694	6247.65
1401062100	130	147.713	5726.71
1401148500	175	160.443	6218.83
1401234900	168	155.52	6012.78
1401321300	161	166.952	6399.75
1401407700	164	169	6503.77
1401494100	167	169.914	6571.22
1401580500	162	170.892	6604.46
1401666900	177	170.591	6566.15
1401753300	162	174.534	6683.76
1401839700	150	174.032	6640.93
1401926100	183	173.027	6637.07
1402012500	178	172.408	6623.65
1402098900	196	173.873	6649.59
1402185300	168	172.313	6613.61
1402271700	177	170.427	6561.69
1402358100	166	171.455	6623.5
1402444500	198	172.629	6610.78
1402530900	139	164.631	6290.95
1402617300	188	171.124	6612.89
1402703700	169	163.208	6325.02
1402790100	174	168.581	6513.56
1402876500	176	167.699	6514.36
1402962900	191	167.509	6516.61
1403049300	146	166.678	6511.63
1403135700	180	165.787	6462.98
1403222100	174	165.536	6408.64
1403308500	147	167.06	6431.93
1403394900	174	166.853	6417.98
1403481300	170	153.556	5927.23
1403567700	169	165.831	6419.23
1403654100	164	166.973	6460.65
1403740500	172	168.546	6527.33
1403826900	147	166.586	6487.66
1403913300	174	168.103	6563.74
1403999700	183	168.278	6539.22
1404086100	171	165.562	6404.38
1404172500	176	168.122	6471.84
1404258900	153	167.392	6419.82
1404345300	199	166.778	6426.08
1404431700	176	167.263	6430.97
1404518100	141	164.703	6357.87
1404604500	169	166.309	6447.35
1404690900	174	165.097	6401.86
1404777300	140	164.386	6396.18
1404863700	182	165.428	6425.52
1404950100	154	164.459	6398.38
1405036500	157	161.016	6226.39
1405122900	193	164.252	6329.81
1405209300	165	164.867	6378.81
1405295700	180	165.345	6360.88
1405382100	152	163.862	6311.17
1405468500	142	155.394	6006.74
1405554900	164	161.943	6279.8
1405641300	194	160.49	6260.02
1405727700	163	160.521	6237.22
1405814100	164	149.374	5774.47
1405900500	148	126.547	4869.62
1405986900	142	160.9	6209.78
1406073300	173	153.768	5951.83
1406159700	162	152.31	5921.6
1406246100	174	161.803	6261.61
1406332500	130	159.138	6163.73
1406418900	144	160.257	6204.51
1406505300	174	157.244	6066.32
1406591700	151	158.713	6121.83
1406678100	141	156.631	6069.82
1406764500	155	158.134	6107.27
1406850900	158	159.388	6146.27
1406937300	153	161.432	6208.45
1407023700	173	162.715	6242.16
1407110100	152	161.552	6255.47
1407196500	173	164.009	6333.28
1407282900	158	161.094	6193.81
1407369300	162	159.943	6221.15
1407455700	168	160.181	6247.42
1407542100	165	161.449	6245.77
1407628500	170	162.009	6245.24
1407714900	161	161.736	6252.05
1407801300	145	161.745	6268.38
1407887700	180	161.713	6311.96
1407974100	169	164.402	6377.15
1408060500	162	165.702	6400.25
1408146900	172	164.465	6370.03
1408233300	155	162.302	6317
1408319700	179	161.622	6282.07
1408406100	163	161.833	6266.36
1408492500	165	162.634	6287.36
1408578900	172	163.776	6319.1
1408665300	180	165.212	6381.12
1408751700	158	157.226	6048.23
1408838100	140	150.831	5798.27
1408924500	169	164.846	6373.52
1409010900	144	163.841	6363.54
1409097300	183	165.313	6399.16
1409183700	156	166.491	6433.61
1409270100	156	168.202	6489.82
1409356500	185	168.496	6486.72
1409442900	179	166.854	6449.44
1409529300	181	170.463	6560.7
1409615700	170	170.515	6556.75
1409702100	169	170.2	6558.93
1409788500	175	168.984	6526.18
1409874900	137	149.712	5778.03
1409961300	178	171.041	6603.08
1410047700	173	170.158	6570.05
1410134100	183	169.128	6527
1410220500	170	170.445	6551.41
1410306900	165	161.655	6229.3
1410393300	171	170.54	6592.42
1410479700	173	170.799	6581.19
1410566100	157	172.133	6651.65
1410652500	166	162.95	6325.83
1410738900	168	156.908	6105.49
1410825300	176	169.498	6558.01
1410911700	159	172.257	6661.37
1410998100	152	160.447	6204.37
1411084500	153	157.844	6106.76
1411170900	154	171.298	6648.7
1411257300	174	171.284	6638.74
1411343700	177	172.967	6661.53
1411430100	163	164.046	6330.84
1411516500	169	171.276	6612.86
1411602900	188	172.379	6628.33
1411689300	183	171.089	6608.83
1411775700	174	172.287	6648.96
1411862100	166	172.379	6628.12
1411948500	181	172.14	6644.62
1412034900	170	170.9	6596.6
1412121300	163	164.464	6380.64
1412207700	173	170.309	6611.39
1412294100	156	168.089	6508.53
1412380500	161	167.325	6451.7
1412466900	153	157.42	6075.3
1412553300	142	142.305	5513.25
1412639700	190	167.712	6489.02
1412726100	198	174.528	6737.41
1412812500	159	173.543	6682.2
1412898900	169	174.728	6759.84
1412985300	144	144.954	5614.02
1413071700	88	77.475	3000.98
1413158100	73	77.3977	2998.57
1413244500	78	77.1868	2989.73
1413330900	141	134.457	5181.6
1413417300	152	176.459	6811.15
1413503700	184	176.009	6791.65
1413590100	174	176.181	6783.02
1413676500	175	175.783	6801.88
1413762900	159	167.265	6484.7
1413849300	178	176.127	6825.01
1413935700	177	174.682	6758.66
1414022100	158	174.176	6761.15
1414108500	174	173.627	6741.61
1414194900	166	175.821	6819.21
1414281300	159	174.565	6740.23
1414367700	165	175.113	6754.01
1414454100	177	176.214	6808.24
1414540500	172	177.044	6810.79
1414626900	205	177.047	6823.12
1414713300	148	176.894	6826.75
1414799700	179	175.76	6811.78
1414886100	163	172.117	6687.59
1414972500	179	172.669	6673.51
1415058900	195	174.783	6758.26
1415145300	183	175.798	6780.89
1415231700	172	169.36	6543.31
1415318100	170	170.068	6574.68
1415404500	163	174.016	6742.49
1415490900	181	172.092	6666.92
1415577300	166	166.399	6426.07
1415663700	185	174.549	6744.91
1415750100	157	172.456	6680.24
1415836500	142	151.905	5893.88
1415922900	182	174.733	6774.76
1416009300	167	174.817	6773.03
1416095700	177	174.927	6800.04
1416182100	195	174.607	6764.57
1416268500	156	154.975	5969.11
1416354900	168	171.413	6603
1416441300	152	173.528	6703.77
1416527700	147	127.9	4949.19
1416614100	171	170.456	6598.44
1416700500	182	171.068	6599.24
1416786900	171	171.148	6586.67
1416873300	145	155.6	6015.97
1416959700	180	163.746	6333.6
1417046100	177	166.486	6446.37
1417132500	188	168.023	6493.3
1417218900	165	170.522	6555.34
1417305300	149	158.864	6149.7
1417391700	126	124.182	4825.7
1417478100	160	168.395	6532.92
1417564500	149	168.94	6534.14
1417650900	176	169.315	6536.11
1417737300	192	169.019	6518.79
1417823700	163	167.67	6461.83
1417910100	174	168.997	6530.25
1417996500	147	168.962	6533.93
1418082900	157	169.859	6541.9
1418169300	144	150.65	5809.02
1418255700	178	167.31	6483.66
1418342100	173	157.362	6096.04
1418428500	141	130.275	5042.46
1418514900	188	165.546	6413.58
1418601300	161	154.503	5967.02
1418687700	116	130.18	5038.99
1418774100	122	137.168	5320.28
1418860500	163	157.065	6089.45
1418946900	169	158.228	6101.68
1419033300	168	167.265	6417.06
1419119700	148	167.051	6434.06
1419206100	124	136.524	5283.45
1419292500	128	145.653	5659.3
1419378900	146	150.939	5831.32
1419465300	150	142.306	5488
1419551700	174	141.747	5472.8
1419638100	165	154.667	5986.83
1419724500	162	161.558	6244.16
1419810900	143	150.247	5797.08
1419897300	191	164.104	6335.77
1419983700	129	136.216	5245.01
1420070100	172	160.553	6173.57
1420156500	149	163.907	6342.81
1420242900	166	162.453	6280.5
1420329300	161	163.154	6327.36
1420415700	169	163.224	6306.48
1420502100	165	159.564	6155.19
1420588500	177	163.229	6309.19
1420674900	162	165.786	6412.03
1420761300	168	165.768	6401.46
1420847700	176	166.303	6430.96
1420934100	151	151.561	5868.69
1421020500	141	126.572	4898.21
1421106900	144	149.066	5756.9
1421193300	133	152.41	5888.4
1421279700	128	131.956	5127.34
1421366100	172	162.338	6287.95
1421452500	102	84.0833	3260.33
1421538900	0	0	0
1421625300	0	0	0
1421711700	0	0	0
1421798100	0	0	0
1421884500	0	0	0
1421970900	0	0	0
1422057300	0	0	0
1422143700	0	0	0
1422230100	0	0	0
1422316500	0	0	0
1422402900	0	0	0
1422489300	0	0	0
1422575700	0	0	0
1422662100	0	0	0
1422748500	0	0	0
1422834900	0	0	0
1422921300	0	0	0
1423007700	0	0	0
1423094100	0	0	0
1423180500	0	0	0
1423266900	0	0	0
1423353300	0	0	0
1423439700	0	0	0
1423526100	0	0	0
1423612500	0	0	0
1423698900	0	0	0
1423785300	0	0	0
1423871700	0	0	0
1423958100	54	60.619	2348.38
1424044500	153	154.862	6002.66
1424130900	154	138.042	5352.93
1424217300	159	158.678	6123.15
1424303700	160	159.796	6177.12
1424390100	165	157.852	6107.27
1424476500	149	149.486	5797.96
1424562900	160	154.703	5997.51
1424649300	130	156.345	6068.33
1424735700	164	156.035	6040.31
1424822100	134	131.108	5080.01
1424908500	139	150.919	5873.93
1424994900	141	128.748	4990.02
1425081300	131	150.655	5848.5
1425167700	151	151.66	5870.84
1425254100	154	150.669	5826.98
1425340500	107	110.348	4265.85
1425426900	87	81.3221	3151.26
1425513300	0	0	0
1425599700	0	0	0
1425686100	0	0	0
1425772500	0	0	0
1425858900	0	0	0
1425945300	0	0	0
1426031700	0	0.92028	0
1426118100	154	154.65	5975.91
1426204500	107	102.616	3961.56
1426290900	138	151.625	5869.55
1426377300	145	150.269	5827.25
1426463700	156	153.135	5927.11
1426550100	135	142.29	5509.2
1426636500	118	124.453	4829.55
1426722900	130	145.149	5624.79
1426809300	76	63.6318	2468.68
1426895700	118	105.997	4131.53
1426982100	151	148.307	5761.64
1427068500	1	0	0
1427154900	78	86.0375	3344.26
1427241300	136	125.785	4916.11
1427327700	116	123.255	4797.24
1427414100	126	125.364	4870.9
1427500500	137	143.846	5591.84
1427586900	160	149.171	5793.31
1427673300	140	149.559	5793.72
1427759700	154	149.804	5813.4
1427846100	160	148.452	5751.11
1427932500	145	148.4	5740.62
1428018900	139	149.618	5781.23
1428105300	146	149.512	5777.61
1428191700	143	148.404	5743.57
1428278100	154	148.453	5769.84
1428364500	142	151.346	5855.2
1428450900	139	149.097	5763.05
1428537300	127	146.231	5657.99
1428623700	131	148.559	5766.21
1428710100	146	147.96	5751.33
1428796500	136	146.955	5701.37
1428882900	147	138.196	5342.54
1428969300	148	142.314	5512.23
1429055700	155	143.581	5559.33
1429142100	132	146.389	5659.64
1429228500	138	146.948	5680.53
1429314900	128	133.381	5157.9
1429401300	145	149.031	5717
1429487700	132	149.558	5775.08
1429574100	145	151.132	5866.58
1429660500	152	157.231	6109.7
1429746900	174	162.059	6289.6
1429833300	170	159.346	6181.2
1429919700	174	162.288	6308.88
1430006100	169	161.394	6248.68
1430092500	147	161.488	6269.54
1430178900	151	161.902	6291.53
1430265300	152	163.732	6349.9
1430351700	162	163.836	6353.09
1430438100	148	154.099	5956.33
1430524500	169	167.658	6450.65
1430610900	160	165.677	6379.15
1430697300	188	162.676	6284.5
1430783700	152	164.055	6341.45
1430870100	162	164.925	6410.98
1430956500	154	166.836	6476.88
1431042900	187	168.394	6504.24
1431129300	170	169.721	6545.63
1431215700	164	167.908	6515.97
1431302100	187	166.579	6469.55
1431388500	173	164.591	6367.83
1431474900	162	166.951	6456.55
1431561300	196	167.086	6466.11
1431647700	166	169.033	6524.08
1431734100	138	164.651	6367.19
1431820500	172	154.151	5950.88
1431906900	165	154.707	5996.82
1431993300	162	165.158	6420.62
1432079700	157	154.178	5962.26
1432166100	185	164.061	6313.77
1432252500	177	164.931	6373.72
1432338900	158	165.761	6393.98
1432425300	161	165.487	6399.42
1432511700	177	163.562	6335.59
1432598100	170	164.576	6369.62
1432684500	170	163.284	6339.88
1432770900	181	163.841	6354.76
1432857300	162	165.308	6370.55
1432943700	165	166.155	6415.62
1433030100	157	165.627	6400.33
1433116500	170	163.17	6301.99
1433202900	159	164.326	6344.47
1433289300	147	139.554	5377.77
1433375700	173	163.961	6337.72
1433462100	169	163.036	6289.98
1433548500	170	167.691	6443.98
1433634900	169	166.322	6411.96
1433721300	179	167.077	6448.83
1433807700	174	167.244	6442.83
1433894100	173	165.217	6380.31
1433980500	164	164.655	6365.36
1434066900	160	161.957	6279.33
1434153300	149	144.131	5555.9
1434239700	0	0	0
1434326100	0	0	0
1434412500	120	135.023	5201.03
1434498900	150	163.094	6283.91
1434585300	74	82.3109	3200.85
1434671700	206	166.205	6457.48
1434758100	190	168.092	6475.02
1434844500	176	167.391	6486.66
1434930900	196	166.891	6467.86
1435017300	153	165.962	6465.07
1435103700	167	165.962	6429.51
1435190100	178	164.573	6344.14
1435276500	143	163.502	6341.74
1435362900	168	163.663	6350.19
1435449300	150	158.083	6119.88
1435535700	156	164.607	6357.01
1435622100	190	164.391	6356.4
1435708500	174	164.421	6366.33
1435794900	155	166.989	6451.1
1435881300	166	165.962	6426.82
1435967700	163	164.843	6392.28
1436054100	165	165.568	6361.31
1436140500	171	165.526	6364.27
1436226900	157	164.553	6364.62
1436313300	174	157.471	6080.57
1436399700	130	138.467	5329.14
1436486100	152	165.409	6382.21
1436572500	191	165.058	6371.6
1436658900	159	164.821	6314.02
1436745300	168	157.829	6041.42
1436831700	149	159.214	6131.38
1436918100	156	162.98	6304.73
1437004500	151	164.599	6371.62
1437090900	157	164.555	6369.45
1437177300	151	165.301	6365.87
1437263700	153	158.281	6102.99
1437350100	153	164.003	6359.7
1437436500	190	162.505	6315.26
1437522900	173	163.191	6314.32
1437609300	174	161.182	6249.93
1437695700	163	162.407	6308.42
1437782100	167	162.034	6268.24
1437868500	193	163.408	6287.81
1437954900	130	132.397	5082.18
1438041300	139	156.916	6034.48
1438127700	183	162.616	6284.48
1438214100	190	162.111	6265.73
1438300500	180	162.03	6239.18
1438386900	150	161.466	6226.76
1438473300	169	159.716	6134.31
1438559700	146	148.036	5709.11
1438646100	164	158.158	6110.89
1438732500	149	159.227	6128.2
1438818900	152	160.354	6120.31
1438905300	163	156.78	5987.95
1438991700	129	135.24	5186.84
1439078100	104	106.652	4093.96
1439164500	84	73.1025	2811.55
1439250900	0	0	0
1439337300	1	2.21494	0
1439423700	106	117.364	4563.43
1439510100	112	124.201	4816.14
1439596500	143	148.614	5731.89
1439682900	131	148.771	5761.73
1439769300	143	132.793	5139.36
1439855700	151	143.817	5568.16
1439942100	154	150.959	5861.94
1440028500	175	155.486	6031.21
1440114900	189	153.666	5931.97
1440201300	155	156.818	6020.92
1440287700	152	156.096	6035.75
1440374100	142	154.814	5996.08
1440460500	152	154.363	5941.61
1440546900	163	155.622	5985.78
1440633300	133	148.03	5728.28
1440719700	161	155.971	6022.67
1440806100	177	156.322	6015.94
1440892500	129	117.361	4531.84
1440978900	98	95.9127	3712.61
1441065300	98	110.933	4329.37
1441151700	115	134.252	5220.82
1441238100	136	150.917	5878.17
1441324500	172	152.605	5932.7
1441410900	148	153.169	5962.75
1441497300	116	122.901	4744.31
1441583700	80	81.9452	3142.61
1441670100	21	24.8827	958.698
1441756500	0	0	0
1441842900	153	151.517	5836.84
1441929300	156	154.368	5977.99
1442015700	149	154.696	5996.5
1442102100	180	154.057	5975.27
1442188500	150	153.949	5950.4
1442274900	151	155.96	5992.67
1442361300	157	154.88	5961.22
1442447700	136	154.624	5953.28
1442534100	155	153.991	5946.54
1442620500	166	153.872	5956.89
1442706900	152	154.432	5970.06
1442793300	151	154.477	5948.43
1442879700	24	25.7033	990.51
1442966100	90	106.895	4122.58
1443052500	132	128.011	4931.76
1443138900	139	133.693	5166.01
1443225300	148	156.726	6064.15
1443311700	159	158.427	6127.62
1443398100	150	159.761	6155.36
1443484500	154	158.179	6099.66
1443570900	136	160.039	6175.45
1443657300	160	163.08	6264.62
1443743700	148	132.415	5120.06
1443830100	98	104.171	4044.8
1443916500	69	70.6012	2727.7
1444002900	92	64.7375	2495.73
1444089300	61	67.5926	2608.36
1444175700	138	115.919	4477.42
1444262100	147	145.489	5627.6
1444348500	142	141.292	5485.25
1444434900	126	129.556	5050.59
1444521300	109	113.187	4415.81
1444607700	138	137.448	5336.99
1444694100	138	146.203	5622.53
1444780500	88	101.32	3877.1
1444866900	159	155.161	5957.93
1444953300	139	163.321	6320.38
1445039700	142	163.784	6363.16
1445126100	158	164.719	6389.68
1445212500	167	165.819	6390.27
1445298900	159	162.565	6259.99
1445385300	137	139.239	5365.9
1445471700	165	166.037	6415.71
1445558100	152	167.662	6509.49
1445644500	149	154.163	5980.26
1445730900	139	152.937	5914.93
1445817300	151	159.218	6160.37
1445903700	162	163.634	6338.56
1445990100	152	153.865	5953.8
1446076500	155	156.719	6065.54
1446162900	162	161.321	6253.19
1446249300	124	136.329	5295.98
1446335700	117	126.372	4903.17
1446422100	140	127.187	4929.14
1446508500	117	105.77	4090.68
1446594900	129	121.16	4720.56
1446681300	150	160.28	6243.67
1446767700	170	160.165	6227.5
1446854100	141	162.82	6306.68
1446940500	153	163.844	6323.25
1447026900	155	134.921	5192.69
1447113300	139	141.773	5491.22
1447199700	153	162.705	6326.55
1447286100	165	156.489	6042.6
1447372500	167	163.206	6302.99
1447458900	188	163.9	6334.23
1447545300	162	163.488	6299.18
1447631700	164	163.322	6293.7
1447718100	155	154.646	5945.34
1447804500	157	148.541	5718.2
1447890900	159	162.228	6235.78
1447977300	158	162.525	6288.09
1448063700	141	163.937	6305.76
1448150100	175	163.878	6320.79
1448236500	177	164.049	6331.25
1448322900	124	136.408	5246.37
1448409300	155	163.945	6303.69
1448495700	117	115.501	4451.74
1448582100	176	163.889	6334.69
1448668500	113	134.73	5220.64
1448754900	146	147.516	5725.06
1448841300	127	129.79	5035.83
1448927700	112	124.012	4788.21
1449014100	130	120.188	4659.31
1449100500	138	144.517	5596.11
1449186900	136	157.966	6115.1
1449273300	115	122.99	4774.21
1449359700	158	156.644	6092.13
1449446100	149	157.266	6083.88
1449532500	136	132.459	5102.6
1449618900	128	146.067	5645.78
1449705300	154	155.78	6028.06
1449791700	151	156.84	6056.63
1449878100	131	123.236	4740.33
1449964500	154	155.151	5966
1450050900	137	153.279	5896.83
1450137300	76	77.007	2972.93
1450223700	150	148.277	5729.22
1450310100	159	157.381	6059.1
1450396500	144	159.839	6172.23
1450482900	171	160.166	6206.98
1450569300	158	161.018	6224.93
1450655700	163	152.282	5870.45
1450742100	166	144.99	5579.48
1450828500	150	144.928	5570.17
1450914900	163	153.12	5918.68
1451001300	156	156.105	6035.59
1451087700	140	134.1	5181.81
1451174100	161	153.899	5934.36
1451260500	172	154.704	5962.11
1451346900	65	65.8113	2537.2
1451433300	0	0	0
1451519700	0	0	0
1451606100	0	0	0
1451692500	0	0	0
1451778900	0	0	0
1451865300	0	0	0
1451951700	122	119.217	4623.75
1452038100	133	128.312	4994.67
1452124500	135	134.148	5213.49
1452210900	68	78.6283	3041.66
1452297300	132	119.273	4624.06
1452383700	123	123.076	4769.9
1452470100	147	144.363	5586.06
1452556500	125	147.326	5679.87
1452642900	135	147.222	5701.15
1452729300	152	150.814	5838.1
1452815700	127	152.575	5900.45
1452902100	79	76.4703	2963.15
1452988500	141	152.246	5890.85
1453074900	164	151.574	5882.26
1453161300	147	152.304	5903.11
1453247700	161	152.607	5908.91
1453334100	142	145.148	5628.48
1453420500	135	144.478	5586.02
1453506900	184	148.673	5766.59
1453593300	101	90.2951	3486.78
1453679700	102	102.19	3936.38
1453766100	168	132.437	5120.42
1453852500	136	114.512	4429.98
1453938900	128	139.908	5408.35
1454025300	136	124.328	4808.94
1454111700	76	64.7309	2509.86
1454198100	114	113.458	4438.07
1454284500	136	128.456	5005.71
1454370900	121	126.563	4917.26
1454457300	109	119.781	4630.59
1454543700	150	143.491	5539.41
1454630100	121	136.284	5273.37
1454716500	113	109.341	4242.43
1454802900	126	113.386	4389.6
1454889300	102	126.16	4878.18
1454975700	140	139.128	5391.79
1455062100	132	140.168	5438.51
1455148500	91	97.3581	3767.58
1455234900	123	141.042	5448.42
1455321300	145	144.573	5572.18
1455407700	146	140.32	5427.52
1455494100	157	143.806	5560.56
1455580500	154	141.584	5451.72
1455666900	138	145.265	5579.02
1455753300	163	146.514	5657.2
1455839700	154	143.37	5552.61
1455926100	147	148.645	5763.06
1456012500	82	74.4829	2879.87
1456098900	136	140.693	5428.48
1456185300	113	129.046	4997.41
1456271700	128	139.841	5421.11
1456358100	146	148.996	5767.06
1456444500	150	155.536	5988.28
1456530900	151	156.743	6052.04
1456617300	76	77.8193	3007.99
1456703700	146	150.764	5848.38
1456790100	165	147.995	5747.1
1456876500	163	153.51	5970.06
1456962900	76	76.6302	2972.62
1457049300	182	148.46	5749.78
1457135700	83	75.8735	2944.59
1457222100	136	144.244	5595.24
1457308500	102	120.165	4652.11
1457394900	165	151.414	5870.39
1457481300	165	152.525	5916.13
1457567700	144	153.169	5965
1457654100	148	150.258	5838.85
1457740500	168	151.239	5886.22
1457826900	150	152.907	5941.69
1457913300	165	148.523	5761.12
1457999700	141	142.889	5537.51
1458086100	131	151.12	5868.16
1458172500	155	153.434	5927.05
1458258900	124	117.936	4560.08
1458345300	69	71.1292	2771.44
1458431700	67	67.3401	2615.38
1458518100	9	15.0773	583.139
1458604500	76	72.817	2822.29
1458690900	60	68.4734	2659.92
1458777300	157	155.752	6040.01
1458863700	77	75.3568	2938.84
1458950100	42	45.1107	1757.34
1459036500	70	65.0101	2525.45
1459122900	78	69.4129	2693.42
1459209300	74	68.9122	2674.19
1459295700	86	77.0348	2985.77
1459382100	130	136.358	5273.5
1459468500	129	125.8	4876.24
1459554900	60	63.6108	2461.26
1459641300	47	60.8152	2354.09
1459727700	98	105.138	4069.95
1459814100	144	154.818	6012.27
1459900500	169	156.914	6065.61
1459986900	136	155.511	5996.89
1460073300	143	156.523	6055.75
1460159700	130	121.77	4718.96
1460246100	147	156.052	6065.33
1460332500	142	154.126	6007.86
1460418900	162	153.205	5963.29
1460505300	154	152.114	5890.1
1460591700	152	152.681	5888.06
1460678100	150	153.07	5884.38
1460764500	145	153.005	5881.57
1460850900	156	152.104	5877.93
1460937300	117	127.98	4958.45
1461023700	97	115.774	4478.19
1461110100	141	136.169	5250.25
1461196500	149	153.676	5928.73
1461282900	153	156.056	6033.01
1461369300	144	156.696	6018.19
1461455700	126	155.42	5970.89
1461542100	127	141.479	5478.37
1461628500	0	0	0
1461714900	78	74.5656	2913.4
1461801300	160	151.01	5863.23
1461887700	153	151.371	5878.86
1461974100	171	148.064	5770.22
1462060500	156	147.394	5694.12
1462146900	143	146.052	5656.32
1462233300	141	142.34	5544.39
1462319700	112	116.583	4520.52
1462406100	117	138.119	5356.45
1462492500	134	146.195	5671.67
1462578900	107	110.943	4308.72
1462665300	115	117.106	4533.21
1462751700	105	114.374	4426.18
1462838100	116	114.606	4446.39
1462924500	35	32.5366	1264.01
1463010900	0	0	0
1463097300	0	0	0
1463183700	0	0	0
1463270100	0	0	0
1463356500	0	0	0
1463442900	0	0	0
1463529300	0	0	0
1463615700	0	0	0
1463702100	0	0	0
1463788500	0	0	0
1463874900	0	0	0
1463961300	36	31.9582	1245.17
1464047700	36	40.4333	1569.19
1464134100	42	48.2534	1868.01
1464220500	128	129.675	5046.6
1464306900	131	128.917	5028.42
1464393300	105	99.1383	3860.76
1464479700	34	37.7082	1483.76
1464566100	45	41.0885	1606.58
1464652500	48	40.1542	1553.1
1464738900	41	42.6019	1677.9
1464825300	76	61.2751	2364.62
1464911700	170	138.382	5346.37
1464998100	38	45.3942	1747.88
1465084500	76	87.7692	3396.38
1465170900	45	46.9792	1821.47
1465257300	46	51.6171	2018.28
1465343700	62	69.0107	2715.92
1465430100	52	55.3034	2150.21
1465516500	91	91.5823	3588.21
1465602900	149	138.976	5425.3
1465689300	148	141.013	5491.73
1465775700	174	141.815	5489.24
1465862100	137	141.546	5489.19
1465948500	145	140.95	5485.32
1466034900	153	139.434	5440.75
1466121300	132	142.278	5543.13
1466207700	126	142.959	5555.05
1466294100	125	142.394	5543.69
1466380500	141	142.064	5526.99
1466466900	138	141.1	5485.97
1466553300	140	141.661	5497.77
1466639700	129	142.964	5530.12
1466726100	166	138.996	5375.02
1466812500	147	135.836	5292.08
1466898900	132	135.191	5272.11
1466985300	152	134.886	5258.1
1467071700	1	0	0
1467158100	140	137.381	5300.91
1467244500	136	139.959	5410.98
1467330900	154	143.807	5576.04
1467417300	143	142.64	5524.57
1467503700	145	143.985	5572.32
1467590100	135	138.519	5366.81
1467676500	161	143.324	5559
1467762900	161	147.029	5702.83
1467849300	139	147.292	5708.9
1467935700	149	147.697	5708.89
1468022100	143	148.108	5713.44
1468108500	172	148.394	5714.04
1468194900	158	148.604	5708.09
1468281300	97	102.414	3948.84
1468367700	134	137.064	5269.19
1468454100	138	151.246	5801.69
1468540500	142	150.442	5811.18
1468626900	131	145.324	5645.4
1468713300	156	149.46	5795.29
1468799700	151	149.798	5796.16
1468886100	143	149.361	5806.94
1468972500	158	151.874	5877.05
1469058900	183	152.648	5917.11
1469145300	164	153.555	5943.81
1469231700	153	154.719	5966.28
1469318100	159	152.587	5895.86
1469404500	155	152.266	5870.84
1469490900	139	149.653	5800.53
1469577300	166	147.093	5711.68
1469663700	163	149.468	5787.34
1469750100	172	150.014	5792.71
1469836500	147	149.999	5780.61
1469922900	157	149.568	5767.08
1470009300	160	148.568	5765.16
1470095700	157	146.725	5702.76
1470182100	136	149.235	5774.85
1470268500	156	150.045	5791.16
1470354900	139	148.319	5719.69
1470441300	175	149.524	5784.87
1470527700	168	149.032	5784.73
1470614100	136	149.414	5787.31
1470700500	150	147.928	5753.54
1470786900	146	148.074	5756.85
1470873300	155	147.889	5719.08
1470959700	159	149.026	5767.21
1471046100	137	149.603	5769.78
1471132500	138	149.4	5762.21
1471218900	141	147.439	5680.51
1471305300	148	148.408	5702.48
1471391700	148	146.375	5639.35
1471478100	123	114.938	4448.41
1471564500	134	141.342	5472.21
1471650900	147	147.077	5704.02
1471737300	142	145.78	5697.56
1471823700	147	145.597	5661.21
1471910100	155	142.55	5522.59
1471996500	142	144.134	5563.84
1472082900	122	143.834	5544.67
1472169300	142	142.102	5475.09
1472255700	135	141.194	5457.55
1472342100	116	141.392	5474.73
1472428500	137	140.517	5466.75
1472514900	163	141.01	5470.91
1472601300	124	140.856	5442.34
1472687700	131	140.148	5438.5
1472774100	128	138.192	5389.41
1472860500	124	139.864	5482.97
1472946900	124	139.947	5482.32
1473033300	145	140.047	5469.21
1473119700	146	140.368	5467.94
1473206100	131	140.895	5466.92
1473292500	137	141.831	5495.96
1473378900	140	141.83	5487.82
1473465300	148	141.136	5469.24
1473551700	148	141.187	5470.61
1473638100	134	141.088	5440.08
1473724500	122	111.465	4305.68
1473810900	86	86.9535	3379.53
1473897300	129	131.885	5113.72
1473983700	119	139.217	5383.15
1474070100	122	140.768	5428.94
1474156500	151	139.06	5399.85
1474242900	145	138.556	5405.02
1474329300	150	139.098	5398.02
1474415700	152	138.094	5338.62
1474502100	123	139.142	5383.14
1474588500	144	136.853	5351.18
1474674900	149	136.635	5328.92
1474761300	134	137.322	5335.12
1474847700	143	136.833	5288.4
1474934100	153	137.688	5323.24
1475020500	125	136.687	5298.3
1475106900	131	130.886	5086
1475193300	141	132.482	5117.91
1475279700	158	131.726	5105.08
1475366100	123	131.557	5097.99
1475452500	136	131.198	5095.63
1475538900	129	132.756	5127.49
1475625300	133	131.927	5129
1475711700	104	127.148	4931.76
1475798100	133	132.76	5125.19
1475884500	134	131.732	5096.9
1475970900	124	131.434	5080.1
1476057300	147	131.264	5083.59
1476143700	131	132.255	5111.84
1476230100	138	132.028	5085.02
1476316500	123	132.312	5092.92
1476402900	113	131.296	5067.74
1476489300	111	130.467	5027.26
1476575700	95	93.5568	3585.94
1476662100	124	120.564	4644.84
1476748500	102	94.4887	3652.02
1476834900	80	81.7244	3163.54
1476921300	110	96.9986	3772.66
1477007700	148	132.04	5124.16
1477094100	120	137.221	5297.09
1477180500	99	95.1555	3671.32
1477266900	111	117.892	4563.09
1477353300	118	135.681	5263
1477439700	140	135.03	5250.34
1477526100	144	134.31	5237.8
1477612500	0	0	0
1477698900	145	135.071	5225.51
1477785300	135	135.936	5256.52
1477871700	124	113.078	4360.97
1477958100	139	135.656	5214.15
1478044500	129	134	5186.91
1478130900	128	133.093	5156.59
1478217300	139	132.004	5129.25
1478303700	119	132.085	5129.46
1478390100	133	131.653	5092.5
1478476500	125	132.412	5132.02
1478562900	134	132.119	5122.81
1478649300	142	131.267	5070.78
1478735700	128	130.569	5045.11
1478822100	119	130.458	5047.72
1478908500	139	131.522	5085.64
1478994900	120	132.044	5089.36
1479081300	127	132.966	5124.89
1479167700	143	131.93	5074.98
1479254100	122	129.804	5014.59
1479340500	124	128.702	5003.19
1479426900	128	128.146	4979.81
1479513300	127	129.976	5020.22
1479599700	93	83.8428	3236.3
1479686100	0	0	0
1479772500	120	123.34	4795.02
1479858900	128	126.319	4885.08
1479945300	100	101.07	3903.49
1480031700	84	77.0983	2978.53
1480118100	114	95.026	3658.47
1480204500	88	80.9179	3126.63
1480290900	0	0	0
1480377300	0	0	0
1480463700	117	119.526	4640.34
1480550100	109	128.89	4986.75
1480636500	122	124.98	4837.16
1480722900	131	124.589	4830.51
1480809300	122	131.558	5076.69
1480895700	79	89.515	3443.84
1480982100	124	131.724	5088.17
1481068500	117	132.858	5131.67
1481154900	122	122.445	4742.85
1481241300	132	134.416	5202.92
1481327700	120	135.314	5225.38
1481414100	151	135.074	5226.27
1481500500	132	134.377	5182.17
1481586900	135	133.765	5160.68
1481673300	154	133.968	5199.97
1481759700	144	135.265	5241.33
1481846100	148	135.509	5239.15
1481932500	120	137.287	5303.48
1482018900	127	131.853	5095.53
1482105300	116	137.228	5312.94
1482191700	136	126.693	4889.23
1482278100	144	135.71	5229.04
1482364500	149	137.197	5300.64
1482450900	122	139.378	5385.61
1482537300	164	132.774	5123.75
1482623700	122	122.694	4711.08
1482710100	133	139.554	5369.99
1482796500	117	135.463	5244.7
1482882900	140	125.406	4864.75
1482969300	149	144.389	5585.84
1483055700	138	145.676	5622.45
1483142100	139	146.895	5662.23
1483228500	128	138.914	5366.31
1483314900	123	143.039	5543.15
1483401300	149	143.639	5539.89
1483487700	153	145.344	5599.11
1483574100	162	148.559	5732.35
1483660500	137	149.936	5800.8
1483746900	162	151.949	5865.61
1483833300	111	137.687	5321.69
1483919700	78	76.047	2929.72
1484006100	166	152.452	5884.87
1484092500	154	153.98	5955.81
1484178900	152	153.43	5941.32
1484265300	153	154.075	5958.63
1484351700	139	154.592	5980.04
1484438100	112	124.245	4791.75
1484524500	127	122.95	4752.17
1484610900	147	153.873	5955.7
1484697300	159	154.062	5959.57
1484783700	150	154.251	5973.07
1484870100	138	146.717	5695.92
1484956500	178	151.544	5885.92
1485042900	153	131.593	5102.52
1485129300	165	143.73	5574.41
1485215700	143	129.827	5027.42
1485302100	124	143.497	5571.12
1485388500	137	147.309	5743.34
1485474900	159	151.156	5893.63
1485561300	168	153.737	5964.91
1485647700	147	154.686	5979.07
1485734100	153	154.297	5955.23
1485820500	179	153.855	5953.51
1485906900	110	112.257	4347.59
1485993300	143	147.932	5719.65
1486079700	139	144.854	5577.25
1486166100	131	119.803	4621.12
1486252500	97	90.7024	3510.56
1486338900	166	147.986	5739.69
1486425300	148	149.656	5778.27
1486511700	130	135.567	5227.59
1486598100	130	138.12	5333.98
1486684500	136	130.044	5039.16
1486770900	156	150.181	5824.87
1486857300	182	150.39	5826.36
1486943700	134	123.809	4806.42
1487030100	134	113.758	4409.78
1487116500	99	107.736	4178.2
1487202900	116	108.082	4188.77
1487289300	124	124.366	4798.1
1487375700	142	144.428	5559.5
1487462100	156	146.429	5666.14
1487548500	135	147.794	5728.44
1487634900	153	148.378	5759.28
1487721300	130	140.84	5471.97
1487807700	139	146.71	5688.65
1487894100	147	145.471	5634.11
1487980500	86	96.7405	3751.09
1488066900	111	91.1851	3533.62
1488153300	78	78.9921	3057.4
1488239700	79	78.9433	3056.24
1488326100	76	67.5112	2601.58
1488412500	113	123.498	4743.65
1488498900	144	144.959	5604.58
1488585300	155	145.55	5633.03
1488671700	136	145.472	5621.41
1488758100	146	141.095	5454.16
1488844500	147	143.444	5560.32
1488930900	150	142.793	5505.57
1489017300	160	143.566	5518.75
1489103700	114	142.191	5492.76
1489190100	169	143.381	5536.52
1489276500	135	142.356	5520.9
1489362900	165	143.289	5557.97
1489449300	155	146.066	5644.68
1489535700	133	138.122	5333.86
1489622100	155	142.782	5554.04
1489708500	150	143.576	5588.32
1489794900	179	144.228	5599.01
1489881300	130	143.531	5565.84
1489967700	107	117.706	4569.12
1490054100	126	137.992	5366.01
1490140500	74	60.8921	2368.19
1490226900	102	90.9492	3549.46
1490313300	156	144.878	5613.26
1490399700	110	96.9213	3742.11
1490486100	125	139.124	5371.85
1490572500	126	132.132	5110.86
1490658900	139	136.839	5302.49
1490745300	144	144.043	5586.05
1490831700	137	145.787	5633.91
1490918100	145	145.274	5622.73
1491004500	105	89.573	3474.88
1491090900	104	87.6705	3394.56
1491177300	112	119.58	4632.46
1491263700	127	135.443	5223.86
1491350100	141	143.276	5539.49
1491436500	116	136.367	5276.49
1491522900	161	142.148	5461.96
1491609300	133	142.738	5505
1491695700	152	142.863	5533.66
1491782100	129	141.716	5492.97
1491868500	79	73.3167	2843.72
1491954900	138	137.832	5366.63
1492041300	129	123.153	4776.61
1492127700	126	141.535	5476.57
1492214100	125	134.9	5226.14
1492300500	131	140.284	5464.62
1492386900	139	137.665	5356.1
1492473300	122	135.253	5252.8
1492559700	150	134.555	5205.24
1492646100	124	134.279	5191.91
1492732500	121	135.908	5254.08
1492818900	137	135.717	5257.14
1492905300	126	135.297	5242.35
1492991700	128	122.917	4750.4
1493078100	123	123.691	4763.37
1493164500	157	136.11	5262.44
1493250900	130	139.926	5421.53
1493337300	152	141.506	5482.22
1493423700	111	118.826	4612.23
1493510100	151	139.273	5407.79
1493596500	155	140.795	5455.46
1493682900	161	138.629	5347.56
1493769300	137	140.655	5457.76
1493855700	144	140.899	5464.07
1493942100	132	142.046	5482.63
1494028500	152	145.534	5599.3
1494114900	134	146.269	5615.3
1494201300	114	120.248	4643.86
1494287700	121	143.737	5575.75
1494374100	134	144.181	5598.93
1494460500	148	145.128	5606.96
1494546900	143	143.374	5519.88
1494633300	132	143.658	5544.72
1494719700	158	143.977	5555.31
1494806100	159	142.817	5530.5
1494892500	144	144.815	5606.33
1494978900	142	147.549	5683.26
1495065300	91	98.9455	3803.77
1495151700	141	125.885	4859.78
1495238100	134	148.09	5708.33
1495324500	142	148.861	5738.9
1495410900	138	148.629	5726.24
1495497300	146	148.509	5735.75
1495583700	152	147.783	5698.85
1495670100	136	147.888	5700.34
1495756500	156	146.743	5680.12
1495842900	139	146.708	5716.38
1495929300	141	146.993	5716.98
1496015700	177	136.794	5304.49
1496102100	142	147.101	5721.75
1496188500	168	147.425	5733.75
1496274900	78	78.5338	3051.36
1496361300	155	150.049	5812.75
1496447700	133	152.845	5884.24
1496534100	162	151.381	5834.64
1496620500	142	149.296	5775.15
1496706900	127	147.18	5687.47
1496793300	140	134.694	5185.96
1496879700	157	149.444	5746.46
1496966100	143	151.4	5881.05
1497052500	144	151.694	5879.77
1497138900	133	150.984	5832
1497225300	174	150.185	5812.3
1497311700	170	150.318	5790.93
1497398100	142	150.249	5803.18
1497484500	154	150.615	5794.96
1497570900	170	151.64	5813.52
1497657300	157	152.252	5826.92
1497743700	142	150.946	5828.09
1497830100	161	149.692	5822.66
1497916500	156	150.852	5847.38
1498002900	150	151.845	5850.44
1498089300	127	121.331	4651.18
1498175700	84	96.0922	3687.4
1498262100	90	95.7234	3690.9
1498348500	87	96.1104	3691.2
1498434900	95	95.6505	3680.48
1498521300	59	60.9524	2371.43
1498607700	0	0	0
1498694100	62	71.8338	2780.42
1498780500	133	151.17	5868.67
1498866900	153	151.924	5917.02
1498953300	164	154.253	5985.05
1499039700	169	154.336	5963.33
1499126100	158	154.738	5954.87
1499212500	161	154.84	5977.7
1499298900	154	154.405	5974.73
1499385300	176	152.931	5939.98
1499471700	144	152.593	5926.75
1499558100	152	152.933	5915.97
1499644500	145	152.436	5919.12
1499730900	156	152.191	5905.75
1499817300	148	153.112	5899.64
1499903700	155	153.893	5914.59
1499990100	141	152.831	5901.45
1500076500	166	153.813	5904.59
1500162900	151	151.407	5861.92
1500249300	142	149.905	5845
1500335700	152	149.785	5836.57
1500422100	160	150.78	5855.53
1500508500	136	150.456	5830.88
1500594900	154	150.539	5838.94
1500681300	157	149.261	5763.65
1500767700	168	150.795	5791.71
1500854100	157	149.213	5767.91
1500940500	146	148.439	5757.17
1501026900	156	148.441	5749.74
1501113300	150	148.317	5735.74
1501199700	137	149.392	5752.86
1501286100	145	149.29	5771.83
1501372500	159	148.298	5773.43
1501458900	149	147.403	5741.69
1501545300	145	147.836	5716.86
1501631700	147	147.151	5710.74
1501718100	117	145.665	5664.29
1501804500	144	125.347	4860.38
1501890900	172	146.62	5664.46
1501977300	88	99.1791	3826.22
1502063700	70	66.5351	2564.29
1502150100	77	72.9446	2811.61
1502236500	91	97.9301	3770.71
1502322900	128	150.855	5797.6
1502409300	120	150.049	5772.26
1502495700	171	150.024	5785.22
1502582100	129	147.565	5695.79
1502668500	136	144.771	5572.99
1502754900	125	146.991	5673.55
1502841300	162	147.467	5724.66
1502927700	146	150.298	5817.75
1503014100	157	152.664	5872.87
1503100500	147	146.304	5625.35
1503186900	136	145.43	5639.55
1503273300	152	145.361	5644.08
1503359700	137	146.492	5629.99
1503446100	151	139.195	5338.88
1503532500	85	92.6743	3558.99
1503618900	123	107.417	4130.35
1503705300	123	137.2	5306.28
1503791700	148	143.389	5528.81
1503878100	148	142.545	5481.96
1503964500	132	135.922	5243.19
1504050900	136	140.731	5468.81
1504137300	155	142.454	5514.32
1504223700	142	144.695	5566
1504310100	123	144.419	5568.35
1504396500	112	109.434	4236.28
1504482900	121	122.289	4753.39
1504569300	132	144.616	5625.14
1504655700	135	147.78	5702.43
1504742100	148	148.295	5735.12
1504828500	160	150.174	5786.79
1504914900	143	151.628	5851.57
1505001300	152	151.769	5864.11
1505087700	176	150.81	5830.22
1505174100	136	148.922	5771.52
1505260500	164	152.5	5910.43
1505346900	165	153.827	5945.83
1505433300	148	149.272	5812.86
1505519700	168	150.842	5890.09
1505606100	155	150.188	5838.99
1505692500	160	152.379	5899.84
1505778900	149	151.74	5847.64
1505865300	140	138.734	5349.14
1505951700	157	150.507	5857.77
1506038100	145	150.254	5837.62
1506124500	157	144.15	5601.04
1506210900	180	151.118	5841.76
1506297300	151	150.649	5842.08
1506383700	141	150.679	5850.91
1506470100	136	150.871	5859.79
1506556500	147	151.89	5893.02
1506642900	136	142.162	5497.58
1506729300	167	155.162	5968.37
1506815700	142	149.651	5739.62
1506902100	151	155.511	5991.03
1506988500	157	158.226	6085.85
1507074900	168	161.223	6187.24
1507161300	158	165.124	6304.09
1507247700	167	162.617	6265.03
1507334100	147	142.511	5530.8
1507420500	126	134.656	5196.45
1507506900	133	149.312	5772.14
1507593300	135	147.535	5699.3
1507679700	145	155.325	5999.98
1507766100	153	161.426	6268.67
1507852500	117	122.966	4780.36
1507938900	159	132.217	5140.06
1508025300	160	149.643	5807
1508111700	80	69.0273	2669.32
1508198100	93	103.775	3997.14
1508284500	169	160.371	6180.49
1508370900	187	159.702	6180.7
1508457300	153	161.121	6208.74
1508543700	147	161.209	6231.68
1508630100	181	159.89	6222.08
1508716500	154	160.142	6192.36
1508802900	164	160.083	6180.13
1508889300	159	160.456	6200.89
1508975700	195	161.126	6220.2
1509062100	157	160.086	6185.8
1509148500	126	161.745	6221.9
1509234900	166	161.411	6197.43
1509321300	144	160.697	6197.12
1509407700	178	162.337	6274.24
1509494100	156	164.314	6328.98
1509580500	198	165.186	6355.31
1509666900	174	165.26	6364.85
1509753300	159	167.148	6455.38
1509839700	176	167.649	6472.2
1509926100	152	166.017	6432.05
1510012500	173	159.342	6166.17
1510098900	132	131.84	5094
1510185300	157	159.788	6179.96
1510271700	168	166.738	6458.78
1510358100	160	167.189	6475.48
1510444500	165	164.57	6360.04
1510530900	168	164.258	6346.15
1510617300	135	143.64	5540.59
1510703700	168	163.944	6307.44
1510790100	153	163.049	6304.17
1510876500	160	162.866	6279.8
1510962900	159	164.042	6337.94
1511049300	168	157.175	6063.49
1511135700	166	151.189	5825.21
1511222100	152	162.047	6267.53
1511308500	146	163.805	6343.43
1511394900	176	164.677	6351.36
1511481300	167	162.715	6286.88
1511567700	152	162.668	6301.91
1511654100	157	162.124	6275.57
1511740500	187	162.919	6304.42
1511826900	170	160.362	6226.39
1511913300	180	163.081	6302.81
1511999700	158	163.009	6304.83
1512086100	131	143.226	5531.12
1512172500	134	166.172	6428.7
1512258900	98	99.0243	3832.82
1512345300	93	95.3118	3702.56
1512431700	148	150.506	5831.55
1512518100	145	151.111	5843.63
1512604500	164	163.864	6339.94
1512690900	99	93.1265	3592.72
1512777300	89	76.8735	2969.17
1512863700	149	157.118	6085.85
1512950100	156	157.188	6102.31
1513036500	144	158.042	6102.27
1513122900	135	154.661	5976.08
1513209300	182	161.675	6268.03
1513295700	160	162.356	6287.68
1513382100	154	160.163	6164.94
1513468500	101	105.371	4056.65
1513554900	169	158.833	6161.3
1513641300	184	165.259	6390.44
1513727700	188	159.605	6166.72
1513814100	181	165.9	6401.39
1513900500	166	163.401	6310.8
1513986900	167	166.035	6419.24
1514073300	176	165.545	6412.42
1514159700	176	165.61	6401.18
1514246100	136	150.512	5806.92
1514332500	135	129.018	4995.24
1514418900	161	163.669	6339.58
1514505300	153	157.439	6093.68
1514591700	169	162.307	6264.05
1514678100	129	146.745	5675.75
1514764500	97	101.495	3928.76
1514850900	165	152.834	5910.53
1514937300	160	152.812	5904.27
1515023700	163	164.594	6337.94
1515110100	163	161.107	6201.9
1515196500	179	160.73	6233.18
1515282900	152	149.126	5791.99
1515369300	150	147.812	5737.65
1515455700	133	118.915	4604.51
1515542100	106	97.6986	3786.31
1515628500	119	128.84	4993.51
1515714900	112	132.09	5112.78
1515801300	161	160.101	6191.41
1515887700	132	141.151	5472.81
1515974100	147	131.891	5103.93
1516060500	145	154.223	5970.15
1516146900	146	133.335	5168.87
1516233300	145	152.883	5931.6
1516319700	159	159.11	6176.85
1516406100	153	159.937	6195.82
1516492500	143	159.254	6150.35
1516578900	122	122.77	4735.47
1516665300	119	126.833	4880.84
1516751700	135	148.327	5733.09
1516838100	164	155.95	6042.82
1516924500	107	125.422	4847.62
1517010900	153	157.628	6081.49
1517097300	132	154.245	5967.87
1517183700	156	149.433	5772.58
1517270100	131	134.924	5187.34
1517356500	146	144.964	5611.66
1517442900	120	144.137	5598.85
1517529300	152	136.133	5279.92
1517615700	163	155.801	6027.14
1517702100	146	145.91	5646.77
1517788500	120	133.604	5178.83
1517874900	162	155.523	6016.41
1517961300	153	153.061	5913.72
1518047700	154	150.027	5796.99
1518134100	144	144.352	5563.84
1518220500	135	155.363	6007.8
1518306900	164	158.037	6134.83
1518393300	160	157.563	6140.76
1518479700	180	158.474	6144.38
1518566100	138	152.29	5905.59
1518652500	183	157.09	6084.3
1518738900	148	139.629	5408.88
1518825300	156	143.299	5564.88
1518911700	114	125.533	4851.97
1518998100	164	144.022	5548.59
1519084500	117	124.684	4807.96
1519170900	147	160.365	6219.84
1519257300	187	161.279	6256.72
1519343700	114	101.465	3931.07
1519430100	131	132.078	5129.13
1519516500	114	117.678	4571.03
1519602900	184	157.33	6109.16
1519689300	115	113.348	4389.83
1519775700	117	106.652	4135.29
1519862100	185	154.685	5995.12
1519948500	168	162.693	6314.91
1520034900	154	163.224	6320.64
1520121300	131	143.082	5530.88
1520207700	141	148.783	5767.49
1520294100	167	162.695	6323.61
1520380500	165	160.899	6240.44
1520466900	151	157.732	6092.1
1520553300	138	141.605	5466.74
1520639700	162	162.386	6251.36
1520726100	155	159.662	6174.84
1520812500	169	160.921	6216.41
1520898900	158	162.892	6284.8
1520985300	153	153.941	5929.69
1521071700	173	162.484	6268.34
1521158100	160	163.314	6293.72
1521244500	166	164.446	6322.17
1521330900	185	163.926	6304.4
1521417300	164	163.194	6311.46
1521503700	175	164.528	6360.68
1521590100	152	160.505	6232.56
1521676500	185	162.873	6270.49
1521762900	158	165.04	6341.43
1521849300	173	163.429	6311.4
1521935700	176	161.729	6294.89
1522022100	167	162.591	6298.92
1522108500	180	163.642	6338.42
1522194900	166	163.543	6324.11
1522281300	167	163.815	6343.62
1522367700	162	158.677	6157.31
1522454100	143	155.694	6033.84
1522540500	190	163.964	6358.05
1522626900	137	161.664	6280.38
1522713300	159	162.061	6270.86
1522799700	147	161.713	6251.42
1522886100	151	161.049	6216.24
1522972500	139	135.767	5262.92
1523058900	109	111.188	4291.22
1523145300	151	156.9	6064.42
1523231700	187	156.889	6074.72
1523318100	143	156.944	6035.24
1523404500	125	156.957	6034.45
1523490900	147	156.143	6037.74
1523577300	130	121.753	4749.43
1523663700	148	153.81	5973.92
1523750100	190	154.28	6002.68
1523836500	152	154.327	5992.49
1523922900	164	155.753	6029.9
1524009300	175	154.507	6002.89
1524095700	146	154.757	5995.05
1524182100	155	149.822	5801.9
1524268500	178	159.373	6168.22
1524354900	172	156.365	6038.7
1524441300	160	157.969	6122.42
1524527700	150	161.663	6272.58
1524614100	155	164.123	6367.25
1524700500	186	165.303	6391.94
1524786900	166	165.041	6360.49
1524873300	172	164.762	6385.05
1524959700	166	162.705	6296.1
1525046100	163	164.778	6387.98
1525132500	149	163.374	6339.23
1525218900	158	164.694	6374.64
1525305300	163	165.54	6402.53
1525391700	175	165.092	6384.98
1525478100	159	163.675	6352.68
1525564500	162	163.899	6360.34
1525650900	155	162.864	6313.53
1525737300	150	155.189	6018.86
1525823700	158	162.204	6280.93
1525910100	116	134.16	5196.24
1525996500	134	159.835	6203.72
1526082900	174	159.233	6170.38
1526169300	168	159.333	6151.12
1526255700	170	158.697	6107.88
1526342100	126	159.232	6147.3
1526428500	139	157.65	6119.15
1526514900	159	157.54	6088.31
1526601300	151	157.216	6075.1
1526687700	156	156.032	6071.31
1526774100	78	79.3027	3073.7
1526860500	173	156.971	6073.5
1526946900	175	153.759	5969.12
1527033300	174	152.906	5932.86
1527119700	154	157.833	6136.74
1527206100	154	160.89	6238.63
1527292500	168	155.301	5988.21
1527378900	162	161.04	6212.52
1527465300	149	161.477	6209.43
1527551700	173	159.852	6157.75
1527638100	139	157.069	6069.3
1527724500	121	155.11	6009.18
1527810900	161	154.715	6020.2
1527897300	157	154.94	6024.31
1527983700	88	78.3367	3048.86
1528070100	145	153.899	5987.03
1528156500	146	151.791	5895.26
1528242900	171	151.351	5841.66
1528329300	150	148.993	5776.9
1528415700	139	153.097	5900.69
1528502100	183	160.975	6185.9
1528588500	174	163.176	6222.88
1528674900	156	162.109	6212.24
1528761300	160	161.077	6218.71
1528847700	156	160.179	6223.2
1528934100	177	159.872	6219.38
1529020500	175	159.764	6220.62
1529106900	171	160.65	6250.4
1529193300	161	161.979	6299.14
1529279700	181	162.602	6317.93
1529366100	152	163.097	6304.31
1529452500	168	162.828	6300.19
1529538900	166	163.113	6312.15
1529625300	175	163.096	6311.45
1529711700	184	164.008	6317.42
1529798100	76	81.0497	3148.24
1529884500	144	160.893	6213
1529970900	72	81.6717	3147.55
1530057300	153	159.378	6133.3
1530143700	130	128.002	4937.91
1530230100	108	112.768	4354.28
1530316500	141	128.464	4953.56
1530402900	121	111.838	4301.93
1530489300	155	158.967	6128.31
1530575700	110	128.931	5010.42
1530662100	159	156.917	6053.91
1530748500	137	154.119	5922.64
1530834900	155	153.328	5908.7
1530921300	127	152.069	5878.32
1531007700	142	147.556	5741.83
1531094100	148	145.31	5680.45
1531180500	142	145.779	5672.65
1531266900	155	147.167	5681.07
1531353300	149	154.181	5962.48
1531439700	165	154.501	5972.8
1531526100	165	153.666	5922.32
1531612500	149	155.274	5984.36
1531698900	137	153.659	5949.99
1531785300	157	154.318	5966.6
1531871700	149	155.001	5983.99
1531958100	146	151.793	5857.95
1532044500	151	149.012	5777.87
1532130900	149	150.615	5829.26
1532217300	140	152.491	5858.43
1532303700	131	149.807	5826.35
1532390100	138	149.058	5811.29
1532476500	150	151.046	5878.71
1532562900	148	151.632	5897.62
1532649300	170	152.299	5897.71
1532735700	163	157.03	6070.22
1532822100	166	157.162	6081.86
1532908500	171	157.389	6081.67
1532994900	157	156.582	6079.57
1533081300	153	159.04	6149.78
1533167700	157	158.809	6146.07
1533254100	150	160.698	6198.19
1533340500	169	160.229	6209.73
1533426900	136	130.342	5030.77
1533513300	146	130.303	5028.33
1533599700	123	149.31	5728.42
1533686100	179	160.964	6252.3
1533772500	151	161.847	6311.97
1533858900	166	164.115	6356.13
1533945300	179	164.968	6377.6
1534031700	149	165.478	6387.78
1534118100	155	165.616	6394.85
1534204500	164	165.02	6411.59
1534290900	168	164.798	6401.68
1534377300	194	166.365	6448.86
1534463700	178	167.729	6488.65
1534550100	176	167.198	6466.67
1534636500	186	165.544	6456.59
1534722900	145	165.178	6460.59
1534809300	174	166.12	6451.55
1534895700	167	167.069	6460.94
1534982100	170	168.336	6456.02
1535068500	159	166.812	6447.18
1535154900	148	165.915	6455.14
1535241300	173	166.058	6466.35
1535327700	100	85.4721	3309.65
1535414100	167	167.942	6485.14
1535500500	163	168.019	6475.47
1535586900	164	167.709	6482.52
1535673300	146	166.076	6443.33
1535759700	175	166.909	6481.91
1535846100	161	165.308	6421.8
1535932500	188	165.05	6409.85
1536018900	40	37.7139	1468.87
1536105300	176	167.171	6439.2
1536191700	164	168.58	6502.8
1536278100	164	167.325	6485.1
1536364500	154	165.252	6417.03
1536450900	191	166.43	6467.34
1536537300	160	165.305	6425.63
1536623700	156	166.716	6459.41
1536710100	187	166.406	6446.17
1536796500	146	165.997	6444.47
1536882900	173	165.124	6397.2
1536969300	158	166.23	6410.27
1537055700	145	158.95	6133.72
1537142100	108	102.2	3944.1
1537228500	148	158.909	6108.58
1537314900	156	165.804	6370.66
1537401300	171	165.49	6381.01
1537487700	164	164.598	6341.13
1537574100	129	144.293	5545.82
1537660500	155	158.308	6090.18
1537746900	156	158.378	6125.97
1537833300	150	160.711	6210.45
1537919700	166	163.125	6299.34
1538006100	168	163.828	6329.63
1538092500	165	164.463	6332.32
1538178900	154	164.655	6317.77
1538265300	158	164.543	6317.01
1538351700	145	162.762	6277.1
1538438100	165	163.975	6338.54
1538524500	170	163.53	6332.98
1538610900	169	163.309	6343.77
1538697300	154	165.04	6420.27
1538783700	179	166.435	6438.02
1538870100	160	159.656	6152.87
1538956500	173	159.23	6121.81
1539042900	168	163.721	6313.07
1539129300	140	162.652	6301.3
1539215700	174	161.477	6268
1539302100	160	164.798	6369.43
1539388500	162	163.52	6338.43
1539474900	177	163.177	6330.14
1539561300	168	162.939	6298.13
1539647700	161	157.897	6067.75
1539734100	175	162.594	6244.28
1539820500	158	163.143	6295.34
1539906900	160	161.601	6282.7
1539993300	174	162.705	6309.17
1540079700	135	162.377	6279.99
1540166100	169	162.33	6281.37
1540252500	149	162.82	6315.1
1540338900	175	163.241	6320.85
1540425300	163	163.247	6323.34
1540511700	183	163.013	6318.53
1540598100	172	164.32	6360.97
1540684500	167	163.661	6332.98
1540770900	126	128.947	4970.67
1540857300	156	163.993	6314.5
1540943700	125	149.12	5769.88
1541030100	157	154.772	5997.32
1541116500	135	165.472	6359.83
1541202900	138	166.611	6417.6
1541289300	169	164.057	6325.34
1541375700	188	160.972	6209.29
1541462100	139	155.479	6038.41
1541548500	158	164.329	6403
1541634900	181	166.498	6444.95
1541721300	161	159.926	6162.3
1541807700	197	167.385	6443.7
1541894100	125	145.245	5589.79
1541980500	149	165.352	6377.21
1542066900	171	164.19	6345.81
1542153300	165	163.64	6321.98
1542239700	147	163.879	6316.99
1542326100	170	164.073	6343.89
1542412500	178	164.63	6338.6
1542498900	154	163.973	6346.09
1542585300	142	163.999	6342.52
1542671700	163	159.722	6171.51
1542758100	143	156.142	6030
1542844500	182	152.845	5893.69
1542930900	135	158.035	6128.31
1543017300	157	157.704	6109.19
1543103700	170	161.747	6256.6
1543190100	154	161.006	6229.73
1543276500	155	147.431	5706.12
1543362900	124	138.445	5364.01
1543449300	183	160.904	6226.34
1543535700	169	158.017	6112.74
1543622100	133	142.437	5528.54
1543708500	143	156.822	6105.67
1543794900	181	158.993	6156.37
1543881300	156	155.444	6005.82
1543967700	119	128.686	4979.65
1544054100	146	153.9	5992.12
1544140500	148	155.591	6064.7
1544226900	152	156.948	6086.97
1544313300	165	154	5945.15
1544399700	65	78.2208	3025.26
1544486100	150	153.175	5913.04
1544572500	165	153.057	5932.06
1544658900	168	158.145	6101.66
1544745300	152	157.493	6057.88
1544831700	165	148.648	5777.73
1544918100	0	0	0
1545004500	84	84.3768	3263.51
1545090900	158	151.594	5889.99
1545177300	153	152.331	5897.38
1545263700	139	150.889	5818.61
1545350100	157	148.229	5737.34
1545436500	143	149.573	5779.59
1545522900	141	144.475	5591.45
1545609300	50	48.6896	1888.38
1545695700	62	64.3528	2481.23
1545782100	53	60.9229	2353.38
1545868500	133	139.965	5389.7
1545954900	142	133.137	5137.57
1546041300	155	145.087	5592.24
1546127700	130	147.315	5682.01
1546214100	158	150.183	5810.27
1546300500	135	149.581	5772.54
1546386900	161	149.852	5788.99
1546473300	134	149.903	5803.86
1546559700	136	134.6	5199.51
1546646100	166	154.507	5965.52
1546732500	119	144.137	5552.47
1546818900	167	153.923	5922.55
1546905300	147	156.212	6000.24
1546991700	181	161.637	6221.15
1547078100	154	162.907	6297.3
1547164500	186	164.48	6380.7
1547250900	172	164.845	6375.14
1547337300	158	155.768	6034.77
1547423700	142	162.727	6317.75
1547510100	158	163.045	6318.35
1547596500	165	162.44	6276.28
1547682900	166	159.719	6195.26
1547769300	150	159.764	6232.38
1547855700	171	159.464	6199.49
1547942100	170	158.739	6145.07
1548028500	172	158.38	6117.6
1548114900	149	152.835	5910.19
1548201300	144	139.356	5393.74
1548287700	148	157.553	6104.15
1548374100	157	156.345	6037.68
1548460500	154	157.455	6098.72
1548546900	135	157.267	6099.89
1548633300	147	137.459	5315.45
1548719700	168	156.827	6061.16
1548806100	166	156.272	6044.05
1548892500	134	155.806	6031.08
1548978900	129	156.4	6061.28
1549065300	122	135.719	5282
1549151700	152	150.131	5873.12
1549238100	162	155.75	6073.86
1549324500	132	154.12	5987.75
1549410900	154	155.019	5999.9
1549497300	131	134.759	5208.2
1549583700	165	153.223	5918.68
1549670100	143	152.944	5913.08
1549756500	157	146.415	5653.2
1549842900	156	154.035	5932.74
1549929300	135	152.901	5966.71
1550015700	155	152.907	5946.49
1550102100	171	153.534	5952.74
1550188500	146	153.473	5958.99
1550274900	192	152.86	5932.78
1550361300	177	153.283	5934.24
1550447700	131	139.249	5376.24
1550534100	153	149.07	5765.45
1550620500	158	152.463	5890.58
1550706900	145	152.118	5867.89
1550793300	151	151.964	5876.86
1550879700	148	152.015	5884.9
1550966100	164	152.582	5880.95
1551052500	159	151.605	5853.5
1551138900	158	151.443	5870.95
1551225300	134	153.187	5935.55
1551311700	158	150.754	5850.7
1551398100	171	150.739	5821.23
1551484500	170	151.038	5846.62
1551570900	147	152.402	5893.76
1551657300	143	146.835	5657.38
1551743700	148	150.505	5819.8
1551830100	164	150.018	5801.77
1551916500	188	151.549	5836.59
1552002900	165	149.672	5797.83
1552089300	143	147.928	5778.06
1552175700	142	148.512	5791.79
1552262100	151	149.415	5798.45
1552348500	159	149.072	5766.8
1552434900	131	148.759	5766.8
1552521300	139	151.694	5860.6
1552607700	143	152.854	5917.01
1552694100	154	153.32	5941.19
1552780500	135	139.051	5387.25
1552866900	143	126.567	4888.84
1552953300	133	149.885	5797.97
1553039700	122	142.629	5553.01
1553126100	184	156.989	6098.88
1553212500	145	159.274	6162.99
1553298900	198	162.632	6297.32
1553385300	150	162.777	6320.42
1553471700	146	162.908	6331.77
1553558100	151	162.726	6329.8
1553644500	164	164.084	6387.6
1553730900	174	164.843	6403.87
1553817300	156	164.632	6387.72
1553903700	176	162.975	6310.28
1553990100	173	162.658	6303.08
1554076500	161	155.291	6019.07
1554162900	170	163.752	6342.92
1554249300	155	162.59	6307.68
1554335700	161	146.73	5649.49
1554422100	169	161.421	6259.83
1554508500	162	160.649	6247.21
1554594900	156	160.665	6246.05
1554681300	190	160.478	6230.75
1554767700	169	160.948	6225.25
1554854100	168	158.917	6152.79
1554940500	169	158.623	6170.91
1555026900	155	160.069	6205.96
1555113300	176	162.121	6247.45
1555199700	149	162.812	6279.17
1555286100	151	162.512	6300.47
1555372500	123	163.467	6354.75
1555458900	161	159.352	6159.37
1555545300	167	162.654	6284.54
1555631700	130	159.654	6165.44
1555718100	180	163.502	6329.97
1555804500	153	164.614	6381.95
1555890900	163	164.298	6371.32
1555977300	162	164.616	6379.45
1556063700	152	162.532	6308.92
1556150100	164	161.403	6268.15
1556236500	147	162.851	6325.42
1556322900	143	163.801	6353.75
1556409300	161	164.39	6346.63
1556495700	184	164.402	6344.86
1556582100	157	164.258	6374.06
1556668500	165	163.986	6349.32
1556754900	155	164.905	6348.58
1556841300	124	164.138	6310.06
1556927700	164	163.209	6287.84
1557014100	181	162.159	6263.33
1557100500	148	161.026	6264.02
1557186900	160	158.523	6150.02
1557273300	170	161.454	6256.28
1557359700	183	162.283	6261.73
1557446100	152	161.084	6214.49
1557532500	156	161.653	6253.94
1557618900	149	145.047	5621.34
1557705300	156	160.058	6219.06
1557791700	157	159.224	6217.4
1557878100	170	160.031	6224.32
1557964500	168	160.662	6225.78
1558050900	161	162.168	6241.51
1558137300	155	162.002	6250.04
1558223700	161	161.139	6247.48
1558310100	139	160.217	6189.28
1558396500	86	81.0196	3138.6
1558482900	13	17.8439	694.08
1558569300	74	68.8867	2681.98
1558655700	138	120.504	4665.43
1558742100	162	159.165	6134.8
1558828500	165	157.917	6069.55
1558914900	157	145.469	5611.19
1559001300	148	158.686	6118.49
1559087700	156	160.58	6204.05
1559174100	130	162.037	6245.22
1559260500	164	161.949	6248.23
1559346900	76	162.196	6252.47
1559433300	179	161.355	6244.62
1559519700	155	154.072	5988.39
1559606100	154	150.466	5824.96
1559692500	176	159.042	6125.31
1559778900	166	160.744	6188.31
1559865300	185	160.47	6205.56
1559951700	160	159.965	6197.94
1560038100	142	160.066	6178.3
1560124500	166	160.358	6179.66
1560210900	169	161.004	6225.33
1560297300	160	163.472	6280.56
1560383700	159	163.773	6299.83
1560470100	150	163.066	6298.07
1560556500	151	162.94	6312.57
1560642900	144	162.139	6315.92
1560729300	159	161.792	6284.11
1560815700	196	161.801	6244.5
1560902100	169	160.684	6218.47
1560988500	148	159.96	6198.15
1561074900	162	159.154	6131.73
1561161300	163	159.563	6179.21
1561247700	156	159.432	6160.68
1561334100	156	159.853	6153.29
1561420500	152	159.573	6141.88
1561506900	162	160.444	6175.02
1561593300	182	161.158	6172.69
1561679700	148	160.973	6161.46
1561766100	151	162.478	6241.23
1561852500	157	162.227	6257.81
1561938900	151	161.475	6258.94
1562025300	194	163.915	6297.83
1562111700	149	164.474	6329.7
1562198100	156	164.17	6329.84
1562284500	173	161.554	6281.43
1562370900	174	159.208	6198.84
1562457300	158	163.6	6340.83
1562543700	174	163.236	6298.72
1562630100	155	162.786	6289.1
1562716500	144	162.976	6302.25
1562802900	170	162.934	6285.1
1562889300	171	165.615	6396.45
1562975700	173	161.511	6240.48
1563062100	172	159.505	6160.32
1563148500	160	159.542	6180.22
1563234900	141	158.979	6164.18
1563321300	169	159.23	6149.6
1563407700	157	159.813	6172.79
1563494100	141	159.199	6172.67
1563580500	187	160.833	6183.18
1563666900	170	158.708	6053.08
1563753300	140	155.543	5981.5
1563839700	158	152.55	5921.69
1563926100	166	151.245	5893.97
1564012500	147	151.327	5887.68
1564098900	167	151.613	5885.59
1564185300	138	150.728	5868.18
1564271700	141	149.652	5794.49
1564358100	143	150.098	5794.91
1564444500	153	149.712	5792.97
1564530900	155	151.497	5845.02
1564617300	148	153.246	5911.94
1564703700	151	151.013	5879.27
1564790100	153	155.15	6054.44
1564876500	167	155.533	6050.85
1564962900	161	156.662	6062.52
1565049300	184	156.399	6021.64
1565135700	143	155.157	6005.22
1565222100	133	154.366	6006.23
1565308500	137	154.368	6004.8
1565394900	172	154.832	6000.27
1565481300	161	153.859	5934.46
1565567700	134	153.309	5933.94
1565654100	148	151.559	5922.82
1565740500	136	152.104	5924.46
1565826900	142	152.809	5904.6
1565913300	170	152.394	5879.68
1565999700	166	152.635	5871.43
1566086100	150	151.832	5878.82
1566172500	116	151.357	5889.07
1566258900	147	151.715	5890.6
1566345300	187	153.604	5962.19
1566431700	142	153.387	5965.21
1566518100	165	153.045	5959.6
1566604500	167	156.791	6068.38
1566690900	164	157.424	6086.7
1566777300	136	157.467	6089.02
1566863700	178	157.778	6115.63
1566950100	159	159.025	6141.97
1567036500	145	156.557	6041.44
1567122900	154	156.833	6062
1567209300	168	157.289	6099.9
1567295700	155	156.905	6096.9
1567382100	165	157.819	6102.6
1567468500	130	158.048	6136.24
1567554900	154	158.158	6136.51
1567641300	170	156.812	6087.2
1567727700	151	158.85	6136.94
1567814100	154	159.491	6153.98
1567900500	146	159.207	6148.27
1567986900	172	159.858	6150.06
1568073300	153	160.185	6195.95
1568159700	170	160.715	6224.68
1568246100	164	160.073	6206.8
1568332500	141	159.949	6198
1568418900	169	161.535	6229.14
1568505300	166	162.165	6232.22
1568591700	175	161.02	6225.75
1568678100	155	160.66	6238.83
1568764500	154	161.364	6232.86
1568850900	170	162.995	6248.89
1568937300	156	162.2	6268.85
1569023700	150	161.066	6242.92
1569110100	150	160.743	6249.56
1569196500	162	159.492	6187.64
1569282900	185	157.195	6123.81
1569369300	162	157.511	6142.71
1569455700	156	156.698	6090.75
1569542100	152	156.874	6073.12
1569628500	171	158.296	6111.79
1569714900	168	157.922	6094.54
1569801300	151	159.025	6100.82
1569887700	154	160.998	6180.38
1569974100	156	160.019	6182.31
1570060500	157	160.245	6209
1570146900	163	158.801	6162.19
1570233300	171	152.657	5929.71
1570319700	158	158.133	6134.44
1570406100	149	159.026	6150.12
1570492500	140	159.958	6199.42
1570578900	157	160.418	6215.61
1570665300	167	160.775	6209.6
1570751700	157	159.846	6154.9
1570838100	144	158.851	6113.39
1570924500	166	158.53	6124.9
1571010900	148	157.899	6145.45
1571097300	154	158.612	6178.91
1571183700	147	158.688	6161.12
1571270100	170	157.552	6097.25
1571356500	150	157.987	6130.01
1571442900	152	157.184	6111.23
1571529300	176	155.598	6020.17
1571615700	162	156.978	6082.16
1571702100	147	155.56	6031.42
1571788500	153	157.132	6085.77
1571874900	182	157.153	6075.83
1571961300	169	156.449	6052.66
1572047700	149	156.817	6041.38
1572134100	131	155.972	6003.87
1572220500	165	156.455	6019.24
1572306900	169	156.573	6019.68
1572393300	140	147.376	5682.96
1572479700	156	155.417	6019.47
1572566100	178	157.313	6059.86
1572652500	156	153.91	5953.39
1572738900	163	153.867	5951.85
1572825300	143	153.769	5906.56
1572911700	134	155.157	5990.92
1572998100	134	156.269	6044.78
1573084500	130	156.583	6060.22
1573170900	157	159.463	6160.91
1573257300	152	155.499	6015.34
1573343700	126	127.371	4939.62
1573430100	115	125.296	4852.3
1573516500	145	155.24	5997.8
1573602900	163	156.433	6049.42
1573689300	145	154.483	5986.64
1573775700	141	155.315	6014.22
1573862100	159	155.069	5998.22
1573948500	166	155.54	6001.56
1574034900	173	155.545	6020.28
1574121300	122	155.16	6020.75
1574207700	155	155.459	6014.82
1574294100	166	155.606	6023.44
1574380500	150	155.107	6007.89
1574466900	147	155.098	6019.28
1574553300	149	155.778	6008.05
1574639700	155	155.896	5996.67
1574726100	152	155.9	6013.29
1574812500	147	156.078	6035.37
1574898900	151	156.802	6057.3
1574985300	174	158.709	6109.38
1575071700	151	159.149	6142.5
1575158100	154	158.563	6144.83
1575244500	165	156.44	6073.28
1575330900	171	159.099	6148.25
1575417300	145	158.128	6115.39
1575503700	170	156.9	6085.53
1575590100	168	156.49	6053.19
1575676500	159	155.528	6020.43
1575762900	152	154.959	5990.93
1575849300	133	155.792	6024.03
1575935700	68	88.3771	3416.34
1576022100	81	72.5491	2802.26
1576108500	60	74.5142	2878.5
1576194900	79	91.5979	3539.6
1576281300	145	142.979	5520.35
1576367700	142	153.613	5942.45
1576454100	166	154.414	5975.1
1576540500	168	154.31	5964.28
1576626900	151	155.072	5976.38
1576713300	160	157.485	6072.19
1576799700	154	158.497	6123.05
1576886100	152	157.924	6119.76
1576972500	123	138.403	5359.55
1577058900	155	156.979	6075.44
1577145300	143	156.756	6039.63
1577231700	154	155.981	6011.19
1577318100	134	154.88	5984.77
1577404500	144	155.463	6003.79
1577490900	135	146.829	5676.99
1577577300	164	153.085	5926.28
1577663700	143	143.679	5556.15
1577750100	126	136.374	5284.28
1577836500	149	148.041	5749.97
