364	0.00556889	0.00116798	0.00791535	0.00569005	0.7723	11.8451	79.7033	0.0240219	
364.006	0.00581425	0.00264408	0.00791535	0.00638722	0.72211	24.4541	71.0036	0.0240219	
364.012	0.00579762	0.00427309	0.00791535	0.0072022	0.661026	36.3918	62.9691	0.0240219	
364.018	0.00539782	0.00606961	0.00791535	0.0081226	0.590653	48.3527	55.8338	0.0240219	
364.024	0.00447492	0.0079302	0.00791535	0.00910566	0.51598	60.5644	49.8059	0.0240219	
364.03	0.00290227	0.00969164	0.00791535	0.0101169	0.441837	73.3291	44.8277	0.0240219	
364.036	0.000647486	0.0110811	0.00791535	0.0111	0.37408	86.6559	40.8571	0.0240219	
364.042	-0.00218421	0.0117979	0.00791535	0.0119984	0.31699	100.489	37.798	0.0240219	
364.048	-0.00538995	0.0115777	0.00791535	0.0127709	0.272101	114.964	35.5118	0.0240219	
364.054	-0.00857932	0.0102495	0.00791535	0.0133662	0.240324	129.931	33.93	0.0240219	
364.06	-0.011343	0.00778072	0.00791535	0.0137551	0.220925	145.552	32.9708	0.0240219	
364.066	-0.0132123	0.00434864	0.00791535	0.0139096	0.213518	161.782	32.6046	0.0240219	
364.072	-0.0138154	0.000339265	0.00791535	0.0138196	0.217813	178.593	32.817	0.0240219	
364.078	-0.0129481	-0.00377532	0.00791535	0.0134873	0.234169	196.255	33.6254	0.0240219	
364.084	-0.0106156	-0.00738659	0.00791535	0.0129326	0.263222	214.831	35.0676	0.0240219	
364.09	-0.00709584	-0.00992181	0.00791535	0.0121981	0.305	234.429	37.1793	0.0240219	
364.096	-0.00283236	-0.0109759	0.00791535	0.0113355	0.358641	255.53	40.0086	0.0240219	
364.102	0.00150043	-0.0103282	0.00791535	0.0104366	0.419264	278.266	43.4544	0.0240219	
364.108	0.00525698	-0.00803443	0.00791535	0.00960145	0.479167	303.197	47.2341	0.0240219	
364.114	0.00778752	-0.0044393	0.00791535	0.00896398	0.52663	330.315	50.5932	0.0240219	
364.12	0.0086466	-0.000149642	0.00791535	0.00864789	0.550554	359.009	52.4424	0.0240219	
364.126	0.00766783	0.00415053	0.00791535	0.00871909	0.545148	28.4263	52.0141	0.0240219	
364.132	0.00499755	0.00767141	0.00791535	0.00915566	0.512234	56.9177	49.5339	0.0240219	
364.138	0.00104654	0.00980715	0.00791535	0.00986283	0.460102	83.9089	45.9823	0.0240219	
364.144	-0.00350172	0.0101214	0.00791535	0.01071	0.400358	109.084	42.3451	0.0240219	
364.15	-0.00783143	0.00852141	0.00791535	0.0115735	0.343368	132.584	39.1858	0.0240219	
364.156	-0.0112121	0.00522127	0.00791535	0.0123682	0.294995	155.029	36.6679	0.0240219	
364.162	-0.0129952	0.00078303	0.00791535	0.0130187	0.258568	176.552	34.8356	0.0240219	
364.168	-0.0128497	-0.00409385	0.00791535	0.013486	0.234232	197.672	33.6285	0.0240219	
364.174	-0.0107495	-0.00855826	0.00791535	0.0137403	0.221645	218.525	33.0064	0.0240219	
364.18	-0.0070485	-0.0118314	0.00791535	0.0137719	0.220113	239.216	32.9306	0.0240219	
364.186	-0.00232595	-0.0133855	0.00791535	0.0135861	0.229223	260.142	33.3808	0.0240219	
364.192	0.00258112	-0.0129487	0.00791535	0.0132034	0.248765	281.273	34.3483	0.0240219	
364.198	0.00689299	-0.010609	0.00791535	0.0126516	0.278765	303.013	35.8465	0.0240219	
364.204	0.00986498	-0.00679099	0.00791535	0.0119765	0.318324	325.457	37.8673	0.0240219	
364.21	0.0110204	-0.00220381	0.00791535	0.0112386	0.364953	348.691	40.3534	0.0240219	
364.216	0.0102229	0.00238674	0.00791535	0.0104979	0.414994	13.1414	43.2008	0.0240219	
364.222	0.00768047	0.00614406	0.00791535	0.0098356	0.462076	38.6584	46.1096	0.0240219	
364.228	0.00387628	0.00847234	0.00791535	0.00931698	0.500196	65.4149	48.6763	0.0240219	
364.234	-0.000457974	0.0089879	0.00791535	0.00899956	0.523951	92.917	50.3931	0.0240219	
364.24	-0.00450513	0.00767691	0.00791535	0.00890119	0.531366	120.406	50.95	0.0240219	
364.246	-0.00758415	0.00483339	0.00791535	0.00899338	0.524416	147.491	50.4277	0.0240219	
364.252	-0.0091532	0.00103656	0.00791535	0.0092117	0.508043	173.539	49.2326	0.0240219	
364.258	-0.00899525	-0.00296216	0.00791535	0.00947042	0.488819	198.227	47.8876	0.0240219	
364.264	-0.00721728	-0.00646258	0.00791535	0.00968783	0.472838	221.842	46.8129	0.0240219	
364.27	-0.00424272	-0.00882054	0.00791535	0.00978788	0.465542	244.312	46.3345	0.0240219	
364.276	-0.000662974	-0.00968979	0.00791535	0.00971245	0.471039	266.086	46.6943	0.0240219	
364.282	0.0027978	-0.00899107	0.00791535	0.00941632	0.492822	287.285	48.1628	0.0240219	
364.288	0.0054714	-0.00698756	0.00791535	0.00887481	0.533358	308.062	51.1015	0.0240219	
364.294	0.00691262	-0.00416302	0.00791535	0.00806939	0.594728	328.942	56.202	0.0240219	
364.3	0.00690895	-0.00119493	0.00791535	0.00701152	0.675479	350.188	64.6815	0.0240219	
364.306	0.00557058	0.00127808	0.00791535	0.00571532	0.770526	12.922	79.3509	0.0240219	
364.312	0.00328956	0.00269079	0.00791535	0.00424988	0.865767	39.2824	106.713	0.0240219	
364.318	0.000678484	0.00273072	0.00791535	0.00281375	0.938772	76.0466	161.179	0.0240219	
364.324	-0.00161152	0.00138161	0.00791535	0.00212269	0.96468	139.392	213.651	0.0240219	
364.33	-0.00294074	-0.00105751	0.00791535	0.0031251	0.92502	199.779	145.12	0.0240219	
364.336	-0.00288662	-0.00407311	0.00791535	0.00499227	0.819635	234.675	90.8436	0.0240219	
364.342	-0.00127911	-0.00696705	0.00791535	0.0070835	0.670033	259.597	64.0243	0.0240219	
364.348	0.00170682	-0.00902946	0.00791535	0.00918936	0.509712	280.704	49.3523	0.0240219	
364.354	0.00565159	-0.00970526	0.00791535	0.0112309	0.365459	300.213	40.3812	0.0240219	
364.36	0.00985454	-0.00865253	0.00791535	0.013114	0.25348	318.716	34.5825	0.0240219	
364.366	0.0135987	-0.00583288	0.00791535	0.0147968	0.174244	336.784	30.6495	0.0240219	
364.372	0.0161442	-0.00154451	0.00791535	0.0162179	0.122574	354.535	27.9639	0.0240219	
364.378	0.016952	0.00360886	0.00791535	0.0173318	0.0909646	12.0182	26.1666	0.0240219	
364.384	0.0157699	0.00892635	0.00791535	0.018121	0.072763	29.5115	25.0272	0.0240219	
364.39	0.0126575	0.0135781	0.00791535	0.0185628	0.0639345	47.0098	24.4315	0.0240219	
364.396	0.00803074	0.0168384	0.00791535	0.0186554	0.0622	64.5021	24.3102	0.0240219	
364.402	0.00248367	0.0182437	0.00791535	0.018412	0.0668431	82.2475	24.6315	0.0240219	
364.408	-0.00314906	0.017582	0.00791535	0.0178617	0.0783857	100.154	25.3904	0.0240219	
364.414	-0.00813254	0.014974	0.00791535	0.0170399	0.0985487	118.507	26.6149	0.0240219	
364.42	-0.0117672	0.0108461	0.00791535	0.0160033	0.12953	137.332	28.339	0.0240219	
364.426	-0.0136114	0.00587283	0.00791535	0.0148244	0.173114	156.662	30.5926	0.0240219	
364.432	-0.0135455	0.000750929	0.00791535	0.0135663	0.230211	176.827	33.4297	0.0240219	
364.438	-0.0117352	-0.00375245	0.00791535	0.0123205	0.29778	197.732	36.8098	0.0240219	
364.444	-0.00858888	-0.00711096	0.00791535	0.0111505	0.370741	219.622	40.6721	0.0240219	
364.45	-0.00471178	-0.00896121	0.00791535	0.0101244	0.441298	242.265	44.7942	0.0240219	
364.456	-0.000778871	-0.0092459	0.00791535	0.00927865	0.503049	265.185	48.8774	0.0240219	
364.462	0.00266148	-0.00817403	0.00791535	0.00859641	0.554469	288.035	52.7565	0.0240219	
364.468	0.00515389	-0.00616571	0.00791535	0.00803608	0.59728	309.892	56.435	0.0240219	
364.474	0.0065302	-0.00372298	0.00791535	0.00751692	0.637035	330.312	60.3327	0.0240219	
364.48	0.00682749	-0.0013792	0.00791535	0.0069654	0.678963	348.58	65.1098	0.0240219	
364.486	0.00631756	0.000438352	0.00791535	0.00633275	0.726114	3.96918	71.6144	0.0240219	
364.492	0.00540271	0.00151348	0.00791535	0.0056107	0.777847	15.6493	80.8306	0.0240219	
364.498	0.00453884	0.00182142	0.00791535	0.00489067	0.826229	21.8654	92.7308	0.0240219	
364.504	0.00410593	0.00156343	0.00791535	0.00439352	0.857231	20.8456	103.224	0.0240219	
364.51	0.00435012	0.00109486	0.00791535	0.00448578	0.851645	14.1271	101.101	0.0240219	
364.516	0.00530101	0.000848292	0.00791535	0.00536846	0.794533	9.09165	84.4779	0.0240219	
364.522	0.00678896	0.00122508	0.00791535	0.00689861	0.683999	10.2291	65.7402	0.0240219	
364.528	0.00844839	0.00251035	0.00791535	0.00881346	0.537997	16.5487	51.4572	0.0240219	
364.534	0.00980136	0.00477813	0.00791535	0.010904	0.387182	25.9891	41.5917	0.0240219	
364.54	0.0103779	0.00791336	0.00791535	0.0130508	0.256851	37.3262	34.7501	0.0240219	
364.546	0.00977972	0.0115343	0.00791535	0.0151223	0.161216	49.7061	29.9899	0.0240219	
364.552	0.00778154	0.0151669	0.00791535	0.0170466	0.0983687	62.8394	26.6044	0.0240219	
364.558	0.00439621	0.0182096	0.00791535	0.0187327	0.0607807	76.4272	24.2098	0.0240219	
364.564	-9.0948e-05	0.0201058	0.00791535	0.020106	0.0397111	90.2592	22.5563	0.0240219	
364.57	-0.0052521	0.0204627	0.00791535	0.021126	0.0283892	104.395	21.4672	0.0240219	
364.576	-0.0104234	0.0190797	0.00791535	0.0217413	0.0230004	118.648	20.8597	0.0240219	
364.582	-0.0149979	0.0160035	0.00791535	0.0219329	0.0215146	133.142	20.6775	0.0240219	
364.588	-0.0183525	0.0115546	0.00791535	0.021687	0.0234373	147.806	20.9119	0.0240219	
364.594	-0.0200508	0.00629132	0.00791535	0.0210146	0.0294724	162.58	21.581	0.0240219	
364.6	-0.0199152	0.000816116	0.00791535	0.0199319	0.0419825	177.653	22.7533	0.0240219	
364.606	-0.0180187	-0.0041396	0.00791535	0.0184881	0.0653629	192.939	24.5302	0.0240219	
364.612	-0.0146672	-0.00802955	0.00791535	0.0167213	0.107383	208.698	27.1221	0.0240219	
364.618	-0.0103927	-0.0104041	0.00791535	0.0147055	0.17803	225.032	30.8398	0.0240219	
364.624	-0.00585531	-0.0110809	0.00791535	0.0125328	0.2855	242.147	36.1862	0.0240219	
364.63	-0.0016512	-0.0101433	0.00791535	0.0102768	0.430487	260.754	44.1302	0.0240219	
364.636	0.00163329	-0.0079108	0.00791535	0.00807765	0.594095	281.666	56.1445	0.0240219	
364.642	0.00366203	-0.0048482	0.00791535	0.00607581	0.744826	307.065	74.6428	0.0240219	
364.648	0.00427309	-0.0015406	0.00791535	0.00454233	0.848182	340.174	99.8421	0.0240219	
364.654	0.00356995	0.00143344	0.00791535	0.00384699	0.888602	21.8769	117.889	0.0240219	
364.66	0.00184909	0.00364619	0.00791535	0.00408825	0.875128	63.1091	110.931	0.0240219	
364.666	-0.000428511	0.00479403	0.00791535	0.00481314	0.831205	95.1078	94.2246	0.0240219	
364.672	-0.00278232	0.00481773	0.00791535	0.00556344	0.781132	120.007	81.5173	0.0240219	
364.678	-0.00473048	0.00384941	0.00791535	0.0060988	0.743165	140.863	74.3615	0.0240219	
364.684	-0.00591373	0.00221375	0.00791535	0.0063145	0.727453	159.477	71.8213	0.0240219	
364.69	-0.00616275	0.000315463	0.00791535	0.00617082	0.737943	177.07	73.4937	0.0240219	
364.696	-0.00548438	-0.00139007	0.00791535	0.0056578	0.774559	194.223	80.1576	0.0240219	
364.702	-0.00408889	-0.00250843	0.00791535	0.004797	0.832234	211.528	94.5415	0.0240219	
364.708	-0.00230471	-0.00278891	0.00791535	0.00361797	0.900809	230.43	125.351	0.0240219	
364.714	-0.000565159	-0.00213824	0.00791535	0.00221167	0.961716	255.195	205.056	0.0240219	
364.72	0.000731689	-0.000642958	0.00791535	0.000974045	0.992457	318.693	465.601	0.0240219	
364.726	0.00123532	0.00143696	0.00791535	0.00189495	0.97175	49.3151	239.328	0.0240219	
364.732	0.000745788	0.00371228	0.00791535	0.00378645	0.891885	78.6406	119.773	0.0240219	
364.738	-0.000777124	0.00577712	0.00791535	0.00582916	0.762487	97.6613	77.8013	0.0240219	
364.744	-0.00318022	0.00720296	0.00791535	0.00787378	0.609716	113.822	57.5983	0.0240219	
364.75	-0.00619871	0.00767874	0.00791535	0.00986849	0.459693	128.912	45.956	0.0240219	
364.756	-0.00942772	0.00700336	0.00791535	0.0117443	0.332624	143.393	38.6158	0.0240219	
364.762	-0.0124146	0.00516003	0.00791535	0.0134443	0.236344	157.43	33.733	0.0240219	
364.768	-0.0147744	0.00226345	0.00791535	0.0149467	0.168153	171.29	30.3421	0.0240219	
364.774	-0.0161475	-0.00138544	0.00791535	0.0162068	0.122927	184.904	27.983	0.0240219	
364.78	-0.0163315	-0.00545241	0.00791535	0.0172177	0.0938742	198.462	26.3402	0.0240219	
364.786	-0.0152439	-0.00950118	0.00791535	0.0179625	0.0761605	211.934	25.248	0.0240219	
364.792	-0.0129724	-0.0131037	0.00791535	0.0184388	0.0663184	225.289	24.5957	0.0240219	
364.798	-0.00969455	-0.0159432	0.00791535	0.0186593	0.0621268	238.698	24.305	0.0240219	
364.804	-0.00573886	-0.0177313	0.00791535	0.0186369	0.0625435	252.065	24.3343	0.0240219	
364.81	-0.0014193	-0.0183376	0.00791535	0.0183924	0.0672291	265.574	24.6578	0.0240219	
364.816	0.00287382	-0.0177206	0.00791535	0.0179522	0.076386	279.212	25.2625	0.0240219	
364.822	0.00677142	-0.0159733	0.00791535	0.0173493	0.0905269	292.973	26.1403	0.0240219	
364.828	0.0100144	-0.0132521	0.00791535	0.0166105	0.110595	307.078	27.303	0.0240219	
364.834	0.0123523	-0.00980819	0.00791535	0.0157728	0.137327	321.549	28.7531	0.0240219	
364.84	0.0136345	-0.00595191	0.00791535	0.014877	0.170966	336.417	30.4843	0.0240219	
364.846	0.0138142	-0.00195369	0.00791535	0.0139517	0.211528	351.95	32.5062	0.0240219	
364.852	0.012914	0.00184003	0.00791535	0.0130444	0.257191	8.10913	34.7671	0.0240219	
364.858	0.0110293	0.00518116	0.00791535	0.0121856	0.305739	25.1624	37.2172	0.0240219	
364.864	0.00833939	0.00780095	0.00791535	0.0114193	0.353222	43.0893	39.7149	0.0240219	
364.87	0.00510058	0.00950138	0.00791535	0.0107839	0.395316	61.7719	42.055	0.0240219	
364.876	0.0015643	0.0101803	0.00791535	0.0102998	0.428861	81.2643	44.0315	0.0240219	
364.882	-0.00192403	0.00979628	0.00791535	0.00998344	0.451397	101.112	45.4268	0.0240219	
364.888	-0.00508593	0.008404	0.00791535	0.00982313	0.462981	121.181	46.1682	0.0240219	
364.894	-0.00761385	0.00615674	0.00791535	0.00979164	0.465269	141.04	46.3167	0.0240219	
364.9	-0.00926974	0.00331165	0.00791535	0.00984353	0.461501	160.341	46.0725	0.0240219	
364.906	-0.00992521	0.000147345	0.00791535	0.0099263	0.455513	179.149	45.6883	0.0240219	
364.912	-0.00953664	-0.00296175	0.00791535	0.00998596	0.451216	197.253	45.4154	0.0240219	
364.918	-0.00818212	-0.00570507	0.00791535	0.00997472	0.452024	214.887	45.4666	0.0240219	
364.924	-0.00605898	-0.00776827	0.00791535	0.00985176	0.460904	232.047	46.034	0.0240219	
364.93	-0.00347446	-0.008937	0.00791535	0.00958863	0.480109	248.755	47.2972	0.0240219	
364.936	-0.000752188	-0.00913146	0.00791535	0.00916238	0.511731	265.291	49.4976	0.0240219	
364.942	0.00172214	-0.00839257	0.00791535	0.00856744	0.556673	281.596	52.9348	0.0240219	
364.948	0.00365542	-0.00688755	0.00791535	0.00779746	0.615563	297.956	58.162	0.0240219	
364.954	0.00480565	-0.00490111	0.00791535	0.00686405	0.686601	314.437	66.0712	0.0240219	
364.96	0.00507302	-0.00279226	0.00791535	0.0057907	0.765211	331.171	78.3179	0.0240219	
364.966	0.00450415	-0.000896328	0.00791535	0.00459247	0.845088	348.745	98.7521	0.0240219	
364.972	0.00328506	0.000461207	0.00791535	0.00331728	0.915926	7.99183	136.713	0.0240219	
364.978	0.0016922	0.00108628	0.00791535	0.00201086	0.968246	32.6977	225.534	0.0240219	
364.984	7.90075e-05	0.000898233	0.00791535	0.000901701	0.993532	84.9733	502.956	0.0240219	
364.99	-0.00120306	-1.86671e-05	0.00791535	0.00120321	0.988513	180.889	376.922	0.0240219	
364.996	-0.00188591	-0.00146031	0.00791535	0.0023852	0.955613	217.751	190.138	0.0240219	
365.002	-0.00179455	-0.00311139	0.00791535	0.00359182	0.902165	240.025	126.264	0.0240219	
365.008	-0.000914707	-0.00461074	0.00791535	0.0047006	0.838338	258.779	96.4805	0.0240219	
365.014	0.000632906	-0.00564372	0.00791535	0.0056791	0.773068	276.399	79.857	0.0240219	
365.02	0.00257679	-0.00595568	0.00791535	0.00648922	0.714581	293.396	69.8876	0.0240219	
365.026	0.00459845	-0.00543458	0.00791535	0.00711902	0.66734	310.236	63.7048	0.0240219	
365.032	0.00633029	-0.00411524	0.00791535	0.00755035	0.634479	326.973	60.0655	0.0240219	
365.038	0.0074584	-0.00219523	0.00791535	0.00777475	0.617303	343.599	58.3319	0.0240219	
365.044	0.00779177	4.50706e-05	0.00791535	0.0077919	0.615989	0.331417	58.2035	0.0240219	
365.05	0.00727042	0.00222704	0.00791535	0.00760386	0.630386	17.0306	59.6428	0.0240219	
365.056	0.00598881	0.00402309	0.00791535	0.00721465	0.66008	33.8919	62.8605	0.0240219	
365.062	0.00418769	0.00514533	0.00791535	0.00663409	0.703821	50.8585	68.3614	0.0240219	
365.068	0.00221259	0.00544615	0.00791535	0.00587845	0.758984	67.8897	77.149	0.0240219	
365.074	0.000409486	0.00493711	0.00791535	0.00495406	0.822125	85.2587	91.5443	0.0240219	
365.08	-0.000876564	0.00378633	0.00791535	0.00388647	0.886439	103.035	116.691	0.0240219	
365.086	-0.00143016	0.00227203	0.00791535	0.00268467	0.944104	122.189	168.928	0.0240219	
365.092	-0.00115844	0.000761675	0.00791535	0.00138641	0.984777	146.675	327.115	0.0240219	
365.098	-0.000146554	-0.000373017	0.00791535	0.000400774	0.998719	248.551	1131.6	0.0240219	
365.104	0.00138901	-0.000842518	0.00791535	0.00162456	0.979158	328.761	279.163	0.0240219	
365.11	0.00309984	-0.000463298	0.00791535	0.00313428	0.924596	351.5	144.696	0.0240219	
365.116	0.00462079	0.000793333	0.00791535	0.0046884	0.839104	9.742	96.7315	0.0240219	
365.122	0.00558037	0.00279095	0.00791535	0.00623939	0.732948	26.5713	72.686	0.0240219	
365.128	0.00570383	0.00524267	0.00791535	0.00774721	0.619412	42.5876	58.5393	0.0240219	
365.134	0.00485022	0.00781276	0.00791535	0.00919586	0.509227	58.1677	49.3174	0.0240219	
365.14	0.00303021	0.0101023	0.00791535	0.010547	0.411583	73.3033	42.9995	0.0240219	
365.146	0.000422615	0.0117588	0.00791535	0.0117664	0.33125	87.9417	38.5434	0.0240219	
365.152	-0.00271961	0.0125509	0.00791535	0.0128422	0.268163	102.226	35.3145	0.0240219	
365.158	-0.00602296	0.0123548	0.00791535	0.0137447	0.22143	115.989	32.9957	0.0240219	
365.164	-0.00917302	0.011193	0.00791535	0.0144716	0.187996	129.336	31.3384	0.0240219	
365.17	-0.011857	0.00921338	0.00791535	0.0150158	0.165398	142.151	30.2025	0.0240219	
365.176	-0.0138656	0.00666541	0.00791535	0.0153844	0.151248	154.326	29.4789	0.0240219	
365.182	-0.0151341	0.00379194	0.00791535	0.0156019	0.143331	165.934	29.0681	0.0240219	
365.188	-0.015674	0.000871395	0.00791535	0.0156982	0.139922	176.818	28.8896	0.0240219	
365.194	-0.0155987	-0.00193513	0.00791535	0.0157182	0.139222	187.072	28.8528	0.0240219	
365.2	-0.0150531	-0.00450563	0.00791535	0.0157129	0.139408	196.663	28.8626	0.0240219	
365.206	-0.0141872	-0.00680793	0.00791535	0.0157361	0.138598	205.635	28.8201	0.0240219	
365.212	-0.0130917	-0.00890956	0.00791535	0.0158358	0.13516	214.237	28.6386	0.0240219	
365.218	-0.0118093	-0.0108615	0.00791535	0.0160447	0.128164	222.606	28.2658	0.0240219	
365.224	-0.010288	-0.012742	0.00791535	0.0163769	0.11761	231.082	27.6925	0.0240219	
365.23	-0.00844285	-0.0145467	0.00791535	0.0168193	0.104603	239.869	26.9641	0.0240219	
365.236	-0.00618074	-0.016196	0.00791535	0.0173353	0.0908779	249.112	26.1614	0.0240219	
365.242	-0.00340351	-0.0175547	0.00791535	0.0178816	0.0779426	259.028	25.3621	0.0240219	
365.248	-0.000137517	-0.0183971	0.00791535	0.0183976	0.067126	269.572	24.6508	0.0240219	
365.254	0.00354885	-0.0184979	0.00791535	0.0188352	0.0589417	280.86	24.0781	0.0240219	
365.26	0.0074248	-0.0176455	0.00791535	0.019144	0.0536763	292.82	23.6898	0.0240219	
365.266	0.0111599	-0.0157303	0.00791535	0.0192869	0.0513735	305.354	23.5142	0.0240219	
365.272	0.0144234	-0.0127358	0.00791535	0.0192415	0.0520962	318.556	23.5697	0.0240219	
365.278	0.0168247	-0.00881962	0.00791535	0.0189962	0.0561455	332.336	23.874	0.0240219	
365.284	0.0180521	-0.00429969	0.00791535	0.0185571	0.0640425	346.603	24.439	0.0240219	
365.29	0.0179292	0.000466612	0.00791535	0.0179353	0.0767558	1.4908	25.2862	0.0240219	
365.296	0.0164274	0.00497405	0.00791535	0.017164	0.095267	16.8457	26.4225	0.0240219	
365.302	0.0136733	0.00881913	0.00791535	0.0162707	0.120909	32.8216	27.8732	0.0240219	
365.308	0.00997132	0.0116055	0.00791535	0.0153008	0.154378	49.3311	29.64	0.0240219	
365.314	0.00575887	0.0130922	0.00791535	0.0143028	0.195426	66.2568	31.7082	0.0240219	
365.32	0.00145883	0.0132281	0.00791535	0.0133083	0.243306	83.7067	34.0777	0.0240219	
365.326	-0.00244067	0.0121184	0.00791535	0.0123618	0.295371	101.387	36.687	0.0240219	
365.332	-0.00561641	0.0100094	0.00791535	0.0114775	0.349488	119.297	39.5136	0.0240219	
365.338	-0.00781703	0.00726425	0.00791535	0.0106712	0.403015	137.099	42.4989	0.0240219	
365.344	-0.00896831	0.00429656	0.00791535	0.0099444	0.454208	154.402	45.6052	0.0240219	
365.35	-0.00916496	0.0014438	0.00791535	0.00927799	0.503098	171.047	48.8809	0.0240219	
365.356	-0.00860868	-0.00098496	0.00791535	0.00866484	0.549266	186.527	52.3398	0.0240219	
365.362	-0.00756989	-0.00285534	0.00791535	0.0080905	0.593111	200.666	56.0554	0.0240219	
365.368	-0.0063378	-0.00412776	0.00791535	0.00756347	0.633476	213.076	59.9614	0.0240219	
365.374	-0.00515967	-0.00489205	0.00791535	0.00711016	0.668012	223.475	63.7842	0.0240219	
365.38	-0.00417568	-0.00532768	0.00791535	0.00676908	0.693731	231.912	66.9981	0.0240219	
365.386	-0.00343893	-0.00562882	0.00791535	0.0065962	0.706643	238.577	68.7541	0.0240219	
365.392	-0.00288126	-0.00597356	0.00791535	0.00663213	0.703967	244.25	68.3816	0.0240219	
365.398	-0.00237011	-0.00646691	0.00791535	0.00688755	0.684832	249.872	65.8458	0.0240219	
365.404	-0.00173968	-0.00711692	0.00791535	0.00732647	0.65157	256.264	61.9011	0.0240219	
365.41	-0.00083236	-0.00784539	0.00791535	0.00788943	0.608517	263.944	57.484	0.0240219	
365.416	0.000430945	-0.00848486	0.00791535	0.00849579	0.562131	272.908	53.3812	0.0240219	
365.422	0.00206024	-0.0088435	0.00791535	0.00908031	0.517882	283.114	49.945	0.0240219	
365.428	0.00394562	-0.00872881	0.00791535	0.00957914	0.480806	294.324	47.3441	0.0240219	
365.434	0.00588565	-0.0080145	0.00791535	0.00994349	0.454273	306.293	45.6093	0.0240219	
365.44	0.00765597	-0.00665439	0.00791535	0.0101437	0.439924	319.004	44.7091	0.0240219	
365.446	0.00899405	-0.00472146	0.00791535	0.010158	0.438906	332.303	44.6462	0.0240219	
365.452	0.00968766	-0.00240293	0.00791535	0.00998122	0.451556	346.07	45.4369	0.0240219	
365.458	0.00961722	7.36342e-05	0.00791535	0.0096175	0.477989	0.438676	47.1553	0.0240219	
365.464	0.00876612	0.00239852	0.00791535	0.00908833	0.51728	15.3023	49.9009	0.0240219	
365.47	0.00722211	0.00432251	0.00791535	0.00841683	0.568154	30.901	53.8821	0.0240219	
365.476	0.00518294	0.0056185	0.00791535	0.00764398	0.627317	47.3091	59.3298	0.0240219	
365.482	0.00292001	0.00616497	0.00791535	0.00682154	0.689796	64.6556	66.483	0.0240219	
365.488	0.000688683	0.00595676	0.00791535	0.00599643	0.750544	83.4051	75.631	0.0240219	
365.494	-0.00123803	0.00508929	0.00791535	0.00523771	0.803375	103.672	86.5866	0.0240219	
365.5	-0.00269246	0.00372969	0.00791535	0.00459999	0.844622	125.826	98.5906	0.0240219	
365.506	-0.00356498	0.00210342	0.00791535	0.00413926	0.872202	149.458	109.564	0.0240219	
365.512	-0.00385223	0.000445548	0.00791535	0.00387791	0.88691	173.402	116.949	0.0240219	
365.518	-0.00363658	-0.00106878	0.00791535	0.00379039	0.891673	196.378	119.649	0.0240219	
365.524	-0.00305519	-0.00229479	0.00791535	0.00382103	0.890015	216.911	118.689	0.0240219	
365.53	-0.00226029	-0.00318881	0.00791535	0.00390864	0.885218	234.67	116.029	0.0240219	
365.536	-0.00140081	-0.00375805	0.00791535	0.00401064	0.87953	249.557	113.078	0.0240219	
365.542	-0.000588539	-0.00406816	0.00791535	0.00411051	0.873855	261.768	110.331	0.0240219	
365.548	0.000131511	-0.00421435	0.00791535	0.00421641	0.867727	271.787	107.56	0.0240219	
365.554	0.000752666	-0.00428314	0.00791535	0.00434877	0.859911	279.967	104.286	0.0240219	
365.56	0.00132356	-0.00433617	0.00791535	0.00453367	0.848715	286.974	100.033	0.0240219	
365.566	0.00190308	-0.00439165	0.00791535	0.00478626	0.832918	293.429	94.7537	0.0240219	
365.572	0.0025447	-0.00442434	0.00791535	0.00510395	0.812293	299.906	88.8559	0.0240219	
365.578	0.00328468	-0.00437557	0.00791535	0.00547127	0.787498	306.895	82.8905	0.0240219	
365.584	0.00410921	-0.00417207	0.00791535	0.00585592	0.760586	314.565	77.4457	0.0240219	
365.59	0.00496017	-0.00375236	0.00791535	0.0062196	0.734391	322.893	72.9172	0.0240219	
365.596	0.00575922	-0.00307835	0.00791535	0.00653031	0.711537	331.875	69.4479	0.0240219	
365.602	0.00639726	-0.00216715	0.00791535	0.00675436	0.694834	341.286	67.1441	0.0240219	
365.608	0.00678718	-0.00106685	0.00791535	0.00687052	0.686114	351.067	66.009	0.0240219	
365.614	0.00686122	0.000121291	0.00791535	0.00686229	0.686733	1.01275	66.0881	0.0240219	
365.62	0.00660347	0.00127265	0.00791535	0.00672498	0.697034	10.9085	67.4375	0.0240219	
365.626	0.00604472	0.00228137	0.00791535	0.00646091	0.716675	20.6773	70.1938	0.0240219	
365.632	0.00526947	0.00304427	0.00791535	0.00608563	0.744117	30.0158	74.5225	0.0240219	
365.638	0.00437976	0.0035175	0.00791535	0.00561739	0.777381	38.7688	80.7343	0.0240219	
365.644	0.00349857	0.00369572	0.00791535	0.00508904	0.813278	46.5698	89.1161	0.0240219	
365.65	0.00273439	0.00362853	0.00791535	0.00454347	0.848112	52.999	99.8171	0.0240219	
365.656	0.00214995	0.00340088	0.00791535	0.00402347	0.878806	57.6999	112.718	0.0240219	
365.662	0.00177542	0.00311783	0.00791535	0.00358789	0.902368	60.3411	126.402	0.0240219	
365.668	0.00158294	0.00287515	0.00791535	0.0032821	0.917624	61.1646	138.179	0.0240219	
365.674	0.00151077	0.00274806	0.00791535	0.00313596	0.924518	61.1999	144.618	0.0240219	
365.68	0.00147063	0.00277009	0.00791535	0.00313626	0.924505	62.0363	144.604	0.0240219	
365.686	0.00137044	0.00292985	0.00791535	0.00323452	0.919897	64.932	140.211	0.0240219	
365.692	0.00113682	0.00317334	0.00791535	0.00337082	0.913312	70.2905	134.542	0.0240219	
365.698	0.000725001	0.00342139	0.00791535	0.00349736	0.906999	78.0359	129.674	0.0240219	
365.704	0.000134658	0.00357901	0.00791535	0.00358154	0.902696	87.8453	126.626	0.0240219	
365.71	-0.000589832	0.00356035	0.00791535	0.00360888	0.901281	99.4066	125.667	0.0240219	
365.716	-0.00138182	0.0033022	0.00791535	0.00357966	0.902793	112.707	126.693	0.0240219	
365.722	-0.00213937	0.00277861	0.00791535	0.00350679	0.906521	127.594	129.325	0.0240219	
365.728	-0.00277062	0.00199342	0.00791535	0.00341322	0.911218	144.266	132.871	0.0240219	
365.734	-0.00318091	0.000993332	0.00791535	0.0033324	0.915191	162.658	136.093	0.0240219	
365.74	-0.00330049	-0.000142767	0.00791535	0.00330358	0.916589	182.477	137.28	0.0240219	
365.746	-0.00308776	-0.00133623	0.00791535	0.00336448	0.913623	203.401	134.795	0.0240219	
365.752	-0.00252697	-0.0024829	0.00791535	0.00354265	0.904694	224.496	128.016	0.0240219	
365.758	-0.00163618	-0.00347992	0.00791535	0.00384538	0.88869	244.818	117.938	0.0240219	
365.764	-0.000443242	-0.00424522	0.00791535	0.0042683	0.864684	264.039	106.252	0.0240219	
365.77	0.000981829	-0.0046883	0.00791535	0.00479001	0.83268	281.828	94.6796	0.0240219	
365.776	0.00257477	-0.00474208	0.00791535	0.00539599	0.792656	298.5	84.0469	0.0240219	
365.782	0.00422895	-0.00434682	0.00791535	0.00606456	0.745639	314.213	74.7814	0.0240219	
365.788	0.00581585	-0.00347313	0.00791535	0.00677397	0.693365	329.155	66.9498	0.0240219	
365.794	0.00721282	-0.00210745	0.00791535	0.0075144	0.637228	343.713	60.3529	0.0240219	
365.8	0.00825541	-0.000299085	0.00791535	0.00826082	0.580074	357.925	54.8996	0.0240219	
365.806	0.00880342	0.00188464	0.00791535	0.00900289	0.5237	12.0835	50.3745	0.0240219	
365.812	0.00871748	0.00429425	0.00791535	0.00971777	0.470651	26.225	46.6687	0.0240219	
365.818	0.00791204	0.00672346	0.00791535	0.0103829	0.423018	40.3571	43.679	0.0240219	
365.824	0.00635119	0.00896407	0.00791535	0.010986	0.381676	54.6818	41.2813	0.0240219	
365.83	0.00410496	0.0107455	0.00791535	0.0115029	0.347861	69.0923	39.4263	0.0240219	
365.836	0.0012957	0.0118523	0.00791535	0.0119229	0.321592	83.7612	38.0374	0.0240219	
365.842	-0.00183525	0.0120907	0.00791535	0.0122292	0.303154	98.6311	37.0846	0.0240219	
365.848	-0.00497496	0.0113705	0.00791535	0.0124112	0.292498	113.631	36.5409	0.0240219	
365.854	-0.00782909	0.00969783	0.00791535	0.0124636	0.289468	128.914	36.3871	0.0240219	
365.86	-0.0100587	0.00722324	0.00791535	0.0123835	0.294103	144.318	36.6225	0.0240219	
365.866	-0.0114358	0.00416595	0.00791535	0.0121709	0.306614	159.984	37.2622	0.0240219	
365.872	-0.0117989	0.000863577	0.00791535	0.0118304	0.327278	175.814	38.3347	0.0240219	
365.878	-0.0111363	-0.00230494	0.00791535	0.0113724	0.356251	191.694	39.8788	0.0240219	
365.884	-0.00956045	-0.00502814	0.00791535	0.0108021	0.394081	207.741	41.9842	0.0240219	
365.89	-0.00731254	-0.00701614	0.00791535	0.0101341	0.440611	223.815	44.7516	0.0240219	
365.896	-0.00472862	-0.00810812	0.00791535	0.00938623	0.495052	239.749	48.3171	0.0240219	
365.902	-0.00213193	-0.0082967	0.00791535	0.00856624	0.556765	255.589	52.9423	0.0240219	
365.908	0.00013484	-0.00769775	0.00791535	0.00769893	0.62311	271.004	58.9063	0.0240219	
365.914	0.00186126	-0.00653476	0.00791535	0.00679466	0.691814	285.898	66.746	0.0240219	
365.92	0.002923	-0.00510306	0.00791535	0.00588091	0.758808	299.804	77.1166	0.0240219	
365.926	0.00334447	-0.00370803	0.00791535	0.00499349	0.819555	312.049	90.8214	0.0240219	
365.932	0.00327694	-0.00257746	0.00791535	0.00416913	0.870477	321.813	108.78	0.0240219	
365.938	0.00294978	-0.00186182	0.00791535	0.0034882	0.907462	327.741	130.014	0.0240219	
365.944	0.0026169	-0.00156617	0.00791535	0.00304976	0.928461	329.1	148.705	0.0240219	
365.95	0.00250328	-0.00158246	0.00791535	0.00296151	0.9324	327.701	153.136	0.0240219	
365.956	0.00274088	-0.00170284	0.00791535	0.00322678	0.920265	328.148	140.547	0.0240219	
365.962	0.00334232	-0.0016807	0.00791535	0.0037411	0.894318	333.304	121.225	0.0240219	
365.968	0.00418187	-0.00129224	0.00791535	0.00437697	0.858224	342.828	103.614	0.0240219	
365.974	0.00504082	-0.000391059	0.00791535	0.00505596	0.815459	355.564	89.6992	0.0240219	
365.98	0.00562943	0.00103702	0.00791535	0.00572415	0.769905	10.4377	79.2285	0.0240219	
365.986	0.00567236	0.00285156	0.00791535	0.00634878	0.724937	26.6892	71.4336	0.0240219	
365.992	0.00497157	0.00481166	0.00791535	0.00691871	0.682485	44.0636	65.5492	0.0240219	
365.998	0.00346945	0.00655679	0.00791535	0.00741812	0.644581	62.115	61.1362	0.0240219	
366.004	0.00124875	0.00774645	0.00791535	0.00784645	0.61181	80.8425	57.7988	0.0240219	
366.01	-0.00142616	0.00807266	0.00791535	0.00819767	0.584906	100.019	55.3226	0.0240219	
366.016	-0.00416167	0.00737484	0.00791535	0.00846804	0.564247	119.436	53.5562	0.0240219	
366.022	-0.00655395	0.00565617	0.00791535	0.00865716	0.54985	139.205	52.3862	0.0240219	
366.028	-0.00818504	0.00311693	0.00791535	0.00875843	0.542165	159.153	51.7805	0.0240219	
366.034	-0.00876419	0.000134798	0.00791535	0.00876522	0.54165	179.119	51.7404	0.0240219	
366.04	-0.00818289	-0.00286059	0.00791535	0.00866849	0.548989	199.269	52.3178	0.0240219	
366.046	-0.00653836	-0.0053675	0.00791535	0.00845932	0.564912	219.383	53.6114	0.0240219	
366.052	-0.00410126	-0.00701469	0.00791535	0.00812565	0.590419	239.687	55.8129	0.0240219	
366.058	-0.00131206	-0.00754736	0.00791535	0.00766056	0.626048	260.138	59.2014	0.0240219	
366.064	0.00131876	-0.00694019	0.00791535	0.00706438	0.671481	280.759	64.1976	0.0240219	
366.07	0.00335619	-0.00537297	0.00791535	0.00633505	0.725946	301.991	71.5884	0.0240219	
366.076	0.0044472	-0.00322714	0.00791535	0.00549472	0.785883	324.033	82.5366	0.0240219	
366.082	0.0044644	-0.000956547	0.00791535	0.00456573	0.846741	347.907	99.3305	0.0240219	
366.088	0.00348675	0.000941274	0.00791535	0.00361157	0.901142	15.1073	125.573	0.0240219	
366.094	0.00181986	0.00206861	0.00791535	0.00275519	0.941218	48.6602	164.604	0.0240219	
366.1	-0.000113831	0.00222202	0.00791535	0.00222493	0.961264	92.9326	203.834	0.0240219	
366.106	-0.00180944	0.00141103	0.00791535	0.00229458	0.958852	142.052	197.647	0.0240219	
366.112	-0.00285569	-0.000134847	0.00791535	0.00285887	0.936856	182.704	158.634	0.0240219	
366.118	-0.0029731	-0.00199752	0.00791535	0.00358181	0.902682	213.896	126.616	0.0240219	
366.124	-0.00212738	-0.00366767	0.00791535	0.00424	0.866347	239.885	106.961	0.0240219	
366.13	-0.000516641	-0.00469208	0.00791535	0.00472043	0.837088	263.716	96.0751	0.0240219	
366.136	0.00142659	-0.00473678	0.00791535	0.00494694	0.822587	286.761	91.6761	0.0240219	
366.142	0.0031765	-0.00371008	0.00791535	0.00488415	0.82665	310.57	92.8547	0.0240219	
366.148	0.00416913	-0.00179436	0.00791535	0.00453888	0.848395	336.713	99.9181	0.0240219	
366.154	0.00398004	0.000550742	0.00791535	0.00401796	0.879117	7.87833	112.872	0.0240219	
366.16	0.00242018	0.002718	0.00791535	0.00363934	0.899695	48.3173	124.615	0.0240219	
366.166	-0.000370055	0.00399621	0.00791535	0.0040133	0.879379	95.2906	113.003	0.0240219	
366.172	-0.00396927	0.00378982	0.00791535	0.00548797	0.786348	136.325	82.6382	0.0240219	
366.178	-0.00764417	0.0017087	0.00791535	0.00783282	0.612855	167.4	57.8995	0.0240219	
366.184	-0.0105082	-0.00226124	0.00791535	0.0107487	0.397713	192.144	42.1926	0.0240219	
366.19	-0.0117252	-0.00780694	0.00791535	0.0140865	0.205242	213.657	32.1951	0.0240219	
366.196	-0.0105892	-0.0141852	0.00791535	0.0177018	0.0820271	233.259	25.6198	0.0240219	
366.202	-0.00677204	-0.0203623	0.00791535	0.0214589	0.0253518	251.604	21.1341	0.0240219	
366.208	-0.00031657	-0.0252807	0.00791535	0.0252827	0.00608917	269.283	17.9378	0.0240219	
366.214	0.00816898	-0.0278477	0.00791535	0.0290212	0.00120485	286.349	15.6271	0.0240219	
366.22	0.0178138	-0.0273021	0.00791535	0.0325996	0.000207341	303.123	13.9117	0.0240219	
366.226	0.0273357	-0.0232534	0.00791535	0.0358882	3.43618e-05	319.613	12.6369	0.0240219	
366.232	0.0353632	-0.0158906	0.00791535	0.0387694	6.17363e-06	335.803	11.6978	0.0240219	
366.238	0.0407681	-0.00579935	0.00791535	0.0411785	1.32741e-06	351.904	11.0134	0.0240219	
366.244	0.0426149	0.00582725	0.00791535	0.0430115	3.87393e-07	7.78645	10.5441	0.0240219	
366.25	0.0405114	0.0177312	0.00791535	0.0442218	1.66809e-07	23.6383	10.2555	0.0240219	
366.256	0.0345821	0.0284043	0.00791535	0.0447519	1.14488e-07	39.3983	10.134	0.0240219	
366.262	0.0255681	0.0365174	0.00791535	0.0445785	1.2955e-07	55.0017	10.1734	0.0240219	
366.268	0.0144991	0.0412196	0.00791535	0.0436953	2.41358e-07	70.6206	10.3791	0.0240219	
366.274	0.00286177	0.0420298	0.00791535	0.0421271	7.0649e-07	86.1048	10.7654	0.0240219	
366.28	-0.00803562	0.0390796	0.00791535	0.0398972	3.04128e-06	101.619	11.3671	0.0240219	
366.286	-0.0168801	0.0330026	0.00791535	0.037069	1.72777e-05	117.089	12.2344	0.0240219	
366.292	-0.0227645	0.0248993	0.00791535	0.0337372	0.000113533	132.436	13.4426	0.0240219	
366.298	-0.0253546	0.0159594	0.00791535	0.0299593	0.000774754	147.812	15.1377	0.0240219	
366.304	-0.024752	0.00754439	0.00791535	0.0258763	0.0047787	163.049	17.5263	0.0240219	
366.31	-0.0215488	0.00064944	0.00791535	0.0215585	0.0244995	178.274	21.0365	0.0240219	
366.316	-0.0166806	-0.00395724	0.00791535	0.0171436	0.0958005	193.346	26.454	0.0240219	
366.322	-0.0112727	-0.00600395	0.00791535	0.0127719	0.272045	208.04	35.5089	0.0240219	
366.328	-0.00632065	-0.00570599	0.00791535	0.00851522	0.56065	222.074	53.2595	0.0240219	
366.334	-0.00268405	-0.00362966	0.00791535	0.00451427	0.849904	233.518	100.463	0.0240219	
366.34	-0.00084766	-0.000624244	0.00791535	0.00105271	0.991195	216.369	430.806	0.0240219	
366.346	-0.000865237	0.00243754	0.00791535	0.00258655	0.948009	109.543	175.336	0.0240219	
366.352	-0.00242841	0.0047292	0.00791535	0.00531625	0.798078	117.18	85.3074	0.0240219	
366.358	-0.00495255	0.00572131	0.00791535	0.00756711	0.633197	130.881	59.9325	0.0240219	
366.364	-0.00768188	0.00518241	0.00791535	0.00926653	0.503952	145.995	48.9413	0.0240219	
366.37	-0.00987062	0.0032647	0.00791535	0.0103965	0.422067	161.698	43.6219	0.0240219	
366.376	-0.0109706	0.000389353	0.00791535	0.0109775	0.382247	177.967	41.3134	0.0240219	
366.382	-0.0106743	-0.00278584	0.00791535	0.0110318	0.378614	194.627	41.1097	0.0240219	
366.388	-0.00900076	-0.00561057	0.00791535	0.0106062	0.407488	211.937	42.7594	0.0240219	
366.394	-0.00627293	-0.00747949	0.00791535	0.00976179	0.467441	230.014	46.4583	0.0240219	
366.4	-0.00305677	-0.00802167	0.00791535	0.00858435	0.555386	249.14	52.8306	0.0240219	
366.406	3.23357e-05	-0.00715958	0.00791535	0.00715966	0.664257	270.259	63.3433	0.0240219	
366.412	0.00235567	-0.00511598	0.00791535	0.00563227	0.776343	294.724	80.521	0.0240219	
366.418	0.00348882	-0.0023328	0.00791535	0.00419688	0.868865	326.231	108.06	0.0240219	
366.424	0.00322189	0.000568579	0.00791535	0.00327168	0.918125	10.0082	138.619	0.0240219	
366.43	0.00166222	0.00294367	0.00791535	0.00338056	0.912833	60.5477	134.154	0.0240219	
366.436	-0.000842332	0.00429276	0.00791535	0.00437462	0.858365	101.102	103.67	0.0240219	
366.442	-0.00371431	0.00429331	0.00791535	0.00567702	0.773213	130.864	79.8862	0.0240219	
366.448	-0.00634797	0.00290823	0.00791535	0.00698244	0.677676	155.386	64.9509	0.0240219	
366.454	-0.0081388	0.000377112	0.00791535	0.00814753	0.588744	177.347	55.663	0.0240219	
366.46	-0.00866141	-0.00280839	0.00791535	0.00910533	0.516005	197.965	49.8077	0.0240219	
366.466	-0.00774148	-0.00607198	0.00791535	0.00983868	0.461853	218.109	46.0952	0.0240219	
366.472	-0.00548551	-0.00875818	0.00791535	0.0103342	0.426438	237.94	43.8848	0.0240219	
366.478	-0.00222531	-0.0103704	0.00791535	0.0106065	0.407471	257.889	42.7584	0.0240219	
366.484	0.00148682	-0.0105687	0.00791535	0.0106727	0.402913	278.008	42.493	0.0240219	
366.49	0.00500719	-0.00929971	0.00791535	0.010562	0.410542	298.299	42.9383	0.0240219	
366.496	0.00778242	-0.00675529	0.00791535	0.0103053	0.428472	319.041	44.0079	0.0240219	
366.502	0.00934651	-0.00336964	0.00791535	0.00993538	0.454858	340.175	45.6466	0.0240219	
366.508	0.00948068	0.000265522	0.00791535	0.0094844	0.487787	1.60424	47.817	0.0240219	
366.514	0.00822479	0.0035832	0.00791535	0.00897143	0.526069	23.5408	50.5511	0.0240219	
366.52	0.00587411	0.00602851	0.00791535	0.00841714	0.568131	45.7432	53.8801	0.0240219	
366.526	0.00287607	0.00727499	0.00791535	0.00782287	0.613617	68.4293	57.9731	0.0240219	
366.532	-0.000190827	0.0071888	0.00791535	0.00719134	0.661852	91.5206	63.0642	0.0240219	
366.538	-0.00275908	0.00591017	0.00791535	0.00652247	0.712118	115.025	69.5313	0.0240219	
366.544	-0.00441505	0.00377345	0.00791535	0.00580789	0.763994	139.48	78.0862	0.0240219	
366.55	-0.00489699	0.00129118	0.00791535	0.00506435	0.814907	165.229	89.5507	0.0240219	
366.556	-0.00419696	-0.00101716	0.00791535	0.00431846	0.861716	193.623	105.018	0.0240219	
366.562	-0.00252869	-0.00264421	0.00791535	0.0036587	0.898681	226.279	123.955	0.0240219	
366.568	-0.000310459	-0.00323851	0.00791535	0.00325335	0.919001	264.524	139.399	0.0240219	
366.574	0.00196742	-0.002662	0.00791535	0.00331013	0.916272	306.467	137.008	0.0240219	
366.58	0.00376048	-0.00100653	0.00791535	0.00389285	0.886088	345.016	116.5	0.0240219	
366.586	0.00464635	0.00144502	0.00791535	0.00486587	0.827827	17.2757	93.2036	0.0240219	
366.592	0.0043368	0.00422659	0.00791535	0.00605573	0.746276	44.2626	74.8904	0.0240219	
366.598	0.00278073	0.00678923	0.00791535	0.00733663	0.650796	67.727	61.8153	0.0240219	
366.604	0.000126319	0.00864162	0.00791535	0.00864254	0.55096	89.1625	52.4748	0.0240219	
366.61	-0.00323923	0.00935802	0.00791535	0.00990279	0.457212	109.093	45.7968	0.0240219	
366.616	-0.00684964	0.00871392	0.00791535	0.0110838	0.37516	128.169	40.9171	0.0240219	
366.622	-0.0101316	0.00668846	0.00791535	0.0121402	0.308449	146.569	37.3566	0.0240219	
366.628	-0.0125544	0.00350804	0.00791535	0.0130353	0.25768	164.388	34.7914	0.0240219	
366.634	-0.0137442	-0.000465234	0.00791535	0.0137521	0.221071	181.939	32.978	0.0240219	
366.64	-0.0134693	-0.00469686	0.00791535	0.0142647	0.197131	199.224	31.7928	0.0240219	
366.646	-0.011743	-0.00860511	0.00791535	0.0145584	0.184254	216.233	31.1515	0.0240219	
366.652	-0.00876208	-0.0117132	0.00791535	0.0146278	0.181297	233.202	31.0036	0.0240219	
366.658	-0.00494648	-0.0135996	0.00791535	0.0144712	0.188013	250.013	31.3392	0.0240219	
366.664	-0.000764544	-0.0140704	0.00791535	0.0140911	0.205028	266.89	32.1845	0.0240219	
366.67	0.00322072	-0.0131089	0.00791535	0.0134987	0.233594	283.804	33.597	0.0240219	
366.676	0.00649707	-0.0109295	0.00791535	0.0127148	0.275225	300.73	35.6685	0.0240219	
366.682	0.00872255	-0.00787686	0.00791535	0.0117528	0.332097	317.917	38.588	0.0240219	
366.688	0.00967391	-0.00445156	0.00791535	0.010649	0.404544	335.29	42.5877	0.0240219	
366.694	0.00935631	-0.00112074	0.00791535	0.00942319	0.492313	353.169	48.1276	0.0240219	
366.7	0.00794799	0.00164386	0.00791535	0.00811621	0.591143	11.6856	55.8778	0.0240219	
366.706	0.00580175	0.00349941	0.00791535	0.00677541	0.693257	31.0969	66.9356	0.0240219	
366.712	0.00332737	0.00429638	0.00791535	0.00543418	0.790044	52.2437	83.4562	0.0240219	
366.718	0.00099706	0.00404453	0.00791535	0.00416562	0.87068	76.1515	108.871	0.0240219	
366.724	-0.00081983	0.00293485	0.00791535	0.00304721	0.928576	105.607	148.83	0.0240219	
366.73	-0.00183801	0.00129686	0.00791535	0.00224947	0.960422	144.794	201.61	0.0240219	
366.736	-0.00195217	-0.000455806	0.00791535	0.00200467	0.968437	193.142	226.23	0.0240219	
366.742	-0.00123609	-0.00193821	0.00791535	0.00229882	0.958703	237.472	197.282	0.0240219	
366.748	6.96776e-05	-0.00280884	0.00791535	0.0028097	0.938942	271.421	161.411	0.0240219	
366.754	0.00162695	-0.00288318	0.00791535	0.00331054	0.916252	299.436	136.992	0.0240219	
366.76	0.00302756	-0.00213369	0.00791535	0.00370388	0.896298	324.826	122.444	0.0240219	
366.766	0.00389425	-0.000727629	0.00791535	0.00396165	0.882275	349.417	114.477	0.0240219	
366.772	0.00396472	0.00103825	0.00791535	0.00409841	0.874548	14.6746	110.657	0.0240219	
366.778	0.00312122	0.00274827	0.00791535	0.00415873	0.871079	41.3643	109.052	0.0240219	
366.784	0.00145399	0.00396654	0.00791535	0.00422464	0.867246	69.8689	107.35	0.0240219	
366.79	-0.000787091	0.00433768	0.00791535	0.00440851	0.856329	100.285	102.873	0.0240219	
366.796	-0.00316699	0.00363057	0.00791535	0.00481776	0.83091	131.099	94.1341	0.0240219	
366.802	-0.00521484	0.00180329	0.00791535	0.00551783	0.784289	160.925	82.1911	0.0240219	
366.808	-0.00642892	-0.000959815	0.00791535	0.00650017	0.713771	188.491	69.7699	0.0240219	
366.814	-0.00642405	-0.00425387	0.00791535	0.00770479	0.622661	213.512	58.8616	0.0240219	
366.82	-0.0049937	-0.00757732	0.00791535	0.00907484	0.518292	236.614	49.9751	0.0240219	
366.826	-0.00217988	-0.0102996	0.00791535	0.0105278	0.412917	258.05	43.0781	0.0240219	
366.832	0.00176854	-0.0118832	0.00791535	0.0120141	0.316039	278.465	37.7487	0.0240219	
366.838	0.00633844	-0.0118829	0.00791535	0.0134677	0.235157	298.076	33.6742	0.0240219	
366.844	0.0108507	-0.0101071	0.00791535	0.0148288	0.172934	317.032	30.5836	0.0240219	
366.85	0.0146423	-0.00660766	0.00791535	0.0160642	0.127526	335.712	28.2315	0.0240219	
366.856	0.0170297	-0.00176969	0.00791535	0.0171214	0.096384	354.067	26.4883	0.0240219	
366.862	0.017559	0.00386146	0.00791535	0.0179786	0.0758096	12.4027	25.2254	0.0240219	
366.868	0.0159943	0.00950635	0.00791535	0.0186061	0.0631175	30.7255	24.3745	0.0240219	
366.874	0.0124486	0.0143389	0.00791535	0.0189888	0.0562723	49.0366	23.8834	0.0240219	
366.88	0.00728448	0.017686	0.00791535	0.0191274	0.0539479	67.6143	23.7102	0.0240219	
366.886	0.00120648	0.0189917	0.00791535	0.0190299	0.0555735	86.3651	23.8317	0.0240219	
366.892	-0.00502721	0.0180287	0.00791535	0.0187165	0.0610769	105.581	24.2308	0.0240219	
366.898	-0.0105231	0.0148762	0.00791535	0.0182219	0.0706636	125.275	24.8885	0.0240219	
366.904	-0.0144942	0.00997916	0.00791535	0.0175973	0.0844767	145.453	25.7719	0.0240219	
366.91	-0.0164238	0.00396695	0.00791535	0.0168961	0.102461	166.421	26.8414	0.0240219	
366.916	-0.0160352	-0.0022637	0.00791535	0.0161941	0.12333	188.035	28.0049	0.0240219	
366.922	-0.0134025	-0.00790036	0.00791535	0.0155577	0.144914	210.518	29.1506	0.0240219	
366.928	-0.00892508	-0.0121302	0.00791535	0.0150598	0.163659	233.655	30.1142	0.0240219	
366.934	-0.00329663	-0.0143815	0.00791535	0.0147545	0.17599	257.089	30.7374	0.0240219	
366.94	0.00272591	-0.0144076	0.00791535	0.0146632	0.179805	280.714	30.9289	0.0240219	
366.946	0.00826998	-0.0122477	0.00791535	0.0147783	0.175006	304.028	30.6879	0.0240219	
366.952	0.0125697	-0.00828913	0.00791535	0.0150568	0.16378	326.597	30.1204	0.0240219	
366.958	0.0151275	-0.00309188	0.00791535	0.0154403	0.149185	348.449	29.3723	0.0240219	
366.964	0.0156495	0.00255795	0.00791535	0.0158572	0.134432	9.28306	28.6	0.0240219	
366.97	0.0141655	0.00795818	0.00791535	0.0162479	0.121625	29.3273	27.9123	0.0240219	
366.976	0.010963	0.0124079	0.00791535	0.0165572	0.112164	48.5378	27.3908	0.0240219	
366.982	0.00656787	0.0154036	0.00791535	0.0167453	0.106695	66.9072	27.0831	0.0240219	
366.988	0.00154891	0.0167182	0.00791535	0.0167898	0.105433	84.7068	27.0114	0.0240219	
366.994	-0.00341903	0.0163254	0.00791535	0.0166796	0.108582	101.829	27.1899	0.0240219	
