364	0.000337807	0.000895022	0.00123027	0.000956649	0.739097	69.3221	73.6835	0.00373369	
364.006	-0.000185876	0.000902021	0.00123027	0.000920973	0.755635	101.644	76.5378	0.00373369	
364.012	-0.000631888	0.000639372	0.00123027	0.000898932	0.765715	134.663	78.4144	0.00373369	
364.018	-0.000876944	0.000179236	0.00123027	0.000895074	0.767467	168.449	78.7525	0.00373369	
364.024	-0.000845014	-0.000345315	0.00123027	0.000912848	0.759363	202.227	77.219	0.00373369	
364.03	-0.00053574	-0.000789258	0.00123027	0.000953911	0.740376	235.832	73.895	0.00373369	
364.036	-2.36482e-05	-0.00101733	0.00123027	0.0010176	0.710293	268.668	69.27	0.00373369	
364.042	0.000556103	-0.000950396	0.00123027	0.00110114	0.669954	300.333	64.015	0.00373369	
364.048	0.00105279	-0.000581471	0.00123027	0.00120269	0.620125	331.087	58.6096	0.00373369	
364.054	0.00131817	1.53625e-05	0.00123027	0.00131826	0.563222	0.667715	53.4713	0.00373369	
364.06	0.00125918	0.000712282	0.00123027	0.00144668	0.500887	29.4956	48.7249	0.00373369	
364.066	0.000850517	0.00133796	0.00123027	0.00158541	0.435904	57.5567	44.4612	0.00373369	
364.072	0.000155619	0.00172532	0.00123027	0.00173233	0.371073	84.846	40.6905	0.00373369	
364.078	-0.000699667	0.00175343	0.00123027	0.00188787	0.308087	111.753	37.3379	0.00373369	
364.084	-0.00152976	0.00136549	0.00123027	0.00205054	0.249321	138.247	34.3759	0.00373369	
364.09	-0.00213579	0.000601552	0.00123027	0.00221889	0.196627	164.27	31.7678	0.00373369	
364.096	-0.00235669	-0.000422464	0.00123027	0.00239425	0.150515	190.163	29.441	0.00373369	
364.102	-0.00209001	-0.00150323	0.00123027	0.00257446	0.111975	215.725	27.3802	0.00373369	
364.108	-0.00132738	-0.00242083	0.00123027	0.00276086	0.0806194	241.263	25.5316	0.00373369	
364.114	-0.00017072	-0.00294721	0.00123027	0.00295215	0.0561891	266.685	23.8773	0.00373369	
364.12	0.00117343	-0.00291952	0.00123027	0.00314651	0.0379837	291.897	22.4024	0.00373369	
364.126	0.00245394	-0.00227374	0.00123027	0.0033454	0.0247944	317.183	21.0705	0.00373369	
364.132	0.00337837	-0.00107734	0.00123027	0.00354599	0.0157049	342.313	19.8786	0.00373369	
364.138	0.00371663	0.000492885	0.00123027	0.00374917	0.00962459	7.55427	18.8013	0.00373369	
364.144	0.00332309	0.00214126	0.00123027	0.00395322	0.00572662	32.7961	17.8309	0.00373369	
364.15	0.00220693	0.0035208	0.00123027	0.0041553	0.0033328	57.9194	16.9637	0.00373369	
364.156	0.000516682	0.00432573	0.00123027	0.00435647	0.001893	83.1886	16.1803	0.00373369	
364.162	-0.00143379	0.00432172	0.00123027	0.00455336	0.00106042	108.354	15.4807	0.00373369	
364.168	-0.0032778	0.00343331	0.00123027	0.00474674	0.000585396	133.673	14.85	0.00373369	
364.174	-0.00460705	0.00176648	0.00123027	0.0049341	0.000321539	159.022	14.2861	0.00373369	
364.18	-0.00509885	-0.000380758	0.00123027	0.00511304	0.000177541	184.271	13.7862	0.00373369	
364.186	-0.00459085	-0.00261639	0.00123027	0.00528407	9.86698e-05	209.679	13.34	0.00373369	
364.192	-0.0031236	-0.00445889	0.00123027	0.00544413	5.59538e-05	234.987	12.9478	0.00373369	
364.198	-0.000927699	-0.00551643	0.00123027	0.0055939	3.24086e-05	260.454	12.6011	0.00373369	
364.204	0.0015745	-0.00551052	0.00123027	0.00573104	1.94015e-05	285.946	12.2996	0.00373369	
364.21	0.00386638	-0.00439569	0.00123027	0.00585414	1.21124e-05	311.334	12.0409	0.00373369	
364.216	0.00548475	-0.00234213	0.00123027	0.00596389	7.89123e-06	336.876	11.8193	0.00373369	
364.222	0.00605312	0.000244144	0.00123027	0.00605804	5.4296e-06	2.30969	11.6357	0.00373369	
364.228	0.00542416	0.00287125	0.00123027	0.00613723	3.94643e-06	27.8943	11.4855	0.00373369	
364.234	0.00368822	0.00498445	0.00123027	0.00620062	3.04788e-06	53.5006	11.3681	0.00373369	
364.24	0.00119254	0.00613264	0.00123027	0.00624752	2.51335e-06	78.9958	11.2828	0.00373369	
364.246	-0.001587	0.00607462	0.00123027	0.0062785	2.21094e-06	104.641	11.2271	0.00373369	
364.252	-0.00407121	0.00479935	0.00123027	0.00629352	2.07718e-06	130.307	11.2003	0.00373369	
364.258	-0.00574246	0.00257278	0.00123027	0.00629246	2.08638e-06	155.866	11.2022	0.00373369	
364.264	-0.00627344	-0.000172932	0.00123027	0.00627583	2.23556e-06	181.579	11.2319	0.00373369	
364.27	-0.00555438	-0.00285316	0.00123027	0.00624433	2.54662e-06	207.189	11.2885	0.00373369	
364.276	-0.00373369	-0.00494741	0.00123027	0.00619817	3.0786e-06	232.959	11.3726	0.00373369	
364.282	-0.00119589	-0.00602033	0.00123027	0.00613796	3.93479e-06	258.765	11.4841	0.00373369	
364.288	0.00151663	-0.0058722	0.00123027	0.00606489	5.28261e-06	284.482	11.6225	0.00373369	
364.294	0.00387335	-0.00455475	0.00123027	0.00597902	7.43416e-06	310.378	11.7894	0.00373369	
364.3	0.00538156	-0.00237368	0.00123027	0.0058818	1.08809e-05	336.199	11.9843	0.00373369	
364.306	0.0057691	0.000223575	0.00123027	0.00577344	1.65143e-05	2.21933	12.2092	0.00373369	
364.312	0.00497864	0.00268253	0.00123027	0.00565533	2.57934e-05	28.3161	12.4642	0.00373369	
364.318	0.00322068	0.00449368	0.00123027	0.00552865	4.11889e-05	54.3703	12.7498	0.00373369	
364.324	0.000875317	0.00532173	0.00123027	0.00539323	6.71374e-05	80.6596	13.0699	0.00373369	
364.33	-0.00152979	0.00502381	0.00123027	0.00525156	0.00011049	106.936	13.4225	0.00373369	
364.336	-0.0035116	0.00370289	0.00123027	0.00510321	0.000183531	133.481	13.8127	0.00373369	
364.342	-0.00465633	0.00167797	0.00123027	0.00494944	0.000305828	160.183	14.2419	0.00373369	
364.348	-0.00475791	-0.000577608	0.00123027	0.00479284	0.000506241	186.922	14.7072	0.00373369	
364.354	-0.00384055	-0.00259013	0.00123027	0.00463234	0.000834431	213.996	15.2168	0.00373369	
364.36	-0.00215745	-0.00391675	0.00123027	0.00447163	0.00135298	241.153	15.7636	0.00373369	
364.366	-9.82413e-05	-0.00430885	0.00123027	0.00430997	0.00216254	268.694	16.3549	0.00373369	
364.372	0.00185201	-0.00371376	0.00123027	0.00414993	0.00338228	296.505	16.9856	0.00373369	
364.378	0.00325058	-0.00232131	0.00123027	0.00399434	0.00514058	324.468	17.6473	0.00373369	
364.384	0.00381377	-0.000475643	0.00123027	0.00384331	0.00760031	352.891	18.3407	0.00373369	
364.39	0.00343894	0.00136492	0.00123027	0.00369991	0.010865	21.6482	19.0516	0.00373369	
364.396	0.00226383	0.00275655	0.00123027	0.003567	0.0149484	50.6053	19.7615	0.00373369	
364.402	0.000595187	0.00339386	0.00123027	0.00344565	0.0198007	80.0531	20.4575	0.00373369	
364.408	-0.00112479	0.0031439	0.00123027	0.00333905	0.0251444	109.686	21.1106	0.00373369	
364.414	-0.00248027	0.00209795	0.00123027	0.00324855	0.0306176	139.774	21.6987	0.00373369	
364.42	-0.00312883	0.000545014	0.00123027	0.00317595	0.0357187	170.119	22.1947	0.00373369	
364.426	-0.00292502	-0.00109378	0.00123027	0.00312283	0.0398927	200.503	22.5722	0.00373369	
364.432	-0.00193709	-0.00240561	0.00123027	0.00308857	0.0427981	231.158	22.8226	0.00373369	
364.438	-0.000444038	-0.00304086	0.00123027	0.00307311	0.0441661	261.692	22.9374	0.00373369	
364.444	0.00116824	-0.00284441	0.00123027	0.00307497	0.0439996	292.329	22.9235	0.00373369	
364.45	0.00246398	-0.00186743	0.00123027	0.00309168	0.0425272	322.842	22.7997	0.00373369	
364.456	0.00309724	-0.000379535	0.00123027	0.00312041	0.0400928	353.014	22.5898	0.00373369	
364.462	0.00290443	0.00123952	0.00123027	0.00315786	0.0370961	23.1113	22.3218	0.00373369	
364.468	0.00193483	0.00254894	0.00123027	0.0032001	0.0339468	52.7989	22.0272	0.00373369	
364.474	0.000430627	0.0032153	0.00123027	0.00324401	0.0309176	82.3717	21.7291	0.00373369	
364.48	-0.00121338	0.00305312	0.00123027	0.0032854	0.028277	111.674	21.4553	0.00373369	
364.486	-0.00256512	0.0021094	0.00123027	0.00332105	0.0261603	140.568	21.225	0.00373369	
364.492	-0.00329027	0.000618005	0.00123027	0.00334781	0.0246626	169.362	21.0553	0.00373369	
364.498	-0.00320227	-0.00102707	0.00123027	0.00336295	0.0238488	197.783	20.9606	0.00373369	
364.504	-0.00233106	-0.00242499	0.00123027	0.00336369	0.0238093	226.132	20.9559	0.00373369	
364.51	-0.000907055	-0.00322285	0.00123027	0.00334806	0.0246489	254.281	21.0538	0.00373369	
364.516	0.000695064	-0.00324074	0.00123027	0.00331444	0.0265419	282.105	21.2673	0.00373369	
364.522	0.00209169	-0.00250165	0.00123027	0.00326089	0.0298163	309.9	21.6166	0.00373369	
364.528	0.00294472	-0.00121793	0.00123027	0.00318665	0.0349244	337.53	22.1202	0.00373369	
364.534	0.0030804	0.000262113	0.00123027	0.00309153	0.0425401	4.86361	22.8007	0.00373369	
364.54	0.00251724	0.00158402	0.00123027	0.00297416	0.0538196	32.1809	23.7006	0.00373369	
364.546	0.00145197	0.00243588	0.00123027	0.00283579	0.0701896	59.2019	24.857	0.00373369	
364.552	0.000177851	0.00266934	0.00123027	0.00267526	0.0940155	86.1882	26.3486	0.00373369	
364.558	-0.000973957	0.00229606	0.00123027	0.00249409	0.128103	112.986	28.2625	0.00373369	
364.564	-0.00174267	0.00149244	0.00123027	0.0022944	0.175691	139.423	30.7223	0.00373369	
364.57	-0.00201119	0.000512294	0.00123027	0.00207541	0.241013	165.709	33.9641	0.00373369	
364.576	-0.00180437	-0.000366442	0.00123027	0.0018412	0.326318	191.48	38.2844	0.00373369	
364.582	-0.0012741	-0.000954159	0.00123027	0.00159178	0.433001	216.829	44.2834	0.00373369	
364.588	-0.000639123	-0.00116769	0.00123027	0.00133116	0.556902	241.306	52.9534	0.00373369	
364.594	-0.000108884	-0.00105962	0.00123027	0.0010652	0.687408	264.133	66.1747	0.00373369	
364.6	0.00019359	-0.000775082	0.00123027	0.000798892	0.809906	284.024	88.2337	0.00373369	
364.606	0.00024872	-0.000493976	0.00123027	0.000553059	0.903893	296.726	127.453	0.00373369	
364.612	0.000145551	-0.000354751	0.00123027	0.000383449	0.952589	292.308	183.829	0.00373369	
364.618	3.42349e-05	-0.000412182	0.00123027	0.000413602	0.945056	274.748	170.428	0.00373369	
364.624	6.23304e-05	-0.000610575	0.00123027	0.000613748	0.882994	275.829	114.85	0.00373369	
364.63	0.000312118	-0.000814106	0.00123027	0.000871887	0.777925	290.976	80.8468	0.00373369	
364.636	0.000758983	-0.000853885	0.00123027	0.00114244	0.649755	311.633	61.7005	0.00373369	
364.642	0.00127997	-0.000600471	0.00123027	0.00141382	0.516682	334.867	49.8572	0.00373369	
364.648	0.00167763	-1.83238e-05	0.00123027	0.00167773	0.394612	359.374	42.0146	0.00373369	
364.654	0.00175549	0.000798859	0.00123027	0.00192871	0.292626	24.4686	36.5474	0.00373369	
364.66	0.00138815	0.00166263	0.00123027	0.00216594	0.212301	50.1411	32.5445	0.00373369	
364.666	0.000577782	0.00231327	0.00123027	0.00238434	0.152889	75.9763	29.5634	0.00373369	
364.672	-0.000543957	0.00252602	0.00123027	0.00258393	0.110182	102.153	27.2799	0.00373369	
364.678	-0.00171822	0.00216157	0.00123027	0.00276128	0.0805582	128.481	25.5278	0.00373369	
364.684	-0.00263671	0.00124104	0.00123027	0.00291418	0.0604801	154.795	24.1884	0.00373369	
364.69	-0.00304171	-7.10133e-05	0.00123027	0.00304254	0.0469802	181.337	23.1679	0.00373369	
364.696	-0.00277735	-0.00147437	0.00123027	0.00314443	0.0381481	207.962	22.4172	0.00373369	
364.702	-0.00186784	-0.00262124	0.00123027	0.00321865	0.0326375	234.527	21.9002	0.00373369	
364.708	-0.000494069	-0.00322758	0.00123027	0.00326518	0.029542	261.297	21.5882	0.00373369	
364.714	0.00101492	-0.00312241	0.00123027	0.00328321	0.0284115	288.006	21.4696	0.00373369	
364.72	0.00231146	-0.002317	0.00123027	0.00327281	0.0290585	314.931	21.5378	0.00373369	
364.726	0.00307499	-0.00100225	0.00123027	0.00323421	0.031573	341.947	21.7949	0.00373369	
364.732	0.00312961	0.000491999	0.00123027	0.00316805	0.0363146	8.93422	22.25	0.00373369	
364.738	0.00248136	0.00181529	0.00123027	0.00307448	0.0440437	36.1882	22.9272	0.00373369	
364.744	0.00132038	0.00264431	0.00123027	0.00295564	0.0558083	63.4656	23.8491	0.00373369	
364.75	-5.37037e-05	0.00281096	0.00123027	0.00281147	0.0734476	91.0945	25.072	0.00373369	
364.756	-0.00128201	0.00231297	0.00123027	0.0026445	0.0992376	118.998	26.655	0.00373369	
364.762	-0.00206421	0.00133402	0.00123027	0.00245776	0.135949	147.127	28.6803	0.00373369	
364.768	-0.00224651	0.000160882	0.00123027	0.00225226	0.187169	175.904	31.2971	0.00373369	
364.774	-0.00183933	-0.000867469	0.00123027	0.00203362	0.255077	205.25	34.6619	0.00373369	
364.78	-0.00101504	-0.00149227	0.00123027	0.00180476	0.340959	235.777	39.0574	0.00373369	
364.786	-5.90545e-05	-0.00157305	0.00123027	0.00157416	0.441054	267.85	44.7791	0.00373369	
364.792	0.000719159	-0.00114804	0.00123027	0.00135469	0.545393	302.064	52.0334	0.00373369	
364.798	0.001092	-0.000401267	0.00123027	0.00116339	0.639471	339.824	60.5897	0.00373369	
364.804	0.000959649	0.000380006	0.00123027	0.00103215	0.703331	21.6028	68.2937	0.00373369	
364.81	0.000390459	0.000915891	0.00123027	0.000995647	0.72074	66.9107	70.7974	0.00373369	
364.816	-0.000400306	0.000996184	0.00123027	0.00107361	0.683338	111.892	65.6566	0.00373369	
364.822	-0.001113	0.000567098	0.00123027	0.00124915	0.597223	153	56.4297	0.00373369	
364.828	-0.00146936	-0.000262308	0.00123027	0.00149259	0.479048	190.122	47.2261	0.00373369	
364.834	-0.0012781	-0.00123411	0.00123027	0.00177668	0.352479	223.997	39.6748	0.00373369	
364.84	-0.000521357	-0.00201656	0.00123027	0.00208287	0.238556	255.504	33.8424	0.00373369	
364.846	0.000650291	-0.00231395	0.00123027	0.00240359	0.148305	285.697	29.3267	0.00373369	
364.852	0.00192052	-0.00193831	0.00123027	0.00272863	0.0854717	314.736	25.8332	0.00373369	
364.858	0.00292685	-0.000882144	0.00123027	0.0030569	0.0456401	343.227	23.0591	0.00373369	
364.864	0.00331787	0.000657932	0.00123027	0.00338248	0.0228332	11.2162	20.8395	0.00373369	
364.87	0.00288849	0.00231409	0.00123027	0.00370114	0.0108323	38.6996	19.0453	0.00373369	
364.876	0.00162927	0.00366782	0.00123027	0.00401341	0.00488773	66.049	17.5635	0.00373369	
364.882	-0.000229638	0.00430742	0.00123027	0.00431353	0.00214072	93.0517	16.3414	0.00373369	
364.888	-0.00230382	0.00398476	0.00123027	0.00460282	0.000913076	120.035	15.3144	0.00373369	
364.894	-0.00408574	0.00266419	0.00123027	0.00487762	0.000386135	146.893	14.4516	0.00373369	
364.9	-0.00510209	0.000579349	0.00123027	0.00513488	0.000164889	173.522	13.7275	0.00373369	
364.906	-0.00504438	-0.00185746	0.00123027	0.0053755	7.15104e-05	200.215	13.1131	0.00373369	
364.912	-0.00383584	-0.00407267	0.00123027	0.00559467	3.23162e-05	226.715	12.5994	0.00373369	
364.918	-0.00166369	-0.00554996	0.00123027	0.00579395	1.5269e-05	253.313	12.166	0.00373369	
364.924	0.00102445	-0.00588155	0.00123027	0.00597011	7.70025e-06	279.881	11.807	0.00373369	
364.93	0.00362305	-0.00493323	0.00123027	0.00612072	4.21933e-06	306.294	11.5165	0.00373369	
364.936	0.00555698	-0.00285225	0.00123027	0.00624623	2.52677e-06	332.83	11.2851	0.00373369	
364.942	0.00634334	-8.55683e-05	0.00123027	0.00634392	1.68306e-06	359.227	11.1113	0.00373369	
364.948	0.00577644	0.00278744	0.00123027	0.00641382	1.2536e-06	25.7597	10.9902	0.00373369	
364.954	0.0039471	0.00510642	0.00123027	0.00645408	1.05642e-06	52.2971	10.9217	0.00373369	
364.96	0.00126533	0.00633909	0.00123027	0.00646414	1.01203e-06	78.7117	10.9047	0.00373369	
364.966	-0.00169703	0.00621511	0.00123027	0.00644263	1.10923e-06	105.272	10.9411	0.00373369	
364.972	-0.00425168	0.00476985	0.00123027	0.0063897	1.38827e-06	131.713	11.0317	0.00373369	
364.978	-0.00585815	0.0023304	0.00123027	0.00630465	1.98318e-06	158.307	11.1805	0.00373369	
364.984	-0.00616417	-0.000530627	0.00123027	0.00618696	3.22311e-06	184.92	11.3932	0.00373369	
364.99	-0.00515279	-0.00314725	0.00123027	0.00603792	5.88413e-06	211.416	11.6744	0.00373369	
364.996	-0.00309724	-0.00496994	0.00123027	0.00585604	1.20236e-05	238.069	12.037	0.00373369	
365.002	-0.000517203	-0.00561885	0.00123027	0.0056426	2.70486e-05	264.741	12.4923	0.00373369	
365.008	0.00196101	-0.00503111	0.00123027	0.00539978	6.55893e-05	291.295	13.0541	0.00373369	
365.014	0.00380938	-0.00342995	0.00123027	0.00512601	0.000169924	318	13.7513	0.00373369	
365.02	0.0046517	-0.00128289	0.00123027	0.00482536	0.000456542	344.582	14.6081	0.00373369	
365.026	0.00440915	0.000881361	0.00123027	0.00449638	0.00125736	11.3041	15.6769	0.00373369	
365.032	0.00326311	0.00255167	0.00123027	0.00414233	0.00345344	38.0245	17.0168	0.00373369	
365.038	0.00161633	0.00340282	0.00123027	0.00376718	0.00920356	64.5924	18.7114	0.00373369	
365.044	-7.38334e-05	0.00336854	0.00123027	0.00336935	0.0235116	91.2556	20.9207	0.00373369	
365.05	-0.00137434	0.00261627	0.00123027	0.00295528	0.0558471	117.713	23.852	0.00373369	
365.056	-0.00204596	0.00147738	0.00123027	0.00252361	0.121985	144.167	27.9319	0.00373369	
365.062	-0.00205004	0.000347862	0.00123027	0.00207934	0.239715	170.369	33.8998	0.00373369	
365.068	-0.00156562	-0.000447237	0.00123027	0.00162825	0.416525	195.943	43.2915	0.00373369	
365.074	-0.000889577	-0.000759595	0.00123027	0.00116976	0.636339	220.493	60.2597	0.00373369	
365.08	-0.00034139	-0.000629027	0.00123027	0.000715697	0.844331	241.51	98.4904	0.00373369	
365.086	-0.000130892	-0.000262626	0.00123027	0.000293437	0.971956	243.508	240.22	0.00373369	
365.092	-0.000305475	5.34046e-05	0.00123027	0.000310108	0.968731	170.084	227.305	0.00373369	
365.098	-0.000722942	7.07284e-05	0.00123027	0.000726394	0.840039	174.412	97.04	0.00373369	
365.104	-0.00112162	-0.000322266	0.00123027	0.001167	0.637697	196.031	60.4023	0.00373369	
365.11	-0.00120979	-0.00104582	0.00123027	0.00159917	0.429641	220.842	44.0787	0.00373369	
365.116	-0.000789924	-0.00185979	0.00123027	0.0020206	0.259566	246.987	34.8853	0.00373369	
365.122	0.000157607	-0.00242011	0.00123027	0.00242524	0.14327	273.726	29.0649	0.00373369	
365.128	0.00143273	-0.00241515	0.00123027	0.00280814	0.0739036	300.677	25.1018	0.00373369	
365.134	0.00268891	-0.00167998	0.00123027	0.00317058	0.036123	328.004	22.2323	0.00373369	
365.14	0.00349753	-0.000274166	0.00123027	0.00350826	0.0171482	355.518	20.0924	0.00373369	
365.146	0.00351313	0.00149431	0.00123027	0.00381773	0.00810876	23.0424	18.4637	0.00373369	
365.152	0.00258916	0.00317959	0.00123027	0.00410043	0.00387079	50.8438	17.1907	0.00373369	
365.158	0.00085801	0.00426708	0.00123027	0.00435249	0.00191483	78.6308	16.1952	0.00373369	
365.164	-0.00131318	0.00438219	0.00123027	0.00457472	0.000994278	106.681	15.4084	0.00373369	
365.17	-0.00336149	0.00337864	0.00123027	0.00476601	0.000551002	134.854	14.79	0.00373369	
365.176	-0.00470989	0.0014393	0.00123027	0.0049249	0.000331323	163.007	14.3128	0.00373369	
365.182	-0.00495316	-0.00100192	0.00123027	0.00505348	0.000216861	191.436	13.9487	0.00373369	
365.188	-0.003954	-0.0033005	0.00123027	0.00515048	0.000156376	219.853	13.686	0.00373369	
365.194	-0.00190738	-0.00485688	0.00123027	0.00521798	0.000124096	248.559	13.5089	0.00373369	
365.2	0.000678724	-0.00521285	0.00123027	0.00525685	0.000108482	277.418	13.409	0.00373369	
365.206	0.00311848	-0.00424637	0.00123027	0.00526845	0.000104191	306.293	13.3795	0.00373369	
365.212	0.00478175	-0.00217991	0.00123027	0.00525521	0.000109101	335.493	13.4132	0.00373369	
365.218	0.00520177	0.000430351	0.00123027	0.00521954	0.00012343	4.7294	13.5049	0.00373369	
365.224	0.00426461	0.00291084	0.00123027	0.00516332	0.000149682	34.3157	13.6519	0.00373369	
365.23	0.00222226	0.00457973	0.00123027	0.00509042	0.000191608	64.1155	13.8474	0.00373369	
365.236	-0.000348107	0.0049921	0.00123027	0.00500422	0.000255418	93.9889	14.086	0.00373369	
365.242	-0.00276178	0.00405614	0.00123027	0.00490711	0.00035103	124.251	14.3647	0.00373369	
365.248	-0.00433959	0.00206054	0.00123027	0.00480395	0.000488731	154.601	14.6732	0.00373369	
365.254	-0.00467682	-0.000438146	0.00123027	0.0046973	0.000683028	185.352	15.0063	0.00373369	
365.26	-0.00369796	-0.00272128	0.00123027	0.00459133	0.000945507	216.349	15.3527	0.00373369	
365.266	-0.00172385	-0.00414569	0.00123027	0.00448982	0.00128209	247.422	15.6998	0.00373369	
365.272	0.000677453	-0.00434245	0.00123027	0.00439498	0.00169358	278.867	16.0386	0.00373369	
365.278	0.00279902	-0.00327745	0.00123027	0.00431001	0.00216233	310.498	16.3548	0.00373369	
365.284	0.00403248	-0.00130132	0.00123027	0.00423726	0.00265542	342.115	16.6356	0.00373369	
365.29	0.0040533	0.00101003	0.00123027	0.00417725	0.00313742	13.9924	16.8746	0.00373369	
365.296	0.00288215	0.00295952	0.00123027	0.00413104	0.00356164	45.7588	17.0633	0.00373369	
365.302	0.000874207	0.00400335	0.00123027	0.00409769	0.00389965	77.6818	17.2022	0.00373369	
365.308	-0.00136403	0.00384155	0.00123027	0.00407653	0.00412898	109.549	17.2915	0.00373369	
365.314	-0.00316627	0.00255003	0.00123027	0.00406545	0.00425384	141.153	17.3386	0.00373369	
365.32	-0.00402992	0.000510453	0.00123027	0.00406212	0.00429208	172.781	17.3528	0.00373369	
365.326	-0.00371012	-0.00165824	0.00123027	0.00406384	0.00427236	204.082	17.3455	0.00373369	
365.332	-0.00231202	-0.00334676	0.00123027	0.00406771	0.00422817	235.362	17.329	0.00373369	
365.338	-0.000252138	-0.00406313	0.00123027	0.00407095	0.00419149	266.449	17.3152	0.00373369	
365.344	0.00186005	-0.00362095	0.00123027	0.00407076	0.00419364	297.189	17.316	0.00373369	
365.35	0.00344323	-0.00215985	0.00123027	0.00406458	0.00426386	327.901	17.3423	0.00373369	
365.356	0.00404855	-0.000121086	0.00123027	0.00405036	0.00442946	358.287	17.4032	0.00373369	
365.362	0.00353259	0.00193165	0.00123027	0.00402622	0.00472413	28.6703	17.5075	0.00373369	
365.368	0.00206044	0.00341746	0.00123027	0.00399054	0.00519236	58.9136	17.6641	0.00373369	
365.374	7.6629e-05	0.00394194	0.00123027	0.00394269	0.00588612	88.8863	17.8785	0.00373369	
365.38	-0.00187656	0.00339754	0.00123027	0.00388133	0.00689759	118.913	18.1611	0.00373369	
365.386	-0.00325327	0.00197724	0.00123027	0.00380699	0.00833095	148.71	18.5157	0.00373369	
365.392	-0.00371753	9.0503e-05	0.00123027	0.00371863	0.0103776	178.605	18.9557	0.00373369	
365.398	-0.00317973	-0.00172429	0.00123027	0.00361716	0.0132706	208.47	19.4875	0.00373369	
365.404	-0.00184749	-0.00297711	0.00123027	0.00350377	0.0173274	238.178	20.1181	0.00373369	
365.41	-0.000114381	-0.00337622	0.00123027	0.00337816	0.0230545	268.06	20.8662	0.00373369	
365.416	0.00151441	-0.00286739	0.00123027	0.00324275	0.0310014	297.841	21.7375	0.00373369	
365.422	0.00262272	-0.00164808	0.00123027	0.00309755	0.04202	327.855	22.7565	0.00373369	
365.428	0.00294306	-0.000103116	0.00123027	0.00294487	0.0569919	357.993	23.9363	0.00373369	
365.434	0.00245783	0.00131438	0.00123027	0.00278721	0.076819	28.1367	25.2903	0.00373369	
365.44	0.00136599	0.00224166	0.00123027	0.00262507	0.102652	58.6433	26.8524	0.00373369	
365.446	2.51898e-05	0.00246129	0.00123027	0.00246142	0.135142	89.4136	28.6377	0.00373369	
365.452	-0.00116193	0.00198419	0.00123027	0.00229937	0.17437	120.353	30.6559	0.00373369	
365.458	-0.00188679	0.00100961	0.00123027	0.00213992	0.220304	151.849	32.9401	0.00373369	
365.464	-0.00198346	-0.000126667	0.00123027	0.0019875	0.271196	183.654	35.4664	0.00373369	
365.47	-0.00148822	-0.00108815	0.00123027	0.0018436	0.325368	216.173	38.2346	0.00373369	
365.476	-0.000604811	-0.0016019	0.00123027	0.00171227	0.379639	249.316	41.1671	0.00373369	
365.482	0.000358005	-0.0015569	0.00123027	0.00159753	0.430382	282.95	44.1238	0.00373369	
365.488	0.00110533	-0.00101608	0.00123027	0.00150139	0.474898	317.409	46.9494	0.00373369	
365.494	0.00141471	-0.000192205	0.00123027	0.0014277	0.509993	352.263	49.3725	0.00373369	
365.5	0.00121998	0.000640186	0.00123027	0.00137775	0.534161	27.6884	51.1628	0.00373369	
365.506	0.000608642	0.00120772	0.00123027	0.00135242	0.546502	63.2538	52.1208	0.00373369	
365.512	-0.000199503	0.00133595	0.00123027	0.00135076	0.547312	98.4935	52.1848	0.00373369	
365.518	-0.000943363	0.000993909	0.00123027	0.00137032	0.537772	133.505	51.4398	0.00373369	
365.524	-0.00137535	0.000298699	0.00123027	0.00140741	0.519777	167.747	50.0842	0.00373369	
365.53	-0.00135728	-0.000534046	0.00123027	0.00145857	0.495203	201.478	48.3276	0.00373369	
365.536	-0.00088257	-0.00123754	0.00123027	0.00152002	0.46615	234.505	46.3741	0.00373369	
365.542	-9.13385e-05	-0.00158559	0.00123027	0.00158822	0.434623	266.703	44.3827	0.00373369	
365.548	0.000791861	-0.00146025	0.00123027	0.00166114	0.401902	298.47	42.4344	0.00373369	
365.554	0.0014967	-0.000879481	0.00123027	0.00173597	0.369527	329.561	40.6051	0.00373369	
365.56	0.0018121	1.17084e-05	0.00123027	0.00181214	0.337966	0.370197	38.8983	0.00373369	
365.566	0.00162165	0.00096701	0.00123027	0.00188808	0.308005	30.8081	37.3337	0.00373369	
365.572	0.00095799	0.00171315	0.00123027	0.00196281	0.280075	60.7861	35.9124	0.00373369	
365.578	-2.36323e-05	0.00203644	0.00123027	0.00203657	0.254068	90.6649	34.6117	0.00373369	
365.584	-0.00106512	0.00182003	0.00123027	0.00210878	0.230147	120.337	33.4265	0.00373369	
365.59	-0.00188127	0.00109973	0.00123027	0.00217913	0.208319	149.691	32.3474	0.00373369	
365.596	-0.00224819	3.68112e-05	0.00123027	0.00224849	0.188222	179.062	31.3496	0.00373369	
365.602	-0.00204159	-0.00109358	0.00123027	0.00231603	0.169996	208.176	30.4353	0.00373369	
365.608	-0.00128555	-0.00200647	0.00123027	0.00238297	0.15322	237.352	29.5804	0.00373369	
365.614	-0.000151078	-0.00244428	0.00123027	0.00244895	0.137904	266.463	28.7835	0.00373369	
365.62	0.00107739	-0.00227146	0.00123027	0.00251402	0.123948	295.376	28.0384	0.00373369	
365.626	0.00209673	-0.00150139	0.00123027	0.00257885	0.111141	324.395	27.3336	0.00373369	
365.632	0.00262477	-0.000311215	0.00123027	0.00264316	0.0994708	353.238	26.6686	0.00373369	
365.638	0.00250671	0.00102335	0.00123027	0.00270755	0.0887696	22.2075	26.0343	0.00373369	
365.644	0.00173833	0.002159	0.00123027	0.00277184	0.0790185	51.1606	25.4305	0.00373369	
365.65	0.000494527	0.00279211	0.00123027	0.00283556	0.0702198	79.9562	24.859	0.00373369	
365.656	-0.000938563	0.00274326	0.00123027	0.00289938	0.0622238	108.888	24.3119	0.00373369	
365.662	-0.00218983	0.00199493	0.00123027	0.00296228	0.0550878	137.667	23.7956	0.00373369	
365.668	-0.0029424	0.000701422	0.00123027	0.00302485	0.0486756	166.592	23.3034	0.00373369	
365.674	-0.00297392	-0.000825468	0.00123027	0.00308635	0.0429921	195.513	22.839	0.00373369	
365.68	-0.00225227	-0.00219669	0.00123027	0.00314613	0.0380134	224.284	22.4051	0.00373369	
365.686	-0.000925964	-0.00306742	0.00123027	0.00320413	0.0336584	253.202	21.9995	0.00373369	
365.692	0.000676197	-0.00318838	0.00123027	0.00325929	0.0299189	281.974	21.6272	0.00373369	
365.698	0.00216824	-0.00250316	0.00123027	0.00331166	0.0267044	310.899	21.2852	0.00373369	
365.704	0.00315414	-0.00115883	0.00123027	0.00336028	0.0239904	339.827	20.9772	0.00373369	
365.71	0.00336565	0.000510049	0.00123027	0.00340408	0.0217536	8.61734	20.7073	0.00373369	
365.716	0.00272939	0.00209936	0.00123027	0.00344338	0.0199031	37.5664	20.4709	0.00373369	
365.722	0.00139265	0.00318554	0.00123027	0.00347666	0.0184454	66.3861	20.275	0.00373369	
365.728	-0.000328262	0.00348873	0.00123027	0.00350414	0.0173125	95.3753	20.116	0.00373369	
365.734	-0.00199091	0.0029084	0.00123027	0.00352456	0.0165109	124.393	19.9995	0.00373369	
365.74	-0.00316036	0.00158969	0.00123027	0.00353765	0.0160141	153.297	19.9254	0.00373369	
365.746	-0.00354005	-0.000147905	0.00123027	0.00354314	0.01581	182.392	19.8946	0.00373369	
365.752	-0.00301782	-0.00185217	0.00123027	0.00354087	0.0158942	211.539	19.9073	0.00373369	
365.758	-0.00173317	-0.00307585	0.00123027	0.00353054	0.0162822	240.6	19.9655	0.00373369	
365.764	-7.26809e-06	-0.00351208	0.00123027	0.00351209	0.0169964	269.881	20.0704	0.00373369	
365.77	0.00169522	-0.00304586	0.00123027	0.00348583	0.0180603	299.099	20.2217	0.00373369	
365.776	0.00294515	-0.00180061	0.00123027	0.00345197	0.0195177	328.559	20.42	0.00373369	
365.782	0.00340936	-0.000111156	0.00123027	0.00341118	0.0214089	358.133	20.6642	0.00373369	
365.788	0.00297931	0.00156274	0.00123027	0.00336429	0.0237775	27.6784	20.9522	0.00373369	
365.794	0.00177868	0.00279357	0.00123027	0.00331176	0.0266981	57.5149	21.2845	0.00373369	
365.8	0.00015044	0.003252	0.00123027	0.00325548	0.0301653	87.3513	21.6525	0.00373369	
365.806	-0.00147593	0.00283472	0.00123027	0.00319593	0.0342473	117.504	22.0559	0.00373369	
365.812	-0.00265386	0.00166908	0.00123027	0.0031351	0.0388939	147.833	22.4839	0.00373369	
365.818	-0.00307353	9.70945e-05	0.00123027	0.00307507	0.0439912	178.191	22.9228	0.00373369	
365.824	-0.00264151	-0.00145737	0.00123027	0.00301687	0.0494568	208.886	23.365	0.00373369	
365.83	-0.00149919	-0.00255573	0.00123027	0.00296299	0.0550118	239.604	23.7899	0.00373369	
365.836	3.27881e-05	-0.00291459	0.00123027	0.00291478	0.0604103	270.645	24.1834	0.00373369	
365.842	0.00151573	-0.00244207	0.00123027	0.00287422	0.0652821	301.827	24.5247	0.00373369	
365.848	0.00253214	-0.00129259	0.00123027	0.00284298	0.0692503	332.957	24.7942	0.00373369	
365.854	0.00281391	0.000212038	0.00123027	0.00282189	0.0720377	4.30929	24.9795	0.00373369	
365.86	0.00228882	0.00163353	0.00123027	0.00281196	0.0733816	35.5154	25.0677	0.00373369	
365.866	0.00110686	0.00258668	0.00123027	0.00281355	0.0731644	66.8335	25.0535	0.00373369	
365.872	-0.000395719	0.0027986	0.00123027	0.00282644	0.0714286	98.0482	24.9392	0.00373369	
365.878	-0.0017913	0.0022161	0.00123027	0.00284954	0.0684013	128.949	24.7371	0.00373369	
365.884	-0.00270499	0.000995173	0.00123027	0.00288224	0.0642938	159.801	24.4564	0.00373369	
365.89	-0.00287476	-0.000528132	0.00123027	0.00292287	0.0594746	190.41	24.1164	0.00373369	
365.896	-0.00225498	-0.00193216	0.00123027	0.00296954	0.0543095	220.591	23.7374	0.00373369	
365.902	-0.00100141	-0.00284973	0.00123027	0.00302056	0.0490947	250.638	23.3365	0.00373369	
365.908	0.000546015	-0.00302478	0.00123027	0.00307367	0.0441166	280.233	22.9333	0.00373369	
365.914	0.0019968	-0.00240732	0.00123027	0.00312768	0.039495	309.675	22.5372	0.00373369	
365.92	0.00296553	-0.00114915	0.00123027	0.0031804	0.0353861	338.818	22.1636	0.00373369	
365.926	0.00320208	0.000422995	0.00123027	0.0032299	0.031865	7.52522	21.824	0.00373369	
365.932	0.0026465	0.00192962	0.00123027	0.00327527	0.0289045	36.0965	21.5217	0.00373369	
365.938	0.00143987	0.00298585	0.00123027	0.00331489	0.0265158	64.2551	21.2644	0.00373369	
365.944	-0.000134285	0.00334535	0.00123027	0.00334805	0.0246496	92.2987	21.0538	0.00373369	
365.95	-0.00169181	0.00291894	0.00123027	0.00337378	0.0232805	120.096	20.8932	0.00373369	
365.956	-0.00286078	0.00182107	0.00123027	0.00339122	0.0223908	147.521	20.7858	0.00373369	
365.962	-0.00338643	0.000304379	0.00123027	0.00340008	0.0219502	174.864	20.7317	0.00373369	
365.968	-0.00315554	-0.00126586	0.00123027	0.00339998	0.0219551	201.858	20.7323	0.00373369	
365.974	-0.00223408	-0.00255089	0.00123027	0.00339089	0.0224071	228.788	20.7878	0.00373369	
365.98	-0.000842856	-0.00326555	0.00123027	0.00337257	0.0233435	255.528	20.9007	0.00373369	
365.986	0.000692555	-0.00327286	0.00123027	0.00334533	0.024798	281.948	21.0709	0.00373369	
365.992	0.00205201	-0.00259555	0.00123027	0.00330872	0.0268764	308.329	21.3041	0.00373369	
365.998	0.00294363	-0.00140949	0.00123027	0.00326368	0.0296373	334.414	21.5981	0.00373369	
366.004	0.00320964	2.6354e-05	0.00123027	0.00320975	0.0332606	0.470438	21.961	0.00373369	
366.01	0.00281978	0.00139819	0.00123027	0.00314739	0.0379142	26.3745	22.3961	0.00373369	
366.016	0.00189443	0.002425	0.00123027	0.00307726	0.043796	52.0027	22.9065	0.00373369	
366.022	0.000643041	0.00292896	0.00123027	0.00299872	0.0512738	77.6174	23.5065	0.00373369	
366.028	-0.000659899	0.00283658	0.00123027	0.00291233	0.0606953	103.096	24.2037	0.00373369	
366.034	-0.00174737	0.00221192	0.00123027	0.00281884	0.0724481	128.308	25.0065	0.00373369	
366.04	-0.00243198	0.00121191	0.00123027	0.00271722	0.0872449	153.512	25.9417	0.00373369	
366.046	-0.00260772	7.09018e-05	0.00123027	0.00260868	0.105602	178.443	27.021	0.00373369	
366.052	-0.00228796	-0.000987711	0.00123027	0.00249205	0.128535	203.35	28.2857	0.00373369	
366.058	-0.00158199	-0.00176241	0.00123027	0.00236829	0.15679	228.088	29.7638	0.00373369	
366.064	-0.000672732	-0.00213437	0.00123027	0.00223788	0.191206	252.506	31.4983	0.00373369	
366.07	0.000249319	-0.00208494	0.00123027	0.00209979	0.233041	276.819	33.5696	0.00373369	
366.076	0.000999275	-0.00168132	0.00123027	0.00195586	0.282604	300.725	36.04	0.00373369	
366.082	0.00146745	-0.00105138	0.00123027	0.00180522	0.340774	324.38	39.0475	0.00373369	
366.088	0.00161075	-0.000355731	0.00123027	0.00164956	0.40702	347.546	42.732	0.00373369	
366.094	0.0014689	0.000257237	0.00123027	0.00149125	0.47968	9.93305	47.2685	0.00373369	
366.1	0.00113494	0.00069539	0.00123027	0.00133103	0.556962	31.4963	52.9583	0.00373369	
366.106	0.000729203	0.000920658	0.00123027	0.00117446	0.634027	51.6192	60.0186	0.00373369	
366.112	0.000352013	0.000963976	0.00123027	0.00102624	0.706164	69.9394	68.6871	0.00373369	
366.118	6.87912e-05	0.000894984	0.00123027	0.000897624	0.766309	85.6047	78.5287	0.00373369	
366.124	-0.000111527	0.00079639	0.00123027	0.000804162	0.80765	97.9719	87.6556	0.00373369	
366.13	-0.000231037	0.000728132	0.00123027	0.000763907	0.824668	107.604	92.2747	0.00373369	
366.136	-0.000353403	0.000706761	0.00123027	0.000790193	0.813613	116.567	89.2051	0.00373369	
366.142	-0.000538232	0.000696798	0.00123027	0.000880466	0.774071	127.684	80.059	0.00373369	
366.148	-0.00080501	0.00062601	0.00123027	0.00101977	0.709257	142.13	69.1228	0.00373369	
366.154	-0.0011154	0.00041609	0.00123027	0.00119048	0.626139	159.542	59.2107	0.00373369	
366.16	-0.00138178	1.53644e-05	0.00123027	0.00138187	0.532158	179.363	51.0102	0.00373369	
366.166	-0.00148094	-0.000560649	0.00123027	0.00158351	0.43677	200.735	44.5144	0.00373369	
366.172	-0.00130207	-0.00123084	0.00123027	0.00179175	0.346272	223.389	39.3411	0.00373369	
366.178	-0.000785266	-0.00184041	0.00123027	0.00200094	0.266434	246.893	35.2281	0.00373369	
366.184	3.48412e-05	-0.00220681	0.00123027	0.00220709	0.200048	270.905	31.9377	0.00373369	
366.19	0.00103765	-0.00217424	0.00123027	0.00240915	0.146998	295.513	29.2589	0.00373369	
366.196	0.00200902	-0.00165652	0.00123027	0.00260389	0.106477	320.493	27.0708	0.00373369	
366.202	0.00270118	-0.000691526	0.00123027	0.0027883	0.0766648	345.64	25.2804	0.00373369	
366.208	0.00290626	0.000573152	0.00123027	0.00296224	0.0550927	11.1563	23.796	0.00373369	
366.214	0.00250213	0.0018679	0.00123027	0.00312245	0.0399239	36.7422	22.575	0.00373369	
366.22	0.00150293	0.00290304	0.00123027	0.00326901	0.0292983	62.6291	21.5629	0.00373369	
366.226	7.91233e-05	0.00339864	0.00123027	0.00339956	0.0219758	88.6663	20.7348	0.00373369	
366.232	-0.00146799	0.00319144	0.00123027	0.00351287	0.0169657	114.701	20.066	0.00373369	
366.238	-0.00280392	0.00227166	0.00123027	0.00360866	0.0135428	140.987	19.5334	0.00373369	
366.244	-0.00359448	0.000813465	0.00123027	0.00368538	0.011257	167.248	19.1267	0.00373369	
366.25	-0.00363601	-0.000889502	0.00123027	0.00374323	0.00976711	193.747	18.8311	0.00373369	
366.256	-0.00288204	-0.00244805	0.00123027	0.00378141	0.00888269	220.345	18.641	0.00373369	
366.262	-0.0014905	-0.00349528	0.00123027	0.00379981	0.00848273	246.905	18.5507	0.00373369	
366.268	0.000245153	-0.00379066	0.00123027	0.00379858	0.00850898	273.7	18.5567	0.00373369	
366.274	0.00191527	-0.00325655	0.00123027	0.00377802	0.00895836	300.461	18.6577	0.00373369	
366.28	0.00315198	-0.00201061	0.00123027	0.00373866	0.00987816	327.467	18.8542	0.00373369	
366.286	0.00366464	-0.000347273	0.00123027	0.00368105	0.0113761	354.587	19.1492	0.00373369	
366.292	0.00335109	0.00133332	0.00123027	0.00360659	0.0136095	21.6965	19.5446	0.00373369	
366.298	0.0023026	0.00265689	0.00123027	0.00351583	0.0168498	49.086	20.0491	0.00373369	
366.304	0.000796419	0.00331662	0.00123027	0.0034109	0.0214222	76.4972	20.6659	0.00373369	
366.31	-0.000809546	0.00319148	0.00123027	0.00329255	0.0278409	104.233	21.4087	0.00373369	
366.316	-0.00212404	0.00234373	0.00123027	0.00316301	0.0366998	132.185	22.2855	0.00373369	
366.322	-0.00284697	0.00102275	0.00123027	0.0030251	0.0486513	160.24	23.3015	0.00373369	
366.328	-0.00284668	-0.000437197	0.00123027	0.00288005	0.0645621	188.731	24.475	0.00373369	
366.334	-0.00216461	-0.00166506	0.00123027	0.00273093	0.0851184	217.568	25.8115	0.00373369	
366.34	-0.00102293	-0.00237043	0.00123027	0.00258173	0.110597	246.658	27.3031	0.00373369	
366.346	0.000269771	-0.0024192	0.00123027	0.0024342	0.141224	276.363	28.9579	0.00373369	
366.352	0.00136262	-0.001845	0.00123027	0.00229364	0.175894	306.448	30.7325	0.00373369	
366.358	0.00199496	-0.00083539	0.00123027	0.00216281	0.213253	337.278	32.5915	0.00373369	
366.364	0.00202328	0.000310963	0.00123027	0.00204704	0.250507	8.73755	34.4348	0.00373369	
366.37	0.00148052	0.0012715	0.00123027	0.00195158	0.284171	40.6567	36.1191	0.00373369	
366.376	0.000540579	0.00180019	0.00123027	0.0018796	0.311273	73.2855	37.5022	0.00373369	
366.382	-0.000510197	0.0017631	0.00123027	0.00183544	0.328612	106.139	38.4046	0.00373369	
366.388	-0.00138108	0.00118694	0.00123027	0.00182104	0.334375	139.323	38.7082	0.00373369	
366.394	-0.00182069	0.00024282	0.00123027	0.00183681	0.328064	172.403	38.3759	0.00373369	
366.4	-0.00170514	-0.000793685	0.00123027	0.00188081	0.310807	204.96	37.4781	0.00373369	
366.406	-0.00105831	-0.00163808	0.00123027	0.00195021	0.284674	237.135	36.1444	0.00373369	
366.412	-5.36662e-05	-0.00203964	0.00123027	0.00204035	0.252779	268.493	34.5477	0.00373369	
366.418	0.00105164	-0.00187246	0.00123027	0.00214757	0.217932	299.32	32.8228	0.00373369	
366.424	0.00195326	-0.00115151	0.00123027	0.00226742	0.182981	329.479	31.0879	0.00373369	
366.43	0.00239476	-4.68959e-05	0.00123027	0.00239522	0.150285	358.878	29.4291	0.00373369	
366.436	0.00223545	0.00118297	0.00123027	0.00252916	0.120862	27.8872	27.8707	0.00373369	
366.442	0.00147924	0.00221686	0.00123027	0.00266507	0.0957204	56.2861	26.4493	0.00373369	
366.448	0.000271948	0.00278876	0.00123027	0.00280199	0.0747505	84.4304	25.1568	0.00373369	
366.454	-0.00111175	0.00271885	0.00123027	0.00293737	0.0578283	112.24	23.9974	0.00373369	
366.46	-0.00233794	0.00198787	0.00123027	0.00306881	0.0445535	139.627	22.9696	0.00373369	
366.466	-0.0031133	0.000723048	0.00123027	0.00319616	0.0342305	166.925	22.0543	0.00373369	
366.472	-0.00321954	-0.000796197	0.00123027	0.00331653	0.0264211	193.891	21.2539	0.00373369	
366.478	-0.00259533	-0.00224311	0.00123027	0.00343035	0.0205009	220.836	20.5487	0.00373369	
366.484	-0.00134429	-0.00326999	0.00123027	0.00353553	0.016094	247.653	19.9374	0.00373369	
366.49	0.000267814	-0.00362091	0.00123027	0.00363081	0.0128441	274.23	19.4142	0.00373369	
366.496	0.0019059	-0.00318956	0.00123027	0.00371561	0.0104551	300.86	18.9711	0.00373369	
366.502	0.00319271	-0.00204032	0.00123027	0.00378897	0.00871632	327.419	18.6038	0.00373369	
366.508	0.00382681	-0.000415996	0.00123027	0.00384935	0.00748462	353.796	18.312	0.00373369	
366.514	0.00365525	0.00134959	0.00123027	0.00389644	0.00663497	20.2651	18.0907	0.00373369	
366.52	0.00270109	0.00285329	0.00123027	0.00392902	0.00609906	46.5696	17.9407	0.00373369	
366.526	0.00115486	0.00377395	0.00123027	0.00394669	0.00582501	72.9855	17.8603	0.00373369	
366.532	-0.000643766	0.00389597	0.00123027	0.0039488	0.00579308	99.3827	17.8508	0.00373369	
366.538	-0.00229207	0.00319797	0.00123027	0.00393453	0.00601232	125.63	17.9155	0.00373369	
366.544	-0.00344647	0.00183253	0.00123027	0.00390337	0.00651754	152	18.0586	0.00373369	
366.55	-0.00385406	0.000119442	0.00123027	0.00385591	0.00736066	178.225	18.2808	0.00373369	
366.556	-0.00344737	-0.00157618	0.00123027	0.00379061	0.00868073	204.57	18.5958	0.00373369	
366.562	-0.00233899	-0.00287786	0.00123027	0.0037085	0.010639	230.897	19.0075	0.00373369	
366.568	-0.000807869	-0.00351849	0.00123027	0.00361004	0.0134981	257.069	19.5259	0.00373369	
366.574	0.0008066	-0.0034004	0.00123027	0.00349476	0.0176922	283.344	20.17	0.00373369	
366.58	0.00213762	-0.00259798	0.00123027	0.00336436	0.0237738	309.448	20.9517	0.00373369	
366.586	0.00293163	-0.001328	0.00123027	0.00321839	0.0326553	335.63	21.902	0.00373369	
366.592	0.00305728	9.28677e-05	0.00123027	0.00305869	0.0454754	1.73988	23.0456	0.00373369	
366.598	0.00255827	0.00133872	0.00123027	0.00288737	0.0636686	27.6227	24.413	0.00373369	
366.604	0.00160812	0.00217413	0.00123027	0.00270423	0.0892977	53.511	26.0663	0.00373369	
366.61	0.000475313	0.00246748	0.00123027	0.00251285	0.12419	79.0966	28.0515	0.00373369	
366.616	-0.00058269	0.00223863	0.00123027	0.00231322	0.170729	104.59	30.4723	0.00373369	
366.622	-0.00134913	0.00162073	0.00123027	0.00210877	0.230149	129.775	33.4266	0.00373369	
366.628	-0.00171666	0.000821679	0.00123027	0.00190317	0.302239	154.422	37.0377	0.00373369	
366.634	-0.00169703	4.06274e-05	0.00123027	0.00169751	0.386003	178.629	41.525	0.00373369	
366.64	-0.00138703	-0.000561807	0.00123027	0.00149649	0.477209	202.05	47.1032	0.00373369	
366.646	-0.000935065	-0.000911613	0.00123027	0.0013059	0.569289	224.272	53.9774	0.00373369	
366.652	-0.000475353	-0.00102482	0.00123027	0.0011297	0.656002	245.116	62.3967	0.00373369	
366.658	-0.00010415	-0.000971897	0.00123027	0.000977462	0.729334	263.883	72.1146	0.00373369	
366.664	0.00015487	-0.000843567	0.00123027	0.000857665	0.784272	280.403	82.1874	0.00373369	
366.67	0.000327059	-0.000709637	0.00123027	0.000781379	0.817345	294.744	90.2114	0.00373369	
366.676	0.000465379	-0.000594748	0.00123027	0.000755184	0.828286	308.042	93.3405	0.00373369	
366.682	0.000613885	-0.000474103	0.00123027	0.000775647	0.819758	322.321	90.878	0.00373369	
366.688	0.000774887	-0.000299998	0.00123027	0.000830932	0.796055	338.836	84.8316	0.00373369	
366.694	0.00090685	-2.98744e-05	0.00123027	0.000907342	0.761882	358.113	77.6877	0.00373369	
366.7	0.000933908	0.000335927	0.00123027	0.000992487	0.722238	19.7837	71.0228	0.00373369	
366.706	0.000784834	0.000738497	0.00123027	0.00107766	0.681373	43.2577	65.4098	0.00373369	
366.712	0.000427015	0.00107693	0.00123027	0.0011585	0.641872	68.3712	60.8452	0.00373369	
366.718	-9.83293e-05	0.00122745	0.00123027	0.00123138	0.605983	94.5801	57.2441	0.00373369	
366.724	-0.000685648	0.00109949	0.00123027	0.00129576	0.574275	121.948	54.4001	0.00373369	
366.73	-0.00117271	0.000671112	0.00123027	0.00135117	0.547115	150.219	52.1692	0.00373369	
366.736	-0.00139851	2.0717e-05	0.00123027	0.00139866	0.524012	179.151	50.3977	0.00373369	
366.742	-0.00126022	-0.000697954	0.00123027	0.00144059	0.503803	208.979	48.9307	0.00373369	
366.748	-0.000754226	-0.0012728	0.00123027	0.00147948	0.485253	239.35	47.6445	0.00373369	
366.754	1.34188e-05	-0.00151905	0.00123027	0.00151911	0.466574	270.506	46.4017	0.00373369	
366.76	0.000833148	-0.00132275	0.00123027	0.00156327	0.446059	302.205	45.0909	0.00373369	
366.766	0.00145432	-0.000704054	0.00123027	0.00161578	0.422127	334.168	43.6255	0.00373369	
366.772	0.00166984	0.000192249	0.00123027	0.00168087	0.39324	6.56757	41.9362	0.00373369	
366.778	0.00136746	0.00111011	0.00123027	0.00176133	0.358858	39.0699	40.0205	0.00373369	
366.784	0.000594626	0.001761	0.00123027	0.00185868	0.319419	71.3421	37.9243	0.00373369	
366.79	-0.000462787	0.00191958	0.00123027	0.00197457	0.275822	103.555	35.6985	0.00373369	
366.796	-0.00149727	0.00148325	0.00123027	0.00210756	0.230538	135.27	33.4458	0.00373369	
366.802	-0.00219724	0.000518145	0.00123027	0.00225751	0.185712	166.731	31.2243	0.00373369	
366.808	-0.00230611	-0.000737775	0.00123027	0.00242125	0.144187	197.741	29.1127	0.00373369	
366.814	-0.00173217	-0.00193302	0.00123027	0.00259557	0.108009	228.137	27.1575	0.00373369	
366.82	-0.000566341	-0.00272082	0.00123027	0.00277914	0.0779668	258.242	25.3637	0.00373369	
366.826	0.000905994	-0.0028254	0.00123027	0.00296711	0.0545694	287.779	23.7569	0.00373369	
366.832	0.00231267	-0.00215067	0.00123027	0.00315814	0.0370749	317.079	22.3199	0.00373369	
366.838	0.00324943	-0.000808906	0.00123027	0.0033486	0.0246194	346.021	21.0503	0.00373369	
366.844	0.00342215	0.000884509	0.00123027	0.00353461	0.0161285	14.4919	19.9426	0.00373369	
366.85	0.00272598	0.00252499	0.00123027	0.00371572	0.0104522	42.8081	18.9706	0.00373369	
366.856	0.00128456	0.00366944	0.00123027	0.00388779	0.00678425	70.7064	18.1309	0.00373369	
366.862	-0.0005979	0.00400626	0.00123027	0.00405063	0.00442634	98.4883	17.4021	0.00373369	
366.868	-0.00247123	0.0033978	0.00123027	0.00420143	0.00293433	126.029	16.7774	0.00373369	
366.874	-0.00387257	0.00195616	0.00123027	0.00433859	0.00199275	153.2	16.247	0.00373369	
366.88	-0.00446242	-2.26165e-05	0.00123027	0.00446247	0.00139006	180.29	15.796	0.00373369	
366.886	-0.00407151	-0.00207713	0.00123027	0.00457074	0.00100628	207.029	15.4218	0.00373369	
366.892	-0.0027619	-0.00375905	0.00123027	0.0046646	0.000755713	233.694	15.1115	0.00373369	
366.898	-0.000811179	-0.00467389	0.00123027	0.00474376	0.000590899	260.154	14.8594	0.00373369	
366.904	0.00134745	-0.00461542	0.00123027	0.00480809	0.000482343	286.275	14.6606	0.00373369	
366.91	0.00327194	-0.00359228	0.00123027	0.00485902	0.000409946	312.328	14.5069	0.00373369	
366.916	0.00454237	-0.0018312	0.00123027	0.00489759	0.000362017	338.044	14.3926	0.00373369	
366.922	0.00491519	0.000317392	0.00123027	0.00492543	0.00033075	3.69467	14.3113	0.00373369	
366.928	0.00431773	0.00240812	0.00123027	0.00494387	0.000311452	29.1497	14.2579	0.00373369	
366.934	0.00289256	0.00402345	0.00123027	0.0049553	0.00030002	54.2867	14.225	0.00373369	
366.94	0.00091509	0.00487628	0.00123027	0.0049614	0.000294088	79.3714	14.2075	0.00373369	
366.946	-0.00122531	0.00481103	0.00123027	0.00496462	0.000291001	104.289	14.1983	0.00373369	
366.952	-0.003121	0.00386362	0.00123027	0.00496671	0.00028901	128.931	14.1923	0.00373369	
366.958	-0.00445053	0.00221203	0.00123027	0.00496994	0.00028596	153.571	14.1831	0.00373369	
366.964	-0.00497192	0.000175211	0.00123027	0.004975	0.000281246	177.982	14.1687	0.00373369	
366.97	-0.00460641	-0.00190286	0.00123027	0.00498396	0.000273075	202.445	14.1432	0.00373369	
366.976	-0.00341698	-0.00364696	0.00123027	0.0049976	0.000261064	226.865	14.1046	0.00373369	
366.982	-0.0016204	-0.0047463	0.00123027	0.00501528	0.000246236	251.15	14.0549	0.00373369	
366.988	0.00049024	-0.00501317	0.00123027	0.00503709	0.000229038	275.585	13.9941	0.00373369	
366.994	0.00252702	-0.00438618	0.00123027	0.00506205	0.000210735	299.948	13.925	0.00373369	
