364	-0.0136212	0.00847784	0.00982073	0.0160441	0.263296	148.102	35.0713	0.0298045	
364.006	-0.0160633	0.00148395	0.00982069	0.0161317	0.259474	174.722	34.8807	0.0298044	
364.012	-0.0151029	-0.00598869	0.00982068	0.0162469	0.254502	201.63	34.6333	0.0298043	
364.018	-0.0107465	-0.0120618	0.00982072	0.0161547	0.258476	228.301	34.831	0.0298044	
364.024	-0.00429784	-0.0155283	0.0098207	0.0161121	0.260323	254.529	34.923	0.0298044	
364.03	0.00312697	-0.0157826	0.00982072	0.0160894	0.261313	281.207	34.9724	0.0298045	
364.036	0.00978798	-0.0127025	0.00982073	0.0160361	0.263643	307.616	35.0887	0.0298045	
364.042	0.0142533	-0.00711057	0.00982064	0.0159285	0.268383	333.487	35.3255	0.0298042	
364.048	0.01583	-3.0222e-05	0.00982068	0.01583	0.272771	359.891	35.5453	0.0298043	
364.054	0.0141001	0.00685833	0.00982078	0.0156796	0.279566	25.9385	35.8868	0.0298046	
364.06	0.0095451	0.0123263	0.0098207	0.01559	0.28365	52.247	36.0927	0.0298044	
364.066	0.00313223	0.0150832	0.00982068	0.015405	0.292205	78.2685	36.526	0.0298043	
364.072	-0.00374872	0.0148147	0.00982076	0.0152817	0.298002	104.2	36.8211	0.0298046	
364.078	-0.00977702	0.0115423	0.0098208	0.0151266	0.305378	130.267	37.1987	0.0298047	
364.084	-0.0137768	0.00600596	0.00982076	0.0150291	0.310068	156.445	37.44	0.0298046	
364.09	-0.0148703	-0.000667344	0.0098209	0.0148852	0.317072	182.57	37.8023	0.029805	
364.096	-0.012983	-0.00708222	0.00982095	0.0147891	0.321801	208.612	38.0483	0.0298051	
364.102	-0.00857521	-0.0119915	0.00982083	0.0147421	0.324115	234.431	38.1691	0.0298048	
364.108	-0.00237161	-0.014481	0.00982087	0.0146739	0.327507	260.699	38.3466	0.0298049	
364.114	0.00425339	-0.013969	0.00982095	0.0146022	0.331097	286.935	38.5353	0.0298051	
364.12	0.00997443	-0.0106289	0.0098209	0.0145761	0.332402	313.181	38.6041	0.029805	
364.126	0.0136767	-0.00509538	0.00982079	0.014595	0.331444	339.567	38.5536	0.0298047	
364.132	0.0145114	0.00149029	0.00982089	0.0145877	0.331819	5.8636	38.5733	0.029805	
364.138	0.01235	0.00785262	0.00982106	0.0146351	0.329454	32.4497	38.4489	0.0298055	
364.144	0.00755154	0.0126864	0.00982108	0.0147639	0.323056	59.237	38.1138	0.0298056	
364.15	0.00103796	0.0148072	0.00982103	0.0148435	0.319125	85.9902	37.909	0.0298054	
364.156	-0.00579648	0.0137732	0.00982103	0.0149432	0.314253	112.824	37.6562	0.0298054	
364.162	-0.0115251	0.00971915	0.00982112	0.0150761	0.307826	139.859	37.3245	0.0298057	
364.168	-0.0148617	0.00345192	0.00982113	0.0152574	0.299178	166.924	36.8812	0.0298057	
364.174	-0.0149408	-0.00380772	0.00982117	0.0154184	0.291617	194.298	36.4962	0.0298058	
364.18	-0.0116313	-0.0103327	0.00982103	0.015558	0.285142	221.616	36.1681	0.0298054	
364.186	-0.00570554	-0.0147136	0.00982103	0.0157811	0.274993	248.805	35.6568	0.0298054	
364.192	0.0017434	-0.0159103	0.00982099	0.0160055	0.265007	276.253	35.1568	0.0298053	
364.198	0.00905966	-0.0134636	0.00982105	0.0162279	0.255343	303.937	34.6751	0.0298054	
364.204	0.0144625	-0.00786372	0.009821	0.0164621	0.245404	331.466	34.1817	0.0298053	
364.21	0.0166902	-0.000265968	0.00982095	0.0166923	0.235882	359.087	33.7101	0.0298052	
364.216	0.0150893	0.00767287	0.00982087	0.0169281	0.226378	26.9532	33.2402	0.0298049	
364.222	0.00993349	0.0139975	0.00982087	0.017164	0.217134	54.638	32.7834	0.0298049	
364.228	0.00230926	0.0172094	0.00982084	0.0173636	0.20951	82.3574	32.4064	0.0298048	
364.234	-0.0061265	0.0165608	0.00982088	0.0176577	0.19862	110.301	31.8668	0.0298049	
364.24	-0.0132364	0.0119813	0.00982086	0.0178537	0.191581	137.85	31.517	0.0298049	
364.246	-0.017532	0.00441421	0.00982077	0.0180791	0.183696	165.868	31.1236	0.0298046	
364.252	-0.0177977	-0.00434314	0.00982075	0.0183199	0.175534	193.714	30.7145	0.0298045	
364.258	-0.0139603	-0.0122134	0.0098207	0.0185488	0.168019	221.181	30.3354	0.0298044	
364.264	-0.00669288	-0.0174644	0.00982071	0.018703	0.16309	249.032	30.0853	0.0298044	
364.27	0.00218131	-0.0187663	0.00982057	0.0188927	0.157162	276.63	29.7828	0.029804	
364.276	0.0107965	-0.0156639	0.00982054	0.0190242	0.153148	304.577	29.5768	0.0298039	
364.282	0.0169591	-0.0089021	0.00982061	0.0191536	0.149282	332.304	29.3773	0.0298041	
364.288	0.0192101	-6.02467e-05	0.00982054	0.0192102	0.147606	359.82	29.2905	0.0298039	
364.294	0.0170956	0.00887696	0.00982048	0.0192629	0.146058	27.4408	29.2101	0.0298037	
364.3	0.011094	0.0157915	0.00982047	0.0192989	0.14501	54.9109	29.1556	0.0298037	
364.306	0.00253266	0.0190861	0.00982026	0.0192534	0.146324	82.4412	29.2239	0.0298031	
364.312	-0.00656778	0.0180216	0.00982053	0.0191811	0.148464	110.024	29.3349	0.0298039	
364.318	-0.0140059	0.0129255	0.00982068	0.0190586	0.15212	137.297	29.5238	0.0298043	
364.324	-0.0182513	0.00495474	0.00982041	0.0189119	0.156562	164.812	29.7521	0.0298035	
364.33	-0.0182685	-0.00384018	0.00982049	0.0186678	0.164194	191.871	30.1414	0.0298038	
364.336	-0.0142366	-0.0117168	0.00982052	0.0184381	0.171614	219.455	30.517	0.0298039	
364.342	-0.00719892	-0.0166608	0.00982053	0.0181496	0.181267	246.631	31.0021	0.0298039	
364.348	0.00116155	-0.0177007	0.00982057	0.0177388	0.195668	273.754	31.7202	0.029804	
364.354	0.00892302	-0.0148785	0.00982046	0.017349	0.210036	300.952	32.4324	0.0298037	
364.36	0.0143407	-0.00895035	0.00982054	0.0169046	0.227291	328.031	33.2854	0.0298039	
364.366	0.0163089	-0.00136593	0.00982054	0.016366	0.249419	355.212	34.3808	0.0298039	
364.372	0.0146164	0.00603708	0.00982052	0.0158141	0.273472	22.4423	35.5805	0.0298039	
364.378	0.00994872	0.0115639	0.0098206	0.0152546	0.299271	49.2938	36.886	0.0298041	
364.384	0.0034358	0.0141805	0.0098206	0.0145908	0.331639	76.3803	38.5639	0.0298041	
364.39	-0.00323382	0.0135471	0.00982052	0.0139277	0.365797	103.426	40.3997	0.0298038	
364.396	-0.00857097	0.0100159	0.00982052	0.0131825	0.406184	130.555	42.6833	0.0298038	
364.402	-0.011462	0.00475831	0.00982039	0.0124104	0.449995	157.455	45.3383	0.0298034	
364.408	-0.0115174	-0.000923964	0.00982053	0.0115545	0.5005	184.587	48.6977	0.0298039	
364.414	-0.00907507	-0.00560983	0.00982052	0.010669	0.554256	211.723	52.7393	0.0298038	
364.42	-0.00503202	-0.00837513	0.00982054	0.00977057	0.609617	239.001	57.5888	0.0298039	
364.426	-0.000605669	-0.00884482	0.00982063	0.00886553	0.665328	266.083	63.4683	0.0298042	
364.432	0.00318668	-0.00732401	0.00982066	0.00798724	0.718394	293.514	70.4476	0.0298043	
364.438	0.00550179	-0.00435292	0.00982054	0.00701552	0.77479	321.65	80.2044	0.0298039	
364.444	0.00592738	-0.0010435	0.0098205	0.00601853	0.828784	350.016	93.4901	0.0298038	
364.45	0.00474496	0.00162867	0.00982046	0.00501669	0.877675	18.9444	112.16	0.0298037	
364.456	0.00260781	0.00298778	0.00982064	0.0039658	0.921699	48.8847	141.884	0.0298042	
364.462	0.000406644	0.00293878	0.0098205	0.00296678	0.955393	82.1219	189.658	0.0298038	
364.468	-0.00105778	0.00175909	0.00982062	0.00205263	0.978394	121.019	274.127	0.0298042	
364.474	-0.00137123	6.34417e-05	0.00982057	0.00137269	0.990279	177.351	409.907	0.029804	
364.48	-0.000434229	-0.0013057	0.00982051	0.00137601	0.990232	251.605	408.916	0.0298038	
364.486	0.00121612	-0.00171747	0.00982053	0.00210444	0.977302	305.302	267.376	0.0298039	
364.492	0.00295784	-0.000780552	0.00982061	0.0030591	0.952643	345.217	183.936	0.0298041	
364.498	0.00393895	0.00121429	0.00982061	0.00412188	0.915687	17.1334	136.511	0.0298041	
364.504	0.00355564	0.00385297	0.00982067	0.0052429	0.867183	47.2982	107.323	0.0298043	
364.51	0.00154571	0.00610694	0.00982064	0.00629952	0.81405	75.7964	89.3213	0.0298042	
364.516	-0.00175208	0.00715743	0.00982086	0.00736876	0.75466	103.755	76.3621	0.0298049	
364.522	-0.00557646	0.00630977	0.0098207	0.00842081	0.692384	131.47	66.8207	0.0298044	
364.528	-0.00884478	0.00347073	0.00982074	0.00950138	0.626248	158.575	59.2216	0.0298045	
364.534	-0.0105021	-0.000993646	0.00982082	0.010549	0.561641	185.405	53.3409	0.0298047	
364.54	-0.00976919	-0.00619096	0.00982074	0.0115657	0.499842	212.363	48.6514	0.0298045	
364.546	-0.00640941	-0.0107507	0.00982066	0.0125163	0.443897	239.197	44.9558	0.0298043	
364.552	-0.000945192	-0.0134921	0.00982068	0.0135252	0.387377	265.993	41.6027	0.0298043	
364.558	0.0056106	-0.0133654	0.00982067	0.0144953	0.336457	292.772	38.8183	0.0298043	
364.564	0.0116781	-0.0100165	0.00982063	0.0153853	0.293121	319.38	36.5725	0.0298042	
364.57	0.0157971	-0.00391349	0.00982086	0.0162746	0.253327	346.086	34.5749	0.0298049	
364.576	0.0167003	0.00379254	0.00982073	0.0171255	0.218616	12.7946	32.8567	0.0298045	
364.582	0.0138477	0.0113772	0.00982072	0.017922	0.189161	39.4063	31.3964	0.0298045	
364.588	0.00756233	0.0171147	0.00982075	0.018711	0.16284	66.1612	30.0726	0.0298045	
364.594	-0.000855408	0.0193896	0.0098207	0.0194085	0.14187	92.5261	28.9917	0.0298044	
364.6	-0.00984729	0.0175044	0.00982066	0.0200841	0.123539	119.36	28.0163	0.0298043	
364.606	-0.0171153	0.0115227	0.00982072	0.0206327	0.110035	146.05	27.2716	0.0298045	
364.612	-0.0209527	0.00270196	0.00982074	0.0211262	0.0988863	172.652	26.6346	0.0298045	
364.618	-0.0205279	-0.00707167	0.00982074	0.0217118	0.0868262	199.008	25.9162	0.0298045	
364.624	-0.0152953	-0.0158712	0.00982084	0.0220418	0.0805685	226.059	25.5284	0.0298048	
364.63	-0.00659144	-0.0214003	0.00982082	0.0223924	0.074317	252.881	25.1287	0.0298048	
364.636	0.00369011	-0.0223871	0.0098209	0.0226892	0.0693405	279.36	24.8002	0.029805	
364.642	0.0135626	-0.0184249	0.00982087	0.0228784	0.0663074	306.357	24.595	0.0298049	
364.648	0.0205339	-0.0103287	0.00982088	0.0229853	0.0646443	333.297	24.4807	0.0298049	
364.654	0.023021	6.32928e-05	0.00982095	0.0230211	0.0640968	0.157526	24.4427	0.0298052	
364.66	0.0204093	0.0104703	0.00982103	0.0229383	0.0653764	27.1584	24.5311	0.0298054	
364.666	0.0134298	0.0184426	0.00982095	0.0228142	0.0673268	53.9382	24.6644	0.0298052	
364.672	0.00351976	0.0223174	0.00982085	0.0225932	0.0709179	81.0375	24.9054	0.0298049	
364.678	-0.00690754	0.0211829	0.0098209	0.0222807	0.0762674	108.061	25.2548	0.029805	
364.684	-0.0154888	0.0155254	0.00982101	0.0219303	0.0826491	134.932	25.6586	0.0298053	
364.69	-0.0204368	0.00664477	0.00982096	0.0214899	0.0912596	161.989	26.1843	0.0298052	
364.696	-0.0207344	-0.00333829	0.00982106	0.0210014	0.101633	189.146	26.7937	0.0298055	
364.702	-0.0164921	-0.0120298	0.00982103	0.0204134	0.115307	216.108	27.5655	0.0298054	
364.708	-0.00885837	-0.0176626	0.00982105	0.0197595	0.132129	243.365	28.4777	0.0298055	
364.714	0.000160926	-0.0189931	0.00982104	0.0189937	0.154101	270.485	29.6258	0.0298054	
364.72	0.00849198	-0.0161016	0.00982095	0.0182037	0.179454	297.807	30.9113	0.0298051	
364.726	0.0142359	-0.0099193	0.00982093	0.0173509	0.209998	325.132	32.4305	0.0298051	
364.732	0.0162821	-0.00221966	0.0098209	0.0164327	0.24663	352.237	34.2424	0.029805	
364.738	0.0145749	0.00521088	0.00982083	0.0154784	0.288802	19.6732	36.3534	0.0298048	
364.744	0.00988754	0.0105973	0.00982088	0.0144937	0.336555	46.9844	38.8235	0.0298049	
364.75	0.00357889	0.0129204	0.00982087	0.0134069	0.393842	74.5175	41.9706	0.0298049	
364.756	-0.0026169	0.0119868	0.00982094	0.0122692	0.458242	102.315	45.8628	0.0298051	
364.762	-0.00716631	0.00852762	0.00982104	0.011139	0.525609	130.043	50.5168	0.0298054	
364.768	-0.00924008	0.00372954	0.00982094	0.00996436	0.597674	158.02	56.4711	0.0298051	
364.774	-0.00877326	-0.000887913	0.00982095	0.00881808	0.668247	185.779	63.812	0.0298052	
364.78	-0.00628215	-0.00427952	0.00982085	0.0076013	0.741163	214.263	74.0259	0.0298049	
364.786	-0.00291204	-0.00576265	0.00982084	0.00645663	0.805643	243.191	87.1496	0.0298048	
364.792	0.000266787	-0.00522664	0.00982058	0.00523344	0.867626	272.922	107.516	0.029804	
364.798	0.00227879	-0.00339487	0.00982047	0.00408877	0.916975	303.871	137.614	0.0298037	
364.804	0.00268975	-0.00115822	0.00982058	0.00292852	0.956512	336.703	192.137	0.029804	
364.81	0.00178495	0.000597925	0.00982062	0.00188244	0.981797	18.5199	298.911	0.0298042	
364.816	0.000193929	0.00118026	0.00982065	0.00119608	0.992611	80.6691	470.437	0.0298042	
364.822	-0.00122457	0.000442173	0.00982071	0.00130195	0.991251	160.146	432.185	0.0298044	
364.828	-0.00181877	-0.00140846	0.00982082	0.00230037	0.97294	217.754	244.61	0.0298048	
364.834	-0.000931206	-0.00278308	0.00982063	0.00293474	0.956331	251.5	191.731	0.0298042	
364.84	0.000861167	-0.0038175	0.00982059	0.00391343	0.923672	282.712	143.781	0.029804	
364.846	0.00326185	-0.00356898	0.0098207	0.00483501	0.885863	312.426	116.377	0.0298044	
364.852	0.00538987	-0.00176491	0.0098207	0.00567147	0.846408	341.869	99.2131	0.0298044	
364.858	0.00638463	0.001205	0.00982075	0.00649734	0.80344	10.688	86.6027	0.0298046	
364.864	0.00569015	0.0045165	0.00982058	0.00726475	0.760626	38.4404	77.4532	0.029804	
364.87	0.00319096	0.00723386	0.00982055	0.00790639	0.723191	66.197	71.1673	0.029804	
364.876	-0.000598712	0.00849585	0.00982063	0.00851692	0.686562	94.031	66.0662	0.0298042	
364.882	-0.00469785	0.00778121	0.00982063	0.0090894	0.651607	121.121	61.9051	0.0298042	
364.888	-0.00815853	0.0050109	0.00982064	0.00957448	0.621731	148.442	58.7689	0.0298042	
364.894	-0.00997724	0.000731388	0.0098207	0.010004	0.595211	175.807	56.2459	0.0298044	
364.9	-0.00958918	-0.00401276	0.00982074	0.0103949	0.571108	202.708	54.1309	0.0298045	
364.906	-0.00692122	-0.00815671	0.00982065	0.0106974	0.55252	229.684	52.5997	0.0298042	
364.912	-0.00254257	-0.0106165	0.00982066	0.0109167	0.539112	256.532	51.5433	0.0298043	
364.918	0.00254743	-0.0108152	0.00982075	0.0111111	0.527278	283.254	50.6417	0.0298045	
364.924	0.00722156	-0.00855616	0.00982072	0.0111964	0.522104	310.165	50.2561	0.0298044	
364.93	0.0103528	-0.00446243	0.00982082	0.0112736	0.517436	336.682	49.9123	0.0298048	
364.936	0.0112336	0.000643675	0.0098208	0.011252	0.518739	3.27941	50.0079	0.0298047	
364.942	0.00972286	0.00553345	0.00982067	0.0111872	0.522658	29.645	50.2971	0.0298043	
364.948	0.00625049	0.00914796	0.00982067	0.0110794	0.5292	55.6566	50.7863	0.0298043	
364.954	0.00146523	0.010882	0.00982065	0.0109802	0.535239	82.3314	51.2452	0.0298042	
364.96	-0.00336604	0.0102604	0.00982062	0.0107985	0.546333	108.163	52.1075	0.0298042	
364.966	-0.00736669	0.00760788	0.00982072	0.01059	0.559116	134.077	53.1337	0.0298045	
364.972	-0.00976762	0.00357602	0.00982073	0.0104017	0.570694	159.892	54.0959	0.0298045	
364.978	-0.0101168	-0.00101581	0.00982087	0.0101677	0.585123	185.734	55.3416	0.0298049	
364.984	-0.00843464	-0.00512558	0.00982095	0.00986989	0.603508	211.286	57.0117	0.0298051	
364.99	-0.00522617	-0.00806346	0.00982087	0.00960896	0.619616	237.052	58.5593	0.0298049	
364.996	-0.00120702	-0.00917035	0.00982079	0.00924944	0.641777	262.502	60.835	0.0298047	
365.002	0.00274711	-0.00854808	0.00982086	0.00897866	0.658414	287.816	62.6701	0.0298049	
365.008	0.00588021	-0.00630902	0.00982089	0.00862442	0.680048	312.985	65.2445	0.029805	
365.014	0.00775752	-0.00303351	0.00982068	0.00832954	0.697892	338.642	67.5528	0.0298043	
365.02	0.007933	0.000556196	0.00982072	0.00795247	0.720464	4.01054	70.7561	0.0298045	
365.026	0.00661462	0.00373831	0.00982081	0.0075979	0.741359	29.4733	74.0587	0.0298047	
365.032	0.00413871	0.00590243	0.00982083	0.00720886	0.763833	54.9623	78.0556	0.0298048	
365.038	0.00115207	0.00673971	0.00982077	0.00683747	0.78477	80.2997	82.295	0.0298046	
365.044	-0.00176893	0.00622092	0.00982088	0.00646754	0.805056	105.873	87.003	0.0298049	
365.05	-0.00401349	0.00454636	0.00982095	0.00606445	0.826419	131.438	92.7865	0.0298051	
365.056	-0.00523681	0.00216044	0.00982094	0.00566495	0.846739	157.581	99.3298	0.0298051	
365.062	-0.00521714	-0.000325879	0.00982089	0.0052273	0.867923	183.574	107.645	0.029805	
365.068	-0.00412586	-0.00237394	0.00982075	0.00476007	0.889172	209.915	118.21	0.0298045	
365.074	-0.00233113	-0.003521	0.00982053	0.00422275	0.911698	236.493	133.248	0.0298039	
365.08	-0.000426349	-0.00367406	0.00982058	0.00369871	0.931532	263.381	152.128	0.029804	
365.086	0.00113168	-0.00287134	0.00982049	0.0030863	0.951816	291.511	182.313	0.0298037	
365.092	0.00197476	-0.0015878	0.00982039	0.00253393	0.967259	321.199	222.053	0.0298035	
365.098	0.00189773	-0.00019381	0.00982038	0.0019076	0.981311	354.169	294.961	0.0298034	
365.104	0.00110786	0.000682201	0.00982042	0.00130106	0.991262	31.624	432.469	0.0298035	
365.11	5.412e-05	0.000802284	0.00982052	0.000804107	0.996653	86.1408	699.751	0.0298038	
365.116	-0.000798891	0.000173522	0.00982051	0.000817518	0.996541	167.745	688.27	0.0298038	
365.122	-0.000986318	-0.000948321	0.00982062	0.00136826	0.990341	223.875	411.238	0.0298042	
365.128	-0.000294717	-0.00205977	0.00982073	0.00208075	0.977805	261.857	270.425	0.0298045	
365.134	0.00121197	-0.00260604	0.00982091	0.00287408	0.958082	294.941	195.783	0.029805	
365.14	0.0030127	-0.0020762	0.00982086	0.00365882	0.932954	325.427	153.791	0.0298049	
365.146	0.00444263	-0.000472164	0.00982086	0.00446765	0.9017	353.933	125.948	0.0298049	
365.152	0.0048962	0.00202342	0.00982091	0.00529783	0.86459	22.4535	106.213	0.029805	
365.158	0.00389539	0.00472641	0.00982089	0.00612479	0.823272	50.5055	91.8718	0.029805	
365.164	0.00135474	0.00676042	0.00982089	0.00689482	0.781577	78.6684	81.6113	0.029805	
365.17	-0.00220592	0.00733458	0.00982081	0.00765912	0.737778	106.739	73.4668	0.0298047	
365.176	-0.00592129	0.00599849	0.00982096	0.00842874	0.691918	134.629	66.7596	0.0298052	
365.182	-0.00873849	0.00274364	0.00982081	0.00915908	0.647336	162.569	61.4353	0.0298047	
365.188	-0.00967633	-0.00178188	0.00982086	0.00983903	0.605409	190.434	57.19	0.0298049	
365.194	-0.00823624	-0.00655972	0.00982102	0.0105293	0.562864	218.535	53.4418	0.0298054	
365.2	-0.0044259	-0.01019	0.0098211	0.0111097	0.52739	246.523	50.6501	0.0298056	
365.206	0.000950049	-0.011568	0.0098211	0.0116069	0.497398	274.695	48.4804	0.0298056	
365.212	0.00652586	-0.0101066	0.00982118	0.0120304	0.47225	302.85	46.7741	0.0298058	
365.218	0.0107762	-0.00599342	0.00982114	0.0123308	0.45467	330.918	45.6346	0.0298057	
365.224	0.0126262	-0.000151935	0.00982106	0.0126272	0.43756	359.311	44.5631	0.0298055	
365.23	0.0113439	0.0059818	0.0098212	0.0128244	0.426331	27.8034	43.8783	0.0298059	
365.236	0.00715244	0.0107775	0.00982104	0.0129349	0.420071	56.4301	43.5026	0.0298054	
365.242	0.00107911	0.012936	0.00982087	0.0129809	0.417475	85.2314	43.3479	0.0298049	
365.248	-0.00525301	0.0118418	0.00982101	0.0129546	0.418963	113.922	43.4365	0.0298053	
365.254	-0.0102204	0.00772191	0.00982084	0.0128095	0.427146	142.928	43.9276	0.0298048	
365.26	-0.0124919	0.00168429	0.00982092	0.0126049	0.438825	172.321	44.6411	0.0298051	
365.266	-0.0114762	-0.00454974	0.00982079	0.0123452	0.453808	201.626	45.5797	0.0298047	
365.272	-0.00739078	-0.00937187	0.00982052	0.0119355	0.477805	231.74	47.143	0.0298038	
365.278	-0.00161759	-0.0113872	0.00982052	0.0115016	0.503674	261.915	48.9216	0.0298038	
365.284	0.00422196	-0.0101199	0.00982061	0.0109653	0.536143	292.646	51.3145	0.0298041	
365.29	0.00834101	-0.00618362	0.00982061	0.0103831	0.571826	323.449	54.1917	0.0298041	
365.296	0.00974421	-0.000802636	0.00982057	0.00977721	0.609209	355.291	57.5499	0.029804	
365.302	0.00811933	0.00426252	0.00982064	0.0091702	0.646642	27.6987	61.3597	0.0298042	
365.308	0.00410843	0.00751915	0.00982068	0.00856836	0.683443	61.348	65.6699	0.0298043	
365.314	-0.000774587	0.00803266	0.00982078	0.00806992	0.713473	95.508	69.7267	0.0298046	
365.32	-0.00498699	0.00570506	0.00982086	0.00757745	0.742555	131.158	74.259	0.0298049	
365.326	-0.00709073	0.00154967	0.0098208	0.00725809	0.761017	167.672	77.5259	0.0298047	
365.332	-0.00643296	-0.00297988	0.00982087	0.00708962	0.770616	204.855	79.3688	0.0298049	
365.338	-0.00328385	-0.00629718	0.00982074	0.00710198	0.76991	242.459	79.2296	0.0298045	
365.344	0.00122488	-0.00719332	0.00982084	0.00729686	0.758796	279.664	77.1144	0.0298048	
365.35	0.00553842	-0.00530119	0.0098209	0.0076666	0.737345	316.254	73.3958	0.029805	
365.356	0.00809914	-0.00114209	0.00982086	0.00817926	0.706935	351.973	68.7952	0.0298049	
365.362	0.00780801	0.0039712	0.00982097	0.00875988	0.671801	26.9582	64.2361	0.0298052	
365.368	0.0046334	0.00820934	0.00982088	0.00942664	0.630865	60.5594	59.692	0.0298049	
365.374	-0.000624696	0.010048	0.00982087	0.0100674	0.59131	93.5576	55.8929	0.0298049	
365.38	-0.00628883	0.00872525	0.00982098	0.0107554	0.54899	125.783	52.3178	0.0298053	
365.386	-0.0105461	0.00436279	0.00982076	0.0114129	0.509025	157.526	49.3029	0.0298046	
365.392	-0.0118701	-0.00183901	0.00982063	0.0120117	0.473312	188.807	46.8443	0.0298042	
365.398	-0.00958468	-0.008015	0.00982069	0.0124942	0.445173	219.903	45.0355	0.0298044	
365.404	-0.00434496	-0.0121772	0.00982074	0.0129291	0.420377	250.363	43.5209	0.0298045	
365.41	0.00255029	-0.013082	0.00982073	0.0133282	0.398147	281.031	42.2176	0.0298045	
365.416	0.00899661	-0.0101857	0.00982075	0.01359	0.383869	311.453	41.4046	0.0298046	
365.422	0.0131164	-0.00429862	0.00982081	0.0138028	0.372444	341.855	40.7663	0.0298047	
365.428	0.0136134	0.00297413	0.0098208	0.0139345	0.36546	12.3239	40.3812	0.0298047	
365.434	0.0102325	0.0094704	0.00982082	0.0139425	0.365038	42.7849	40.358	0.0298048	
365.44	0.0040092	0.0132111	0.0098209	0.0138061	0.372277	73.1185	40.7571	0.029805	
365.446	-0.00328541	0.0132943	0.00982079	0.0136943	0.378251	103.881	41.0895	0.0298047	
365.452	-0.00942192	0.00957247	0.00982073	0.0134315	0.392485	134.546	41.8931	0.0298045	
365.458	-0.0126785	0.00315978	0.00982079	0.0130663	0.41268	166.006	43.0641	0.0298047	
365.464	-0.0120923	-0.00374975	0.00982066	0.0126603	0.435633	197.228	44.4446	0.0298043	
365.47	-0.00796275	-0.00926934	0.00982071	0.0122199	0.4611	229.336	46.0466	0.0298044	
365.476	-0.00169212	-0.0116073	0.00982079	0.01173	0.490024	261.706	47.9702	0.0298047	
365.482	0.00470594	-0.0102585	0.00982086	0.0112864	0.516667	294.643	49.8561	0.0298049	
365.488	0.00927205	-0.00572102	0.00982095	0.010895	0.540456	328.325	51.6475	0.0298052	
365.494	0.0105261	0.000439709	0.00982086	0.0105353	0.562484	2.39203	53.4104	0.0298049	
365.5	0.00815337	0.00624082	0.00982079	0.0102677	0.57895	37.4314	54.802	0.0298047	
365.506	0.00300722	0.00971676	0.00982082	0.0101715	0.584884	72.8033	55.3206	0.0298048	
365.512	-0.00319907	0.00972301	0.00982082	0.0102358	0.580919	108.212	54.9731	0.0298048	
365.518	-0.00836153	0.00611275	0.00982089	0.0103576	0.573413	143.831	54.3266	0.029805	
365.524	-0.0106672	0.000254656	0.00982088	0.0106702	0.554202	178.632	52.735	0.0298049	
365.53	-0.00930514	-0.0061391	0.00982084	0.0111478	0.525057	213.415	50.4755	0.0298048	
365.536	-0.00451752	-0.0108119	0.00982068	0.0117177	0.490747	247.323	48.0198	0.0298043	
365.542	0.00223363	-0.0121291	0.0098207	0.012333	0.454508	280.434	45.6242	0.0298044	
365.548	0.0088759	-0.0095471	0.00982066	0.0130357	0.414385	312.914	43.1648	0.0298043	
365.554	0.0132538	-0.00364361	0.00982058	0.0137455	0.375488	344.629	40.9354	0.029804	
365.56	0.0139045	0.00390879	0.00982048	0.0144435	0.339066	15.7015	38.9567	0.0298037	
365.566	0.0104029	0.0109544	0.00982065	0.0151069	0.306311	46.4794	37.2466	0.0298043	
365.572	0.00364792	0.0152817	0.00982073	0.015711	0.278134	76.574	35.8147	0.0298045	
365.578	-0.00457074	0.0155721	0.00982093	0.0162291	0.255285	106.358	34.6722	0.0298051	
365.584	-0.0119944	0.0115745	0.00982093	0.0166683	0.23686	136.021	33.7585	0.0298051	
365.59	-0.0164984	0.00433583	0.00982099	0.0170586	0.22124	165.275	32.9863	0.0298053	
365.596	-0.0167997	-0.00434492	0.00982093	0.0173525	0.209937	194.501	32.4275	0.0298051	
365.602	-0.0127835	-0.0119736	0.00982099	0.0175153	0.203853	223.126	32.1263	0.0298053	
365.608	-0.00550521	-0.016724	0.00982112	0.0176068	0.200492	251.78	31.9597	0.0298057	
365.614	0.00311441	-0.0172071	0.0098209	0.0174866	0.20491	280.259	32.1787	0.029805	
365.62	0.0107672	-0.0135609	0.0098209	0.0173156	0.211333	308.449	32.4965	0.029805	
365.626	0.0155988	-0.0068115	0.00982093	0.0170212	0.222705	336.411	33.0587	0.0298051	
365.632	0.0165865	0.00120152	0.00982083	0.01663	0.238425	4.14324	33.8359	0.0298048	
365.638	0.0136584	0.00855049	0.00982092	0.0161141	0.260254	32.0475	34.9196	0.0298051	
365.644	0.00781575	0.0133562	0.00982081	0.015475	0.288959	59.6649	36.3613	0.0298047	
365.65	0.000817846	0.014702	0.00982085	0.0147247	0.324977	86.816	38.2142	0.0298048	
365.656	-0.00568974	0.012742	0.0098207	0.0139547	0.364386	114.062	40.3223	0.0298044	
365.662	-0.0101209	0.00829006	0.00982059	0.0130827	0.411749	140.679	43.0093	0.0298041	
365.668	-0.0118278	0.00261519	0.00982058	0.0121134	0.467325	167.532	46.4507	0.029804	
365.674	-0.0108137	-0.00257102	0.00982058	0.0111152	0.527023	193.374	50.6226	0.029804	
365.68	-0.00770791	-0.0064372	0.00982081	0.0100424	0.592849	219.867	56.0316	0.0298047	
365.686	-0.00374614	-0.00815976	0.0098207	0.0089786	0.658409	245.34	62.6696	0.0298044	
365.692	3.00381e-05	-0.00788922	0.00982065	0.00788928	0.72421	270.218	71.3223	0.0298043	
365.698	0.00281081	-0.0061964	0.00982074	0.00680412	0.786621	294.4	82.6979	0.0298045	
365.704	0.00426055	-0.00394684	0.00982079	0.00580774	0.839574	317.189	96.8862	0.0298047	
365.71	0.00447242	-0.00178683	0.00982074	0.00481615	0.8867	338.222	116.833	0.0298045	
365.716	0.00398131	-0.000246063	0.0098208	0.0039889	0.920824	356.463	141.064	0.0298047	
365.722	0.00331423	0.000648418	0.00982062	0.00337706	0.942589	11.0699	166.618	0.0298042	
365.728	0.00266114	0.00104234	0.00982065	0.00285799	0.958538	21.3898	196.88	0.0298043	
365.734	0.00231059	0.00121603	0.00982061	0.00261104	0.965273	27.7572	215.5	0.0298041	
365.74	0.00224868	0.00161895	0.00982055	0.00277084	0.960978	35.7523	203.07	0.0298039	
365.746	0.00212204	0.00234473	0.00982067	0.00316241	0.949474	47.8541	177.929	0.0298043	
365.752	0.00155576	0.00324829	0.00982062	0.00360164	0.934961	64.4081	156.229	0.0298041	
365.758	0.000328283	0.00400003	0.00982025	0.00401348	0.919877	85.3082	140.192	0.029803	
365.764	-0.00117542	0.0043451	0.00982074	0.00450128	0.900289	105.137	125.006	0.0298045	
365.77	-0.00294444	0.00394085	0.00982076	0.00491936	0.882093	126.766	114.383	0.0298046	
365.776	-0.00454387	0.00261561	0.00982081	0.00524292	0.867186	150.074	107.324	0.0298047	
365.782	-0.0054412	0.000664965	0.00982078	0.00548168	0.855749	173.032	102.649	0.0298046	
365.788	-0.00543678	-0.00161308	0.00982062	0.00567103	0.846428	196.525	99.2201	0.0298042	
365.794	-0.0044057	-0.00371214	0.00982048	0.00576109	0.841917	220.117	97.6676	0.0298037	
365.8	-0.00263329	-0.00524065	0.00982053	0.00586504	0.83666	243.322	95.9371	0.0298039	
365.806	-0.000367101	-0.00585549	0.00982061	0.00586699	0.836563	266.413	95.906	0.0298041	
365.812	0.00191357	-0.00549339	0.0098205	0.00581714	0.83909	289.205	96.7268	0.0298038	
365.818	0.00386148	-0.00436388	0.00982057	0.00582705	0.83859	311.505	96.563	0.029804	
365.824	0.00522311	-0.00258999	0.00982053	0.00583	0.83844	333.625	96.5137	0.0298039	
365.83	0.00574558	-0.000433906	0.00982056	0.00576194	0.841877	355.681	97.6539	0.029804	
365.836	0.00552287	0.00170498	0.0098206	0.00578005	0.840966	17.1561	97.3484	0.0298041	
365.842	0.00447978	0.00362313	0.0098205	0.00576155	0.841895	38.965	97.66	0.0298038	
365.848	0.00287031	0.00510734	0.00982057	0.00585863	0.836987	60.6641	96.0424	0.029804	
365.854	0.000770807	0.00593065	0.00982051	0.00598053	0.830747	82.5948	94.0843	0.0298038	
365.86	-0.00158207	0.00590709	0.00982058	0.00611528	0.823758	104.993	92.0118	0.029804	
365.866	-0.00390103	0.00499067	0.00982054	0.00633442	0.812188	128.013	88.8282	0.0298039	
365.872	-0.00572932	0.00308912	0.00982019	0.00650905	0.802786	151.667	86.442	0.0298029	
365.878	-0.00665534	0.00046298	0.00982047	0.00667142	0.793938	176.021	84.3406	0.0298037	
365.884	-0.00632045	-0.00236115	0.00982041	0.00674708	0.789767	200.484	83.3943	0.0298035	
365.89	-0.00479584	-0.00510418	0.00982025	0.00700377	0.77544	226.784	80.3365	0.029803	
365.896	-0.00200818	-0.00678298	0.00982025	0.00707401	0.771475	253.508	79.5389	0.029803	
365.902	0.00128001	-0.00701393	0.00982019	0.00712977	0.768311	280.342	78.9164	0.0298028	
365.908	0.00435565	-0.00563573	0.00982019	0.00712272	0.768711	307.699	78.9945	0.0298028	
365.914	0.00650222	-0.00288613	0.00982008	0.00711398	0.769203	336.065	79.0906	0.0298025	
365.92	0.00703528	0.000673077	0.00982022	0.00706741	0.771847	5.46494	79.6129	0.0298029	
365.926	0.00568687	0.00410204	0.0098203	0.00701194	0.774982	35.8035	80.2434	0.0298032	
365.932	0.00271807	0.00638503	0.00982038	0.00693949	0.779057	66.9408	81.0818	0.0298034	
365.938	-0.0010585	0.00685862	0.00982038	0.00693982	0.779038	98.7733	81.0779	0.0298034	
365.944	-0.00460283	0.0051546	0.00982031	0.00691057	0.780674	131.763	81.4206	0.0298032	
365.95	-0.00670061	0.00174572	0.0098204	0.00692429	0.779909	165.397	81.26	0.0298035	
365.956	-0.00669419	-0.00235049	0.00982032	0.00709486	0.770297	199.347	79.3057	0.0298032	
365.962	-0.00434632	-0.00591978	0.00982054	0.00734399	0.756073	233.714	76.6171	0.0298039	
365.968	-0.000247275	-0.0076782	0.00982046	0.00768218	0.736411	268.155	73.2437	0.0298037	
365.974	0.00440372	-0.00698139	0.00982039	0.00825424	0.70241	302.243	68.167	0.0298034	
365.98	0.00806388	-0.00365113	0.0098202	0.00885194	0.666135	335.64	63.563	0.0298029	
365.986	0.00944836	0.00133749	0.00982042	0.00954255	0.623688	8.05713	58.9642	0.0298036	
365.992	0.00793529	0.00663622	0.00982032	0.0103445	0.574188	39.9055	54.3926	0.0298032	
365.998	0.0036008	0.0105747	0.00982046	0.011171	0.523626	71.1958	50.3689	0.0298037	
366.004	-0.0024929	0.0117999	0.0098204	0.0120604	0.47043	101.929	46.6542	0.0298035	
366.01	-0.00869304	0.00953931	0.00982052	0.0129061	0.42166	132.342	43.5976	0.0298039	
366.016	-0.0130509	0.00431242	0.00982045	0.0137449	0.37551	161.715	40.9366	0.0298036	
366.022	-0.0142662	-0.00274681	0.00982056	0.0145283	0.334784	190.898	38.7298	0.029804	
366.028	-0.0116845	-0.00982846	0.00982043	0.0152684	0.298602	220.069	36.8518	0.0298036	
366.034	-0.00578807	-0.0148297	0.00982058	0.0159192	0.268789	248.679	35.3458	0.029804	
366.04	0.00202072	-0.0163052	0.00982054	0.0164299	0.246721	277.065	34.2469	0.0298039	
366.046	0.00968461	-0.0136598	0.00982059	0.0167446	0.233729	305.336	33.6036	0.0298041	
366.052	0.0152159	-0.00774744	0.00982061	0.0170747	0.220585	333.016	32.954	0.0298041	
366.058	0.0171892	0.00023345	0.00982069	0.0171908	0.21609	0.7781	32.7318	0.0298044	
366.064	0.0151171	0.00809681	0.00982076	0.0171489	0.217713	28.1738	32.812	0.0298046	
366.07	0.00961385	0.0139211	0.00982074	0.0169181	0.226766	55.3712	33.2594	0.0298045	
366.076	0.0022304	0.0163988	0.0098208	0.0165498	0.241734	82.2547	33.9998	0.0298047	
366.082	-0.00516305	0.0151066	0.00982077	0.0159645	0.266797	108.869	35.2462	0.0298046	
366.088	-0.0107669	0.0107653	0.00982069	0.0152255	0.300653	135.004	36.9566	0.0298044	
366.094	-0.0134705	0.00478066	0.00982062	0.0142937	0.34673	160.46	39.3656	0.0298042	
366.1	-0.0131704	-0.00123576	0.00982061	0.0132282	0.403659	185.36	42.5363	0.0298041	
366.106	-0.0105072	-0.00589603	0.00982076	0.0120485	0.471158	209.299	46.7021	0.0298046	
366.112	-0.00667226	-0.00846438	0.00982066	0.010778	0.547589	231.752	52.2067	0.0298043	
366.118	-0.00288539	-0.00900104	0.0098206	0.0094522	0.629273	252.226	59.5289	0.0298041	
366.124	-0.000132073	-0.00830258	0.0098209	0.00830363	0.699465	269.089	67.7651	0.029805	
366.13	0.00163466	-0.0072094	0.00982088	0.0073924	0.753297	282.775	76.1181	0.0298049	
366.136	0.00269394	-0.00652834	0.00982085	0.00706234	0.772159	292.424	79.6752	0.0298048	
366.142	0.00391681	-0.0063897	0.00982088	0.00749465	0.747376	301.508	75.0796	0.0298049	
366.148	0.00589842	-0.00631294	0.00982085	0.00863971	0.679116	313.056	65.1288	0.0298049	
366.154	0.0088081	-0.00535708	0.00982081	0.0103093	0.576389	328.692	54.5811	0.0298047	
366.16	0.0121372	-0.00260877	0.00982082	0.0124144	0.449795	347.869	45.3257	0.0298048	
366.166	0.0145126	0.0023908	0.00982066	0.0147082	0.325784	9.35486	38.2564	0.0298043	
366.172	0.0144655	0.00923089	0.00982079	0.0171599	0.217288	32.5431	32.791	0.0298047	
366.178	0.0107518	0.0164901	0.00982076	0.0196856	0.134124	56.895	28.5837	0.0298046	
366.184	0.00313236	0.0219836	0.00982084	0.0222056	0.0775967	81.8907	25.3401	0.0298048	
366.19	-0.00743279	0.0235774	0.00982081	0.0247213	0.0420779	107.497	22.7614	0.0298047	
366.196	-0.0187879	0.0196909	0.00982086	0.0272161	0.0214951	133.656	20.675	0.0298049	
366.202	-0.0277603	0.0101603	0.00982072	0.0295612	0.0107773	159.897	19.0346	0.0298045	
366.208	-0.0316668	-0.00365231	0.00982087	0.0318767	0.00515567	186.579	17.6522	0.0298049	
366.214	-0.028497	-0.0186128	0.00982076	0.034037	0.00246406	213.151	16.5317	0.0298046	
366.22	-0.0178908	-0.0312038	0.00982081	0.0359689	0.0012223	240.172	15.6438	0.0298047	
366.226	-0.00181449	-0.0377322	0.00982079	0.0377758	0.000612587	267.247	14.8955	0.0298047	
366.232	0.0162183	-0.0358703	0.00982092	0.0393664	0.000324338	294.329	14.2938	0.0298051	
366.238	0.0319557	-0.0252836	0.00982078	0.0407483	0.000182655	321.649	13.8089	0.0298046	
366.244	0.0411287	-0.00809599	0.00982084	0.041918	0.000110659	348.864	13.4237	0.0298048	
366.25	0.041194	0.0120256	0.00982077	0.0429134	7.14185e-05	16.2739	13.1122	0.0298046	
366.256	0.0314794	0.0301464	0.00982081	0.0435862	5.2822e-05	43.7609	12.9098	0.0298047	
366.262	0.014152	0.0416489	0.00982068	0.0439876	4.40115e-05	71.2326	12.7919	0.0298043	
366.268	-0.00678783	0.0436192	0.00982059	0.0441442	4.09648e-05	98.8452	12.7464	0.0298041	
366.274	-0.0261079	0.0354581	0.00982079	0.0440329	4.31199e-05	126.364	12.7788	0.0298047	
366.28	-0.0392533	0.0190918	0.00982089	0.04365	5.13294e-05	154.063	12.8911	0.029805	
366.286	-0.0430405	-0.0013781	0.00982081	0.0430625	6.68299e-05	181.834	13.0668	0.0298047	
366.292	-0.0367117	-0.0208113	0.0098206	0.0422003	9.77982e-05	209.548	13.3335	0.0298041	
366.298	-0.0221201	-0.0346042	0.00982058	0.0410701	0.000159299	237.412	13.7004	0.029804	
366.304	-0.00331102	-0.0395584	0.00982054	0.0396967	0.00028309	265.216	14.1744	0.0298039	
366.31	0.0150437	-0.0351222	0.00982049	0.0382084	0.000516362	293.187	14.7264	0.0298037	
366.316	0.0284366	-0.0227867	0.00982057	0.03644	0.00102383	321.294	15.4412	0.029804	
366.322	0.0339155	-0.00634847	0.00982051	0.0345045	0.00208624	349.398	16.3073	0.0298038	
366.328	0.0308435	0.00983155	0.00982066	0.0323725	0.00436986	17.68	17.3815	0.0298043	
366.334	0.0208605	0.0216992	0.00982069	0.0301001	0.00912237	46.129	18.6937	0.0298044	
366.34	0.00742739	0.0268118	0.00982069	0.0278215	0.0180828	74.5162	20.2248	0.0298044	
366.346	-0.00579854	0.0247487	0.00982063	0.025419	0.0350948	103.186	22.1363	0.0298042	
366.352	-0.0154005	0.0170525	0.00982058	0.0229775	0.0647539	132.086	24.4882	0.029804	
366.358	-0.0193847	0.00650052	0.00982063	0.0204456	0.114502	161.462	27.5208	0.0298042	
366.364	-0.0175961	-0.0034809	0.00982057	0.0179371	0.188619	191.19	31.3694	0.029804	
366.37	-0.0116115	-0.0101801	0.00982065	0.0154422	0.290468	221.242	36.4378	0.0298042	
366.376	-0.00392395	-0.0124355	0.00982063	0.0130399	0.414146	252.487	43.1507	0.0298042	
366.382	0.00275849	-0.0104206	0.00982085	0.0107795	0.547507	284.827	52.2002	0.0298048	
366.388	0.00650969	-0.00561168	0.0098207	0.00859459	0.681851	319.237	65.4696	0.0298044	
366.394	0.0066992	-0.000347982	0.00982076	0.00670823	0.791924	357.027	83.8803	0.0298046	
366.4	0.00400651	0.00339931	0.00982062	0.00525428	0.866645	40.3128	107.09	0.0298042	
366.406	-5.28358e-05	0.00434296	0.00982055	0.00434328	0.906831	90.697	129.551	0.0298039	
366.412	-0.0034869	0.00251495	0.00982069	0.00429924	0.908625	144.199	130.88	0.0298044	
366.418	-0.00488559	-0.00108733	0.00982063	0.00500513	0.878206	192.547	112.421	0.0298042	
366.424	-0.0034567	-0.0046899	0.00982052	0.00582614	0.838635	233.608	96.5775	0.0298038	
366.43	9.42753e-05	-0.00683177	0.0098205	0.00683242	0.78504	270.791	82.3534	0.0298038	
366.436	0.004368	-0.00633977	0.00982041	0.00769884	0.735431	304.566	73.0848	0.0298035	
366.442	0.00778883	-0.00331531	0.00982049	0.00846505	0.689697	336.943	66.4701	0.0298038	
366.448	0.00894666	0.00131065	0.00982044	0.00904215	0.654497	8.33432	62.2274	0.0298036	
366.454	0.00728618	0.00600532	0.00982028	0.00944205	0.629879	39.4956	59.5909	0.0298031	
366.46	0.0033146	0.00915745	0.00982052	0.00973887	0.611574	70.1019	57.7762	0.0298038	
366.466	-0.00184882	0.0095323	0.00982045	0.00970994	0.613356	100.976	57.9479	0.0298036	
366.472	-0.00637818	0.00723705	0.00982051	0.00964656	0.617273	131.39	58.329	0.0298038	
366.478	-0.00892226	0.00289121	0.00982071	0.00937901	0.633791	162.045	59.9941	0.0298044	
366.484	-0.00873884	-0.00218414	0.00982053	0.00900765	0.656619	194.033	62.4664	0.0298039	
366.49	-0.00589645	-0.00604819	0.00982059	0.00844682	0.690805	225.728	66.6142	0.0298041	
366.496	-0.00141813	-0.00761556	0.00982067	0.00774647	0.732643	259.452	72.6373	0.0298043	
366.502	0.00282759	-0.00658798	0.00982069	0.00716915	0.766092	293.229	78.4868	0.0298044	
366.508	0.00555299	-0.00336571	0.00982068	0.00649336	0.803653	328.78	86.6553	0.0298043	
366.514	0.00593164	0.000715748	0.00982059	0.00597467	0.831051	6.88039	94.1773	0.0298041	
366.52	0.00377805	0.00408792	0.00982068	0.0055664	0.851605	47.2559	101.086	0.0298043	
366.526	5.91464e-05	0.00496915	0.00982057	0.0049695	0.879824	89.3181	113.226	0.029804	
366.532	-0.00344171	0.00410152	0.00982048	0.00535423	0.86189	130.001	105.089	0.0298037	
366.538	-0.00560371	0.000769433	0.00982046	0.00565629	0.847156	172.182	99.477	0.0298037	
366.544	-0.00542754	-0.00329259	0.00982055	0.00634817	0.811454	211.243	88.6359	0.0298039	
366.55	-0.00269806	-0.00649586	0.00982049	0.0070339	0.773751	247.444	79.9943	0.0298037	
366.556	0.0018242	-0.0076748	0.00982059	0.00788862	0.724246	283.37	71.3279	0.0298041	
366.562	0.00636205	-0.00600257	0.00982062	0.0087468	0.67258	316.665	64.3298	0.0298042	
366.568	0.00941378	-0.00182041	0.00982057	0.00958818	0.620881	349.055	58.6845	0.029804	
366.574	0.00975705	0.00365632	0.00982056	0.0104196	0.569576	20.5428	54.0016	0.029804	
366.58	0.00695165	0.00871077	0.00982053	0.0111446	0.52523	51.4083	50.4884	0.0298039	
366.586	0.00161529	0.0117587	0.00982058	0.0118691	0.481738	82.1783	47.4068	0.029804	
366.592	-0.00470116	0.0113528	0.00982061	0.0122877	0.457138	112.494	45.7921	0.0298041	
366.598	-0.0100388	0.007705	0.00982064	0.0126548	0.435946	142.493	44.4638	0.0298042	
366.604	-0.0128831	0.0016956	0.00982067	0.0129942	0.416709	172.502	43.3025	0.0298043	
366.61	-0.0121906	-0.00501337	0.00982058	0.0131813	0.406261	202.355	42.6877	0.029804	
366.616	-0.00804347	-0.0104262	0.00982063	0.0131683	0.406985	232.351	42.73	0.0298042	
366.622	-0.00169382	-0.0129131	0.00982056	0.0130237	0.415048	262.527	43.204	0.029804	
366.628	0.00489772	-0.0118248	0.0098207	0.012799	0.427736	292.499	43.9633	0.0298044	
366.634	0.0100125	-0.00750218	0.00982073	0.0125113	0.444192	323.156	44.9743	0.0298045	
366.64	0.0120541	-0.00123887	0.00982068	0.0121175	0.467091	354.132	46.4354	0.0298043	
366.646	0.0105145	0.0049216	0.00982075	0.0116093	0.497227	25.0832	48.4685	0.0298046	
366.652	0.00603554	0.00925438	0.0098207	0.0110486	0.531077	56.8883	50.9282	0.0298044	
366.658	0.000132455	0.0104492	0.00982064	0.01045	0.567712	89.2738	53.845	0.0298042	
366.664	-0.00525222	0.00836923	0.00982073	0.00988078	0.602822	122.111	56.9476	0.0298045	
366.67	-0.00854829	0.00379499	0.00982055	0.00935282	0.635397	156.061	60.1612	0.0298039	
366.676	-0.00872601	-0.00162714	0.00982038	0.00887642	0.664648	190.563	63.3889	0.0298034	
366.682	-0.00594936	-0.00617042	0.00982064	0.00857141	0.683256	226.045	65.6463	0.0298042	
366.688	-0.00125512	-0.00840407	0.00982044	0.00849727	0.687743	261.506	66.2177	0.0298036	
366.694	0.00387943	-0.00750846	0.00982041	0.00845145	0.690516	297.324	66.5765	0.0298035	
366.7	0.00760935	-0.00398965	0.00982059	0.00859183	0.682013	332.332	65.4899	0.0298041	
366.706	0.00887108	0.00105526	0.00982063	0.00893363	0.66116	6.78372	62.9846	0.0298042	
366.712	0.00715708	0.0060788	0.00982055	0.00939019	0.633093	40.3426	59.9217	0.0298039	
366.718	0.00296495	0.00938963	0.00982068	0.00984662	0.604928	72.4755	57.1448	0.0298043	
366.724	-0.00250562	0.0100578	0.00982066	0.0103652	0.572936	103.989	54.2859	0.0298043	
366.73	-0.00758178	0.00778527	0.00982066	0.0108671	0.54214	134.241	51.7785	0.0298043	
366.736	-0.0108988	0.0032065	0.00982064	0.0113607	0.512163	163.606	49.5288	0.0298042	
366.742	-0.0115302	-0.00253832	0.00982074	0.0118063	0.485481	192.415	47.66	0.0298045	
366.748	-0.00933375	-0.00788528	0.00982063	0.0122187	0.461164	220.192	46.0508	0.0298042	
366.754	-0.00483109	-0.0115785	0.00982058	0.012546	0.442185	247.352	44.8493	0.029804	
366.76	0.000855095	-0.0127561	0.00982059	0.0127848	0.428535	273.835	44.0116	0.0298041	
366.766	0.00637407	-0.0113316	0.00982075	0.0130013	0.416319	299.358	43.2793	0.0298046	
366.772	0.0107522	-0.00761234	0.00982059	0.0131741	0.406658	324.702	42.7109	0.029804	
366.778	0.0130789	-0.00249714	0.00982068	0.0133152	0.398861	349.191	42.2587	0.0298043	
366.784	0.0131157	0.00295333	0.00982074	0.0134441	0.391796	12.6899	41.8538	0.0298045	
366.79	0.0110695	0.00799802	0.00982076	0.0136566	0.380277	35.8492	41.2028	0.0298046	
366.796	0.0072481	0.0118811	0.00982068	0.0139175	0.366348	58.6146	40.43	0.0298043	
366.802	0.00227122	0.014108	0.00982071	0.0142896	0.346946	80.8545	39.3772	0.0298044	
366.808	-0.003322	0.0143895	0.00982057	0.014768	0.322813	103	38.1011	0.029804	
366.814	-0.00881255	0.0126685	0.00982068	0.0154321	0.290941	124.824	36.4618	0.0298043	
366.82	-0.0136179	0.00886685	0.00982062	0.0162502	0.254359	146.931	34.6262	0.0298042	
366.826	-0.016893	0.00319935	0.00982066	0.0171933	0.215991	169.276	32.7269	0.0298043	
366.832	-0.017894	-0.00381201	0.00982076	0.0182955	0.176351	192.026	30.7555	0.0298046	
366.838	-0.0160229	-0.0112622	0.00982074	0.0195849	0.1369	215.103	28.7306	0.0298045	
366.844	-0.0109224	-0.0178474	0.00982066	0.0209243	0.103331	238.534	26.8913	0.0298043	
366.85	-0.0029341	-0.0221974	0.00982062	0.0223905	0.0743426	262.47	25.1304	0.0298042	
366.856	0.00689615	-0.0228569	0.00982062	0.0238746	0.0520763	286.789	23.5682	0.0298042	
366.862	0.0168644	-0.0189928	0.00982064	0.0253995	0.0352755	311.603	22.1533	0.0298042	
366.868	0.0246991	-0.010648	0.00982052	0.0268966	0.0235047	336.679	20.9199	0.0298038	
366.874	0.0283409	0.000960052	0.00982059	0.0283572	0.0154694	1.94016	19.8425	0.0298041	
366.88	0.0263558	0.0138035	0.0098207	0.0297517	0.0101639	27.6426	18.9127	0.0298044	
366.886	0.0185259	0.0249597	0.00982059	0.0310837	0.00667684	53.416	18.102	0.0298041	
366.892	0.00586863	0.0317425	0.00982059	0.0322805	0.00450642	79.5253	17.4309	0.0298041	
366.898	-0.00909724	0.0320974	0.00982054	0.0333617	0.00311898	105.824	16.8659	0.0298039	
366.904	-0.0230098	0.0254547	0.00982052	0.0343132	0.00223362	132.112	16.3982	0.0298038	
366.91	-0.0326833	0.0127398	0.0098206	0.0350785	0.00169623	158.704	16.0406	0.0298041	
366.916	-0.0355374	-0.00332368	0.00982063	0.0356924	0.00135418	185.343	15.7647	0.0298042	
366.922	-0.030542	-0.0192235	0.00982072	0.0360881	0.00116891	212.187	15.592	0.0298045	
366.928	-0.0186293	-0.0311468	0.00982069	0.0362929	0.00108242	239.116	15.504	0.0298044	
366.934	-0.00249882	-0.0362086	0.00982055	0.0362948	0.00108144	266.052	15.5029	0.0298039	
366.94	0.0141832	-0.0331751	0.00982056	0.0360797	0.00117233	293.148	15.5954	0.029804	
366.946	0.0274752	-0.0227233	0.00982053	0.0356544	0.00137316	320.408	15.7813	0.0298039	
366.952	0.0342086	-0.00750091	0.00982045	0.0350213	0.00173154	347.633	16.0665	0.0298036	
366.958	0.0330029	0.00891549	0.00982053	0.0341859	0.00233692	15.1172	16.4592	0.0298039	
366.964	0.0244153	0.0223927	0.0098205	0.0331291	0.00337912	42.5257	16.9842	0.0298038	
366.97	0.0107728	0.0299953	0.00982061	0.0318712	0.0051637	70.2443	17.6548	0.0298041	
366.976	-0.00425646	0.0301627	0.00982058	0.0304615	0.00814297	98.0324	18.4718	0.029804	
366.982	-0.016859	0.0234109	0.00982078	0.0288495	0.01337	125.759	19.5043	0.0298046	
366.988	-0.0244179	0.0118462	0.00982085	0.0271398	0.0219623	154.12	20.7332	0.0298048	
366.994	-0.0253099	-0.0010341	0.00982098	0.0253311	0.0359241	182.34	22.2139	0.0298052	
