364	-0.00239747	0.00304053	0.00697139	0.00387203	0.857063	128.256	103.158	0.0211572	
364.006	-0.00310245	0.00142751	0.00697139	0.00341511	0.886931	155.292	116.96	0.0211572	
364.012	-0.00277079	-0.000228281	0.00697139	0.00278018	0.92356	184.71	143.671	0.0211572	
364.018	-0.00153479	-0.00139217	0.00697139	0.00207213	0.956788	222.211	192.764	0.0211572	
364.024	0.000207482	-0.00164884	0.00697139	0.00166184	0.971987	277.172	240.355	0.0211572	
364.03	0.00193802	-0.000838396	0.00697139	0.0021116	0.955164	336.607	189.161	0.0211572	
364.036	0.00309709	0.0009249	0.00697139	0.00323224	0.898092	16.6275	123.577	0.0211572	
364.042	0.00325381	0.00325912	0.00697139	0.00460534	0.803965	45.0467	86.7323	0.0211572	
364.048	0.00219572	0.00565467	0.00697139	0.00606601	0.684845	68.7787	65.8475	0.0211572	
364.054	-1.48351e-05	0.00750889	0.00697139	0.0075089	0.559857	90.1132	53.1944	0.0211572	
364.06	-0.00308942	0.00833188	0.00697139	0.00888621	0.443796	110.345	44.9496	0.0211572	
364.066	-0.00650566	0.00778004	0.00697139	0.0101416	0.347098	129.902	39.3853	0.0211572	
364.072	-0.00962825	0.0057827	0.00697139	0.0112313	0.273144	149.011	35.564	0.0211572	
364.078	-0.0118756	0.00250579	0.00697139	0.0121371	0.219696	168.085	32.91	0.0211572	
364.084	-0.0127311	-0.00160924	0.00697139	0.0128324	0.18376	187.204	31.1268	0.0211572	
364.09	-0.0119143	-0.00592183	0.00697139	0.0133048	0.161837	206.429	30.0215	0.0211572	
364.096	-0.0093996	-0.00977288	0.00697139	0.0135596	0.150835	226.115	29.4575	0.0211572	
364.102	-0.00548483	-0.0124518	0.00697139	0.0136063	0.148877	246.227	29.3563	0.0211572	
364.108	-0.000670356	-0.0134555	0.00697139	0.0134722	0.154546	267.148	29.6486	0.0211572	
364.114	0.00428845	-0.0124825	0.00697139	0.0131986	0.166593	288.961	30.2631	0.0211572	
364.12	0.00854963	-0.00959005	0.00697139	0.0128478	0.183014	311.717	31.0896	0.0211572	
364.126	0.0113904	-0.00512804	0.00697139	0.0124915	0.200825	335.762	31.9762	0.0211572	
364.132	0.0122167	0.000177895	0.00697139	0.012218	0.215289	0.834261	32.6922	0.0211572	
364.138	0.0107881	0.00548949	0.00697139	0.0121045	0.221491	26.9691	32.9987	0.0211572	
364.144	0.00724317	0.00982627	0.00697139	0.0122073	0.215864	53.6052	32.7206	0.0211572	
364.15	0.00216353	0.0123461	0.00697139	0.0125343	0.198626	80.0604	31.8671	0.0211572	
364.156	-0.00362409	0.0125345	0.00697139	0.0130479	0.173511	106.126	30.6126	0.0211572	
364.162	-0.00901176	0.0102708	0.00697139	0.0136639	0.146492	131.264	29.2327	0.0211572	
364.168	-0.013021	0.00588687	0.00697139	0.0142899	0.122356	155.672	27.952	0.0211572	
364.174	-0.0148219	0.000176651	0.00697139	0.014823	0.104299	179.317	26.9467	0.0211572	
364.18	-0.0140426	-0.00574929	0.00697139	0.0151739	0.0935937	202.265	26.3235	0.0211572	
364.186	-0.0108092	-0.0107969	0.00697139	0.0152778	0.0905975	224.967	26.1446	0.0211572	
364.192	-0.0057915	-0.0139325	0.00697139	0.0150883	0.0961235	247.428	26.473	0.0211572	
364.198	3.46677e-05	-0.0145839	0.00697139	0.0145839	0.112123	270.136	27.3885	0.0211572	
364.204	0.00544468	-0.0126529	0.00697139	0.0137746	0.141983	293.283	28.9976	0.0211572	
364.21	0.00931307	-0.00864512	0.00697139	0.0127071	0.189908	317.13	31.4336	0.0211572	
364.216	0.0109138	-0.00345439	0.00697139	0.0114474	0.259714	342.437	34.8927	0.0211572	
364.222	0.00998433	0.00169248	0.00697139	0.0101268	0.348175	9.62094	39.4431	0.0211572	
364.228	0.00684416	0.0056895	0.00697139	0.00890016	0.442665	39.7365	44.8791	0.0211572	
364.234	0.00232443	0.00763976	0.00697139	0.00798554	0.518895	73.0774	50.0193	0.0211572	
364.24	-0.0024139	0.0071808	0.00697139	0.00757568	0.554085	108.581	52.7255	0.0211572	
364.246	-0.00625406	0.00451948	0.00697139	0.00771615	0.541974	144.146	51.7656	0.0211572	
364.252	-0.00825171	0.000391573	0.00697139	0.008261	0.495546	177.283	48.3515	0.0211572	
364.258	-0.00796731	-0.00409793	0.00697139	0.00895941	0.437872	207.219	44.5823	0.0211572	
364.264	-0.00552788	-0.00784378	0.00697139	0.00959596	0.38777	234.826	41.625	0.0211572	
364.27	-0.00162093	-0.00987628	0.00697139	0.0100084	0.356817	260.68	39.9096	0.0211572	
364.276	0.00275994	-0.009724	0.00697139	0.0101081	0.349532	285.845	39.516	0.0211572	
364.282	0.00645551	-0.00744546	0.00697139	0.00985437	0.368228	310.927	40.5334	0.0211572	
364.288	0.00850301	-0.00368344	0.00697139	0.00926655	0.413367	336.578	43.1046	0.0211572	
364.294	0.00839351	0.00059602	0.00697139	0.00841464	0.482654	4.06174	47.4686	0.0211572	
364.3	0.00615482	0.0042218	0.00697139	0.00746361	0.563776	34.4476	53.5172	0.0211572	
364.306	0.0023398	0.00625054	0.00697139	0.00667412	0.632378	69.4773	59.8478	0.0211572	
364.312	-0.00206081	0.00607905	0.00697139	0.00641886	0.6545	108.727	62.2278	0.0211572	
364.318	-0.00588545	0.0036904	0.00697139	0.00694676	0.608673	147.911	57.4989	0.0211572	
364.324	-0.00815467	-0.000421769	0.00697139	0.00816557	0.503602	182.961	48.9165	0.0211572	
364.33	-0.0082017	-0.00528105	0.00697139	0.00975486	0.375695	212.777	40.9469	0.0211572	
364.336	-0.00590289	-0.00980338	0.00697139	0.0114434	0.259963	238.947	34.9051	0.0211572	
364.342	-0.00167704	-0.0129078	0.00697139	0.0130163	0.174989	262.597	30.687	0.0211572	
364.348	0.00358307	-0.0138685	0.00697139	0.0143239	0.121137	284.486	27.8856	0.0211572	
364.354	0.00884485	-0.0124606	0.00697139	0.0152807	0.0905152	305.368	26.1396	0.0211572	
364.36	0.0130098	-0.00898995	0.00697139	0.0158137	0.0763254	325.355	25.2586	0.0211572	
364.366	0.0153429	-0.00415301	0.00697139	0.0158951	0.0743257	344.854	25.1292	0.0211572	
364.372	0.0154799	0.00105215	0.00697139	0.0155156	0.0840222	3.88836	25.7438	0.0211572	
364.378	0.0135878	0.00561035	0.00697139	0.0147005	0.108255	22.4356	27.1714	0.0211572	
364.384	0.0102212	0.00879527	0.00697139	0.0134844	0.154021	40.7117	29.6217	0.0211572	
364.39	0.00621772	0.0101855	0.00697139	0.0119333	0.231066	58.598	33.472	0.0211572	
364.396	0.00246763	0.00983084	0.00697139	0.0101358	0.34752	75.9093	39.408	0.0211572	
364.402	-0.000367142	0.00815609	0.00697139	0.00816435	0.503706	92.5774	48.9238	0.0211572	
364.408	-0.00188048	0.00584378	0.00697139	0.00613889	0.678607	107.838	65.0658	0.0211572	
364.414	-0.00208695	0.0035905	0.00697139	0.00415295	0.837413	120.167	96.18	0.0211572	
364.42	-0.00131298	0.001992	0.00697139	0.00238579	0.943122	123.39	167.421	0.0211572	
364.426	-0.000115874	0.00135739	0.00697139	0.00136233	0.981087	94.8792	293.197	0.0211572	
364.432	0.000926184	0.00165819	0.00697139	0.00189932	0.963567	60.8144	210.302	0.0211572	
364.438	0.00134209	0.00258053	0.00697139	0.00290866	0.916641	62.5218	137.325	0.0211572	
364.444	0.000920987	0.00364348	0.00697139	0.00375807	0.864764	75.8141	106.286	0.0211572	
364.45	-0.00026144	0.00432847	0.00697139	0.00433636	0.824107	93.4565	92.1122	0.0211572	
364.456	-0.00185915	0.00425397	0.00697139	0.00464249	0.801128	113.607	86.0382	0.0211572	
364.462	-0.00340419	0.00327514	0.00697139	0.00472389	0.794869	136.107	84.5557	0.0211572	
364.468	-0.00439698	0.00153314	0.00697139	0.00465661	0.800047	160.777	85.7774	0.0211572	
364.474	-0.00449882	-0.000623015	0.00697139	0.00454175	0.80879	187.884	87.9466	0.0211572	
364.48	-0.00359079	-0.00268876	0.00697139	0.00448589	0.812997	216.826	89.0418	0.0211572	
364.486	-0.00184033	-0.00417303	0.00697139	0.00456081	0.807348	246.202	87.5791	0.0211572	
364.492	0.00039229	-0.00475364	0.00697139	0.0047698	0.791312	274.718	83.7417	0.0211572	
364.498	0.00259506	-0.00432594	0.00697139	0.00504461	0.769658	300.959	79.1799	0.0211572	
364.504	0.00432176	-0.00304752	0.00697139	0.00528819	0.749984	324.81	75.5327	0.0211572	
364.51	0.00524525	-0.00129219	0.00697139	0.00540207	0.740649	346.16	73.9404	0.0211572	
364.516	0.0052946	0.000457532	0.00697139	0.00531433	0.747848	4.93893	75.1611	0.0211572	
364.522	0.0046555	0.0017884	0.00697139	0.00498719	0.774232	21.0141	80.0915	0.0211572	
364.528	0.00371111	0.00243034	0.00697139	0.00443609	0.816722	33.2201	90.0414	0.0211572	
364.534	0.00292971	0.0023798	0.00697139	0.00377447	0.863666	39.087	105.824	0.0211572	
364.54	0.00269786	0.0018939	0.00697139	0.00329626	0.894239	35.0689	121.177	0.0211572	
364.546	0.0032077	0.00142448	0.00697139	0.00350977	0.880969	23.9452	113.806	0.0211572	
364.552	0.00437046	0.00147503	0.00697139	0.00461266	0.803407	18.6496	86.5946	0.0211572	
364.558	0.00580264	0.00245447	0.00697139	0.0063004	0.664724	22.928	63.3978	0.0211572	
364.564	0.00691437	0.00450298	0.00697139	0.00825139	0.496356	33.0742	48.4078	0.0211572	
364.57	0.00708498	0.00745649	0.00697139	0.0102857	0.336744	46.4635	38.8335	0.0211572	
364.576	0.00582084	0.0107669	0.00697139	0.0122396	0.21412	61.6032	32.6344	0.0211572	
364.582	0.00291809	0.0137085	0.00697139	0.0140156	0.13253	77.9829	28.499	0.0211572	
364.588	-0.00140522	0.0154412	0.00697139	0.015505	0.084308	95.1999	25.7615	0.0211572	
364.594	-0.00649709	0.0153006	0.00697139	0.0166229	0.0582623	113.007	24.0289	0.0211572	
364.6	-0.0114867	0.0129669	0.00697139	0.0173229	0.0456269	131.536	23.058	0.0211572	
364.606	-0.0153062	0.00861702	0.00697139	0.0175651	0.0418282	150.622	22.7401	0.0211572	
364.612	-0.0171123	0.00284853	0.00697139	0.0173478	0.0452242	170.549	23.0249	0.0211572	
364.618	-0.0163678	-0.0032966	0.00697139	0.0166965	0.0568111	191.387	23.923	0.0211572	
364.624	-0.0131098	-0.00860492	0.00697139	0.0156816	0.0796633	213.28	25.4714	0.0211572	
364.63	-0.00787951	-0.0120499	0.00697139	0.0143974	0.118534	236.819	27.7432	0.0211572	
364.636	-0.00175448	-0.0128864	0.00697139	0.0130053	0.175504	262.247	30.7129	0.0211572	
364.642	0.00405813	-0.0109598	0.00697139	0.011687	0.245318	290.318	34.1774	0.0211572	
364.648	0.00830472	-0.00670779	0.00697139	0.0106753	0.309607	321.072	37.4163	0.0211572	
364.654	0.0100999	-0.00113557	0.00697139	0.0101636	0.345512	353.585	39.3004	0.0211572	
364.66	0.0091346	0.00453821	0.00697139	0.0101998	0.342897	26.4189	39.1606	0.0211572	
364.666	0.00572515	0.0089827	0.00697139	0.010652	0.311194	57.4885	37.4981	0.0211572	
364.672	0.000710818	0.0112603	0.00697139	0.0112827	0.269913	86.3879	35.4021	0.0211572	
364.678	-0.00466211	0.0108932	0.00697139	0.0118489	0.235887	113.17	33.7104	0.0211572	
364.684	-0.00908484	0.00809302	0.00697139	0.0121668	0.218068	138.304	32.8296	0.0211572	
364.69	-0.0115754	0.00360801	0.00697139	0.0121246	0.220379	162.688	32.9438	0.0211572	
364.696	-0.0115847	-0.00138545	0.00697139	0.0116673	0.246483	186.82	34.2351	0.0211572	
364.702	-0.00923705	-0.0056089	0.00697139	0.0108066	0.300754	211.267	36.9618	0.0211572	
364.708	-0.00520172	-0.00807169	0.00697139	0.00960261	0.387261	237.201	41.5961	0.0211572	
364.714	-0.000606379	-0.00819306	0.00697139	0.00821546	0.499386	265.767	48.6194	0.0211572	
364.72	0.00338496	-0.00601644	0.00697139	0.00690329	0.612455	299.363	57.861	0.0211572	
364.726	0.00572309	-0.0021537	0.00697139	0.00611491	0.680661	339.378	65.3209	0.0211572	
364.732	0.00582838	0.00235037	0.00697139	0.00628444	0.666099	21.9624	63.5587	0.0211572	
364.738	0.00368631	0.00639208	0.00697139	0.00737886	0.57112	60.0279	54.1319	0.0211572	
364.744	-0.000154577	0.00894714	0.00697139	0.00894847	0.438755	90.9898	44.6368	0.0211572	
364.75	-0.00481687	0.00944856	0.00697139	0.0106055	0.314375	117.012	37.6625	0.0211572	
364.756	-0.00922783	0.00780459	0.00697139	0.0120857	0.222526	139.777	33.0499	0.0211572	
364.762	-0.0124533	0.00446477	0.00697139	0.0132295	0.165201	160.276	30.1925	0.0211572	
364.768	-0.0139594	0.000174581	0.00697139	0.0139605	0.13465	179.283	28.6116	0.0211572	
364.774	-0.0136231	-0.00412583	0.00697139	0.0142342	0.124372	196.849	28.0614	0.0211572	
364.78	-0.0117678	-0.00769768	0.00697139	0.0140619	0.130771	213.19	28.4053	0.0211572	
364.786	-0.00901469	-0.0100413	0.00697139	0.0134942	0.153604	228.084	29.6003	0.0211572	
364.792	-0.00608957	-0.011072	0.00697139	0.0126362	0.193454	241.189	31.6101	0.0211572	
364.798	-0.00354504	-0.011073	0.00697139	0.0116266	0.248898	252.247	34.3549	0.0211572	
364.804	-0.00170821	-0.0105307	0.00697139	0.0106684	0.310082	260.786	37.4407	0.0211572	
364.81	-0.000531182	-0.00995496	0.00697139	0.00996912	0.35971	266.946	40.0669	0.0211572	
364.816	0.000279555	-0.00970659	0.00697139	0.00971062	0.379038	271.65	41.1335	0.0211572	
364.822	0.00115447	-0.00986602	0.00697139	0.00993333	0.362356	276.674	40.2112	0.0211572	
364.828	0.00248483	-0.0102223	0.00697139	0.01052	0.320274	283.662	37.9687	0.0211572	
364.834	0.0044385	-0.0103521	0.00697139	0.0112635	0.27112	293.207	35.4626	0.0211572	
364.84	0.00687469	-0.00978409	0.00697139	0.0119578	0.229677	305.093	33.4033	0.0211572	
364.846	0.00940765	-0.0081661	0.00697139	0.0124575	0.202587	319.041	32.0635	0.0211572	
364.852	0.0114325	-0.00544046	0.00697139	0.012661	0.192208	334.551	31.5481	0.0211572	
364.858	0.0123879	-0.00184046	0.00697139	0.0125238	0.199163	351.549	31.8937	0.0211572	
364.864	0.0118622	0.00206368	0.00697139	0.0120404	0.225046	9.86904	33.1744	0.0211572	
364.87	0.00979518	0.00553226	0.00697139	0.0112495	0.271998	29.4575	35.5065	0.0211572	
364.876	0.00646379	0.00790334	0.00697139	0.01021	0.342167	50.7218	39.1217	0.0211572	
364.882	0.00251414	0.00867181	0.00697139	0.00902891	0.432276	73.832	44.2391	0.0211572	
364.888	-0.00130398	0.00771065	0.00697139	0.00782013	0.533041	99.5987	51.0773	0.0211572	
364.894	-0.00419957	0.00527264	0.00697139	0.00674071	0.626593	128.537	59.2566	0.0211572	
364.9	-0.00561295	0.00197472	0.00697139	0.00595019	0.694722	160.617	67.1292	0.0211572	
364.906	-0.00535498	-0.00143122	0.00697139	0.00554294	0.728993	194.964	72.0612	0.0211572	
364.912	-0.00362031	-0.00413598	0.00697139	0.00549663	0.732838	228.804	72.6684	0.0211572	
364.918	-0.000925561	-0.00558305	0.00697139	0.00565925	0.719287	260.587	70.5802	0.0211572	
364.924	0.00198563	-0.0055036	0.00697139	0.00585084	0.703152	289.839	68.269	0.0211572	
364.93	0.00435105	-0.0040394	0.00697139	0.00593704	0.69584	317.127	67.2779	0.0211572	
364.936	0.00561434	-0.00164074	0.00697139	0.00584918	0.703293	343.71	68.2885	0.0211572	
364.942	0.00548667	0.0010006	0.00697139	0.00557716	0.726145	10.3355	71.6191	0.0211572	
364.948	0.00404534	0.00320534	0.00697139	0.0051613	0.760285	38.3916	77.3897	0.0211572	
364.954	0.00168821	0.00438895	0.00697139	0.00470244	0.796524	68.9607	84.9413	0.0211572	
364.96	-0.000959551	0.00425363	0.00697139	0.00436052	0.822327	102.712	91.6018	0.0211572	
364.966	-0.00326032	0.00282297	0.00697139	0.00431264	0.825848	139.112	92.6187	0.0211572	
364.972	-0.00463308	0.000438163	0.00697139	0.00465375	0.800266	174.597	85.83	0.0211572	
364.978	-0.00475778	-0.00238379	0.00697139	0.00532155	0.747258	206.612	75.0592	0.0211572	
364.984	-0.00358187	-0.00501071	0.00697139	0.0061593	0.676857	234.441	64.8501	0.0211572	
364.99	-0.00136221	-0.00687927	0.00697139	0.00701285	0.602924	258.799	56.9571	0.0211572	
364.996	0.00146728	-0.00763804	0.00697139	0.00777769	0.536683	280.874	51.356	0.0211572	
365.002	0.00433782	-0.00715737	0.00697139	0.00836927	0.486451	301.219	47.7259	0.0211572	
365.008	0.00670644	-0.00559272	0.00697139	0.00873241	0.456343	320.174	45.7413	0.0211572	
365.014	0.00820548	-0.0032843	0.00697139	0.00883836	0.447686	338.186	45.1929	0.0211572	
365.02	0.00864199	-0.000727585	0.00697139	0.00867256	0.461259	355.188	46.0569	0.0211572	
365.026	0.00807616	0.00162141	0.00697139	0.00823731	0.497542	11.3521	48.4905	0.0211572	
365.032	0.0067631	0.0033651	0.00697139	0.00755403	0.555955	26.4535	52.8766	0.0211572	
365.038	0.00510094	0.00429342	0.00697139	0.00666731	0.63297	40.087	59.909	0.0211572	
365.044	0.00348988	0.00441745	0.00697139	0.00562966	0.721763	51.6906	70.9512	0.0211572	
365.05	0.00228993	0.00392705	0.00697139	0.00454593	0.808474	59.7528	87.8657	0.0211572	
365.056	0.00168467	0.00313833	0.00697139	0.00356192	0.877633	61.7729	112.139	0.0211572	
365.062	0.00168876	0.00241241	0.00697139	0.00294476	0.91465	55.0068	135.641	0.0211572	
365.068	0.00212643	0.00204945	0.00697139	0.00295329	0.914177	43.9439	135.249	0.0211572	
365.074	0.00270828	0.00220349	0.00697139	0.00349144	0.882133	39.1321	114.403	0.0211572	
365.08	0.00310434	0.00284923	0.00697139	0.00421367	0.833048	42.5464	94.7941	0.0211572	
365.086	0.00305914	0.00379702	0.00697139	0.00487603	0.783015	51.1427	81.9174	0.0211572	
365.092	0.00245902	0.00473396	0.00697139	0.00533453	0.746196	62.5508	74.8766	0.0211572	
365.098	0.0013909	0.00533032	0.00697139	0.0055088	0.731829	75.3753	72.5078	0.0211572	
365.104	9.97023e-05	0.00535461	0.00697139	0.00535554	0.744474	88.9333	74.5829	0.0211572	
365.11	-0.00104277	0.00474479	0.00697139	0.00485802	0.784428	102.395	82.221	0.0211572	
365.116	-0.00169113	0.00364674	0.00697139	0.00401978	0.846843	114.879	99.3664	0.0211572	
365.122	-0.00160383	0.00240502	0.00697139	0.00289075	0.917621	123.698	138.176	0.0211572	
365.128	-0.000769574	0.00146835	0.00697139	0.0016578	0.972121	117.659	240.94	0.0211572	
365.134	0.000584972	0.00124288	0.00697139	0.00137366	0.980774	64.7957	290.778	0.0211572	
365.14	0.00200671	0.00198651	0.00697139	0.00282367	0.921247	44.7102	141.458	0.0211572	
365.146	0.00293755	0.00367129	0.00697139	0.00470187	0.796568	51.3353	84.9516	0.0211572	
365.152	0.00288462	0.00599751	0.00697139	0.00665516	0.634025	64.3139	60.0183	0.0211572	
365.158	0.00155612	0.00838241	0.00697139	0.00852563	0.473408	79.4833	46.8507	0.0211572	
365.164	-0.00103477	0.0101751	0.00697139	0.0102276	0.340904	95.8068	39.0544	0.0211572	
365.17	-0.00450612	0.0107544	0.00697139	0.0116603	0.246896	112.734	34.2556	0.0211572	
365.176	-0.00817929	0.00976987	0.00697139	0.0127417	0.188196	129.936	31.3483	0.0211572	
365.182	-0.0113123	0.00722267	0.00697139	0.0134215	0.156729	147.443	29.7606	0.0211572	
365.188	-0.0131829	0.00354135	0.00697139	0.0136503	0.147051	164.964	29.2617	0.0211572	
365.194	-0.0133955	-0.000599779	0.00697139	0.0134089	0.157273	182.564	29.7885	0.0211572	
365.2	-0.01193	-0.00434413	0.00697139	0.0126963	0.190448	200.008	31.4605	0.0211572	
365.206	-0.0092214	-0.00694573	0.00697139	0.0115446	0.253813	216.988	34.599	0.0211572	
365.212	-0.005976	-0.00800942	0.00697139	0.00999317	0.357938	233.273	39.9704	0.0211572	
365.218	-0.00306652	-0.00753989	0.00697139	0.00813962	0.505799	247.868	49.0725	0.0211572	
365.224	-0.00117456	-0.00598584	0.00697139	0.00609999	0.681939	258.898	65.4806	0.0211572	
365.23	-0.000680493	-0.00411026	0.00697139	0.00416621	0.836464	260.599	95.874	0.0211572	
365.236	-0.0014733	-0.00276129	0.00697139	0.00312975	0.904137	241.918	127.624	0.0211572	
365.242	-0.00301233	-0.00258256	0.00697139	0.00396785	0.850465	220.607	100.667	0.0211572	
365.248	-0.00445297	-0.0038339	0.00697139	0.00587603	0.701018	220.728	67.9764	0.0211572	
365.254	-0.00494296	-0.0062878	0.00697139	0.00799808	0.517826	231.828	49.9409	0.0211572	
365.26	-0.00384681	-0.00924657	0.00697139	0.0100148	0.356345	247.411	39.8839	0.0211572	
365.266	-0.00101461	-0.0117407	0.00697139	0.0117845	0.239613	265.061	33.8947	0.0211572	
365.272	0.00321125	-0.0128558	0.00697139	0.0132508	0.164242	284.025	30.1439	0.0211572	
365.278	0.00798342	-0.0119369	0.00697139	0.0143605	0.119835	303.775	27.8145	0.0211572	
365.284	0.0122013	-0.00887686	0.00697139	0.0150887	0.0961094	323.963	26.4722	0.0211572	
365.29	0.0148863	-0.00408908	0.00697139	0.0154377	0.0861332	344.64	25.8738	0.0211572	
365.296	0.0153425	0.0014717	0.00697139	0.015413	0.0868119	5.47922	25.9153	0.0211572	
365.302	0.0134443	0.00672676	0.00697139	0.0150333	0.0977752	26.5807	26.5698	0.0211572	
365.308	0.00963847	0.0105981	0.00697139	0.0143255	0.121081	47.7149	27.8826	0.0211572	
365.314	0.00485943	0.0124108	0.00697139	0.0133283	0.1608	68.6173	29.9687	0.0211572	
365.32	0.000152155	0.0120677	0.00697139	0.0120687	0.22347	89.2776	33.0965	0.0211572	
365.326	-0.00347573	0.010016	0.00697139	0.010602	0.31462	109.138	37.6752	0.0211572	
365.332	-0.00549384	0.00708476	0.00697139	0.00896527	0.437399	127.792	44.5532	0.0211572	
365.338	-0.00585612	0.00426046	0.00697139	0.00724194	0.583004	143.963	55.1553	0.0211572	
365.344	-0.00506232	0.00234337	0.00697139	0.00557839	0.726042	155.16	71.6033	0.0211572	
365.35	-0.00392067	0.00167452	0.00697139	0.00426329	0.829451	156.873	93.6908	0.0211572	
365.356	-0.00328596	0.00209152	0.00697139	0.00389512	0.855483	147.523	102.547	0.0211572	
365.362	-0.00373337	0.00297165	0.00697139	0.00477166	0.791168	141.481	83.7091	0.0211572	
365.368	-0.00537184	0.00345483	0.00697139	0.0063869	0.657262	147.253	62.5392	0.0211572	
365.374	-0.00775879	0.00276616	0.00697139	0.00823713	0.497557	160.378	48.4915	0.0211572	
365.38	-0.0100861	0.000485211	0.00697139	0.0100978	0.35028	177.246	39.5563	0.0211572	
365.386	-0.0113648	-0.00323855	0.00697139	0.0118172	0.237713	195.906	33.8007	0.0211572	
365.392	-0.0108196	-0.00777285	0.00697139	0.0133222	0.161068	215.694	29.9823	0.0211572	
365.398	-0.00811044	-0.0120604	0.00697139	0.0145338	0.113818	236.08	27.4829	0.0211572	
365.404	-0.00353794	-0.0149823	0.00697139	0.0153944	0.0873239	256.714	25.9465	0.0211572	
365.41	0.00211547	-0.015732	0.00697139	0.0158736	0.0748485	277.659	25.1632	0.0211572	
365.416	0.00763304	-0.0139971	0.00697139	0.0159431	0.0731651	298.605	25.0535	0.0211572	
365.422	0.0118932	-0.0100894	0.00697139	0.0155963	0.0818793	319.691	25.6106	0.0211572	
365.428	0.0140103	-0.00489637	0.00697139	0.0148412	0.10372	340.736	26.9136	0.0211572	
365.434	0.0137055	0.000369684	0.00697139	0.0137104	0.144584	1.54509	29.1334	0.0211572	
365.44	0.0113273	0.00462135	0.00697139	0.0122338	0.214433	22.1946	32.6499	0.0211572	
365.446	0.00774139	0.00705313	0.00697139	0.0104726	0.323568	42.3365	38.1405	0.0211572	
365.452	0.0040741	0.00746967	0.00697139	0.00850848	0.474833	61.3911	46.9451	0.0211572	
365.458	0.00128802	0.00628195	0.00697139	0.00641263	0.655038	78.4129	62.2882	0.0211572	
365.464	-8.40523e-08	0.00434729	0.00697139	0.00434729	0.823302	90.0011	91.8806	0.0211572	
365.47	0.000214769	0.00264498	0.00697139	0.00265369	0.930114	85.3578	150.519	0.0211572	
365.476	0.00140587	0.00199742	0.00697139	0.00244258	0.940466	54.8604	163.529	0.0211572	
365.482	0.00267488	0.00274899	0.00697139	0.00383561	0.859541	45.7827	104.138	0.0211572	
365.488	0.00310568	0.00468119	0.00697139	0.00561772	0.722761	56.4382	71.102	0.0211572	
365.494	0.00205668	0.00705053	0.00697139	0.00734438	0.574111	73.7377	54.386	0.0211572	
365.5	-0.00060261	0.00889032	0.00697139	0.00891072	0.44181	93.8777	44.8259	0.0211572	
365.506	-0.00440116	0.00926246	0.00697139	0.0102549	0.338944	115.415	38.9502	0.0211572	
365.512	-0.00838462	0.00764126	0.00697139	0.0113442	0.266077	137.656	35.2102	0.0211572	
365.518	-0.011478	0.00405644	0.00697139	0.0121737	0.217692	160.536	32.811	0.0211572	
365.524	-0.0127	-0.000811754	0.00697139	0.0127259	0.188979	183.657	31.3873	0.0211572	
365.53	-0.0115688	-0.0059331	0.00697139	0.0130015	0.175685	207.151	30.722	0.0211572	
365.536	-0.00820685	-0.0100757	0.00697139	0.0129951	0.175984	230.837	30.7371	0.0211572	
365.542	-0.0033842	-0.0122516	0.00697139	0.0127104	0.189746	254.558	31.4256	0.0211572	
365.548	0.00180828	-0.0120143	0.00697139	0.0121496	0.219011	278.559	32.8761	0.0211572	
365.554	0.00610994	-0.00954016	0.00697139	0.011329	0.267022	302.637	35.2575	0.0211572	
365.56	0.00861758	-0.00556573	0.00697139	0.0102587	0.338677	327.143	38.936	0.0211572	
365.566	0.00888689	-0.00122221	0.00697139	0.00897054	0.436974	352.169	44.527	0.0211572	
365.572	0.00714628	0.00232357	0.00697139	0.00751454	0.559369	18.0116	53.1545	0.0211572	
365.578	0.00413525	0.00426079	0.00697139	0.00593756	0.695795	45.8566	67.272	0.0211572	
365.584	0.000918637	0.00425026	0.00697139	0.00434841	0.82322	77.8039	91.857	0.0211572	
365.59	-0.00145919	0.00258454	0.00697139	0.00296801	0.913357	119.448	134.579	0.0211572	
365.596	-0.00231873	7.79032e-06	0.00697139	0.00231874	0.946188	179.808	172.262	0.0211572	
365.602	-0.00146961	-0.00247008	0.00697139	0.0028742	0.918522	239.249	138.971	0.0211572	
365.608	0.000729794	-0.00396418	0.00697139	0.0040308	0.84607	280.431	99.0948	0.0211572	
365.614	0.00349538	-0.00390028	0.00697139	0.00523735	0.754124	311.866	76.2659	0.0211572	
365.62	0.00587305	-0.00223981	0.00697139	0.00628566	0.665994	339.125	63.5464	0.0211572	
365.626	0.00707762	0.000582008	0.00697139	0.00710151	0.595212	4.70098	56.246	0.0211572	
365.632	0.00665963	0.00374028	0.00697139	0.00763809	0.548698	29.3201	52.2947	0.0211572	
365.638	0.00466129	0.00636652	0.00697139	0.00789051	0.527012	53.7901	50.6217	0.0211572	
365.644	0.00158453	0.00770773	0.00697139	0.00786891	0.52886	78.3831	50.7607	0.0211572	
365.65	-0.00175535	0.0074063	0.00697139	0.00761147	0.550995	103.334	52.4775	0.0211572	
365.656	-0.00454135	0.00555316	0.00697139	0.00717366	0.588937	129.276	55.6803	0.0211572	
365.662	-0.00608112	0.00266326	0.00697139	0.00663874	0.63545	156.349	60.1667	0.0211572	
365.668	-0.00607356	-0.00054943	0.00697139	0.00609836	0.682078	185.169	65.4981	0.0211572	
365.674	-0.00459964	-0.00329752	0.00697139	0.00565954	0.719263	215.637	70.5767	0.0211572	
365.68	-0.0021161	-0.00497802	0.00697139	0.00540912	0.740069	246.97	73.8441	0.0211572	
365.686	0.000764033	-0.00532258	0.00697139	0.00537714	0.7427	278.169	74.2832	0.0211572	
365.692	0.00336555	-0.00438512	0.00697139	0.00552776	0.730255	307.506	72.2591	0.0211572	
365.698	0.00521633	-0.00249284	0.00697139	0.00578137	0.709022	334.457	69.0893	0.0211572	
365.704	0.00605121	-0.000135476	0.00697139	0.00605272	0.685981	358.717	65.992	0.0211572	
365.71	0.00588584	0.00218724	0.00697139	0.0062791	0.666559	20.3856	63.6128	0.0211572	
365.716	0.0049302	0.00413087	0.00697139	0.00643202	0.653362	39.9587	62.1004	0.0211572	
365.722	0.00349804	0.0054876	0.00697139	0.00650768	0.646814	57.4848	61.3784	0.0211572	
365.728	0.0018681	0.0062533	0.00697139	0.00652637	0.645195	73.3671	61.2027	0.0211572	
365.734	0.000254237	0.00651547	0.00697139	0.00652043	0.64571	87.7654	61.2584	0.0211572	
365.74	-0.00123982	0.00640666	0.00697139	0.00652552	0.645269	100.953	61.2106	0.0211572	
365.746	-0.00261873	0.00602395	0.00697139	0.00656854	0.641541	113.496	60.8098	0.0211572	
365.752	-0.00389604	0.00540074	0.00697139	0.00665936	0.63366	125.806	59.9804	0.0211572	
365.758	-0.0050644	0.00451956	0.00697139	0.00678782	0.622498	138.254	58.8453	0.0211572	
365.764	-0.00607789	0.00333176	0.00697139	0.00693119	0.610028	151.269	57.6281	0.0211572	
365.77	-0.00681384	0.00184157	0.00697139	0.00705832	0.598968	164.876	56.5902	0.0211572	
365.776	-0.00714255	9.37875e-05	0.00697139	0.00714316	0.591589	179.248	55.918	0.0211572	
365.782	-0.00694514	-0.00176793	0.00697139	0.00716662	0.589549	194.282	55.7349	0.0211572	
365.788	-0.00617834	-0.00354295	0.00697139	0.00712211	0.59342	209.832	56.0833	0.0211572	
365.794	-0.00487319	-0.00504473	0.00697139	0.00701408	0.602817	225.991	56.9471	0.0211572	
365.8	-0.00316232	-0.00608598	0.00697139	0.00685853	0.616349	242.543	58.2386	0.0211572	
365.806	-0.00120202	-0.00656723	0.00697139	0.00667633	0.632186	259.628	59.828	0.0211572	
365.812	0.000808228	-0.00644439	0.00697139	0.00649487	0.647924	277.148	61.4995	0.0211572	
365.818	0.00268169	-0.00574746	0.00697139	0.0063423	0.661112	295.013	62.9789	0.0211572	
365.824	0.00428828	-0.00453488	0.00697139	0.00624136	0.669808	313.399	63.9975	0.0211572	
365.83	0.00548949	-0.00290688	0.00697139	0.00621164	0.672363	332.097	64.3037	0.0211572	
365.836	0.00618987	-0.000953559	0.00697139	0.00626289	0.667955	351.242	63.7775	0.0211572	
365.842	0.00628492	0.00118241	0.00697139	0.00639518	0.656547	10.6548	62.4582	0.0211572	
365.848	0.00570418	0.00331129	0.00697139	0.00659563	0.639191	30.1353	60.56	0.0211572	
365.854	0.00441835	0.00522615	0.00697139	0.00684357	0.61765	49.7878	58.3659	0.0211572	
365.86	0.00250657	0.00664696	0.00697139	0.00710387	0.595006	69.3386	56.2273	0.0211572	
365.866	0.000135972	0.00733812	0.00697139	0.00733938	0.574544	88.9385	54.423	0.0211572	
365.872	-0.00237612	0.00711859	0.00697139	0.00750469	0.560221	108.459	53.2243	0.0211572	
365.878	-0.0046292	0.00597135	0.00697139	0.00755556	0.555822	127.784	52.8659	0.0211572	
365.884	-0.00625699	0.00404846	0.00697139	0.00745252	0.564737	147.096	53.5968	0.0211572	
365.89	-0.00695787	0.00170024	0.00697139	0.00716259	0.5899	166.268	55.7663	0.0211572	
365.896	-0.00664109	-0.000598245	0.00697139	0.00666798	0.632911	185.147	59.9029	0.0211572	
365.902	-0.0054501	-0.00240448	0.00697139	0.00595694	0.694147	203.806	67.0531	0.0211572	
365.908	-0.00376254	-0.00336296	0.00697139	0.00504641	0.769514	221.79	79.1516	0.0211572	
365.914	-0.00205941	-0.0033777	0.00697139	0.00395601	0.851286	238.629	100.968	0.0211572	
365.92	-0.000836238	-0.00261468	0.00697139	0.00274515	0.9254	252.264	145.504	0.0211572	
365.926	-0.00041591	-0.00149263	0.00697139	0.00154949	0.975602	254.43	257.783	0.0211572	
365.932	-0.000839939	-0.000528545	0.00697139	0.0009924	0.989919	212.181	402.49	0.0211572	
365.938	-0.0018454	-0.000205396	0.00697139	0.0018568	0.965152	186.351	215.119	0.0211572	
365.944	-0.00294476	-0.000778022	0.00697139	0.0030458	0.908972	194.8	131.142	0.0211572	
365.95	-0.00355017	-0.00218309	0.00697139	0.00416769	0.836358	211.588	95.84	0.0211572	
365.956	-0.00319508	-0.00401017	0.00697139	0.00512738	0.763019	231.454	77.9016	0.0211572	
365.962	-0.00169296	-0.00565088	0.00697139	0.00589903	0.699068	253.322	67.7114	0.0211572	
365.968	0.000743787	-0.00642766	0.00697139	0.00647055	0.650029	276.601	61.7306	0.0211572	
365.974	0.00358356	-0.00586389	0.00697139	0.0068722	0.61516	301.43	58.1228	0.0211572	
365.98	0.00604062	-0.00382737	0.00697139	0.00715108	0.590901	327.641	55.8561	0.0211572	
365.986	0.00734548	-0.000650927	0.00697139	0.00737426	0.571518	354.936	54.1656	0.0211572	
365.992	0.0069952	0.00300307	0.00697139	0.00761257	0.5509	23.234	52.47	0.0211572	
365.998	0.00490314	0.00620682	0.00697139	0.00790983	0.52536	51.6927	50.4981	0.0211572	
366.004	0.0014392	0.00814803	0.00697139	0.00827416	0.494438	79.9831	48.2746	0.0211572	
366.01	-0.00260155	0.00826399	0.00697139	0.00866381	0.46198	107.474	46.1034	0.0211572	
366.016	-0.00623073	0.00649906	0.00697139	0.00900332	0.434333	133.792	44.3649	0.0211572	
366.022	-0.0086085	0.00327223	0.00697139	0.00920944	0.417879	159.187	43.3719	0.0211572	
366.028	-0.00917942	-0.000584668	0.00697139	0.00919802	0.418783	183.644	43.4258	0.0211572	
366.034	-0.00791924	-0.0040767	0.00697139	0.00890696	0.442114	207.239	44.8449	0.0211572	
366.04	-0.00528196	-0.0063953	0.00697139	0.00829451	0.492725	230.446	48.1561	0.0211572	
366.046	-0.00211126	-0.00704824	0.00697139	0.00735766	0.572958	253.325	54.2878	0.0211572	
366.052	0.000698492	-0.00606863	0.00697139	0.00610869	0.681194	276.566	65.3874	0.0211572	
366.058	0.00237491	-0.00394765	0.00697139	0.00460697	0.803841	301.031	86.7015	0.0211572	
366.064	0.00255599	-0.00149811	0.00697139	0.00296268	0.913655	329.625	134.821	0.0211572	
366.07	0.00135944	0.000464164	0.00697139	0.0014365	0.978994	18.8518	278.059	0.0211572	
366.076	-0.000674659	0.00129916	0.00697139	0.0014639	0.978194	117.443	272.855	0.0211572	
366.082	-0.00281033	0.000786798	0.00697139	0.00291839	0.916106	164.36	136.867	0.0211572	
366.088	-0.00430546	-0.000867919	0.00697139	0.00439207	0.819994	191.397	90.9438	0.0211572	
366.094	-0.00468505	-0.00309753	0.00697139	0.00561643	0.722868	213.471	71.1183	0.0211572	
366.1	-0.0038649	-0.0052351	0.00697139	0.0065072	0.646856	233.563	61.3829	0.0211572	
366.106	-0.00214341	-0.00667146	0.00697139	0.00700733	0.603404	252.189	57.002	0.0211572	
366.112	-4.08205e-05	-0.00711269	0.00697139	0.00711281	0.594229	269.671	56.1566	0.0211572	
366.118	0.00185857	-0.00659523	0.00697139	0.00685211	0.616908	285.738	58.2932	0.0211572	
366.124	0.0031415	-0.00546617	0.00697139	0.0063046	0.664362	299.887	63.3555	0.0211572	
366.13	0.00370693	-0.00418057	0.00697139	0.00558735	0.725296	311.564	71.4885	0.0211572	
366.136	0.00372796	-0.0031402	0.00697139	0.00487427	0.783152	319.891	81.9468	0.0211572	
366.142	0.0035579	-0.00249136	0.00697139	0.00434345	0.823585	324.999	91.9618	0.0211572	
366.148	0.00353047	-0.00211159	0.00697139	0.00411376	0.840209	329.116	97.0964	0.0211572	
366.154	0.00377178	-0.00166996	0.00697139	0.00412494	0.839414	336.119	96.8333	0.0211572	
366.16	0.00410752	-0.000810802	0.00697139	0.00418678	0.834987	348.834	95.4031	0.0211572	
366.166	0.00409453	0.00060725	0.00697139	0.00413932	0.838388	8.4359	96.4969	0.0211572	
366.172	0.00319956	0.00238898	0.00697139	0.00399305	0.848711	36.7471	100.032	0.0211572	
366.178	0.0010532	0.00392872	0.00697139	0.00406744	0.843491	74.9931	98.2021	0.0211572	
366.184	-0.00227931	0.00437967	0.00697139	0.00493729	0.778187	117.494	80.901	0.0211572	
366.19	-0.00624163	0.00293299	0.00697139	0.00689641	0.613054	154.831	57.9188	0.0211572	
366.196	-0.00973105	-0.000864926	0.00697139	0.00976941	0.374598	185.079	40.8859	0.0211572	
366.202	-0.0114087	-0.00677978	0.00697139	0.0132712	0.163333	210.721	30.0977	0.0211572	
366.208	-0.0101026	-0.0139223	0.00697139	0.0172015	0.0476378	234.034	23.2207	0.0211572	
366.214	-0.00520047	-0.0206539	0.00697139	0.0212985	0.00940116	255.867	18.7539	0.0211572	
366.22	0.00310561	-0.0251913	0.00697139	0.025382	0.00132278	277.028	15.7368	0.0211572	
366.226	0.0135914	-0.0258554	0.00697139	0.0292101	0.000154081	297.729	13.6744	0.0211572	
366.232	0.0242175	-0.0217567	0.00697139	0.0325552	1.83905e-05	318.064	12.2693	0.0211572	
366.238	0.032777	-0.0129995	0.00697139	0.0352607	2.78512e-06	338.367	11.328	0.0211572	
366.244	0.0371273	-0.000956873	0.00697139	0.0371397	6.87093e-07	358.524	10.7548	0.0211572	
366.25	0.0360556	0.0122868	0.00697139	0.0380916	3.28885e-07	18.8178	10.4861	0.0211572	
366.256	0.029464	0.0240484	0.00697139	0.0380322	3.44532e-07	39.2212	10.5024	0.0211572	
366.262	0.0186362	0.0319091	0.00697139	0.0369527	7.92339e-07	59.7134	10.8093	0.0211572	
366.268	0.005689	0.0344139	0.00697139	0.034881	3.66301e-06	80.6133	11.4513	0.0211572	
366.274	-0.00656489	0.0312526	0.00697139	0.0319347	2.77589e-05	101.863	12.5078	0.0211572	
366.28	-0.0157579	0.0234294	0.00697139	0.0282356	0.000274083	123.924	14.1464	0.0211572	
366.286	-0.0201554	0.0130388	0.00697139	0.0240052	0.00266252	147.101	16.6393	0.0211572	
366.292	-0.0193447	0.00271497	0.00697139	0.0195343	0.0197268	172.011	20.4477	0.0211572	
366.298	-0.0141826	-0.00525832	0.00697139	0.0151261	0.0950009	200.343	26.4068	0.0211572	
366.304	-0.00657953	-0.00921556	0.00697139	0.0113233	0.267378	234.475	35.2752	0.0211572	
366.31	0.0012165	-0.008766	0.00697139	0.00885001	0.446738	277.901	45.1334	0.0211572	
366.316	0.0070298	-0.00464879	0.00697139	0.00842789	0.481548	326.523	47.394	0.0211572	
366.322	0.0094764	0.00142693	0.00697139	0.00958323	0.388745	8.56308	41.6803	0.0211572	
366.328	0.00827801	0.00748536	0.00697139	0.0111605	0.277639	42.1213	35.7898	0.0211572	
366.334	0.00417807	0.0116881	0.00697139	0.0124124	0.204937	70.3299	32.18	0.0211572	
366.34	-0.00127235	0.0129577	0.00697139	0.01302	0.174814	95.608	30.6782	0.0211572	
366.346	-0.00636736	0.0112052	0.00697139	0.012888	0.181076	119.607	30.9926	0.0211572	
366.352	-0.00960026	0.00725494	0.00697139	0.0120333	0.225442	142.922	33.194	0.0211572	
366.358	-0.0102464	0.00246413	0.00697139	0.0105385	0.318992	166.478	37.9021	0.0211572	
366.364	-0.00839771	-0.00163997	0.00697139	0.00855635	0.47086	191.05	46.6825	0.0211572	
366.37	-0.00494823	-0.00390769	0.00697139	0.00630516	0.664315	218.299	63.3499	0.0211572	
366.376	-0.00114755	-0.00390994	0.00697139	0.00407486	0.842967	253.643	98.0233	0.0211572	
366.382	0.00171916	-0.00195806	0.00697139	0.00260567	0.932533	311.283	153.293	0.0211572	
366.388	0.00285408	0.0010596	0.00697139	0.00304442	0.909051	20.3679	131.201	0.0211572	
366.394	0.00206796	0.00397923	0.00697139	0.00448449	0.813102	62.5396	89.0694	0.0211572	
366.4	-0.000140686	0.00579521	0.00697139	0.00579692	0.70771	91.3907	68.904	0.0211572	
366.406	-0.00287974	0.00600652	0.00697139	0.00666117	0.633503	115.615	59.9641	0.0211572	
366.412	-0.00513148	0.00470255	0.00697139	0.00696032	0.607494	137.497	57.3869	0.0211572	
366.418	-0.00619321	0.00249067	0.00697139	0.00667528	0.632278	158.092	59.8374	0.0211572	
366.424	-0.00583256	0.000266146	0.00697139	0.00583863	0.704185	177.387	68.4119	0.0211572	
366.43	-0.0043948	-0.00114781	0.00697139	0.00454221	0.808755	194.637	87.9376	0.0211572	
366.436	-0.00259722	-0.00132001	0.00697139	0.00291342	0.91638	206.941	137.101	0.0211572	
366.442	-0.00128957	-0.000324394	0.00697139	0.00132974	0.981973	194.12	300.383	0.0211572	
366.448	-0.00108017	0.00129401	0.00697139	0.0016856	0.971192	129.853	236.967	0.0211572	
366.454	-0.00214854	0.00271184	0.00697139	0.00345981	0.884131	128.389	115.449	0.0211572	
366.46	-0.00413143	0.00315874	0.00697139	0.00520061	0.757105	142.6	76.8047	0.0211572	
366.466	-0.0063014	0.00221312	0.00697139	0.00667874	0.631977	160.648	59.8064	0.0211572	
366.472	-0.00776571	-2.92442e-05	0.00697139	0.00776577	0.537708	180.216	51.4349	0.0211572	
366.478	-0.0078518	-0.00300367	0.00697139	0.00840671	0.483318	200.934	47.5134	0.0211572	
366.484	-0.00630766	-0.00580184	0.00697139	0.00857017	0.469714	222.608	46.6072	0.0211572	
366.49	-0.00346206	-0.00751602	0.00697139	0.00827505	0.494363	245.268	48.2694	0.0211572	
366.496	-6.05826e-05	-0.00757547	0.00697139	0.00757571	0.554082	269.542	52.7253	0.0211572	
366.502	0.00289208	-0.00590344	0.00697139	0.00657379	0.641085	296.1	60.7612	0.0211572	
366.508	0.00451438	-0.00301718	0.00697139	0.00542982	0.738362	326.243	73.5625	0.0211572	
366.514	0.00435973	0.000205759	0.00697139	0.00436458	0.822027	2.70208	91.5165	0.0211572	
366.52	0.00253936	0.00271759	0.00697139	0.00371937	0.867343	46.9418	107.392	0.0211572	
366.526	-0.000308857	0.00374413	0.00697139	0.00375685	0.864846	94.7157	106.321	0.0211572	
366.532	-0.00318293	0.00295733	0.00697139	0.00434475	0.823489	137.104	91.9342	0.0211572	
366.538	-0.00506816	0.000659006	0.00697139	0.00511083	0.764351	172.591	78.154	0.0211572	
366.544	-0.00529746	-0.00238128	0.00697139	0.00580806	0.706769	204.205	68.7719	0.0211572	
366.55	-0.00372861	-0.00509685	0.00697139	0.00631509	0.663458	233.813	63.2503	0.0211572	
366.556	-0.000799121	-0.00656234	0.00697139	0.00661082	0.637874	263.057	60.4209	0.0211572	
366.562	0.00258183	-0.00620755	0.00697139	0.00672306	0.628127	292.583	59.4122	0.0211572	
366.568	0.00534092	-0.00407649	0.00697139	0.00671887	0.628491	322.647	59.4492	0.0211572	
366.574	0.00663504	-0.000746578	0.00697139	0.00667691	0.632136	353.58	59.8228	0.0211572	
366.58	0.00604887	0.00278209	0.00697139	0.006658	0.633778	24.6994	59.9927	0.0211572	
366.586	0.00376379	0.0055152	0.00697139	0.00667709	0.63212	55.6888	59.8211	0.0211572	
366.592	0.000492047	0.0066756	0.00697139	0.00669371	0.630677	85.7845	59.6727	0.0211572	
366.598	-0.00275013	0.00602904	0.00697139	0.00662665	0.636499	114.52	60.2765	0.0211572	
366.604	-0.00504203	0.00391005	0.00697139	0.00638048	0.657816	142.207	62.6021	0.0211572	
366.61	-0.00576479	0.00113453	0.00697139	0.00587537	0.701074	168.866	67.984	0.0211572	
366.616	-0.00487106	-0.00133967	0.00697139	0.00505192	0.769073	195.378	79.0653	0.0211572	
366.622	-0.00285464	-0.00265417	0.00697139	0.00389789	0.855293	222.916	102.474	0.0211572	
366.628	-0.000611313	-0.00239723	0.00697139	0.00247394	0.938975	255.694	161.455	0.0211572	
366.634	0.000917194	-0.000715275	0.00697139	0.00116313	0.986178	322.051	343.412	0.0211572	
366.64	0.000992888	0.00172521	0.00697139	0.00199053	0.960057	60.0789	200.666	0.0211572	
366.646	-0.000608195	0.003943	0.00697139	0.00398963	0.848949	98.7686	100.117	0.0211572	
366.652	-0.0035628	0.005006	0.00697139	0.00614439	0.678135	125.44	65.0075	0.0211572	
366.658	-0.00702896	0.00427712	0.00697139	0.008228	0.498328	148.679	48.5454	0.0211572	
366.664	-0.00999563	0.00165069	0.00697139	0.010131	0.347867	170.623	39.4266	0.0211572	
366.67	-0.0114862	-0.00239723	0.00697139	0.0117337	0.242575	191.789	34.0414	0.0211572	
366.676	-0.0109333	-0.00692683	0.00697139	0.0129428	0.178455	212.357	30.8612	0.0211572	
366.682	-0.00830972	-0.0109012	0.00697139	0.0137072	0.144715	232.683	29.1403	0.0211572	
366.688	-0.00417121	-0.0133469	0.00697139	0.0139835	0.133762	252.645	28.5645	0.0211572	
366.694	0.000600758	-0.0137553	0.00697139	0.0137684	0.142234	272.501	29.0108	0.0211572	
366.7	0.00493904	-0.012114	0.00697139	0.0130822	0.171921	292.181	30.5325	0.0211572	
366.706	0.0079566	-0.00895924	0.00697139	0.0119823	0.228298	311.608	33.3351	0.0211572	
366.712	0.00920969	-0.00510825	0.00697139	0.0105315	0.319477	330.985	37.9273	0.0211572	
366.718	0.00870384	-0.00151887	0.00697139	0.00883538	0.447929	350.101	45.2082	0.0211572	
366.724	0.00689193	0.00110419	0.00697139	0.00697983	0.605797	9.10227	57.2265	0.0211572	
366.73	0.00449638	0.00236447	0.00697139	0.00508017	0.766812	27.7381	78.6256	0.0211572	
366.736	0.00228142	0.00231499	0.00697139	0.00325024	0.897015	45.4185	122.893	0.0211572	
366.742	0.000789046	0.00135719	0.00697139	0.00156989	0.974963	59.827	254.433	0.0211572	
366.748	0.000274939	8.43246e-05	0.00697139	0.00028758	0.99915	17.0509	1388.94	0.0211572	
366.754	0.000630902	-0.000943385	0.00697139	0.00113491	0.986836	303.773	351.951	0.0211572	
366.76	0.00149441	-0.00132802	0.00697139	0.00199923	0.959714	318.374	199.793	0.0211572	
366.766	0.00237936	-0.000956248	0.00697139	0.00256433	0.934586	338.105	155.765	0.0211572	
366.772	0.0028606	2.32818e-05	0.00697139	0.00286069	0.919254	0.466308	139.627	0.0211572	
366.778	0.00266489	0.00127101	0.00697139	0.00295247	0.914222	25.4987	135.287	0.0211572	
366.784	0.00174939	0.00237802	0.00697139	0.00295218	0.914239	53.6599	135.301	0.0211572	
366.79	0.000253359	0.00300393	0.00697139	0.0030146	0.910742	85.1789	132.499	0.0211572	
366.796	-0.00153261	0.00291754	0.00697139	0.00329559	0.894279	117.713	121.202	0.0211572	
366.802	-0.00330235	0.00203836	0.00697139	0.00388077	0.856465	148.315	102.926	0.0211572	
366.808	-0.00473784	0.000411176	0.00697139	0.00475565	0.792411	175.04	83.9909	0.0211572	
366.814	-0.00557365	-0.00181596	0.00697139	0.00586202	0.702206	198.046	68.1389	0.0211572	
366.82	-0.00560265	-0.00446912	0.00697139	0.00716678	0.589536	218.579	55.7337	0.0211572	
366.826	-0.00465085	-0.00726644	0.00697139	0.00862737	0.464984	237.379	46.2982	0.0211572	
366.832	-0.00258542	-0.00990274	0.00697139	0.0102347	0.340393	255.368	39.0273	0.0211572	
366.838	0.000617796	-0.0119366	0.00697139	0.0119526	0.229976	272.963	33.418	0.0211572	
366.844	0.00479311	-0.0128675	0.00697139	0.0137312	0.143738	290.43	29.0893	0.0211572	
366.85	0.00960321	-0.0122103	0.00697139	0.0155342	0.0835239	308.185	25.713	0.0211572	
366.856	0.0143575	-0.00961152	0.00697139	0.0172777	0.0463669	326.2	23.1183	0.0211572	
366.862	0.0182413	-0.00496852	0.00697139	0.0189058	0.0252925	344.764	21.1274	0.0211572	
366.868	0.0202902	0.00136849	0.00697139	0.0203363	0.0141968	3.85853	19.6413	0.0211572	
366.874	0.0197233	0.00855311	0.00697139	0.021498	0.00861078	23.4442	18.5799	0.0211572	
366.88	0.0161387	0.0154655	0.00697139	0.0223525	0.00585618	43.7797	17.8696	0.0211572	
366.886	0.00976295	0.0206747	0.00697139	0.0228639	0.00461645	64.7225	17.47	0.0211572	
366.892	0.00138233	0.0229954	0.00697139	0.0230369	0.00425433	86.5599	17.3388	0.0211572	
366.898	-0.00755574	0.0216167	0.00697139	0.0228992	0.00454043	109.266	17.4431	0.0211572	
366.904	-0.0152955	0.0165223	0.00697139	0.0225153	0.00543236	132.792	17.7404	0.0211572	
366.91	-0.0202862	0.00843518	0.00697139	0.02197	0.0069722	157.422	18.1808	0.0211572	
366.916	-0.0213458	-0.00107594	0.00697139	0.0213729	0.00909934	182.886	18.6887	0.0211572	
366.922	-0.018154	-0.0101951	0.00697139	0.0208208	0.0115634	209.318	19.1842	0.0211572	
366.928	-0.011305	-0.0169757	0.00697139	0.0203955	0.0138485	236.338	19.5843	0.0211572	
366.934	-0.0022956	-0.0199975	0.00697139	0.0201288	0.0154774	263.451	19.8438	0.0211572	
366.94	0.00701699	-0.0187179	0.00697139	0.01999	0.0163902	290.55	19.9816	0.0211572	
366.946	0.0145958	-0.0135276	0.00697139	0.0199006	0.0170026	317.175	20.0713	0.0211572	
366.952	0.018886	-0.00577421	0.00697139	0.019749	0.018087	343	20.2254	0.0211572	
366.958	0.0192165	0.00277418	0.00697139	0.0194157	0.0206868	8.21472	20.5726	0.0211572	
366.964	0.0158419	0.0101258	0.00697139	0.0188016	0.0263367	32.5859	21.2446	0.0211572	
366.97	0.00985601	0.0148542	0.00697139	0.0178266	0.0380291	56.435	22.4065	0.0211572	
366.976	0.00293384	0.0161908	0.00697139	0.0164544	0.0617008	79.7292	24.275	0.0211572	
366.982	-0.00316655	0.0143485	0.00697139	0.0146937	0.108475	102.445	27.1838	0.0211572	
366.988	-0.00718431	0.0103019	0.00697139	0.0125596	0.197335	124.891	31.803	0.0211572	
366.994	-0.00848979	0.00553749	0.00697139	0.0101361	0.347499	146.885	39.4068	0.0211572	
