364	-0.00206001	-1.86335e-05	0.00457453	0.00206009	0.903569	180.518	127.228	0.013883	
364.006	-0.00216752	0.000256547	0.00457451	0.00218265	0.892411	173.25	120.083	0.013883	
364.012	-0.00265943	0.000376068	0.00457466	0.00268589	0.841678	171.951	97.5872	0.0138834	
364.018	-0.00329491	0.000167028	0.00457473	0.00329914	0.77102	177.098	79.4487	0.0138836	
364.024	-0.00400698	-0.000500961	0.00457471	0.00403818	0.677331	187.126	64.9083	0.0138836	
364.03	-0.00432143	-0.00160785	0.00457453	0.00461085	0.601716	200.408	56.8445	0.013883	
364.036	-0.00410382	-0.00291393	0.00457443	0.00503312	0.54591	215.377	52.0742	0.0138827	
364.042	-0.00332047	-0.00415477	0.00457451	0.00531861	0.508701	231.368	49.2797	0.013883	
364.048	-0.00194664	-0.00495573	0.0045745	0.00532434	0.507961	248.555	49.2267	0.0138829	
364.054	-0.000362899	-0.0051243	0.00457476	0.00513713	0.532334	265.949	51.0235	0.0138837	
364.06	0.00111375	-0.00451747	0.00457443	0.00465274	0.59615	283.85	56.3315	0.0138827	
364.066	0.00217693	-0.00338497	0.00457468	0.00402456	0.679107	302.746	65.1276	0.0138835	
364.072	0.00252799	-0.00196189	0.00457492	0.00319996	0.783002	322.186	81.9146	0.0138842	
364.078	0.00220771	-0.000628867	0.00457482	0.00229553	0.881713	344.1	114.186	0.0138839	
364.084	0.0012785	0.000257838	0.00457477	0.00130424	0.960175	11.402	200.971	0.0138838	
364.09	0.000170816	0.000487094	0.00457467	0.000516177	0.993654	70.6751	507.79	0.0138835	
364.096	-0.000797361	0.000121086	0.00457478	0.000806503	0.984581	171.365	325.003	0.0138838	
364.102	-0.0013819	-0.000675965	0.00457473	0.00153837	0.945028	206.066	170.384	0.0138837	
364.108	-0.00137401	-0.00162327	0.0045746	0.00212671	0.89757	229.754	123.244	0.0138832	
364.114	-0.000913974	-0.00230975	0.00457455	0.002484	0.862925	248.411	105.516	0.0138831	
364.12	-0.000175993	-0.00256556	0.00457472	0.00257159	0.853854	266.076	101.926	0.0138836	
364.126	0.000433091	-0.00240912	0.00457485	0.00244774	0.866637	280.191	107.087	0.013884	
364.132	0.000717879	-0.00198649	0.00457514	0.00211223	0.898911	289.869	124.104	0.0138849	
364.138	0.00057566	-0.00160398	0.0045752	0.00170415	0.932983	289.743	153.825	0.0138851	
364.144	0.000137745	-0.00154395	0.00457491	0.00155008	0.944216	275.098	169.103	0.0138842	
364.15	-0.000292459	-0.00202708	0.00457502	0.00204807	0.904655	261.79	127.989	0.0138845	
364.156	-0.000348573	-0.00301517	0.00457484	0.00303525	0.802443	263.406	86.3581	0.013884	
364.162	0.000315447	-0.00419741	0.00457446	0.00420925	0.654849	274.298	62.2669	0.0138828	
364.168	0.0017821	-0.00509524	0.00457431	0.0053979	0.498448	289.278	48.5538	0.0138824	
364.174	0.00394299	-0.00522468	0.00457411	0.00654557	0.359197	307.041	40.0389	0.0138818	
364.18	0.00627253	-0.00421423	0.00457438	0.00755674	0.255507	326.105	34.6833	0.0138826	
364.186	0.00816533	-0.00199096	0.00457475	0.00840456	0.184967	346.297	31.1871	0.0138837	
364.192	0.00897998	0.00116178	0.00457482	0.00905482	0.141033	7.37168	28.9479	0.0138839	
364.198	0.0083068	0.004659	0.00457501	0.00952414	0.114533	29.2866	27.5226	0.0138845	
364.204	0.00598548	0.00768078	0.00457494	0.00973758	0.103812	52.0714	26.9189	0.0138843	
364.21	0.00239917	0.00948261	0.00457494	0.00978141	0.101712	75.8017	26.7983	0.0138843	
364.216	-0.00178593	0.0095692	0.00457468	0.00973444	0.103938	100.572	26.9261	0.0138835	
364.222	-0.005646	0.00776791	0.00457459	0.00960301	0.110434	126.011	27.294	0.0138832	
364.228	-0.00835812	0.00439021	0.00457474	0.00944098	0.1189	152.289	27.7633	0.0138837	
364.234	-0.00932289	0.000198493	0.0045747	0.009325	0.125241	178.78	28.1084	0.0138835	
364.24	-0.00832126	-0.00391359	0.00457449	0.00919563	0.132596	205.188	28.5025	0.0138829	
364.246	-0.00565721	-0.00711684	0.00457426	0.0090914	0.138747	231.519	28.8279	0.0138822	
364.252	-0.0020257	-0.00875217	0.00457421	0.00898353	0.145357	256.968	29.1737	0.013882	
364.258	0.00174336	-0.00860181	0.00457448	0.0087767	0.158729	281.457	29.863	0.0138829	
364.264	0.00489833	-0.00695186	0.00457453	0.00850423	0.177637	305.169	30.8201	0.013883	
364.27	0.00683554	-0.00432322	0.00457458	0.00808794	0.209518	327.688	32.4068	0.0138832	
364.276	0.00740094	-0.00140852	0.00457435	0.00753378	0.257627	349.225	34.7888	0.0138825	
364.282	0.00677924	0.00111117	0.00457428	0.0068697	0.323772	9.30844	38.1512	0.0138823	
364.288	0.00540008	0.00284371	0.00457441	0.00610307	0.41065	27.7716	42.9447	0.0138827	
364.294	0.00382125	0.00373042	0.00457423	0.00534023	0.505867	44.3109	49.0773	0.0138821	
364.3	0.00238132	0.00394979	0.00457429	0.00461211	0.601516	58.9143	56.826	0.0138823	
364.306	0.00129334	0.00377416	0.00457428	0.00398961	0.68362	71.0844	65.6922	0.0138823	
364.312	0.000530031	0.00358156	0.00457462	0.00362057	0.731108	81.582	72.3937	0.0138833	
364.318	-0.000159252	0.00347184	0.0045747	0.00347549	0.749322	92.6263	75.417	0.0138835	
364.324	-0.0010286	0.00339434	0.00457464	0.00354677	0.740408	106.859	73.9004	0.0138834	
364.33	-0.00215984	0.00304564	0.00457466	0.00373374	0.716717	125.343	70.2	0.0138834	
364.336	-0.00341419	0.00213445	0.00457475	0.00402648	0.678864	147.988	65.0975	0.0138837	
364.342	-0.00442431	0.000490992	0.00457446	0.00445147	0.622834	173.667	58.8788	0.0138828	
364.348	-0.00472446	-0.00181876	0.0045746	0.00506245	0.542086	201.055	51.7743	0.0138832	
364.354	-0.00384078	-0.00443615	0.00457453	0.00586779	0.439256	229.114	44.6678	0.013883	
364.36	-0.00162581	-0.00664682	0.00457449	0.00684277	0.326675	256.255	38.3031	0.0138829	
364.366	0.00172394	-0.00776472	0.00457441	0.0079538	0.220548	282.518	32.9521	0.0138827	
364.372	0.00559381	-0.00720839	0.00457434	0.00912423	0.136788	307.812	28.7247	0.0138825	
364.378	0.00908175	-0.00477001	0.00457443	0.0102582	0.0809083	332.29	25.5498	0.0138827	
364.384	0.0112102	-0.000753791	0.00457427	0.0112355	0.0489704	356.153	23.3267	0.0138823	
364.39	0.0113095	0.00408004	0.00457415	0.0120229	0.0316069	19.8376	21.7983	0.0138819	
364.396	0.00909537	0.00855782	0.00457399	0.0124885	0.0240568	43.2559	20.985	0.0138814	
364.402	0.00495906	0.0116295	0.00457437	0.0126427	0.0219425	66.9056	20.7307	0.0138825	
364.408	-0.000182431	0.0124165	0.00457451	0.0124179	0.0251104	90.8418	21.1067	0.013883	
364.414	-0.00512364	0.0106974	0.00457471	0.0118611	0.0346948	115.593	22.0985	0.0138836	
364.42	-0.00864629	0.00685451	0.00457465	0.0110337	0.0545477	141.594	23.7553	0.0138834	
364.426	-0.0098174	0.00185006	0.00457484	0.0099902	0.0921502	169.328	26.2376	0.013884	
364.432	-0.00837511	-0.00304742	0.00457508	0.00891231	0.149962	199.995	29.4125	0.0138847	
364.438	-0.00475166	-0.00646227	0.00457475	0.00802118	0.214997	233.673	32.6778	0.0138837	
364.444	0.000104055	-0.00759	0.00457466	0.00759071	0.252427	270.785	34.5302	0.0138834	
364.45	0.00482691	-0.00608655	0.00457468	0.00776822	0.236513	308.416	33.7413	0.0138835	
364.456	0.00813544	-0.00240751	0.00457453	0.00848419	0.179088	343.515	30.8929	0.013883	
364.462	0.00918742	0.00246381	0.00457449	0.00951205	0.115108	15.0119	27.5544	0.0138829	
364.468	0.00768381	0.00720797	0.0045745	0.0105354	0.0705036	43.1698	24.8779	0.0138829	
364.474	0.00409631	0.0106592	0.00457441	0.0114192	0.0443429	68.9783	22.9521	0.0138827	
364.48	-0.000645396	0.0119813	0.0045743	0.0119986	0.0320585	93.0834	21.8432	0.0138823	
364.486	-0.00530227	0.0109719	0.00457412	0.0121859	0.0287618	115.793	21.5066	0.0138818	
364.492	-0.00883225	0.00810184	0.00457393	0.0119853	0.0322854	137.47	21.8656	0.0138812	
364.498	-0.0105448	0.00423896	0.00457394	0.0113649	0.0456426	158.1	23.0593	0.0138812	
364.504	-0.0103607	0.000376344	0.00457388	0.0103675	0.0766194	177.92	25.2775	0.0138811	
364.51	-0.00868634	-0.00257381	0.00457421	0.00905963	0.140666	196.505	28.9287	0.0138821	
364.516	-0.00630997	-0.00411758	0.00457458	0.00753459	0.257587	213.127	34.7867	0.0138832	
364.522	-0.00404202	-0.00429465	0.00457473	0.00589762	0.43562	226.736	44.4438	0.0138836	
364.528	-0.00257419	-0.00356073	0.00457484	0.00439377	0.630525	234.135	59.657	0.013884	
364.534	-0.00211947	-0.00260762	0.00457447	0.00336034	0.763527	230.896	77.9976	0.0138829	
364.54	-0.00247706	-0.00209704	0.00457458	0.00324552	0.777499	220.251	80.7588	0.0138832	
364.546	-0.00308971	-0.00237778	0.00457447	0.00389874	0.695453	217.581	67.2263	0.0138828	
364.552	-0.00335965	-0.00342839	0.00457438	0.00480012	0.576624	225.58	54.6013	0.0138826	
364.558	-0.00278895	-0.00486183	0.00457438	0.00560497	0.472048	240.16	46.7608	0.0138826	
364.564	-0.00126759	-0.00598485	0.00457421	0.00611762	0.408878	258.042	42.8407	0.0138821	
364.57	0.000900913	-0.00625892	0.00457412	0.00632342	0.384595	278.191	41.4455	0.0138818	
364.576	0.00312822	-0.0053542	0.00457427	0.00620106	0.398965	300.296	42.2647	0.0138822	
364.582	0.00468321	-0.0033622	0.00457458	0.00576514	0.451977	324.324	45.4636	0.0138832	
364.588	0.00499228	-0.000776064	0.00457472	0.00505224	0.543442	351.164	51.8803	0.0138836	
364.594	0.00389389	0.00156891	0.00457453	0.00419808	0.656328	21.9453	62.4335	0.013883	
364.6	0.00164528	0.00293519	0.00457436	0.00336486	0.762962	60.7279	77.8908	0.0138825	
364.606	-0.00102073	0.00278423	0.00457425	0.00296543	0.810472	110.134	88.3801	0.0138822	
364.612	-0.00316873	0.00102771	0.00457416	0.00333123	0.767061	162.031	78.6738	0.0138819	
364.618	-0.0039713	-0.00177415	0.00457397	0.00434957	0.636263	204.072	60.2517	0.0138813	
364.624	-0.0029391	-0.00483565	0.00457439	0.00565878	0.465261	238.709	46.3161	0.0138826	
364.63	-0.00019655	-0.00702502	0.00457435	0.00702776	0.307226	268.397	37.2937	0.0138825	
364.636	0.00358745	-0.00755571	0.0045747	0.00836412	0.18798	295.398	31.3375	0.0138835	
364.642	0.0074533	-0.00592803	0.00457497	0.00952329	0.114572	321.503	27.5247	0.0138844	
364.648	0.0102545	-0.00241861	0.00457524	0.0105358	0.0705505	346.729	24.881	0.0138852	
364.654	0.0110535	0.00221706	0.00457514	0.0112736	0.0480303	11.3416	23.2521	0.0138849	
364.66	0.00951572	0.00689983	0.00457521	0.011754	0.0368815	35.9458	22.3022	0.0138851	
364.666	0.00592603	0.0103771	0.00457506	0.01195	0.0330001	60.2708	21.9357	0.0138846	
364.672	0.0010731	0.0117918	0.0045747	0.0118405	0.0351008	84.8001	22.1368	0.0138835	
364.678	-0.00386457	0.0107836	0.00457426	0.0114551	0.043471	109.716	22.8793	0.0138822	
364.684	-0.00757325	0.007669	0.0045743	0.0107781	0.0622925	134.64	24.3167	0.0138823	
364.69	-0.00929256	0.00330585	0.00457427	0.00986308	0.097821	160.417	26.5725	0.0138823	
364.696	-0.00868269	-0.00113965	0.00457443	0.00875717	0.160027	187.478	29.9293	0.0138827	
364.702	-0.00611915	-0.00450367	0.00457429	0.00759783	0.25172	216.353	34.495	0.0138823	
364.708	-0.00236592	-0.00599815	0.00457442	0.00644789	0.370307	248.474	40.6481	0.0138827	
364.714	0.00136866	-0.00535951	0.00457449	0.00553151	0.481384	284.325	47.3829	0.0138829	
364.72	0.0041167	-0.00294881	0.0045743	0.00506386	0.541859	324.386	51.7566	0.0138823	
364.726	0.00510876	0.000406816	0.00457424	0.00512493	0.533853	4.55292	51.1392	0.0138822	
364.732	0.00423582	0.00365931	0.00457452	0.00559756	0.473006	40.8236	46.8241	0.013883	
364.738	0.0018656	0.00590851	0.00457438	0.00619604	0.399578	72.4766	42.3001	0.0138826	
364.744	-0.00122118	0.00661468	0.0045746	0.00672646	0.339247	100.46	38.9663	0.0138832	
364.75	-0.00409532	0.00570477	0.00457457	0.00702254	0.3078	125.674	37.3232	0.0138832	
364.756	-0.00604598	0.00362182	0.00457449	0.0070478	0.305185	149.076	37.1888	0.0138829	
364.762	-0.00665818	0.00109979	0.00457446	0.0067484	0.336836	170.621	38.8384	0.0138828	
364.768	-0.00599933	-0.00112092	0.00457439	0.00610314	0.410637	190.583	42.9439	0.0138826	
364.774	-0.00450466	-0.0024534	0.00457474	0.00512944	0.533336	208.574	51.0998	0.0138837	
364.78	-0.00285711	-0.00267579	0.00457519	0.00391445	0.693496	223.123	66.967	0.013885	
364.786	-0.00166868	-0.00197073	0.00457512	0.0025823	0.852753	229.744	101.512	0.0138848	
364.792	-0.00137624	-0.00082736	0.00457483	0.00160579	0.940257	211.013	163.234	0.0138839	
364.798	-0.002061	0.000135392	0.00457467	0.00206544	0.903098	176.242	126.902	0.0138834	
364.804	-0.00336701	0.000348202	0.00457383	0.00338497	0.760442	174.096	77.419	0.0138809	
364.81	-0.00481735	-0.00031433	0.00457444	0.00482759	0.572998	183.733	54.2912	0.0138827	
364.816	-0.00582174	-0.00191403	0.00457448	0.00612831	0.407643	198.199	42.7684	0.0138829	
364.822	-0.00594081	-0.00403102	0.00457442	0.0071793	0.291831	214.158	36.507	0.0138827	
364.828	-0.00508186	-0.00618467	0.00457451	0.00800471	0.216321	230.591	32.7432	0.013883	
364.834	-0.00314032	-0.00776822	0.00457493	0.00837895	0.186899	247.989	31.2836	0.0138842	
364.84	-0.00078078	-0.00844876	0.00457514	0.00848476	0.179128	264.72	30.8949	0.0138849	
364.846	0.00159643	-0.00811532	0.00457502	0.00827085	0.195124	281.129	31.6932	0.0138845	
364.852	0.0035347	-0.0068956	0.00457465	0.00774876	0.23822	297.14	33.8258	0.0138834	
364.858	0.00473813	-0.00520736	0.00457448	0.00704035	0.305949	312.299	37.228	0.0138829	
364.864	0.00513173	-0.00341587	0.0045744	0.00616464	0.403303	326.351	42.5157	0.0138826	
364.87	0.00487762	-0.00191604	0.00457453	0.00524046	0.518835	338.554	50.0149	0.013883	
364.876	0.00429114	-0.000865089	0.0045747	0.00437747	0.632665	348.602	59.8774	0.0138836	
364.882	0.00361619	-0.000224602	0.00457476	0.00362316	0.730795	356.446	72.3442	0.0138837	
364.888	0.003088	0.000112804	0.00457498	0.00309006	0.796044	2.09207	84.8289	0.0138844	
364.894	0.00272002	0.000373282	0.00457505	0.00274552	0.835217	7.81417	95.476	0.0138846	
364.9	0.00240459	0.000718918	0.00457473	0.00250976	0.860287	16.6455	104.437	0.0138836	
364.906	0.00198844	0.0011622	0.00457461	0.00230317	0.880963	30.3054	113.802	0.0138833	
364.912	0.00128002	0.00156775	0.00457445	0.00202393	0.90676	50.7693	129.499	0.0138828	
364.918	0.00031261	0.00171907	0.00457426	0.00174726	0.929644	79.6935	149.998	0.0138822	
364.924	-0.000829766	0.00144895	0.0045741	0.00166972	0.935544	119.798	156.958	0.0138817	
364.93	-0.00182156	0.000600829	0.00457427	0.00191809	0.915838	161.745	136.639	0.0138822	
364.936	-0.00243292	-0.000724019	0.00457423	0.00253837	0.857296	196.573	103.249	0.0138821	
364.942	-0.00235778	-0.00227806	0.00457423	0.00327851	0.773481	224.015	79.9399	0.0138821	
364.948	-0.00156693	-0.0037511	0.00457439	0.00406522	0.673757	247.328	64.4721	0.0138826	
364.954	-0.000158334	-0.00471339	0.00457458	0.00471605	0.587779	268.076	55.577	0.0138832	
364.96	0.00156653	-0.00497388	0.00457443	0.00521474	0.522164	287.482	50.2605	0.0138827	
364.966	0.00321003	-0.00440971	0.00457466	0.00545434	0.491259	306.053	48.055	0.0138834	
364.972	0.00436693	-0.00322154	0.00457445	0.00542664	0.494779	323.583	48.2982	0.0138828	
364.978	0.0047949	-0.0017222	0.0045746	0.0050948	0.537848	340.243	51.4457	0.0138833	
364.984	0.00448924	-0.000314564	0.00457474	0.00450025	0.616407	355.992	58.2442	0.0138837	
364.99	0.00361139	0.000587664	0.00457481	0.00365889	0.72627	9.24247	71.6385	0.0138839	
364.996	0.00252242	0.00084307	0.00457468	0.00265958	0.844513	18.4812	98.5531	0.0138835	
365.002	0.00160953	0.000426513	0.00457452	0.00166509	0.935902	14.8418	157.41	0.013883	
365.008	0.00117743	-0.000415542	0.00457462	0.00124861	0.963437	340.561	209.919	0.0138833	
365.014	0.0014358	-0.00138959	0.00457464	0.00199812	0.909019	315.937	131.177	0.0138834	
365.02	0.00225163	-0.00204093	0.00457462	0.00303896	0.801996	317.81	86.2489	0.0138833	
365.026	0.00335359	-0.00220056	0.00457449	0.00401112	0.68084	326.728	65.3432	0.0138829	
365.032	0.00442683	-0.00177466	0.00457442	0.00476931	0.580705	338.155	54.9545	0.0138827	
365.038	0.00522043	-0.00091095	0.00457466	0.00529931	0.511222	350.102	49.4609	0.0138834	
365.044	0.00553743	0.00014268	0.00457463	0.00553927	0.480418	1.47598	47.318	0.0138833	
365.05	0.00543069	0.00110379	0.00457459	0.00554173	0.480098	11.4888	47.2965	0.0138832	
365.056	0.00506566	0.00177389	0.0045745	0.00536727	0.502421	19.2992	48.833	0.0138829	
365.062	0.004732	0.00212776	0.00457454	0.00518837	0.525615	24.2113	50.5172	0.0138831	
365.068	0.00464512	0.00225802	0.00457456	0.00516486	0.528684	25.9246	50.7474	0.0138831	
365.074	0.00484928	0.00245876	0.00457473	0.005437	0.493493	26.8866	48.2091	0.0138837	
365.08	0.00528863	0.00296655	0.00457464	0.00606383	0.415398	29.2894	43.2247	0.0138834	
365.086	0.00571053	0.00398726	0.00457471	0.0069648	0.31382	34.9239	37.6338	0.0138836	
365.092	0.00574545	0.00546238	0.00457449	0.00792766	0.222757	43.5532	33.0613	0.0138829	
365.098	0.00508651	0.00719582	0.00457444	0.00881206	0.156383	54.7446	29.7429	0.0138828	
365.104	0.00365228	0.00875446	0.00457453	0.00948576	0.116494	67.3546	27.631	0.013883	
365.11	0.00152179	0.00975268	0.00457435	0.00987069	0.0974785	81.1312	26.5525	0.0138825	
365.116	-0.000976969	0.00985242	0.00457443	0.00990074	0.0961121	95.663	26.4723	0.0138827	
365.122	-0.00337103	0.00891663	0.00457434	0.00953258	0.114021	110.71	27.4941	0.0138824	
365.128	-0.00510418	0.00708748	0.00457472	0.00873413	0.161613	125.76	30.0101	0.0138836	
365.134	-0.00584707	0.00477085	0.00457484	0.00754647	0.256526	140.788	34.734	0.013884	
365.14	-0.00545881	0.00254724	0.00457474	0.00602387	0.420236	154.985	43.5125	0.0138837	
365.146	-0.00415578	0.000965236	0.00457452	0.00426641	0.64732	166.924	61.4336	0.013883	
365.152	-0.0023595	0.000363642	0.00457487	0.00238736	0.872703	171.239	109.795	0.013884	
365.158	-0.000699183	0.000865451	0.00457488	0.00111259	0.970861	128.934	235.595	0.0138841	
365.164	0.000314703	0.00225411	0.00457458	0.00227598	0.883586	82.0522	115.161	0.0138832	
365.17	0.000277382	0.00403938	0.00457483	0.00404889	0.675943	86.0717	64.7382	0.0138839	
365.176	-0.000821146	0.00560786	0.00457487	0.00566766	0.464219	98.3305	46.2484	0.013884	
365.182	-0.00276783	0.00641582	0.00457446	0.00698739	0.311424	113.336	37.51	0.0138828	
365.188	-0.00500396	0.00614003	0.00457485	0.00792083	0.223388	129.179	33.0925	0.013884	
365.194	-0.00697921	0.0047342	0.00457495	0.00843339	0.18286	145.85	31.0818	0.0138843	
365.2	-0.0081176	0.00253866	0.00457511	0.0085053	0.177637	162.634	30.8201	0.0138848	
365.206	-0.00811126	2.82929e-05	0.00457486	0.00811131	0.207671	179.8	32.3154	0.013884	
365.212	-0.00697288	-0.0021561	0.00457433	0.00729862	0.280016	197.182	35.9095	0.0138824	
365.218	-0.00505243	-0.00349758	0.00457427	0.00614493	0.405629	214.693	42.6509	0.0138823	
365.224	-0.00282307	-0.00375681	0.00457447	0.00469929	0.589985	233.077	55.7739	0.0138829	
365.23	-0.000898485	-0.00293788	0.0045746	0.0030722	0.79811	252.995	85.3151	0.0138833	
365.236	0.00030467	-0.00134596	0.00457452	0.00138001	0.955516	282.755	189.927	0.013883	
365.242	0.000528499	0.000556245	0.00457449	0.000767281	0.986032	46.4652	341.595	0.0138829	
365.248	-0.00023615	0.00229361	0.00457442	0.00230574	0.880704	95.8785	113.671	0.0138827	
365.254	-0.00181883	0.00344021	0.0045745	0.00389143	0.696403	117.865	67.3531	0.0138829	
365.26	-0.00380339	0.00368549	0.00457471	0.00529609	0.511646	135.902	49.4915	0.0138836	
365.266	-0.00567997	0.00300156	0.00457454	0.00642429	0.373026	152.146	40.7986	0.0138831	
365.272	-0.00708813	0.00159492	0.00457492	0.00726535	0.28337	167.319	36.0786	0.0138842	
365.278	-0.00784334	-0.000213066	0.00457479	0.00784624	0.229744	181.556	33.4066	0.0138838	
365.284	-0.00787454	-0.00206639	0.00457431	0.00814116	0.205201	194.704	32.1931	0.0138824	
365.29	-0.00734201	-0.00367364	0.00457464	0.0082098	0.199817	206.581	31.9262	0.0138834	
365.296	-0.00648433	-0.00487916	0.00457434	0.00811497	0.207303	216.96	32.2972	0.0138825	
365.302	-0.00553271	-0.00579089	0.00457442	0.00800908	0.215947	226.306	32.7247	0.0138827	
365.308	-0.00460972	-0.00645194	0.00457447	0.0079295	0.222599	234.455	33.0535	0.0138828	
365.314	-0.00370103	-0.00699647	0.00457449	0.00791507	0.223822	242.122	33.1139	0.0138829	
365.32	-0.00276579	-0.00754402	0.00457462	0.00803504	0.213838	249.866	32.6204	0.0138833	
365.326	-0.00166656	-0.00803779	0.00457473	0.00820874	0.199913	258.286	31.9309	0.0138836	
365.332	-0.000337328	-0.00838981	0.00457485	0.00839659	0.185573	267.698	31.2174	0.013884	
365.338	0.0011886	-0.00845008	0.00457491	0.00853326	0.175601	278.007	30.7178	0.0138842	
365.344	0.00284921	-0.00805718	0.00457483	0.00854612	0.174671	289.475	30.671	0.0138839	
365.35	0.0044131	-0.00720219	0.00457501	0.00844672	0.181889	301.498	31.0332	0.0138845	
365.356	0.00567739	-0.00587727	0.00457501	0.0081716	0.202879	314.009	32.078	0.0138845	
365.362	0.00647912	-0.00413212	0.00457481	0.00768462	0.243945	327.472	34.1093	0.0138839	
365.368	0.00668215	-0.00231062	0.00457468	0.00707037	0.3029	340.925	37.0716	0.0138835	
365.374	0.0062589	-0.000592441	0.0045745	0.00628688	0.388915	354.593	41.6899	0.0138829	
365.38	0.00533649	0.000804423	0.00457435	0.00539678	0.498598	8.57223	48.5643	0.0138825	
365.386	0.00410799	0.0016906	0.00457408	0.00444226	0.624005	22.3691	58.9959	0.0138817	
365.392	0.00276896	0.00203619	0.00457411	0.00343703	0.754041	36.3294	76.2511	0.0138818	
365.398	0.00152126	0.00186639	0.00457412	0.00240783	0.87062	50.8171	108.844	0.0138818	
365.404	0.000544651	0.00128167	0.0045741	0.0013926	0.954712	66.9768	188.193	0.0138817	
365.41	-4.31999e-05	0.000431297	0.00457425	0.000433455	0.99552	95.7198	604.642	0.0138822	
365.416	-0.000193158	-0.000532295	0.00457439	0.000566258	0.992367	250.055	462.851	0.0138826	
365.422	5.58009e-05	-0.00146345	0.0045743	0.00146452	0.950039	272.184	178.959	0.0138823	
365.428	0.000668276	-0.00220472	0.00457424	0.00230377	0.880886	286.863	113.763	0.0138821	
365.434	0.001547	-0.00271048	0.00457453	0.00312088	0.792376	299.715	83.983	0.013883	
365.44	0.00267052	-0.00284932	0.00457436	0.00390517	0.694607	313.145	67.114	0.0138825	
365.446	0.00387503	-0.0025831	0.00457441	0.00465706	0.595572	326.312	56.2789	0.0138827	
365.452	0.0050591	-0.00185542	0.00457453	0.00538861	0.499678	339.86	48.6399	0.013883	
365.458	0.0060036	-0.000680389	0.00457489	0.00604203	0.418066	353.534	43.3831	0.0138841	
365.464	0.00658215	0.000879658	0.00457499	0.00664067	0.348733	7.61207	39.4731	0.0138844	
365.47	0.00663489	0.0026583	0.00457467	0.00714761	0.295053	21.8337	36.6709	0.0138834	
365.476	0.0060843	0.00449927	0.00457444	0.00756717	0.254556	36.4825	34.636	0.0138828	
365.482	0.00492367	0.00611679	0.00457461	0.00785223	0.229201	51.1679	33.3798	0.0138833	
365.488	0.00326056	0.00732712	0.00457454	0.00801985	0.215076	66.011	32.6817	0.0138831	
365.494	0.00132778	0.0079362	0.00457443	0.00804651	0.21287	80.502	32.5726	0.0138827	
365.5	-0.000672893	0.00791263	0.00457463	0.00794119	0.221637	94.8608	33.006	0.0138833	
365.506	-0.00248833	0.00730047	0.00457445	0.00771289	0.241368	108.821	33.9817	0.0138828	
365.512	-0.00389997	0.00634136	0.00457456	0.00744463	0.266013	121.592	35.207	0.0138831	
365.518	-0.00490274	0.00512891	0.00457465	0.00709525	0.300355	133.708	36.9413	0.0138834	
365.524	-0.00555971	0.00394695	0.00457453	0.00681827	0.329304	144.628	38.441	0.013883	
365.53	-0.00596043	0.00285138	0.00457443	0.00660735	0.35234	154.434	39.6673	0.0138827	
365.536	-0.0062859	0.00183378	0.0045745	0.00654792	0.358996	163.736	40.0279	0.013883	
365.542	-0.00657632	0.000816933	0.00457453	0.00662687	0.350188	172.919	39.5513	0.013883	
365.548	-0.00687425	-0.000329313	0.00457464	0.00688213	0.322509	182.743	38.0852	0.0138834	
365.554	-0.00701982	-0.00174827	0.00457463	0.00723425	0.286394	193.985	36.2314	0.0138833	
365.56	-0.00682589	-0.00345418	0.00457456	0.00765011	0.247011	206.841	34.2613	0.0138831	
365.566	-0.00606831	-0.00530485	0.00457444	0.00806014	0.211758	221.16	32.5176	0.0138828	
365.572	-0.0045648	-0.0070145	0.00457464	0.00836903	0.187603	236.945	31.3187	0.0138834	
365.578	-0.00233908	-0.00823327	0.00457488	0.00855909	0.173755	254.14	30.6249	0.0138841	
365.584	0.000355809	-0.0086026	0.00457505	0.00860995	0.17019	272.368	30.4451	0.0138846	
365.59	0.00315274	-0.00783087	0.00457492	0.0084417	0.182245	291.93	31.0511	0.0138842	
365.596	0.00549496	-0.00591394	0.00457516	0.00807275	0.210833	312.897	32.4718	0.0138849	
365.602	0.00688788	-0.00311845	0.00457527	0.00756093	0.255257	335.642	34.6708	0.0138853	
365.608	0.00692928	6.32139e-05	0.0045751	0.00692957	0.317573	0.522678	37.8283	0.0138848	
365.614	0.00552811	0.00300597	0.0045751	0.00629252	0.388352	28.5356	41.6579	0.0138847	
365.62	0.00293902	0.0049996	0.00457483	0.00579947	0.44775	59.5508	45.1969	0.0138839	
365.626	-0.00038623	0.00560117	0.00457448	0.00561447	0.470863	93.9446	46.6827	0.0138829	
365.632	-0.0036661	0.00455993	0.00457423	0.00585092	0.44129	128.799	44.7937	0.0138821	
365.638	-0.00622431	0.00203975	0.00457396	0.00655001	0.358673	161.856	40.0104	0.0138813	
365.644	-0.00736222	-0.00150342	0.00457417	0.00751416	0.259423	191.542	34.8782	0.0138819	
365.65	-0.00674296	-0.00529338	0.00457466	0.00857248	0.172776	218.133	30.5756	0.0138834	
365.656	-0.00447132	-0.00858027	0.0045748	0.00967542	0.106834	242.475	27.091	0.0138839	
365.662	-0.000856082	-0.0105713	0.00457462	0.0106059	0.0680472	265.37	24.7132	0.0138833	
365.668	0.00334452	-0.0109151	0.00457452	0.011416	0.0444261	287.036	22.959	0.013883	
365.674	0.00742327	-0.00937565	0.00457432	0.0119586	0.0328023	308.371	21.9164	0.0138824	
365.68	0.0104725	-0.0064076	0.00457418	0.0122772	0.0272693	328.54	21.347	0.013882	
365.686	0.0120633	-0.00243967	0.00457442	0.0123075	0.0267981	348.567	21.2955	0.0138827	
365.692	0.0119483	0.00176444	0.00457463	0.0120779	0.0306452	8.40035	21.7015	0.0138833	
365.698	0.0102559	0.0054486	0.00457472	0.0116134	0.039866	27.9802	22.5699	0.0138836	
365.704	0.00737605	0.00807692	0.00457497	0.0109381	0.0573771	47.5969	23.9645	0.0138844	
365.71	0.00389975	0.00929398	0.00457442	0.010079	0.0882709	67.2371	26.0041	0.0138827	
365.716	0.000443157	0.00912008	0.00457485	0.00913084	0.136454	87.2181	28.707	0.013884	
365.722	-0.00242698	0.00771853	0.0045744	0.0080911	0.209236	107.455	32.3928	0.0138826	
365.728	-0.00438317	0.00551916	0.00457478	0.00704793	0.305216	128.456	37.1904	0.0138838	
365.734	-0.00529376	0.00293911	0.00457475	0.00605494	0.416487	150.961	43.2893	0.0138837	
365.74	-0.00513523	0.000516225	0.0045748	0.00516111	0.529208	174.26	50.7869	0.0138839	
365.746	-0.00413917	-0.00147111	0.00457463	0.00439283	0.630623	199.566	59.6671	0.0138833	
365.752	-0.0026283	-0.00281682	0.00457483	0.00385259	0.701462	226.983	68.037	0.0138839	
365.758	-0.000996933	-0.00337103	0.00457429	0.00351536	0.744309	253.525	74.5551	0.0138823	
365.764	0.000706412	-0.00326614	0.00457447	0.00334166	0.765814	282.204	78.4335	0.0138828	
365.77	0.00203945	-0.00259769	0.00457457	0.00330263	0.770583	308.136	79.3622	0.0138831	
365.776	0.00291278	-0.00157835	0.00457484	0.00331293	0.769353	331.548	79.1201	0.013884	
365.782	0.00329911	-0.000407512	0.00457488	0.00332418	0.767985	352.958	78.853	0.0138841	
365.788	0.00318238	0.000723403	0.00457476	0.00326356	0.775336	12.8066	80.3154	0.0138837	
365.794	0.0026516	0.0016412	0.00457471	0.00311842	0.792682	31.7553	84.0528	0.0138836	
365.8	0.00184114	0.00216894	0.00457467	0.00284501	0.824166	49.6732	92.1293	0.0138834	
365.806	0.000950631	0.00223155	0.00457466	0.00242559	0.868864	66.9262	108.06	0.0138834	
365.812	0.000200327	0.00188784	0.00457456	0.00189844	0.917491	83.9428	138.062	0.0138831	
365.818	-0.000234114	0.00116767	0.00457446	0.0011909	0.96668	101.337	220.083	0.0138828	
365.824	-0.000171614	0.000340184	0.0045744	0.00038102	0.996537	116.77	687.874	0.0138826	
365.83	0.000370969	-0.000398753	0.00457428	0.00054463	0.992937	312.933	481.22	0.0138823	
365.836	0.00135108	-0.000753013	0.00457436	0.00154675	0.944436	330.867	169.446	0.0138825	
365.842	0.0025471	-0.000543416	0.00457459	0.00260442	0.850386	347.957	100.638	0.0138832	
365.848	0.0036262	0.000291525	0.00457466	0.0036379	0.728918	4.59636	72.0495	0.0138834	
365.854	0.00430427	0.00173092	0.00457451	0.00463927	0.597945	21.907	56.496	0.013883	
365.86	0.00431993	0.00343264	0.00457443	0.00551768	0.483134	38.4708	47.501	0.0138827	
365.866	0.0035301	0.00517861	0.00457435	0.00626734	0.391177	55.7189	41.8185	0.0138825	
365.872	0.00202815	0.00651474	0.00457456	0.00682314	0.328787	72.7077	38.4138	0.0138831	
365.878	4.29354e-05	0.00708901	0.00457443	0.00708914	0.300942	89.653	36.9714	0.0138827	
365.884	-0.0020477	0.0069513	0.00457463	0.00724663	0.285169	106.414	36.1695	0.0138833	
365.89	-0.00380899	0.00576648	0.00457466	0.00691091	0.319468	123.446	37.9268	0.0138834	
365.896	-0.00489196	0.0041328	0.00457463	0.00640401	0.375366	139.808	40.9286	0.0138833	
365.902	-0.00518562	0.00228746	0.00457459	0.00566773	0.464167	156.197	46.2451	0.0138832	
365.908	-0.00463479	0.000651797	0.00457473	0.0046804	0.592523	171.995	56.0022	0.0138836	
365.914	-0.00352246	-0.000415323	0.0045746	0.00354686	0.740393	186.725	73.8978	0.0138832	
365.92	-0.00217049	-0.000681251	0.00457469	0.00227489	0.883695	197.425	115.219	0.0138835	
365.926	-0.00103225	-0.000209395	0.00457443	0.00105328	0.97384	191.467	248.838	0.0138827	
365.932	-0.000431567	0.000770946	0.00457461	0.00088352	0.981522	119.24	296.661	0.0138833	
365.938	-0.00054385	0.00192852	0.00457425	0.00200374	0.908516	105.749	130.798	0.0138822	
365.944	-0.001367	0.00284006	0.00457451	0.00315193	0.788696	115.703	83.1555	0.013883	
365.95	-0.00263536	0.0032184	0.00457419	0.00415971	0.661336	129.312	63.0048	0.013882	
365.956	-0.0039994	0.00286647	0.00457428	0.00492055	0.560702	144.37	53.2637	0.0138823	
365.962	-0.00510821	0.00190473	0.00457462	0.00545177	0.491582	159.551	48.0773	0.0138833	
365.968	-0.00568088	0.000531809	0.0045746	0.00570572	0.459402	174.652	45.9373	0.0138833	
365.974	-0.00558411	-0.000953316	0.00457451	0.0056649	0.464511	189.688	46.2674	0.013883	
365.98	-0.00492954	-0.00218269	0.00457483	0.00539115	0.499395	203.883	48.6201	0.0138839	
365.986	-0.00388576	-0.0029324	0.00457428	0.00486807	0.567629	217.04	53.838	0.0138823	
365.992	-0.00280213	-0.00312121	0.00457456	0.00419451	0.656803	228.084	62.4873	0.0138831	
365.998	-0.00195188	-0.00281247	0.00457448	0.00342343	0.75576	235.239	76.5603	0.0138829	
366.004	-0.00153311	-0.0022282	0.0045745	0.00270468	0.839633	235.47	96.9057	0.0138829	
366.01	-0.00156579	-0.00169887	0.00457446	0.00231038	0.880256	227.334	113.444	0.0138828	
366.016	-0.00195021	-0.00143404	0.00457419	0.0024207	0.869332	216.328	108.267	0.013882	
366.022	-0.00247897	-0.00160053	0.0045744	0.00295076	0.812165	212.848	88.8223	0.0138826	
366.028	-0.00283282	-0.00213679	0.00457433	0.00354834	0.740181	217.027	73.8626	0.0138824	
366.034	-0.00287929	-0.00293242	0.00457434	0.00410967	0.667925	225.524	63.774	0.0138824	
366.04	-0.00252341	-0.00373879	0.00457471	0.00451067	0.615022	235.984	58.1093	0.0138836	
366.046	-0.00183638	-0.00435248	0.00457459	0.00472402	0.586725	247.124	55.4833	0.0138832	
366.052	-0.000960436	-0.00467004	0.00457458	0.00476778	0.580929	258.379	54.974	0.0138832	
366.058	-0.000103058	-0.00459644	0.00457431	0.00459759	0.603443	268.716	57.0056	0.0138824	
366.064	0.000545564	-0.00426904	0.00457443	0.00430376	0.642377	277.283	60.8992	0.0138827	
366.07	0.000925383	-0.00388897	0.00457422	0.00399755	0.682579	283.385	65.561	0.0138821	
366.076	0.00105245	-0.00357908	0.00457439	0.00373062	0.717088	286.386	70.2547	0.0138826	
366.082	0.00108614	-0.00349205	0.0045744	0.00365706	0.726461	287.277	71.6678	0.0138826	
366.088	0.00120098	-0.0036558	0.00457433	0.00384802	0.701997	288.186	68.1103	0.0138824	
366.094	0.00154898	-0.00393418	0.00457435	0.00422813	0.652347	291.491	61.9873	0.0138825	
366.1	0.00220073	-0.00418961	0.00457424	0.00473245	0.585562	297.712	55.3804	0.0138822	
366.106	0.00311852	-0.00420395	0.00457409	0.00523434	0.519564	306.568	50.0685	0.0138817	
366.112	0.00416001	-0.00381499	0.00457438	0.00564445	0.467066	317.477	46.4338	0.0138826	
366.118	0.00510579	-0.0030059	0.00457429	0.00592491	0.432205	329.514	44.2348	0.0138823	
366.124	0.00572218	-0.00186105	0.00457482	0.00601721	0.421055	341.984	43.5614	0.0138839	
366.13	0.00591316	-0.000559151	0.00457472	0.00593954	0.430485	354.598	44.13	0.0138836	
366.136	0.00565455	0.000689432	0.00457503	0.00569643	0.460634	6.95149	46.0166	0.0138846	
366.142	0.00507859	0.00167898	0.00457515	0.00534893	0.504883	18.2939	49.0073	0.0138849	
366.148	0.00432128	0.00232546	0.00457524	0.00490726	0.562591	28.2865	53.4192	0.0138852	
366.154	0.00361039	0.00265321	0.00457521	0.00448045	0.619091	36.3114	58.5076	0.0138851	
366.16	0.00309719	0.00278787	0.00457514	0.00416711	0.660477	41.9913	62.9059	0.0138849	
366.166	0.00278485	0.00291639	0.0045751	0.00403246	0.678123	46.3218	65.006	0.0138848	
366.172	0.00253561	0.00322898	0.00457512	0.00410556	0.668556	51.8587	63.8487	0.0138848	
366.178	0.00222295	0.0037349	0.00457522	0.00434638	0.636843	59.2396	60.3125	0.0138851	
366.184	0.00162412	0.00435826	0.00457518	0.00465104	0.596475	69.5619	56.3613	0.013885	
366.19	0.000593029	0.00490008	0.004575	0.00493584	0.55879	83.0994	53.1072	0.0138845	
366.196	-0.000842705	0.00506754	0.00457486	0.00513714	0.532347	99.4416	51.0246	0.013884	
366.202	-0.00244392	0.00460972	0.00457476	0.00521749	0.521856	117.931	50.2376	0.0138837	
366.208	-0.00388128	0.00342633	0.00457441	0.00517727	0.527042	138.563	50.624	0.0138827	
366.214	-0.00480518	0.00159603	0.00457434	0.0050633	0.541937	161.626	51.7627	0.0138824	
366.22	-0.00487677	-0.00061124	0.00457443	0.00491493	0.561464	187.144	53.3263	0.0138827	
366.226	-0.0039244	-0.00275944	0.00457444	0.00479744	0.576985	215.113	54.6324	0.0138828	
366.232	-0.00207427	-0.00435912	0.00457461	0.00482747	0.573039	244.553	54.2947	0.0138833	
366.238	0.000433802	-0.0050043	0.00457468	0.00502306	0.547267	274.954	52.1812	0.0138835	
366.244	0.00302715	-0.00446611	0.00457465	0.00539535	0.498828	304.13	48.5804	0.0138834	
366.25	0.00523557	-0.00277941	0.00457437	0.00592758	0.431891	332.038	44.2156	0.0138825	
366.256	0.00649812	-0.000223403	0.00457433	0.00650196	0.364149	358.031	40.3093	0.0138824	
366.262	0.00651107	0.00265862	0.00457447	0.00703294	0.30671	22.2114	37.2671	0.0138828	
366.268	0.00529306	0.00529989	0.00457442	0.00749035	0.261687	45.0369	34.9911	0.0138827	
366.274	0.00308044	0.00718052	0.00457455	0.00781338	0.232549	66.7807	33.5453	0.0138831	
366.28	0.000310076	0.00793981	0.00457467	0.00794586	0.221252	87.7635	32.9869	0.0138835	
366.286	-0.00246376	0.00751309	0.00457471	0.00790675	0.224559	108.156	33.1503	0.0138836	
366.292	-0.00470767	0.00603406	0.00457477	0.00765324	0.24676	127.961	34.2489	0.0138838	
366.298	-0.00607978	0.00388013	0.0045746	0.00721243	0.288555	147.454	36.3408	0.0138832	
366.304	-0.00645391	0.00157153	0.00457476	0.00664249	0.348495	166.315	39.4603	0.0138837	
366.31	-0.0059075	-0.000520209	0.00457456	0.00593036	0.431581	185.032	44.1968	0.0138831	
366.316	-0.00470444	-0.00203113	0.00457421	0.00512418	0.533946	203.352	51.1463	0.0138821	
366.322	-0.00323789	-0.00284009	0.00457429	0.00430698	0.641934	221.255	60.8518	0.0138823	
366.328	-0.00179013	-0.00298579	0.0045742	0.00348131	0.74855	239.055	75.2828	0.013882	
366.334	-0.000605949	-0.0026367	0.00457426	0.00270543	0.839537	257.057	96.874	0.0138822	
366.34	0.000184968	-0.00195494	0.00457426	0.00196367	0.911974	275.405	133.467	0.0138822	
366.346	0.000634874	-0.00122156	0.00457461	0.00137669	0.955727	297.462	190.389	0.0138833	
366.352	0.000751185	-0.000548209	0.00457477	0.000929953	0.979551	323.878	281.859	0.0138838	
366.358	0.000740404	-7.07979e-07	0.00457492	0.000740405	0.986989	359.945	354.027	0.0138842	
366.364	0.000650641	0.000501605	0.00457477	0.000821549	0.984004	37.6301	319.05	0.0138838	
366.37	0.000490668	0.00100363	0.00457463	0.00111715	0.970622	63.9463	234.621	0.0138833	
366.376	0.000227041	0.00152603	0.00457466	0.00154283	0.944717	81.5377	169.889	0.0138834	
366.382	-0.000269588	0.00203218	0.00457464	0.00204998	0.904471	97.5567	127.859	0.0138834	
366.388	-0.00101826	0.0024892	0.0045746	0.00268942	0.841293	112.248	97.4578	0.0138832	
366.394	-0.00202211	0.00269839	0.00457454	0.00337198	0.762105	126.847	77.7295	0.0138831	
366.4	-0.00320724	0.002551	0.00457455	0.00409805	0.669475	141.502	63.9578	0.0138831	
366.406	-0.00442352	0.00186376	0.00457445	0.00480012	0.576633	157.153	54.6021	0.0138828	
366.412	-0.00547173	0.000671391	0.00457439	0.00551277	0.483754	173.005	47.5429	0.0138826	
366.418	-0.00608184	-0.000956542	0.00457436	0.0061566	0.404253	188.938	42.5708	0.0138825	
366.424	-0.00603449	-0.00279653	0.00457429	0.00665099	0.34748	204.864	39.4058	0.0138823	
366.43	-0.0053109	-0.00466414	0.00457431	0.00706823	0.303061	221.29	37.0799	0.0138824	
366.436	-0.00395417	-0.00621537	0.00457428	0.00736657	0.27342	237.536	35.5779	0.0138823	
366.442	-0.00208116	-0.00723423	0.00457436	0.00752764	0.258198	253.95	34.8172	0.0138825	
366.448	7.61627e-05	-0.00754843	0.00457432	0.00754882	0.256231	270.578	34.7193	0.0138824	
366.454	0.00222548	-0.00708954	0.00457455	0.00743063	0.267337	287.428	35.2732	0.0138831	
366.46	0.00405108	-0.00590589	0.00457431	0.00716176	0.293574	304.448	36.5956	0.0138824	
366.466	0.00536098	-0.00424681	0.00457448	0.00683927	0.327048	321.615	38.3226	0.0138829	
366.472	0.00602075	-0.00225407	0.00457449	0.00642886	0.372493	339.475	40.7691	0.0138829	
366.478	0.00592648	-0.000240922	0.00457446	0.00593138	0.431441	357.672	44.1882	0.0138828	
366.484	0.00516585	0.00154103	0.0045742	0.0053908	0.499345	16.6104	48.6166	0.013882	
366.49	0.00394671	0.00290496	0.00457456	0.00490054	0.563381	36.3548	53.4845	0.0138831	
366.496	0.00241386	0.00370548	0.00457474	0.00442236	0.626726	56.9186	59.27	0.0138837	
366.502	0.000725508	0.00387149	0.00457507	0.00393888	0.690311	79.386	66.5498	0.0138847	
366.508	-0.000747397	0.0034831	0.00457497	0.00356239	0.738479	102.111	73.5817	0.0138844	
366.514	-0.0019234	0.00262998	0.00457485	0.00325826	0.775985	126.179	80.4477	0.013884	
366.52	-0.00262528	0.00155483	0.00457496	0.00305116	0.800599	149.364	85.9102	0.0138843	
366.526	-0.00298313	0.000321119	0.00457483	0.00300037	0.80649	173.856	87.3622	0.013884	
366.532	-0.00272555	-0.000678976	0.00457491	0.00280885	0.828219	193.989	93.3206	0.0138842	
366.538	-0.00232052	-0.00151051	0.00457452	0.00276883	0.83262	213.062	94.661	0.013883	
366.544	-0.00184718	-0.00203863	0.00457412	0.00275101	0.834554	227.821	95.2661	0.0138818	
366.55	-0.00138307	-0.00233346	0.00457398	0.00271255	0.838746	239.344	96.6139	0.0138814	
366.556	-0.000968297	-0.00254259	0.00457417	0.00272073	0.837868	249.152	96.3274	0.013882	
366.562	-0.000685514	-0.00277734	0.00457436	0.00286069	0.822384	256.135	91.6182	0.0138825	
366.568	-0.000384191	-0.00309898	0.00457441	0.00312271	0.79215	262.933	83.9317	0.0138827	
366.574	8.21974e-05	-0.00363337	0.00457455	0.0036343	0.729363	271.296	72.1191	0.0138831	
366.58	0.000844687	-0.0041863	0.00457455	0.00427067	0.64676	281.408	61.3726	0.0138831	
366.586	0.00198799	-0.00451566	0.00457446	0.0049339	0.558968	293.761	53.1217	0.0138828	
366.592	0.00349874	-0.00448563	0.00457455	0.00568877	0.461519	307.954	46.0737	0.0138831	
366.598	0.00513837	-0.00381956	0.00457463	0.00640249	0.37554	323.375	40.9383	0.0138833	
366.604	0.00660996	-0.00241273	0.00457468	0.00703654	0.306373	339.947	37.2498	0.0138835	
366.61	0.00757103	-0.000316666	0.00457467	0.00757765	0.253627	357.605	34.5898	0.0138834	
366.616	0.00771846	0.00220796	0.00457481	0.00802806	0.214438	15.9638	32.6501	0.0138839	
366.622	0.0067915	0.00478544	0.00457477	0.00830812	0.19223	35.1694	31.5492	0.0138837	
366.628	0.00484862	0.00690724	0.00457465	0.00843914	0.182397	54.9326	31.0587	0.0138834	
366.634	0.00216498	0.00813468	0.00457464	0.00841784	0.183966	75.0966	31.1371	0.0138834	
366.64	-0.000843727	0.0082493	0.00457435	0.00829234	0.193379	95.8398	31.6064	0.0138825	
366.646	-0.00365933	0.00718294	0.00457441	0.00806135	0.211655	116.996	32.5125	0.0138827	
366.652	-0.00577832	0.00511355	0.00457457	0.00771604	0.241106	138.493	33.9687	0.0138832	
366.658	-0.00689588	0.00251807	0.00457471	0.00734125	0.275931	159.94	35.704	0.0138836	
366.664	-0.00687262	-0.000130183	0.00457465	0.00687385	0.32339	181.085	38.1312	0.0138834	
366.67	-0.00593392	-0.00235246	0.00457473	0.00638322	0.377773	201.625	41.0628	0.0138836	
366.676	-0.00442191	-0.00384203	0.00457476	0.00585786	0.440518	220.986	44.7458	0.0138837	
366.682	-0.00275555	-0.00453679	0.00457448	0.00530806	0.510062	238.726	49.3774	0.0138829	
366.688	-0.00138181	-0.00457175	0.00457465	0.00477602	0.579849	253.183	54.88	0.0138834	
366.694	-0.00041339	-0.00427496	0.0045745	0.0042949	0.643556	264.477	61.0258	0.0138829	
366.7	9.98891e-05	-0.00399332	0.0045746	0.00399456	0.683011	271.433	65.6155	0.0138832	
366.706	0.000396562	-0.00398916	0.00457476	0.00400883	0.681169	275.677	65.3843	0.0138837	
366.712	0.000777934	-0.0043272	0.0045746	0.00439657	0.630123	280.192	59.6159	0.0138833	
366.718	0.00152663	-0.00486452	0.00457469	0.00509845	0.537383	287.423	51.4098	0.0138835	
366.724	0.00278406	-0.00524145	0.00457435	0.00593496	0.430985	297.976	44.1605	0.0138825	
366.73	0.00450182	-0.00511204	0.00457432	0.0068117	0.329975	311.368	38.4763	0.0138824	
366.736	0.00626661	-0.00423412	0.0045742	0.00756295	0.254907	325.955	34.6534	0.013882	
366.742	0.00777042	-0.00254981	0.00457444	0.00817808	0.202286	341.833	32.0486	0.0138828	
366.748	0.00848924	-0.000247759	0.00457445	0.00849285	0.178449	358.328	30.8609	0.0138828	
366.754	0.00814109	0.00223914	0.00457473	0.00844341	0.182093	15.3784	31.0435	0.0138836	
366.76	0.00678963	0.0043329	0.0045748	0.00805438	0.21228	32.5446	32.5434	0.0138839	
366.766	0.00471122	0.00550959	0.0045748	0.00724922	0.284939	49.4664	36.1579	0.0138838	
366.772	0.00246746	0.00555076	0.00457483	0.00607448	0.414147	66.0336	43.1507	0.0138839	
366.778	0.000642786	0.00451002	0.00457473	0.00455559	0.609068	81.8886	57.5365	0.0138836	
366.784	-0.000148467	0.00268795	0.00457475	0.00269205	0.841018	93.1615	97.3658	0.0138837	
366.79	0.000326134	0.000798351	0.00457473	0.000862396	0.982388	67.7795	303.935	0.0138836	
366.796	0.0019366	-0.000435501	0.00457469	0.00198496	0.91016	347.326	132.048	0.0138835	
366.802	0.00425379	-0.000537683	0.00457458	0.00428763	0.644525	352.796	61.1302	0.0138832	
366.808	0.00655131	0.000821736	0.00457439	0.00660265	0.352858	7.14932	39.6952	0.0138826	
366.814	0.00808799	0.00344556	0.00457447	0.00879132	0.157756	23.0745	29.8132	0.0138828	
366.82	0.0082492	0.00686626	0.00457435	0.0107329	0.0637612	39.7725	24.4194	0.0138825	
366.826	0.00682699	0.0102846	0.0045745	0.0123443	0.0262273	56.4236	21.2324	0.0138829	
366.832	0.00395013	0.0129985	0.00457444	0.0135854	0.0121548	73.0964	19.2924	0.0138828	
366.838	0.000118004	0.0143851	0.00457455	0.0143856	0.0071218	89.53	18.2197	0.0138831	
366.844	-0.00390556	0.0142067	0.00457467	0.0147337	0.00559141	105.371	17.7897	0.0138834	
366.85	-0.00751754	0.0126006	0.0045746	0.0146727	0.00583529	120.82	17.8634	0.0138832	
366.856	-0.0101622	0.0100308	0.00457457	0.0142789	0.00766189	135.373	18.3559	0.0138831	
366.862	-0.0116708	0.00702548	0.00457442	0.0136222	0.0118669	148.953	19.2402	0.0138827	
366.868	-0.0121213	0.00410049	0.00457454	0.0127961	0.0199948	161.31	20.4829	0.0138831	
366.874	-0.0118529	0.00160954	0.00457462	0.0119617	0.0327594	172.267	21.9122	0.0138833	
366.88	-0.0112786	-0.000383573	0.0045747	0.0112851	0.047707	181.948	23.2263	0.0138835	
366.886	-0.0106655	-0.00207059	0.00457448	0.0108646	0.0595812	190.987	24.1241	0.0138829	
366.892	-0.0100671	-0.00371669	0.00457415	0.0107313	0.0637975	200.264	24.4219	0.0138819	
366.898	-0.00929264	-0.00557579	0.00457421	0.0108371	0.0604169	210.965	24.1839	0.0138821	
366.904	-0.00801432	-0.00760827	0.00457434	0.0110506	0.0540425	223.511	23.7174	0.0138824	
366.91	-0.00587997	-0.00959123	0.00457437	0.0112501	0.0485921	238.489	23.2968	0.0138825	
366.916	-0.00282933	-0.0109961	0.00457448	0.0113543	0.0459419	255.571	23.0837	0.0138829	
366.922	0.00100255	-0.0112275	0.00457451	0.0112721	0.048029	275.103	23.252	0.013883	
366.928	0.00502223	-0.00985111	0.00457476	0.0110575	0.0538752	297.013	23.7048	0.0138837	
366.934	0.0083838	-0.00676961	0.0045744	0.0107757	0.0623774	321.08	24.3227	0.0138826	
366.94	0.0102844	-0.00228322	0.00457456	0.0105348	0.0705306	347.483	24.8797	0.0138831	
366.946	0.0101079	0.00283075	0.0045744	0.0104968	0.0718798	15.6451	24.9691	0.0138826	
366.952	0.00763455	0.00753807	0.00457433	0.0107289	0.0638912	44.6357	24.4285	0.0138824	
366.958	0.00321047	0.0107612	0.0045745	0.0112299	0.0491315	73.3882	23.3394	0.0138829	
366.964	-0.00227466	0.011694	0.00457439	0.0119132	0.0336669	101.007	22.0003	0.0138826	
366.97	-0.0077246	0.0100867	0.00457427	0.0127048	0.0211294	127.446	20.629	0.0138823	
366.976	-0.0118651	0.00620564	0.00457446	0.0133899	0.0137879	152.39	19.5742	0.0138828	
366.982	-0.0138036	0.000992992	0.00457459	0.0138393	0.0102953	175.885	18.9392	0.0138832	
366.988	-0.0132598	-0.00448621	0.00457446	0.0139982	0.0092604	198.692	18.7237	0.0138828	
366.994	-0.0104357	-0.00892631	0.00457451	0.0137325	0.0110435	220.542	19.0861	0.013883	
