364	0.00274019	0.00160544	0.0064636	0.00317586	0.886291	30.3655	116.61	0.0196161	
364.006	0.00219687	0.00311072	0.0064636	0.00380826	0.840658	54.7692	97.2457	0.0196161	
364.012	0.000750166	0.0043242	0.0064636	0.00438879	0.794119	80.1582	84.3824	0.0196161	
364.018	-0.00138422	0.00471362	0.0064636	0.00491267	0.749132	106.366	75.384	0.0196161	
364.024	-0.00365348	0.00393077	0.0064636	0.00536645	0.708458	132.906	69.0096	0.0196161	
364.03	-0.00539919	0.00197256	0.0064636	0.00574824	0.673377	159.931	64.4261	0.0196161	
364.036	-0.00600208	-0.000762121	0.0064636	0.00605027	0.645263	187.236	61.21	0.0196161	
364.042	-0.00515601	-0.0035633	0.0064636	0.0062675	0.624926	214.648	59.0884	0.0196161	
364.048	-0.00296173	-0.00567269	0.0064636	0.00639932	0.612562	242.431	57.8713	0.0196161	
364.054	3.43798e-05	-0.00644262	0.0064636	0.00644271	0.60849	270.306	57.4815	0.0196161	
364.06	0.00306007	-0.00561831	0.0064636	0.00639761	0.612722	298.575	57.8867	0.0196161	
364.066	0.00526197	-0.00339952	0.0064636	0.00626459	0.625199	327.135	59.1159	0.0196161	
364.072	0.00603195	-0.000432593	0.0064636	0.00604745	0.645527	355.898	61.2385	0.0196161	
364.078	0.00519937	0.00245186	0.0064636	0.00574849	0.673354	25.2471	64.4234	0.0196161	
364.084	0.00306957	0.00441265	0.0064636	0.00537529	0.707653	55.1764	68.8961	0.0196161	
364.09	0.000366617	0.00492646	0.0064636	0.00494008	0.746715	85.744	74.9658	0.0196161	
364.096	-0.00206261	0.0039465	0.0064636	0.004453	0.788742	117.593	83.1656	0.0196161	
364.102	-0.00344423	0.00191543	0.0064636	0.00394101	0.830372	150.92	93.97	0.0196161	
364.108	-0.00340924	-0.00041039	0.0064636	0.00343386	0.868386	186.864	107.849	0.0196161	
364.114	-0.00206631	-0.00216317	0.0064636	0.00299148	0.898435	226.312	123.797	0.0196161	
364.12	-1.20115e-05	-0.00270182	0.0064636	0.00270184	0.916342	269.745	137.068	0.0196161	
364.126	0.00192512	-0.00183603	0.0064636	0.00266029	0.918789	316.357	139.209	0.0196161	
364.132	0.00290973	9.95596e-05	0.0064636	0.00291143	0.90353	1.95967	127.201	0.0196161	
364.138	0.00245334	0.00237109	0.0064636	0.00341188	0.869951	44.0233	108.543	0.0196161	
364.144	0.000566088	0.00403747	0.0064636	0.00407697	0.819609	82.0187	90.8363	0.0196161	
364.15	-0.00217556	0.00431484	0.0064636	0.00483228	0.756189	116.757	76.6382	0.0196161	
364.156	-0.00486113	0.00285556	0.0064636	0.00563781	0.683587	149.569	65.6881	0.0196161	
364.162	-0.00645257	-9.02242e-05	0.0064636	0.0064532	0.607506	180.801	57.3881	0.0196161	
364.168	-0.00621181	-0.00376405	0.0064636	0.00726324	0.531864	211.214	50.9878	0.0196161	
364.174	-0.00390951	-0.00703155	0.0064636	0.00804531	0.460864	240.926	46.0314	0.0196161	
364.18	-4.04289e-06	-0.00878044	0.0064636	0.00878044	0.39745	269.974	42.1775	0.0196161	
364.186	0.0045548	-0.00829474	0.0064636	0.00946302	0.342419	298.772	39.1351	0.0196161	
364.192	0.00845953	-0.00547133	0.0064636	0.0100747	0.296787	327.107	36.7592	0.0196161	
364.198	0.010576	-0.000866093	0.0064636	0.0106114	0.259859	355.318	34.8999	0.0196161	
364.204	0.0101592	0.0043744	0.0064636	0.011061	0.231256	23.2959	33.4813	0.0196161	
364.21	0.007196	0.00886021	0.0064636	0.0114143	0.210292	50.9175	32.4451	0.0196161	
364.216	0.00233165	0.0114331	0.0064636	0.0116685	0.196032	78.4733	31.7383	0.0196161	
364.222	-0.00319382	0.0113767	0.0064636	0.0118165	0.188041	105.681	31.3406	0.0196161	
364.228	-0.0080566	0.00869821	0.0064636	0.0118561	0.185943	132.807	31.2359	0.0196161	
364.234	-0.0110523	0.00409073	0.0064636	0.011785	0.189721	159.689	31.4243	0.0196161	
364.24	-0.0115376	-0.00124499	0.0064636	0.0116046	0.19955	186.159	31.913	0.0196161	
364.246	-0.00955021	-0.00606914	0.0064636	0.0113155	0.216018	212.436	32.7282	0.0196161	
364.252	-0.00573775	-0.00929559	0.0064636	0.0109238	0.239755	238.315	33.9018	0.0196161	
364.258	-0.001169	-0.0103751	0.0064636	0.0104408	0.271272	263.571	35.4702	0.0196161	
364.264	0.00310529	-0.00937338	0.0064636	0.00987436	0.311325	288.329	37.5049	0.0196161	
364.27	0.00620774	-0.00685603	0.0064636	0.00924885	0.359243	312.159	40.0414	0.0196161	
364.276	0.00778431	-0.00361945	0.0064636	0.00858464	0.413957	335.063	43.1395	0.0196161	
364.282	0.00790908	-0.000467848	0.0064636	0.00792291	0.471771	356.615	46.7425	0.0196161	
364.288	0.00702262	0.00206502	0.0064636	0.00731994	0.526627	16.3861	50.5929	0.0196161	
364.294	0.0056475	0.00385951	0.0064636	0.00684032	0.571219	34.3488	54.1402	0.0196161	
364.3	0.00418601	0.0050662	0.0064636	0.00657184	0.596375	50.4344	56.3521	0.0196161	
364.306	0.00272836	0.00599669	0.0064636	0.00658819	0.594841	65.5356	56.2122	0.0196161	
364.312	0.00110799	0.00684172	0.0064636	0.00693086	0.562759	80.8011	53.4331	0.0196161	
364.318	-0.000962213	0.00751999	0.0064636	0.0075813	0.502644	97.2916	48.8487	0.0196161	
364.324	-0.00368711	0.00765079	0.0064636	0.0084929	0.421791	115.731	43.6054	0.0196161	
364.33	-0.00689088	0.00667172	0.0064636	0.00959146	0.332535	135.926	38.6111	0.0196161	
364.336	-0.0100264	0.00409029	0.0064636	0.0108287	0.245768	157.807	34.1997	0.0196161	
364.342	-0.0121485	-0.000199893	0.0064636	0.0121502	0.170879	180.943	30.4799	0.0196161	
364.348	-0.0122523	-0.00569211	0.0064636	0.0135099	0.112547	204.918	27.4122	0.0196161	
364.354	-0.00962078	-0.0113654	0.0064636	0.0148906	0.0703921	229.752	24.8705	0.0196161	
364.36	-0.0042002	-0.0157003	0.0064636	0.0162524	0.042373	255.023	22.7866	0.0196161	
364.366	0.00331417	-0.017272	0.0064636	0.0175871	0.0246796	280.862	21.0573	0.0196161	
364.372	0.0113679	-0.0150594	0.0064636	0.0188684	0.0141112	307.048	19.6274	0.0196161	
364.378	0.0179446	-0.00899555	0.0064636	0.0200731	0.00804862	333.376	18.4494	0.0196161	
364.384	0.0211984	2.23751e-05	0.0064636	0.0211984	0.00461654	0.060476	17.47	0.0196161	
364.39	0.0198142	0.0100645	0.0064636	0.0222238	0.00270961	26.9281	16.664	0.0196161	
364.396	0.0136594	0.0186693	0.0064636	0.0231327	0.00165438	53.8088	16.0092	0.0196161	
364.402	0.00376174	0.0236263	0.0064636	0.0239239	0.00105955	80.9534	15.4798	0.0196161	
364.408	-0.00762258	0.0233678	0.0064636	0.0245796	0.000724107	108.066	15.0668	0.0196161	
364.414	-0.0178734	0.0176203	0.0064636	0.0250984	0.000531915	135.409	14.7554	0.0196161	
364.42	-0.024335	0.00751913	0.0064636	0.0254702	0.000424752	162.83	14.54	0.0196161	
364.426	-0.0252839	-0.00453983	0.0064636	0.0256883	0.000371657	190.179	14.4166	0.0196161	
364.432	-0.0203676	-0.0157577	0.0064636	0.0257516	0.000357457	217.728	14.3811	0.0196161	
364.438	-0.0107661	-0.0232888	0.0064636	0.0256569	0.000378892	245.19	14.4342	0.0196161	
364.444	0.0012577	-0.0253709	0.0064636	0.025402	0.000442749	272.838	14.579	0.0196161	
364.45	0.0126929	-0.0215239	0.0064636	0.0249878	0.000568396	300.528	14.8207	0.0196161	
364.456	0.0207348	-0.0128983	0.0064636	0.0244192	0.000795522	328.116	15.1658	0.0196161	
364.462	0.0236325	-0.00170316	0.0064636	0.0236938	0.00120798	355.878	15.6301	0.0196161	
364.468	0.0209258	0.00911185	0.0064636	0.0228236	0.00196097	23.5301	16.2261	0.0196161	
364.474	0.0136185	0.0170299	0.0064636	0.0218056	0.00337767	51.3514	16.9836	0.0196161	
364.48	0.0038699	0.0202851	0.0064636	0.0206509	0.00607306	79.1991	17.9332	0.0196161	
364.486	-0.00564145	0.0185354	0.0064636	0.0193749	0.0111914	106.928	19.1143	0.0196161	
364.492	-0.0126696	0.0127494	0.0064636	0.017974	0.0209327	134.82	20.604	0.0196161	
364.498	-0.0157182	0.00492893	0.0064636	0.0164729	0.0388672	162.59	22.4815	0.0196161	
364.504	-0.0146179	-0.00271359	0.0064636	0.0148676	0.0709718	190.516	24.909	0.0196161	
364.51	-0.0103192	-0.00819536	0.0064636	0.0131777	0.125149	218.456	28.1034	0.0196161	
364.516	-0.00459949	-0.0104585	0.0064636	0.0114252	0.209666	246.261	32.4141	0.0196161	
364.522	0.000704418	-0.00957978	0.0064636	0.00960564	0.331453	274.205	38.5541	0.0196161	
364.528	0.00411745	-0.00655604	0.0064636	0.00774177	0.488067	302.13	47.8362	0.0196161	
364.534	0.00506529	-0.00294146	0.0064636	0.00585742	0.663243	329.856	63.2253	0.0196161	
364.54	0.00394429	-0.000169024	0.0064636	0.00394791	0.829831	357.546	93.8058	0.0196161	
364.546	0.00186449	0.000845147	0.0064636	0.00204709	0.951084	24.3842	180.909	0.0196161	
364.552	0.000153086	7.18751e-05	0.0064636	0.00016912	0.999658	25.1504	2189.79	0.0196161	
364.558	-0.000126503	-0.00172214	0.0064636	0.00172678	0.964943	265.799	214.466	0.0196161	
364.564	0.00135238	-0.00327973	0.0064636	0.00354761	0.860171	292.409	104.39	0.0196161	
364.57	0.00408873	-0.00341116	0.0064636	0.00532482	0.712242	320.162	69.5491	0.0196161	
364.576	0.00687454	-0.0014574	0.0064636	0.00702733	0.553762	348.031	52.6995	0.0196161	
364.582	0.00831846	0.00241027	0.0064636	0.00866061	0.407517	16.1589	42.7611	0.0196161	
364.588	0.00729565	0.0071352	0.0064636	0.0102048	0.287561	44.363	36.2905	0.0196161	
364.594	0.00350505	0.0111025	0.0064636	0.0116426	0.197452	72.4791	31.8088	0.0196161	
364.6	-0.00242964	0.0127504	0.0064636	0.0129798	0.133146	100.789	28.5318	0.0196161	
364.606	-0.00893331	0.0110315	0.0064636	0.014195	0.0896791	129.001	26.0893	0.0196161	
364.612	-0.0141197	0.00587644	0.0064636	0.0152938	0.060852	157.404	24.2149	0.0196161	
364.618	-0.0161795	-0.00165904	0.0064636	0.0162643	0.0421775	185.855	22.7699	0.0196161	
364.624	-0.0141398	-0.00961368	0.0064636	0.0170984	0.0302302	214.212	21.6591	0.0196161	
364.63	-0.00814588	-0.0158288	0.0064636	0.0178019	0.0225339	242.769	20.8033	0.0196161	
364.636	0.000397218	-0.0183617	0.0064636	0.018366	0.0176515	271.239	20.1642	0.0196161	
364.642	0.00937562	-0.0162916	0.0064636	0.0187967	0.0145742	299.92	19.7022	0.0196161	
364.648	0.0163086	-0.00992661	0.0064636	0.0190921	0.0127472	328.672	19.3974	0.0196161	
364.654	0.0192338	-0.000887716	0.0064636	0.0192543	0.0118328	357.357	19.234	0.0196161	
364.66	0.0172955	0.00853949	0.0064636	0.0192888	0.0116461	26.2774	19.1996	0.0196161	
364.666	0.0109723	0.0157571	0.0064636	0.019201	0.0121267	55.1489	19.2874	0.0196161	
364.672	0.00189372	0.018902	0.0064636	0.0189966	0.0133145	84.2788	19.4949	0.0196161	
364.678	-0.00746039	0.0171296	0.0064636	0.0186837	0.0153324	113.534	19.8214	0.0196161	
364.684	-0.0145521	0.0110528	0.0064636	0.0182737	0.0183807	142.782	20.2661	0.0196161	
364.69	-0.0176144	0.00236903	0.0064636	0.017773	0.0228129	172.34	20.8371	0.0196161	
364.696	-0.0159337	-0.00646358	0.0064636	0.0171948	0.0290576	202.08	21.5377	0.0196161	
364.702	-0.0102206	-0.013023	0.0064636	0.0165547	0.0376304	231.875	22.3704	0.0196161	
364.708	-0.00219206	-0.0157078	0.0064636	0.01586	0.0492711	262.056	23.3504	0.0196161	
364.714	0.00575305	-0.0139953	0.0064636	0.0151317	0.0645524	292.346	24.4743	0.0196161	
364.72	0.0114955	-0.00863486	0.0064636	0.0143773	0.0842586	323.088	25.7584	0.0196161	
364.726	0.0135455	-0.00138536	0.0064636	0.0136161	0.108733	354.16	27.1984	0.0196161	
364.732	0.0116207	0.00552664	0.0064636	0.012868	0.137832	25.435	28.7797	0.0196161	
364.738	0.0065669	0.010212	0.0064636	0.0121412	0.171325	57.2567	30.5024	0.0196161	
364.744	0.000136513	0.0114578	0.0064636	0.0114586	0.207753	89.3174	32.3194	0.0196161	
364.75	-0.00572837	0.00918809	0.0064636	0.0108275	0.245841	121.942	34.2033	0.0196161	
364.756	-0.00929761	0.00434772	0.0064636	0.0102639	0.283426	154.938	36.0814	0.0196161	
364.762	-0.00968212	-0.00137414	0.0064636	0.00977914	0.318377	188.078	37.8701	0.0196161	
364.768	-0.0070087	-0.00622365	0.0064636	0.00937314	0.349428	221.605	39.5104	0.0196161	
364.774	-0.00233334	-0.0087438	0.0064636	0.00904978	0.37525	255.058	40.9222	0.0196161	
364.78	0.00281324	-0.00833828	0.0064636	0.00880007	0.395812	288.644	42.0834	0.0196161	
364.786	0.00679398	-0.00529792	0.0064636	0.00861546	0.411339	322.053	42.9851	0.0196161	
364.792	0.00844979	-0.000739199	0.0064636	0.00848206	0.422721	355	43.6612	0.0196161	
364.798	0.00741923	0.0039004	0.0064636	0.00838201	0.431344	27.7316	44.1823	0.0196161	
364.804	0.00416751	0.00717701	0.0064636	0.00829925	0.43853	59.8573	44.6229	0.0196161	
364.81	-0.000240449	0.00821304	0.0064636	0.00821656	0.445757	91.6769	45.072	0.0196161	
364.816	-0.00442451	0.00680827	0.0064636	0.00811966	0.454282	123.019	45.6099	0.0196161	
364.822	-0.00717124	0.00353866	0.0064636	0.0079968	0.465176	153.736	46.3106	0.0196161	
364.828	-0.00781633	-0.000568028	0.0064636	0.00783694	0.479483	184.157	47.2553	0.0196161	
364.834	-0.00631783	-0.00428396	0.0064636	0.0076333	0.497907	214.14	48.516	0.0196161	
364.84	-0.00328837	-0.00660978	0.0064636	0.00738258	0.520854	243.55	50.1636	0.0196161	
364.846	0.00033231	-0.00707195	0.0064636	0.00707975	0.548882	272.69	52.3093	0.0196161	
364.852	0.0034911	-0.00575093	0.0064636	0.00672763	0.581768	301.26	55.0472	0.0196161	
364.858	0.00545074	-0.00320743	0.0064636	0.00632441	0.619589	329.526	58.5567	0.0196161	
364.864	0.00586904	-0.000277276	0.0064636	0.00587559	0.661553	357.295	63.0298	0.0196161	
364.87	0.00490985	0.00222224	0.0064636	0.00538934	0.706374	24.3519	68.7166	0.0196161	
364.876	0.00307411	0.00377516	0.0064636	0.00486847	0.753019	50.8441	76.0684	0.0196161	
364.882	0.0010252	0.00420531	0.0064636	0.00432847	0.799133	76.2992	85.5584	0.0196161	
364.888	-0.00069821	0.00371237	0.0064636	0.00377745	0.843013	100.652	98.0387	0.0196161	
364.894	-0.00177481	0.00270714	0.0064636	0.00323706	0.882138	123.249	114.405	0.0196161	
364.9	-0.00219206	0.00163923	0.0064636	0.00273719	0.914236	143.211	135.298	0.0196161	
364.906	-0.00217077	0.000802345	0.0064636	0.0023143	0.937911	159.715	160.021	0.0196161	
364.912	-0.00201007	0.000284544	0.0064636	0.00203011	0.951873	171.943	182.422	0.0196161	
364.918	-0.00193894	-4.45928e-05	0.0064636	0.00193945	0.955981	181.317	190.949	0.0196161	
364.924	-0.00201461	-0.000408256	0.0064636	0.00205556	0.950689	191.456	180.163	0.0196161	
364.93	-0.00210368	-0.000989139	0.0064636	0.00232462	0.937374	205.183	159.311	0.0196161	
364.936	-0.00196177	-0.00182314	0.0064636	0.00267813	0.917742	222.902	138.282	0.0196161	
364.942	-0.00136496	-0.00273632	0.0064636	0.00305787	0.894127	243.489	121.109	0.0196161	
364.948	-0.000227896	-0.00342426	0.0064636	0.00343184	0.86853	266.192	107.912	0.0196161	
364.954	0.00130581	-0.00354209	0.0064636	0.00377512	0.843191	290.237	98.0993	0.0196161	
364.96	0.00288113	-0.00287603	0.0064636	0.00407093	0.820091	315.051	90.971	0.0196161	
364.966	0.00406668	-0.001432	0.0064636	0.00431144	0.800541	340.601	85.8963	0.0196161	
364.972	0.00445814	0.000503313	0.0064636	0.00448646	0.785923	6.44127	82.5454	0.0196161	
364.978	0.00386413	0.00248101	0.0064636	0.00459205	0.776958	32.7029	80.6473	0.0196161	
364.984	0.00237019	0.0039695	0.0064636	0.00462328	0.774287	59.1586	80.1026	0.0196161	
364.99	0.000351387	0.00456442	0.0064636	0.00457792	0.778164	85.5978	80.8962	0.0196161	
364.996	-0.00168488	0.00412354	0.0064636	0.00445448	0.788617	112.225	83.138	0.0196161	
365.002	-0.00320204	0.00279922	0.0064636	0.00425308	0.805344	138.84	87.075	0.0196161	
365.008	-0.00384531	0.00101357	0.0064636	0.00397665	0.827572	165.234	93.1279	0.0196161	
365.014	-0.00355125	-0.000727056	0.0064636	0.00362491	0.854483	191.57	102.164	0.0196161	
365.02	-0.00254558	-0.00194786	0.0064636	0.00320533	0.884298	217.423	115.538	0.0196161	
365.026	-0.0012448	-0.00241762	0.0064636	0.00271927	0.915306	242.757	136.19	0.0196161	
365.032	-0.000121423	-0.00217376	0.0064636	0.00217715	0.944851	266.803	170.101	0.0196161	
365.038	0.000488818	-0.00152049	0.0064636	0.00159713	0.969933	287.822	231.876	0.0196161	
365.044	0.000513974	-0.000874301	0.0064636	0.00101418	0.987766	300.45	365.157	0.0196161	
365.05	0.000151833	-0.000609068	0.0064636	0.000627707	0.995296	283.998	589.983	0.0196161	
365.056	-0.000211723	-0.000880328	0.0064636	0.00090543	0.990237	256.477	409.018	0.0196161	
365.062	-0.000160474	-0.00155821	0.0064636	0.00156645	0.97106	264.12	236.417	0.0196161	
365.068	0.000551979	-0.00225158	0.0064636	0.00231826	0.937705	283.775	159.748	0.0196161	
365.074	0.00188722	-0.00246862	0.0064636	0.00310736	0.890868	307.397	119.181	0.0196161	
365.08	0.00346423	-0.00180092	0.0064636	0.00390438	0.833232	332.532	94.8515	0.0196161	
365.086	0.00470286	-0.000112314	0.0064636	0.0047042	0.767324	358.632	78.7247	0.0196161	
365.092	0.00496862	0.00234019	0.0064636	0.00549215	0.69698	25.2202	67.4303	0.0196161	
365.098	0.0038525	0.00492762	0.0064636	0.00625485	0.626112	51.9811	59.2079	0.0196161	
365.104	0.00132341	0.00686497	0.0064636	0.00699136	0.557114	79.0885	52.9706	0.0196161	
365.11	-0.00214553	0.00738056	0.0064636	0.00768609	0.493111	106.209	48.1827	0.0196161	
365.116	-0.00574867	0.00604038	0.0064636	0.00833867	0.435102	133.583	44.412	0.0196161	
365.122	-0.00845371	0.00290319	0.0064636	0.00893833	0.384363	161.046	41.4324	0.0196161	
365.128	-0.00937361	-0.00139158	0.0064636	0.00947634	0.341387	188.444	39.0801	0.0196161	
365.134	-0.0080472	-0.00585639	0.0064636	0.00995263	0.305597	216.045	37.2099	0.0196161	
365.14	-0.00458954	-0.00928727	0.0064636	0.0103594	0.276824	243.703	35.7489	0.0196161	
365.146	0.000237112	-0.0106887	0.0064636	0.0106913	0.254616	271.271	34.6389	0.0196161	
365.152	0.00531301	-0.00957336	0.0064636	0.0109488	0.238189	299.029	33.8243	0.0196161	
365.158	0.00929959	-0.00610965	0.0064636	0.011127	0.227237	326.696	33.2827	0.0196161	
365.164	0.0111758	-0.00106553	0.0064636	0.0112264	0.221273	354.554	32.9879	0.0196161	
365.17	0.0103924	0.0042972	0.0064636	0.0112458	0.220122	22.4648	32.9311	0.0196161	
365.176	0.00714665	0.00860546	0.0064636	0.0111861	0.22368	50.2911	33.1069	0.0196161	
365.182	0.00223624	0.0108197	0.0064636	0.0110483	0.232032	78.3224	33.5197	0.0196161	
365.188	-0.00303828	0.0104017	0.0064636	0.0108364	0.245278	106.283	34.1754	0.0196161	
365.194	-0.00739128	0.00752986	0.0064636	0.0105513	0.263844	134.468	35.0987	0.0196161	
365.2	-0.00973945	0.0030243	0.0064636	0.0101982	0.288024	162.749	36.3139	0.0196161	
365.206	-0.00960457	-0.00186702	0.0064636	0.00978435	0.317989	191	37.8499	0.0196161	
365.212	-0.0071815	-0.00592676	0.0064636	0.00931131	0.354293	219.532	39.7728	0.0196161	
365.218	-0.00328081	-0.0081552	0.0064636	0.00879039	0.396619	248.085	42.1297	0.0196161	
365.224	0.00100084	-0.00816239	0.0064636	0.00822352	0.445147	276.991	45.0339	0.0196161	
365.23	0.00449646	-0.00615352	0.0064636	0.00762128	0.499	306.156	48.5924	0.0196161	
365.236	0.00636603	-0.00290089	0.0064636	0.00699582	0.556698	335.502	52.9369	0.0196161	
365.242	0.006322	0.000600631	0.0064636	0.00635047	0.617145	5.42718	58.3164	0.0196161	
365.248	0.00462738	0.00333274	0.0064636	0.00570261	0.677601	35.7622	64.9416	0.0196161	
365.254	0.00197574	0.00465634	0.0064636	0.00505817	0.736238	67.0079	73.2156	0.0196161	
365.26	-0.000715135	0.00437721	0.0064636	0.00443524	0.790233	99.2788	83.4987	0.0196161	
365.266	-0.00261753	0.00283012	0.0064636	0.003855	0.837062	132.765	96.0665	0.0196161	
365.272	-0.00326502	0.000678416	0.0064636	0.00333475	0.875385	168.262	111.054	0.0196161	
365.278	-0.00261177	-0.00127616	0.0064636	0.00290688	0.903817	206.041	127.4	0.0196161	
365.284	-0.00106028	-0.00238028	0.0064636	0.00260575	0.921952	245.99	142.123	0.0196161	
365.29	0.000749009	-0.00233754	0.0064636	0.0024546	0.93043	287.767	150.874	0.0196161	
365.296	0.00211331	-0.00125436	0.0064636	0.00245754	0.93027	329.309	150.694	0.0196161	
365.302	0.00255178	0.000421955	0.0064636	0.00258643	0.92306	9.38929	143.184	0.0196161	
365.308	0.00190558	0.00204699	0.0064636	0.00279668	0.910641	47.049	132.42	0.0196161	
365.314	0.000412432	0.00301622	0.0064636	0.00304428	0.895015	82.2138	121.65	0.0196161	
365.32	-0.00142972	0.00297386	0.0064636	0.00329969	0.877826	115.676	112.234	0.0196161	
365.326	-0.00298614	0.00189895	0.0064636	0.00353879	0.860815	147.547	104.651	0.0196161	
365.332	-0.00374854	9.7462e-05	0.0064636	0.00374981	0.845115	178.511	98.7616	0.0196161	
365.338	-0.00344177	-0.00188162	0.0064636	0.00392254	0.831817	208.665	94.4126	0.0196161	
365.344	-0.00214379	-0.00343731	0.0064636	0.00405104	0.821678	238.049	91.4177	0.0196161	
365.35	-0.000209682	-0.00412848	0.0064636	0.0041338	0.815044	267.092	89.5875	0.0196161	
365.356	0.00180078	-0.00376009	0.0064636	0.00416906	0.812193	295.591	88.8298	0.0196161	
365.362	0.00335932	-0.00244985	0.0064636	0.00415774	0.813111	323.898	89.0717	0.0196161	
365.368	0.00406039	-0.000577115	0.0064636	0.0041012	0.817667	351.911	90.2996	0.0196161	
365.374	0.00377291	0.00133716	0.0064636	0.00400286	0.825503	19.5149	92.5181	0.0196161	
365.38	0.00263589	0.00282724	0.0064636	0.00386539	0.836259	47.006	95.8084	0.0196161	
365.386	0.00101151	0.00355319	0.0064636	0.00369436	0.8493	74.1096	100.244	0.0196161	
365.392	-0.000672147	0.00342777	0.0064636	0.00349305	0.864135	101.094	106.021	0.0196161	
365.398	-0.00200298	0.00258186	0.0064636	0.00326771	0.880035	127.804	113.332	0.0196161	
365.404	-0.00272117	0.00132263	0.0064636	0.00302557	0.896232	154.078	122.402	0.0196161	
365.41	-0.00277043	-6.9849e-06	0.0064636	0.00277044	0.912235	180.144	133.675	0.0196161	
365.416	-0.00226312	-0.00108869	0.0064636	0.00251137	0.927296	205.69	147.464	0.0196161	
365.422	-0.00142011	-0.00174829	0.0064636	0.00225238	0.94109	230.914	164.42	0.0196161	
365.428	-0.000497285	-0.00193869	0.0064636	0.00200145	0.953189	255.613	185.034	0.0196161	
365.434	0.00029469	-0.00174159	0.0064636	0.00176635	0.963349	279.604	209.662	0.0196161	
365.44	0.000846846	-0.00129906	0.0064636	0.00155071	0.971631	303.1	238.818	0.0196161	
365.446	0.0011285	-0.000760696	0.0064636	0.00136095	0.978077	326.017	272.117	0.0196161	
365.452	0.00117699	-0.000240902	0.0064636	0.00120139	0.982874	348.433	308.257	0.0196161	
365.458	0.00105222	0.000203979	0.0064636	0.0010718	0.986346	10.9711	345.526	0.0196161	
365.464	0.000805767	0.000544169	0.0064636	0.000972307	0.988749	34.0328	380.885	0.0196161	
365.47	0.000467611	0.000767732	0.0064636	0.000898928	0.990376	58.6552	411.976	0.0196161	
365.476	6.60902e-05	0.000847101	0.0064636	0.000849675	0.991397	85.5389	435.857	0.0196161	
365.482	-0.00035077	0.000747238	0.0064636	0.000825472	0.991878	115.146	448.637	0.0196161	
365.488	-0.000705581	0.000442638	0.0064636	0.000832931	0.991731	147.898	444.619	0.0196161	
365.494	-0.000883227	-4.31363e-05	0.0064636	0.00088428	0.990685	182.796	418.8	0.0196161	
365.5	-0.000774606	-0.000621776	0.0064636	0.000993287	0.988262	218.754	372.84	0.0196161	
365.506	-0.000319822	-0.00112333	0.0064636	0.00116797	0.983806	254.108	317.078	0.0196161	
365.512	0.000431903	-0.00134028	0.0064636	0.00140815	0.976548	287.862	262.996	0.0196161	
365.518	0.00131676	-0.00109583	0.0064636	0.00171309	0.965487	320.232	216.18	0.0196161	
365.524	0.00204992	-0.000320288	0.0064636	0.00207479	0.949785	351.12	178.494	0.0196161	
365.53	0.002324	0.000898695	0.0064636	0.00249171	0.928389	21.1416	148.628	0.0196161	
365.536	0.00188468	0.00227858	0.0064636	0.00295702	0.900642	50.4048	125.24	0.0196161	
365.542	0.000662653	0.00339883	0.0064636	0.00346283	0.866312	78.9677	106.946	0.0196161	
365.548	-0.00118988	0.00382844	0.0064636	0.00400908	0.825011	107.265	92.3744	0.0196161	
365.554	-0.00324838	0.00323544	0.0064636	0.00458476	0.777581	135.114	80.7755	0.0196161	
365.56	-0.00495978	0.00152875	0.0064636	0.00519004	0.724426	162.869	71.3553	0.0196161	
365.566	-0.00571986	-0.00105388	0.0064636	0.00581614	0.667079	190.44	63.674	0.0196161	
365.572	-0.00510466	-0.0039486	0.0064636	0.0064536	0.607469	217.723	57.3845	0.0196161	
365.578	-0.00299916	-0.00643834	0.0064636	0.00710262	0.546756	245.023	52.1409	0.0196161	
365.584	0.000300129	-0.00774794	0.0064636	0.00775375	0.486984	272.218	47.7623	0.0196161	
365.59	0.00409467	-0.0073311	0.0064636	0.0083971	0.430039	299.185	44.1029	0.0196161	
365.596	0.00750692	-0.00502398	0.0064636	0.00903295	0.37662	326.208	40.9984	0.0196161	
365.602	0.00957712	-0.00117304	0.0064636	0.00964869	0.328182	353.017	38.3821	0.0196161	
365.608	0.00963347	0.00348533	0.0064636	0.0102446	0.284775	19.8898	36.1495	0.0196161	
365.614	0.00741601	0.00786737	0.0064636	0.0108117	0.246851	46.6916	34.2534	0.0196161	
365.62	0.0032618	0.0108628	0.0064636	0.0113419	0.214476	73.2864	32.652	0.0196161	
365.626	-0.00204399	0.011658	0.0064636	0.0118358	0.187017	99.9446	31.2895	0.0196161	
365.632	-0.00728844	0.00988825	0.0064636	0.0122841	0.164317	126.393	30.1477	0.0196161	
365.638	-0.0112943	0.00577991	0.0064636	0.0126873	0.145663	152.899	29.1896	0.0196161	
365.644	-0.0130389	0.000154549	0.0064636	0.0130399	0.130679	179.321	28.4004	0.0196161	
365.65	-0.0120365	-0.00574674	0.0064636	0.013338	0.118941	205.522	27.7656	0.0196161	
365.656	-0.00840685	-0.0106685	0.0064636	0.0135828	0.10992	231.762	27.2651	0.0196161	
365.662	-0.00291789	-0.0134583	0.0064636	0.013771	0.103353	257.767	26.8926	0.0196161	
365.668	0.00331548	-0.0135032	0.0064636	0.0139043	0.0988881	283.795	26.6347	0.0196161	
365.674	0.00893221	-0.0107578	0.0064636	0.0139826	0.0963358	309.703	26.4855	0.0196161	
365.68	0.0127309	-0.00584196	0.0064636	0.0140073	0.0955429	335.351	26.4388	0.0196161	
365.686	0.0139794	0.000241058	0.0064636	0.0139815	0.0963723	0.987896	26.4876	0.0196161	
365.692	0.0124645	0.006172	0.0064636	0.0139089	0.0987355	26.343	26.6258	0.0196161	
365.698	0.00855575	0.010819	0.0064636	0.0137932	0.102598	51.6628	26.8493	0.0196161	
365.704	0.00311352	0.0132798	0.0064636	0.0136399	0.107893	76.805	27.1509	0.0196161	
365.71	-0.00271312	0.0131802	0.0064636	0.0134565	0.114504	101.632	27.521	0.0196161	
365.716	-0.00785893	0.0106651	0.0064636	0.0132479	0.122399	126.386	27.9544	0.0196161	
365.722	-0.0113695	0.00635232	0.0064636	0.0130238	0.131336	150.807	28.4355	0.0196161	
365.728	-0.0127441	0.00108324	0.0064636	0.01279	0.141171	175.142	28.9551	0.0196161	
365.734	-0.0118531	-0.00414238	0.0064636	0.0125561	0.151551	199.263	29.4945	0.0196161	
365.74	-0.00900993	-0.00841928	0.0064636	0.0123314	0.162043	223.059	30.032	0.0196161	
365.746	-0.00477797	-0.0111402	0.0064636	0.0121216	0.172302	246.786	30.5517	0.0196161	
365.752	7.23094e-05	-0.0119353	0.0064636	0.0119355	0.181788	270.347	31.0282	0.0196161	
365.758	0.00472663	-0.0107896	0.0064636	0.0117795	0.19002	293.657	31.4392	0.0196161	
365.764	0.00852467	-0.00795042	0.0064636	0.0116567	0.196675	316.996	31.7702	0.0196161	
365.77	0.0108851	-0.00392408	0.0064636	0.0115709	0.201426	340.176	32.006	0.0196161	
365.776	0.0115007	0.000700723	0.0064636	0.0115221	0.204161	3.48664	32.1416	0.0196161	
365.782	0.0102665	0.00520033	0.0064636	0.0115085	0.204928	26.8637	32.1795	0.0196161	
365.788	0.00737274	0.00886082	0.0064636	0.011527	0.203884	50.2375	32.1278	0.0196161	
365.794	0.00321042	0.011118	0.0064636	0.0115722	0.20135	73.8934	32.0022	0.0196161	
365.8	-0.0015441	0.0115339	0.0064636	0.0116368	0.197771	97.6252	31.8246	0.0196161	
365.806	-0.00615595	0.00996584	0.0064636	0.0117138	0.193559	121.704	31.6154	0.0196161	
365.812	-0.00978152	0.00659084	0.0064636	0.0117948	0.189199	146.028	31.3983	0.0196161	
365.818	-0.0117077	0.00196305	0.0064636	0.0118712	0.185151	170.482	31.1963	0.0196161	
365.824	-0.0115111	-0.00315341	0.0064636	0.0119353	0.1818	195.32	31.0288	0.0196161	
365.83	-0.00913773	-0.0077466	0.0064636	0.0119795	0.179514	220.29	30.9143	0.0196161	
365.836	-0.00494786	-0.0109297	0.0064636	0.0119975	0.178589	245.644	30.8679	0.0196161	
365.842	0.000261104	-0.01198	0.0064636	0.0119828	0.179342	271.249	30.9057	0.0196161	
365.848	0.00541057	-0.0106338	0.0064636	0.0119312	0.182014	296.967	31.0395	0.0196161	
365.854	0.00946129	-0.00711491	0.0064636	0.011838	0.186902	323.057	31.2838	0.0196161	
365.86	0.011496	-0.00218299	0.0064636	0.0117015	0.194231	349.248	31.6488	0.0196161	
365.866	0.0110827	0.00313746	0.0064636	0.0115183	0.204376	15.8066	32.1522	0.0196161	
365.872	0.00830933	0.00764078	0.0064636	0.0112883	0.217612	42.5998	32.807	0.0196161	
365.878	0.00385817	0.0103155	0.0064636	0.0110134	0.234182	69.4934	33.626	0.0196161	
365.884	-0.00126034	0.0106176	0.0064636	0.0106921	0.254566	96.7695	34.6365	0.0196161	
365.89	-0.00582057	0.00853148	0.0064636	0.0103279	0.278993	124.304	35.858	0.0196161	
365.896	-0.00876201	0.00466451	0.0064636	0.00992625	0.307521	151.971	37.3088	0.0196161	
365.902	-0.00948738	-1.29507e-05	0.0064636	0.00948739	0.340532	180.078	39.0346	0.0196161	
365.908	-0.00793737	-0.00428646	0.0064636	0.00902084	0.377606	208.371	41.0535	0.0196161	
365.914	-0.00462264	-0.00716685	0.0064636	0.00852834	0.418758	237.178	43.4243	0.0196161	
365.92	-0.0005026	-0.00800377	0.0064636	0.00801953	0.463153	266.407	46.1793	0.0196161	
365.926	0.00328646	-0.00674775	0.0064636	0.00750552	0.509568	295.968	49.3419	0.0196161	
365.932	0.00581196	-0.00388524	0.0064636	0.00699099	0.557148	326.238	52.9734	0.0196161	
365.938	0.00648329	-0.000340701	0.0064636	0.00649224	0.603843	356.992	57.043	0.0196161	
365.944	0.00528094	0.0028831	0.0064636	0.00601669	0.6484	28.6321	61.5516	0.0196161	
365.95	0.00269892	0.00488496	0.0064636	0.00558095	0.688826	61.0795	66.3574	0.0196161	
365.956	-0.000381335	0.00518747	0.0064636	0.00520147	0.723397	94.2043	71.1985	0.0196161	
365.962	-0.00303074	0.00383566	0.0064636	0.00488853	0.751257	128.314	75.7563	0.0196161	
365.968	-0.00445186	0.00136748	0.0064636	0.00465716	0.771379	162.925	79.5199	0.0196161	
365.974	-0.00428789	-0.00140396	0.0064636	0.00451189	0.783774	198.13	82.0803	0.0196161	
365.98	-0.00265532	-0.00357585	0.0064636	0.00445392	0.788664	233.403	83.1484	0.0196161	
365.986	-0.00014015	-0.00447279	0.0064636	0.00447499	0.786891	268.205	82.757	0.0196161	
365.992	0.00245721	-0.00384236	0.0064636	0.00456088	0.779616	302.599	81.1985	0.0196161	
365.998	0.00428933	-0.00190399	0.0064636	0.00469292	0.768298	336.064	78.9139	0.0196161	
366.004	0.00479567	0.000749408	0.0064636	0.00485387	0.754298	8.88164	76.2971	0.0196161	
366.01	0.00379872	0.00329087	0.0064636	0.00502594	0.739107	40.9028	73.685	0.0196161	
366.016	0.00160162	0.00494038	0.0064636	0.00519351	0.724114	72.0378	71.3077	0.0196161	
366.022	-0.00117426	0.00521572	0.0064636	0.00534627	0.710294	102.688	69.2701	0.0196161	
366.028	-0.00371742	0.00401791	0.0064636	0.00547383	0.698658	132.775	67.6559	0.0196161	
366.034	-0.0053026	0.0017001	0.0064636	0.00556847	0.689974	162.223	66.506	0.0196161	
366.04	-0.00551508	-0.00111125	0.0064636	0.00562593	0.684683	191.392	65.8268	0.0196161	
366.046	-0.00432005	-0.00362897	0.0064636	0.005642	0.6832	220.031	65.6392	0.0196161	
366.052	-0.00206104	-0.00522262	0.0064636	0.0056146	0.685727	248.464	65.9596	0.0196161	
366.058	0.000633494	-0.00550625	0.0064636	0.00554257	0.692354	276.563	66.8168	0.0196161	
366.064	0.00304987	-0.0044888	0.0064636	0.00542688	0.70295	304.194	68.2412	0.0196161	
366.07	0.00463494	-0.00250294	0.0064636	0.00526758	0.717429	331.63	70.3049	0.0196161	
366.076	0.00506696	-0.000126376	0.0064636	0.00506854	0.735313	358.571	73.0658	0.0196161	
366.082	0.00436945	0.00206078	0.0064636	0.00483104	0.756298	25.2502	76.6578	0.0196161	
366.088	0.00284106	0.00356724	0.0064636	0.00456036	0.77966	51.4651	81.2078	0.0196161	
366.094	0.000959721	0.00415437	0.0064636	0.00426378	0.804466	76.992	86.8564	0.0196161	
366.1	-0.000817582	0.00385977	0.0064636	0.00394541	0.830027	101.96	93.8651	0.0196161	
366.106	-0.00212291	0.00292922	0.0064636	0.0036176	0.855024	125.932	102.371	0.0196161	
366.112	-0.00281636	0.00169822	0.0064636	0.00328875	0.878584	148.911	112.607	0.0196161	
366.118	-0.00293493	0.000492894	0.0064636	0.00297603	0.899427	170.467	124.44	0.0196161	
366.124	-0.00265839	-0.000477767	0.0064636	0.00270098	0.916393	190.188	137.112	0.0196161	
366.13	-0.00219267	-0.00117053	0.0064636	0.00248554	0.92873	208.095	148.996	0.0196161	
366.136	-0.00169014	-0.00164454	0.0064636	0.00235819	0.935612	224.217	157.043	0.0196161	
366.142	-0.0011848	-0.00201523	0.0064636	0.00233771	0.936689	239.548	158.418	0.0196161	
366.148	-0.000618341	-0.00234923	0.0064636	0.00242924	0.93181	255.254	152.449	0.0196161	
366.154	0.000104847	-0.00261547	0.0064636	0.00261757	0.921271	272.296	141.481	0.0196161	
366.16	0.00104582	-0.00268366	0.0064636	0.00288024	0.905486	291.291	128.578	0.0196161	
366.166	0.00213338	-0.00237088	0.0064636	0.00318942	0.885376	311.982	116.114	0.0196161	
366.172	0.00317779	-0.00153003	0.0064636	0.00352694	0.861678	334.29	105.002	0.0196161	
366.178	0.00387187	-0.00014941	0.0064636	0.00387475	0.835534	357.79	95.5768	0.0196161	
366.184	0.00390952	0.00158583	0.0064636	0.00421891	0.808139	22.0791	87.7801	0.0196161	
366.19	0.00309449	0.00334062	0.0064636	0.00455364	0.780232	47.1903	81.3277	0.0196161	
366.196	0.00143693	0.0046533	0.0064636	0.00487011	0.752875	72.8394	76.0428	0.0196161	
366.202	-0.000787112	0.00510108	0.0064636	0.00516145	0.726996	98.7717	71.7505	0.0196161	
366.208	-0.00312499	0.00443626	0.0064636	0.00542642	0.702992	125.162	68.247	0.0196161	
366.214	-0.00498145	0.00268528	0.0064636	0.00565911	0.681621	151.673	65.4408	0.0196161	
366.22	-0.00585753	0.000150964	0.0064636	0.00585947	0.663052	178.524	63.2031	0.0196161	
366.226	-0.00543586	-0.00259702	0.0064636	0.00602437	0.647682	205.536	61.4731	0.0196161	
366.232	-0.00374161	-0.00488333	0.0064636	0.00615196	0.635751	232.541	60.1982	0.0196161	
366.238	-0.00110726	-0.00614389	0.0064636	0.00624287	0.627235	259.784	59.3216	0.0196161	
366.244	0.00183713	-0.00602189	0.0064636	0.00629589	0.622265	286.966	58.822	0.0196161	
366.25	0.00441157	-0.00451393	0.0064636	0.00631169	0.620782	314.343	58.6747	0.0196161	
366.256	0.00597434	-0.00196907	0.0064636	0.00629047	0.622772	341.758	58.8727	0.0196161	
366.262	0.00615581	0.000981089	0.0064636	0.0062335	0.628113	9.05542	59.4107	0.0196161	
366.268	0.00493717	0.00365258	0.0064636	0.00614142	0.636738	36.4945	60.3015	0.0196161	
366.274	0.00265822	0.00539752	0.0064636	0.00601659	0.648409	63.7803	61.5526	0.0196161	
366.28	-0.000119864	0.00585839	0.0064636	0.00585961	0.663039	91.1721	63.2016	0.0196161	
366.286	-0.00270784	0.00498509	0.0064636	0.00567305	0.680334	118.51	65.28	0.0196161	
366.292	-0.00450722	0.0030822	0.0064636	0.00546031	0.699894	145.634	67.8234	0.0196161	
366.298	-0.00518063	0.000655031	0.0064636	0.00522188	0.721557	172.794	70.9202	0.0196161	
366.304	-0.00467284	-0.00167153	0.0064636	0.0049628	0.744707	199.683	74.6225	0.0196161	
366.31	-0.00322171	-0.00339941	0.0064636	0.00468353	0.769109	226.537	79.0722	0.0196161	
366.316	-0.00127043	-0.00420058	0.0064636	0.00438849	0.794144	253.172	84.3881	0.0196161	
366.322	0.000666653	-0.00402808	0.0064636	0.00408288	0.819136	279.397	90.7049	0.0196161	
366.328	0.00218259	-0.00307079	0.0064636	0.00376742	0.843777	305.404	98.2998	0.0196161	
366.334	0.00301455	-0.00167376	0.0064636	0.00344804	0.867372	330.96	107.405	0.0196161	
366.34	0.00312285	-0.000228595	0.0064636	0.00313121	0.889283	355.813	118.273	0.0196161	
366.346	0.00264852	0.000966765	0.0064636	0.00281945	0.909248	20.0532	131.351	0.0196161	
366.352	0.00183812	0.00172766	0.0064636	0.00252259	0.92667	43.2257	146.808	0.0196161	
366.358	0.00093804	0.00204065	0.0064636	0.00224592	0.941418	65.3128	164.893	0.0196161	
366.364	0.00014233	0.00199603	0.0064636	0.0020011	0.953206	85.9213	185.067	0.0196161	
366.37	-0.000458883	0.00174137	0.0064636	0.00180082	0.961932	104.763	205.649	0.0196161	
366.376	-0.000879011	0.00140251	0.0064636	0.00165521	0.967743	122.077	223.741	0.0196161	
366.382	-0.00117345	0.00105012	0.0064636	0.00157472	0.970758	138.175	235.176	0.0196161	
366.388	-0.00140385	0.000680624	0.0064636	0.00156014	0.97129	154.135	237.374	0.0196161	
366.394	-0.00158355	0.000254702	0.0064636	0.0016039	0.969681	170.863	230.897	0.0196161	
366.4	-0.00167007	-0.000261222	0.0064636	0.00169038	0.966381	188.89	219.085	0.0196161	
366.406	-0.00158418	-0.000862125	0.0064636	0.00180357	0.961818	208.555	205.335	0.0196161	
366.412	-0.00125175	-0.00146585	0.0064636	0.00192759	0.956506	229.505	192.124	0.0196161	
366.418	-0.000645115	-0.00194806	0.0064636	0.0020521	0.95085	251.677	180.467	0.0196161	
366.424	0.000177334	-0.00216078	0.0064636	0.00216805	0.945298	274.692	170.816	0.0196161	
366.43	0.00107154	-0.0019999	0.0064636	0.00226888	0.940251	298.182	163.225	0.0196161	
366.436	0.00185779	-0.00144174	0.0064636	0.0023516	0.935959	322.187	157.483	0.0196161	
366.442	0.0023442	-0.000571674	0.0064636	0.0024129	0.932694	346.295	153.482	0.0196161	
366.448	0.00241018	0.000451469	0.0064636	0.0024521	0.930567	10.6095	151.028	0.0196161	
366.454	0.00202527	0.00141178	0.0064636	0.00246877	0.929654	34.8797	150.008	0.0196161	
366.46	0.0012742	0.00210897	0.0064636	0.00246401	0.929915	58.8605	150.299	0.0196161	
366.466	0.000310884	0.00242007	0.0064636	0.00243995	0.931229	82.6798	151.78	0.0196161	
366.472	-0.000660671	0.00230755	0.0064636	0.00240026	0.933373	105.977	154.29	0.0196161	
366.478	-0.00147442	0.00182911	0.0064636	0.00234937	0.936076	128.872	157.632	0.0196161	
366.484	-0.00200887	0.00110723	0.0064636	0.0022938	0.938972	151.138	161.451	0.0196161	
366.49	-0.00222291	0.000289171	0.0064636	0.00224164	0.941634	172.588	165.208	0.0196161	
366.496	-0.00214123	-0.000511028	0.0064636	0.00220136	0.943653	193.423	168.231	0.0196161	
366.502	-0.00181795	-0.0012082	0.0064636	0.00218282	0.944572	213.608	169.66	0.0196161	
366.508	-0.00131353	-0.00175832	0.0064636	0.00219478	0.94398	233.239	168.735	0.0196161	
366.514	-0.000662797	-0.00214379	0.0064636	0.00224392	0.941519	252.82	165.04	0.0196161	
366.52	0.000101738	-0.00233031	0.0064636	0.00233253	0.93696	272.5	158.77	0.0196161	
366.526	0.000953149	-0.00226824	0.0064636	0.00246037	0.930115	292.793	150.521	0.0196161	
366.532	0.00181543	-0.00189228	0.0064636	0.00262231	0.920997	313.813	141.225	0.0196161	
366.538	0.002558	-0.00116341	0.0064636	0.00281014	0.909819	335.543	131.786	0.0196161	
366.544	0.00301589	-9.44617e-05	0.0064636	0.00301737	0.896764	358.206	122.735	0.0196161	
366.55	0.00300804	0.00118575	0.0064636	0.00323331	0.882394	21.514	114.538	0.0196161	
366.556	0.00241423	0.00246712	0.0064636	0.00345183	0.8671	45.6207	107.287	0.0196161	
366.562	0.00123398	0.00344991	0.0064636	0.00366396	0.851577	70.3187	101.076	0.0196161	
366.568	-0.000363032	0.00384426	0.0064636	0.00386136	0.836571	95.3947	95.9083	0.0196161	
366.574	-0.00208244	0.00346137	0.0064636	0.00403951	0.822596	121.032	91.6786	0.0196161	
366.58	-0.00351084	0.00228775	0.0064636	0.00419044	0.810458	146.911	88.3766	0.0196161	
366.586	-0.00428033	0.00050696	0.0064636	0.00431025	0.800639	173.245	85.92	0.0196161	
366.592	-0.00413162	-0.00149297	0.0064636	0.0043931	0.79376	199.867	84.2997	0.0196161	
366.598	-0.00304627	-0.0032227	0.0064636	0.00443458	0.790289	226.612	83.511	0.0196161	
366.604	-0.00124124	-0.00425406	0.0064636	0.00443145	0.790552	253.734	83.5702	0.0196161	
366.61	0.000832165	-0.00430084	0.0064636	0.0043806	0.794802	280.951	84.5401	0.0196161	
366.616	0.00266631	-0.00334692	0.0064636	0.00427914	0.803204	308.542	86.5446	0.0196161	
366.622	0.00378018	-0.00165258	0.0064636	0.00412562	0.815703	336.387	89.7651	0.0196161	
366.628	0.00390882	0.00029899	0.0064636	0.00392024	0.831996	4.3741	94.4678	0.0196161	
366.634	0.00307557	0.00198611	0.0064636	0.00366111	0.851789	32.8531	101.154	0.0196161	
366.64	0.00158374	0.00295223	0.0064636	0.00335021	0.874304	61.7883	110.542	0.0196161	
366.646	-6.35532e-05	0.00299135	0.0064636	0.00299202	0.8984	91.2171	123.775	0.0196161	
366.652	-0.00136301	0.00219956	0.0064636	0.00258764	0.922991	121.785	143.118	0.0196161	
366.658	-0.00192975	0.000946817	0.0064636	0.00214951	0.946204	153.866	172.289	0.0196161	
366.664	-0.00166825	-0.000272744	0.0064636	0.0016904	0.96638	189.285	219.083	0.0196161	
366.67	-0.000781512	-0.000981228	0.0064636	0.00125442	0.981344	231.464	295.225	0.0196161	
366.676	0.000279943	-0.000917973	0.0064636	0.00095971	0.989038	286.959	385.884	0.0196161	
366.682	0.00100691	-0.000131624	0.0064636	0.00101547	0.987735	352.552	364.694	0.0196161	
366.688	0.000993388	0.00101671	0.0064636	0.00142145	0.976108	45.6646	260.535	0.0196161	
366.694	0.000119483	0.00199425	0.0064636	0.00199783	0.953355	86.5713	185.369	0.0196161	
366.7	-0.0013838	0.00225509	0.0064636	0.00264582	0.919633	121.535	139.971	0.0196161	
366.706	-0.00297512	0.00148116	0.0064636	0.00332343	0.876175	153.534	111.432	0.0196161	
366.712	-0.00400729	-0.000296019	0.0064636	0.00401821	0.824288	184.225	92.1646	0.0196161	
366.718	-0.00390885	-0.0026278	0.0064636	0.00471003	0.76682	213.912	78.6272	0.0196161	
366.724	-0.00243119	-0.00481672	0.0064636	0.00539551	0.705812	243.218	68.638	0.0196161	
366.73	0.000229585	-0.00605729	0.0064636	0.00606164	0.6442	272.171	61.0952	0.0196161	
366.736	0.00342186	-0.00575584	0.0064636	0.00669618	0.584715	300.732	55.3057	0.0196161	
366.742	0.00627193	-0.00372996	0.0064636	0.00729724	0.528722	329.26	50.7503	0.0196161	
366.748	0.00784331	-0.000341088	0.0064636	0.00785073	0.478244	357.51	47.1723	0.0196161	
366.754	0.00752168	0.003636	0.0064636	0.00835441	0.433736	25.7992	44.3283	0.0196161	
366.76	0.00517101	0.00711809	0.0064636	0.0087981	0.395976	54.0031	42.0928	0.0196161	
366.766	0.00127775	0.0090837	0.0064636	0.00917313	0.36529	81.9931	40.3719	0.0196161	
366.772	-0.00325116	0.00890195	0.0064636	0.00947706	0.341331	110.063	39.0772	0.0196161	
366.778	-0.00721859	0.0064824	0.0064636	0.00970204	0.324152	138.076	38.171	0.0196161	
366.784	-0.00954579	0.00239933	0.0064636	0.0098427	0.31366	165.891	37.6255	0.0196161	
366.79	-0.00961078	-0.00235923	0.0064636	0.00989611	0.309727	193.792	37.4224	0.0196161	
366.796	-0.00738441	-0.00653139	0.0064636	0.00985843	0.312499	221.492	37.5655	0.0196161	
366.802	-0.00344339	-0.0090967	0.0064636	0.00972661	0.322306	249.267	38.0746	0.0196161	
366.808	0.00115158	-0.00942898	0.0064636	0.00949904	0.339632	276.963	38.9868	0.0196161	
366.814	0.00518799	-0.00756983	0.0064636	0.00917701	0.364979	304.425	40.3548	0.0196161	
366.82	0.00772581	-0.00412391	0.0064636	0.00875755	0.399364	331.907	42.2877	0.0196161	
366.826	0.00824546	-0.000130259	0.0064636	0.00824649	0.443136	359.095	44.9084	0.0196161	
366.832	0.00685573	0.00337468	0.0064636	0.0076413	0.497179	26.2083	48.4652	0.0196161	
366.838	0.00417995	0.00555077	0.0064636	0.0069486	0.561103	53.0188	53.2966	0.0196161	
366.844	0.00115286	0.00606976	0.0064636	0.00617827	0.633287	79.2456	59.9418	0.0196161	
366.85	-0.00137011	0.00515201	0.0064636	0.00533108	0.711674	104.892	69.4675	0.0196161	
366.856	-0.00279838	0.00343203	0.0064636	0.00442829	0.790816	129.193	83.6297	0.0196161	
366.862	-0.00305537	0.00167312	0.0064636	0.00348348	0.864826	151.295	106.312	0.0196161	
366.868	-0.00249943	0.000515804	0.0064636	0.0025521	0.925011	168.34	145.111	0.0196161	
366.874	-0.00177415	0.000207716	0.0064636	0.00178627	0.962533	173.322	207.324	0.0196161	
366.88	-0.0014939	0.000533453	0.0064636	0.00158629	0.970334	160.349	233.461	0.0196161	
366.886	-0.00198717	0.000928076	0.0064636	0.00219321	0.944058	154.966	168.856	0.0196161	
366.892	-0.00313024	0.00073021	0.0064636	0.00321429	0.88369	166.869	115.216	0.0196161	
366.898	-0.00435332	-0.000522238	0.0064636	0.00438453	0.794475	186.841	84.4644	0.0196161	
366.904	-0.00484966	-0.00281809	0.0064636	0.005609	0.686243	210.16	66.0255	0.0196161	
366.91	-0.00390624	-0.0056437	0.0064636	0.00686368	0.569035	235.311	53.956	0.0196161	
366.916	-0.00122959	-0.00802116	0.0064636	0.00811486	0.454706	261.285	45.6369	0.0196161	
366.922	0.00288858	-0.00890316	0.0064636	0.00936002	0.350457	287.975	39.5658	0.0196161	
366.928	0.00748798	-0.00747436	0.0064636	0.01058	0.261937	315.052	35.0035	0.0196161	
366.934	0.0111984	-0.00358285	0.0064636	0.0117576	0.191193	342.258	31.4977	0.0196161	
366.94	0.0127064	0.00219451	0.0064636	0.0128945	0.13671	9.79885	28.7206	0.0196161	
366.946	0.0110891	0.00850517	0.0064636	0.0139752	0.0965752	37.4875	26.4995	0.0196161	
366.952	0.00629718	0.0135987	0.0064636	0.014986	0.0680323	65.1525	24.7122	0.0196161	
366.958	-0.000848401	0.0159065	0.0064636	0.0159292	0.0479912	93.0531	23.249	0.0196161	
366.964	-0.00861915	0.0144068	0.0064636	0.0167883	0.0342818	120.891	22.0592	0.0196161	
366.97	-0.0150468	0.00906336	0.0064636	0.0175656	0.0249037	148.938	21.083	0.0196161	
366.976	-0.0182271	0.00094128	0.0064636	0.0182514	0.018561	177.044	20.2909	0.0196161	
366.982	-0.0170651	-0.00797921	0.0064636	0.0188384	0.0143034	205.06	19.6586	0.0196161	
366.988	-0.0115606	-0.0154909	0.0064636	0.0193292	0.0114309	233.267	19.1595	0.0196161	
366.994	-0.00295702	-0.0194931	0.0064636	0.0197161	0.00953987	261.374	18.7834	0.0196161	
