364	-0.00195169	-0.000159545	0.00457459	0.0019582	0.912454	184.673	133.85	0.0138832	
364.006	-0.00189338	0.000246806	0.00457459	0.0019094	0.916578	172.573	137.271	0.0138832	
364.012	-0.00227095	0.000595176	0.00457459	0.00234765	0.876618	165.314	111.646	0.0138832	
364.018	-0.00299027	0.000609832	0.00457459	0.00305182	0.800493	168.473	85.8848	0.0138832	
364.024	-0.00379217	0.000109764	0.00457459	0.00379375	0.709015	178.342	69.0885	0.0138832	
364.03	-0.00435491	-0.000917143	0.00457459	0.00445044	0.622987	191.893	58.8941	0.0138832	
364.036	-0.00437932	-0.00228079	0.00457459	0.00493765	0.558492	207.511	53.0828	0.0138832	
364.042	-0.00372061	-0.00363667	0.00457459	0.00520272	0.523753	224.346	50.3784	0.0138832	
364.048	-0.00243281	-0.00461623	0.00457459	0.00521806	0.521755	242.21	50.2302	0.0138832	
364.054	-0.00079556	-0.00490875	0.00457459	0.0049728	0.553863	260.794	52.7076	0.0138832	
364.06	0.000803936	-0.00439992	0.00457459	0.00447276	0.62003	280.355	58.6002	0.0138832	
364.066	0.00193875	-0.00320581	0.00457459	0.00374646	0.715083	301.164	69.9607	0.0138832	
364.072	0.00230996	-0.00166637	0.00457459	0.00284828	0.823794	324.194	92.0219	0.0138832	
364.078	0.00184213	-0.000212414	0.00457459	0.00185434	0.921127	353.422	141.347	0.0138832	
364.084	0.000703506	0.000721134	0.00457459	0.00100745	0.976042	45.7089	260.166	0.0138832	
364.09	-0.000722547	0.000863901	0.00457459	0.00112623	0.970149	129.908	232.727	0.0138832	
364.096	-0.00198881	0.000188398	0.00457459	0.00199772	0.909052	174.589	131.202	0.0138832	
364.102	-0.00268148	-0.00107716	0.00457459	0.00288974	0.819125	201.886	90.7018	0.0138832	
364.108	-0.0025904	-0.00254309	0.00457459	0.00363008	0.729901	224.472	72.2035	0.0138832	
364.114	-0.00174807	-0.00375143	0.00457459	0.00413872	0.664143	245.016	63.3299	0.0138832	
364.12	-0.000439784	-0.00434929	0.00457459	0.00437147	0.633444	264.226	59.958	0.0138832	
364.126	0.000928094	-0.00420901	0.00457459	0.00431012	0.641556	282.435	60.8114	0.0138832	
364.132	0.00192736	-0.00345681	0.00457459	0.00395781	0.687797	299.142	66.2247	0.0138832	
364.138	0.00230023	-0.002425	0.00457459	0.00334241	0.765733	313.488	78.4179	0.0138832	
364.144	0.00201851	-0.00155105	0.00457459	0.00254562	0.856562	322.461	102.963	0.0138832	
364.15	0.00132594	-0.00120607	0.00457459	0.00179241	0.926111	317.711	146.231	0.0138832	
364.156	0.000636242	-0.00155205	0.00457459	0.00167739	0.934984	292.291	156.257	0.0138832	
364.162	0.000410416	-0.0024729	0.00457459	0.00250673	0.860592	279.423	104.56	0.0138832	
364.168	0.000972754	-0.00360478	0.00457459	0.00373372	0.716712	285.102	70.1993	0.0138832	
364.174	0.00239065	-0.00441986	0.00457459	0.00502498	0.547003	298.408	52.1604	0.0138832	
364.18	0.00440227	-0.00441673	0.00457459	0.00623598	0.394898	314.906	42.031	0.0138832	
364.186	0.00651618	-0.00328847	0.00457459	0.00729894	0.280025	333.222	35.9099	0.0138832	
364.192	0.00808183	-0.00105656	0.00457459	0.0081506	0.204487	352.552	32.1577	0.0138832	
364.198	0.00854938	0.00194616	0.00457459	0.00876809	0.159317	12.8241	29.893	0.0138832	
364.204	0.0075882	0.00508621	0.00457459	0.00913511	0.136169	33.8331	28.692	0.0138832	
364.21	0.00525286	0.00762581	0.00457459	0.00925989	0.128903	55.4399	28.3054	0.0138832	
364.216	0.0019251	0.00896576	0.00457459	0.0091701	0.134101	77.8816	28.5825	0.0138832	
364.222	-0.00169372	0.0087452	0.00457459	0.00890771	0.150195	100.961	29.4245	0.0138832	
364.228	-0.00488003	0.00698717	0.00457459	0.00852263	0.17632	124.932	30.754	0.0138832	
364.234	-0.00696566	0.00408015	0.00457459	0.00807268	0.210758	149.64	32.4681	0.0138832	
364.24	-0.00758201	0.000687467	0.00457459	0.00761311	0.250371	174.819	34.4281	0.0138832	
364.246	-0.00672679	-0.00250874	0.00457459	0.00717938	0.29185	200.453	36.508	0.0138832	
364.252	-0.00471895	-0.00488786	0.00457459	0.00679409	0.331913	226.007	38.5783	0.0138832	
364.258	-0.00211608	-0.0061018	0.00457459	0.00645831	0.369147	250.874	40.5841	0.0138832	
364.264	0.000518718	-0.00613068	0.00457459	0.00615259	0.404767	274.836	42.6007	0.0138832	
364.27	0.00268495	-0.00520921	0.00457459	0.00586044	0.440171	297.268	44.7244	0.0138832	
364.276	0.0041452	-0.00371669	0.00457459	0.00556745	0.476832	318.12	47.078	0.0138832	
364.282	0.00486415	-0.00205287	0.00457459	0.00527961	0.513763	337.118	49.6447	0.0138832	
364.288	0.00499489	-0.000508124	0.00457459	0.00502067	0.547569	354.191	52.2051	0.0138832	
364.294	0.00475154	0.000819984	0.00457459	0.00482177	0.573789	9.79122	54.3585	0.0138832	
364.3	0.00429459	0.00194834	0.00457459	0.00471589	0.587802	24.4025	55.5791	0.0138832	
364.306	0.00365591	0.00297583	0.00457459	0.00471394	0.58806	39.1449	55.602	0.0138832	
364.312	0.00275548	0.0039322	0.00457459	0.00480155	0.576463	54.9793	54.5875	0.0138832	
364.318	0.00147721	0.0047179	0.00457459	0.00494376	0.557688	72.6142	53.0173	0.0138832	
364.324	-0.000241225	0.00510326	0.00457459	0.00510895	0.535993	92.7063	51.303	0.0138832	
364.33	-0.00225431	0.00477756	0.00457459	0.00528271	0.513362	115.26	49.6156	0.0138832	
364.336	-0.00423304	0.00349029	0.00457459	0.00548641	0.487147	140.493	47.7734	0.0138832	
364.342	-0.0056453	0.00120203	0.00457459	0.00577185	0.451144	167.98	45.4108	0.0138832	
364.348	-0.00593926	-0.00179817	0.00457459	0.0062055	0.398492	196.844	42.2374	0.0138832	
364.354	-0.00472592	-0.00495387	0.00457459	0.00684654	0.326288	226.349	38.2828	0.0138832	
364.36	-0.00196361	-0.00744542	0.00457459	0.00770001	0.242536	255.226	34.0395	0.0138832	
364.366	0.00199331	-0.00850549	0.00457459	0.00873594	0.161474	283.19	30.003	0.0138832	
364.372	0.00634029	-0.00756949	0.00457459	0.00987403	0.0973485	309.95	26.5448	0.0138832	
364.378	0.010023	-0.00456488	0.00457459	0.0110135	0.0551253	335.514	23.7984	0.0138832	
364.384	0.0120675	8.0992e-05	0.00457459	0.0120677	0.0308224	0.38454	21.7194	0.0138832	
364.39	0.0117549	0.00540496	0.00457459	0.012938	0.0183255	24.6931	20.2585	0.0138832	
364.396	0.00896215	0.0101543	0.00457459	0.0135437	0.012492	48.5686	19.3526	0.0138832	
364.402	0.00415965	0.0131916	0.00457459	0.0138319	0.0103454	72.4986	18.9493	0.0138832	
364.408	-0.00155616	0.0136779	0.00457459	0.0137661	0.0108042	96.4908	19.0398	0.0138832	
364.414	-0.00688777	0.0114257	0.00457459	0.0133412	0.0142271	121.083	19.6463	0.0138832	
364.42	-0.0105004	0.00694266	0.00457459	0.012588	0.0226863	146.528	20.8218	0.0138832	
364.426	-0.0115042	0.0013739	0.00457459	0.0115859	0.0404695	173.19	22.6227	0.0138832	
364.432	-0.00968889	-0.00391528	0.00457459	0.0104501	0.0735946	202.004	25.0816	0.0138832	
364.438	-0.00558969	-0.0075283	0.00457459	0.00937656	0.122377	233.406	27.9532	0.0138832	
364.444	-0.000293134	-0.008589	0.00457459	0.008594	0.171248	268.045	30.4986	0.0138832	
364.45	0.00474872	-0.00684739	0.00457459	0.00833289	0.190321	304.742	31.4542	0.0138832	
364.456	0.00817813	-0.00285098	0.00457459	0.00866083	0.166594	340.781	30.2632	0.0138832	
364.462	0.00914328	0.00232914	0.00457459	0.00943528	0.11919	14.2914	27.7792	0.0138832	
364.468	0.00743335	0.00726476	0.00457459	0.0103938	0.0756854	44.3428	25.2173	0.0138832	
364.474	0.00354566	0.010736	0.00457459	0.0113063	0.047156	71.7238	23.1821	0.0138832	
364.48	-0.00145397	0.0119005	0.00457459	0.011989	0.0322502	96.9657	21.8622	0.0138832	
364.486	-0.00625443	0.0106175	0.00457459	0.0123227	0.0265667	120.501	21.27	0.0138832	
364.492	-0.00976859	0.00738187	0.00457459	0.0122441	0.0278217	142.923	21.4066	0.0138832	
364.498	-0.0112856	0.00319717	0.00457459	0.0117297	0.0373534	164.183	22.3453	0.0138832	
364.504	-0.0107543	-0.000849653	0.00457459	0.0107878	0.0620043	184.517	24.2964	0.0138832	
364.51	-0.00867385	-0.00379499	0.00457459	0.00946772	0.117456	203.63	27.684	0.0138832	
364.516	-0.0059418	-0.00514689	0.00457459	0.00786101	0.228444	220.9	33.3424	0.0138832	
364.522	-0.00347024	-0.00498671	0.00457459	0.00607535	0.414005	235.166	43.1423	0.0138832	
364.528	-0.00197083	-0.00384856	0.00457459	0.00432384	0.639743	242.883	60.6185	0.0138832	
364.534	-0.00168937	-0.00253247	0.00457459	0.00304423	0.801378	236.293	86.0987	0.0138832	
364.54	-0.00237833	-0.0017693	0.00457459	0.00296427	0.810631	216.647	88.4214	0.0138832	
364.546	-0.00342633	-0.0019998	0.00457459	0.00396724	0.68657	210.27	66.0673	0.0138832	
364.552	-0.004118	-0.00321419	0.00457459	0.00522388	0.520999	217.973	50.1743	0.0138832	
364.558	-0.00388033	-0.00497382	0.00457459	0.0063084	0.386419	232.04	41.5485	0.0138832	
364.564	-0.00253125	-0.00657959	0.00457459	0.0070497	0.305005	248.958	37.1795	0.0138832	
364.57	-0.000315301	-0.00737078	0.00457459	0.00737753	0.272414	267.551	35.5274	0.0138832	
364.576	0.00213009	-0.0069371	0.00457459	0.00725676	0.284163	287.07	36.1187	0.0138832	
364.582	0.00407067	-0.00530437	0.00457459	0.0066863	0.343639	307.503	39.2002	0.0138832	
364.588	0.00486941	-0.00294888	0.00457459	0.00569272	0.461029	328.801	46.0421	0.0138832	
364.594	0.00428515	-0.00065428	0.00457459	0.00433481	0.638292	351.319	60.465	0.0138832	
364.6	0.00255316	0.000801552	0.00457459	0.00267603	0.842738	17.4294	97.9453	0.0138832	
364.606	0.000361501	0.000860945	0.00457459	0.000933761	0.979383	67.223	280.698	0.0138832	
364.612	-0.00141268	-0.000554572	0.00457459	0.00151764	0.946456	201.433	172.706	0.0138832	
364.618	-0.00192916	-0.00299565	0.00457459	0.00356309	0.738354	237.219	73.5611	0.0138832	
364.624	-0.000736069	-0.00557791	0.00457459	0.00562627	0.46939	262.483	46.5859	0.0138832	
364.63	0.00208926	-0.007303	0.00457459	0.00759598	0.251935	285.965	34.5057	0.0138832	
364.636	0.00586713	-0.007306	0.00457459	0.00937021	0.122726	308.766	27.9721	0.0138832	
364.642	0.00958358	-0.00519579	0.00457459	0.0109014	0.058458	331.535	24.0431	0.0138832	
364.648	0.0120698	-0.00119735	0.00457459	0.012129	0.0297498	354.335	21.6097	0.0138832	
364.654	0.0124354	0.0038372	0.00457459	0.013014	0.0174827	17.1487	20.1403	0.0138832	
364.66	0.0103323	0.00875841	0.00457459	0.013545	0.0124816	40.2871	19.3507	0.0138832	
364.666	0.00610001	0.0122815	0.00457459	0.013713	0.0111878	63.5872	19.1136	0.0138832	
364.672	0.000619862	0.0135163	0.00457459	0.0135305	0.0125991	87.3742	19.3714	0.0138832	
364.678	-0.0048032	0.0121038	0.00457459	0.013022	0.017395	111.645	20.1278	0.0138832	
364.684	-0.00886385	0.00843072	0.00457459	0.0122329	0.0280034	136.435	21.4261	0.0138832	
364.69	-0.0106766	0.00342023	0.00457459	0.011211	0.049637	162.237	23.3791	0.0138832	
364.696	-0.00990119	-0.0016191	0.00457459	0.0100327	0.090272	189.287	26.125	0.0138832	
364.702	-0.00693685	-0.00541113	0.00457459	0.00879774	0.157347	217.956	29.7923	0.0138832	
364.708	-0.0027008	-0.00711799	0.00457459	0.00761315	0.250368	249.222	34.4279	0.0138832	
364.714	0.00153758	-0.00645697	0.00457459	0.00663752	0.349017	283.394	39.4884	0.0138832	
364.72	0.00465343	-0.00381206	0.00457459	0.0060155	0.421225	320.676	43.5715	0.0138832	
364.726	0.00584176	-9.20336e-05	0.00457459	0.00584248	0.442387	359.097	44.8618	0.0138832	
364.732	0.00491897	0.00353998	0.00457459	0.00606034	0.41581	35.741	43.2491	0.0138832	
364.738	0.00228736	0.00608174	0.00457459	0.00649766	0.364677	69.3886	40.3383	0.0138832	
364.744	-0.00117358	0.00686304	0.00457459	0.00696266	0.314024	99.7037	37.6443	0.0138832	
364.75	-0.00447084	0.00579111	0.00457459	0.0073161	0.278352	127.669	35.8257	0.0138832	
364.756	-0.00669514	0.00329355	0.00457459	0.00746139	0.264433	153.806	35.1281	0.0138832	
364.762	-0.00734361	0.000191267	0.00457459	0.0073461	0.275442	178.508	35.6794	0.0138832	
364.768	-0.00642292	-0.00264541	0.00457459	0.00694637	0.315728	202.385	37.7326	0.0138832	
364.774	-0.00439768	-0.00446645	0.00457459	0.00626808	0.391129	225.445	41.8158	0.0138832	
364.78	-0.00198623	-0.00494251	0.00457459	0.00532668	0.507671	248.106	49.206	0.0138832	
364.786	3.05481e-05	-0.00416417	0.00457459	0.00416429	0.660782	270.42	62.9411	0.0138832	
364.792	0.00108772	-0.00262457	0.00457459	0.00284104	0.824606	292.511	92.2566	0.0138832	
364.798	0.00100245	-0.000986103	0.00457459	0.00140617	0.953855	315.471	186.396	0.0138832	
364.804	-2.16094e-05	9.49723e-05	0.00457459	9.73997e-05	0.999773	102.819	2691.02	0.0138832	
364.81	-0.00148852	0.000222423	0.00457459	0.00150504	0.947318	171.501	174.151	0.0138832	
364.816	-0.00276671	-0.000668051	0.00457459	0.00284622	0.824025	193.575	92.0887	0.0138832	
364.822	-0.00331682	-0.00227638	0.00457459	0.00402283	0.679321	214.462	65.1542	0.0138832	
364.828	-0.00286148	-0.00409582	0.00457459	0.00499638	0.550761	235.061	52.4589	0.0138832	
364.834	-0.00144114	-0.00553895	0.00457459	0.00572337	0.457192	255.416	45.7955	0.0138832	
364.84	0.000590648	-0.00615212	0.00457459	0.00618041	0.401462	275.484	42.4089	0.0138832	
364.846	0.00274107	-0.00574681	0.00457459	0.00636705	0.379616	295.5	41.1658	0.0138832	
364.852	0.00447081	-0.00442772	0.00457459	0.00629228	0.388298	315.277	41.6549	0.0138832	
364.858	0.00542244	-0.00252484	0.00457459	0.00598145	0.425357	335.032	43.8196	0.0138832	
364.864	0.00545022	-0.00050816	0.00457459	0.00547386	0.488751	354.673	47.883	0.0138832	
364.87	0.00467717	0.00117626	0.00457459	0.00482281	0.573652	14.1165	54.3469	0.0138832	
364.876	0.00339697	0.00225541	0.00457459	0.00407753	0.672168	33.5821	64.2802	0.0138832	
364.882	0.00199223	0.00263553	0.00457459	0.00330378	0.770443	52.9138	79.3347	0.0138832	
364.888	0.00077105	0.00243121	0.00457459	0.00255055	0.856048	72.4037	102.764	0.0138832	
364.894	-7.06187e-05	0.00187199	0.00457459	0.00187332	0.919572	92.1604	139.915	0.0138832	
364.9	-0.000505136	0.0012165	0.00457459	0.00131721	0.959393	112.55	198.985	0.0138832	
364.906	-0.000638788	0.000645657	0.00457459	0.000908253	0.980483	134.694	288.581	0.0138832	
364.912	-0.000626572	0.000237151	0.00457459	0.000669949	0.989333	159.269	391.23	0.0138832	
364.918	-0.000601161	-5.07285e-05	0.00457459	0.000603297	0.991342	184.823	434.453	0.0138832	
364.924	-0.000615123	-0.000314108	0.00457459	0.000690681	0.988667	207.051	379.487	0.0138832	
364.93	-0.000628477	-0.000641461	0.00457459	0.000898029	0.980916	225.586	291.866	0.0138832	
364.936	-0.000542687	-0.00105981	0.00457459	0.00119067	0.966694	242.885	220.131	0.0138832	
364.942	-0.000263042	-0.0015	0.00457459	0.00152289	0.946095	260.054	172.11	0.0138832	
364.948	0.000245448	-0.00183346	0.00457459	0.00184982	0.921496	277.625	141.692	0.0138832	
364.954	0.000914727	-0.00191334	0.00457459	0.00212075	0.898113	295.552	123.59	0.0138832	
364.96	0.00158286	-0.00165478	0.00457459	0.00228992	0.882243	313.727	114.46	0.0138832	
364.966	0.0020571	-0.00107683	0.00457459	0.0023219	0.87914	332.369	112.884	0.0138832	
364.972	0.00216655	-0.000326323	0.00457459	0.00219098	0.891638	351.435	119.629	0.0138832	
364.978	0.00184661	0.000377283	0.00457459	0.00188476	0.918627	11.5472	139.065	0.0138832	
364.984	0.00116984	0.000788867	0.00457459	0.00141097	0.953547	33.9932	185.762	0.0138832	
364.99	0.000344126	0.000738733	0.00457459	0.000814954	0.984257	65.0224	321.619	0.0138832	
364.996	-0.000364587	0.000190337	0.00457459	0.000411281	0.995967	152.433	637.289	0.0138832	
365.002	-0.000692032	-0.000736581	0.00457459	0.00101067	0.97589	226.786	259.337	0.0138832	
365.008	-0.000481495	-0.00179071	0.00457459	0.00185432	0.921129	254.95	141.348	0.0138832	
365.014	0.000273392	-0.00268761	0.00457459	0.00270148	0.839987	275.808	97.0227	0.0138832	
365.02	0.00141303	-0.00316803	0.00457459	0.00346887	0.750134	294.038	75.559	0.0138832	
365.026	0.00268922	-0.00310756	0.00457459	0.0041096	0.667964	310.872	63.7786	0.0138832	
365.032	0.00381543	-0.00253297	0.00457459	0.00457968	0.605856	326.421	57.2321	0.0138832	
365.038	0.00457965	-0.0016223	0.00457459	0.0048585	0.568935	340.494	53.9476	0.0138832	
365.044	0.00491846	-0.000612078	0.00457459	0.0049564	0.556022	352.906	52.882	0.0138832	
365.05	0.00490862	0.000261904	0.00457459	0.0049156	0.561399	3.05417	53.321	0.0138832	
365.056	0.00474046	0.000884819	0.00457459	0.00482233	0.573714	10.5727	54.3522	0.0138832	
365.062	0.00463115	0.0012759	0.00457459	0.00480369	0.57618	15.403	54.5632	0.0138832	
365.068	0.00472832	0.00159313	0.00457459	0.0049895	0.551666	18.6204	52.5312	0.0138832	
365.074	0.00504116	0.00206633	0.00457459	0.00544821	0.492033	22.2883	48.1084	0.0138832	
365.08	0.00541716	0.00288428	0.00457459	0.00613716	0.406605	28.0323	42.7078	0.0138832	
365.086	0.00559547	0.00412392	0.00457459	0.00695097	0.315246	36.3905	37.7076	0.0138832	
365.092	0.00528741	0.00566956	0.00457459	0.00775246	0.237885	46.9975	33.8092	0.0138832	
365.098	0.00430714	0.00722917	0.00457459	0.00841501	0.184169	59.2135	31.1473	0.0138832	
365.104	0.0026384	0.00843993	0.00457459	0.00884271	0.154392	72.6403	29.6407	0.0138832	
365.11	0.000512546	0.00893906	0.00457459	0.00895374	0.147273	86.7184	29.2732	0.0138832	
365.116	-0.00169264	0.00852963	0.00457459	0.00869596	0.164185	101.224	30.141	0.0138832	
365.122	-0.00348846	0.00724711	0.00457459	0.008043	0.21318	115.704	32.5879	0.0138832	
365.128	-0.00446117	0.00540185	0.00457459	0.00700586	0.309528	129.552	37.4122	0.0138832	
365.134	-0.00441557	0.00346813	0.00457459	0.00561473	0.470846	141.853	46.6816	0.0138832	
365.14	-0.00342839	0.00200908	0.00457459	0.00397369	0.68573	149.629	65.96	0.0138832	
365.146	-0.00188349	0.00147396	0.00457459	0.00239167	0.872259	141.954	109.591	0.0138832	
365.152	-0.000338898	0.00205537	0.00457459	0.00208312	0.901514	99.3629	125.823	0.0138832	
365.158	0.000576745	0.00361748	0.00457459	0.00366317	0.725705	80.9414	71.5513	0.0138832	
365.164	0.00039238	0.005732	0.00457459	0.00574541	0.454438	86.084	45.6198	0.0138832	
365.17	-0.00109401	0.00774162	0.00457459	0.00781854	0.232108	98.0435	33.5235	0.0138832	
365.176	-0.00370136	0.00896075	0.00457459	0.00969511	0.105842	112.444	27.0347	0.0138832	
365.182	-0.00696041	0.00888111	0.00457459	0.0112837	0.0477364	128.087	23.2286	0.0138832	
365.188	-0.0101384	0.007293	0.00457459	0.012489	0.0240725	144.271	20.9868	0.0138832	
365.194	-0.0125387	0.00434317	0.00457459	0.0132696	0.0148898	160.895	19.7523	0.0138832	
365.2	-0.0135794	0.000539138	0.00457459	0.0135901	0.0121215	177.726	19.2864	0.0138832	
365.206	-0.0130173	-0.00338616	0.00457459	0.0134505	0.0132659	194.581	19.4867	0.0138832	
365.212	-0.0109686	-0.00673722	0.00457459	0.0128725	0.0190815	211.559	20.3617	0.0138832	
365.218	-0.00790264	-0.0089088	0.00457459	0.0119088	0.0337615	228.425	22.0094	0.0138832	
365.224	-0.00443852	-0.00964389	0.00457459	0.0106163	0.0676887	245.286	24.689	0.0138832	
365.23	-0.00126797	-0.00899378	0.00457459	0.00908272	0.13931	261.975	28.8575	0.0138832	
365.236	0.00106868	-0.0073338	0.00457459	0.00741125	0.269187	278.291	35.3657	0.0138832	
365.242	0.00232984	-0.00518442	0.00457459	0.00568387	0.46214	294.199	46.1138	0.0138832	
365.248	0.00253478	-0.00311537	0.00457459	0.0040163	0.680175	309.133	65.2603	0.0138832	
365.254	0.00196287	-0.00152403	0.00457459	0.00248506	0.862819	322.173	105.472	0.0138832	
365.26	0.00101914	-0.000615722	0.00457459	0.0011907	0.966693	328.861	220.127	0.0138832	
365.266	0.000105152	-0.000343071	0.00457459	0.000358824	0.996928	287.04	730.454	0.0138832	
365.272	-0.000522084	-0.000475704	0.00457459	0.000706305	0.988151	222.339	371.093	0.0138832	
365.278	-0.000783723	-0.000717293	0.00457459	0.00106242	0.973392	222.466	246.706	0.0138832	
365.284	-0.00079161	-0.000817834	0.00457459	0.0011382	0.969521	225.933	230.28	0.0138832	
365.29	-0.000770989	-0.000668455	0.00457459	0.00102042	0.975428	220.926	256.86	0.0138832	
365.296	-0.000954387	-0.000332333	0.00457459	0.00101059	0.975894	199.199	259.357	0.0138832	
365.302	-0.00148457	-8.13287e-06	0.00457459	0.0014846	0.948702	180.314	176.549	0.0138832	
365.308	-0.00234511	4.14869e-05	0.00457459	0.00234548	0.876832	178.986	111.749	0.0138832	
365.314	-0.00335018	-0.000395795	0.00457459	0.00337348	0.761924	186.738	77.6955	0.0138832	
365.32	-0.00421949	-0.00140722	0.00457459	0.00444796	0.623315	198.444	58.9269	0.0138832	
365.326	-0.0046366	-0.00288978	0.00457459	0.00546341	0.490088	211.933	47.9745	0.0138832	
365.332	-0.00437814	-0.00460341	0.00457459	0.00635291	0.38125	226.437	41.2574	0.0138832	
365.338	-0.00337157	-0.00619039	0.00457459	0.007049	0.305076	241.425	37.1832	0.0138832	
365.344	-0.0017459	-0.00729784	0.00457459	0.00750378	0.260456	256.546	34.9297	0.0138832	
365.35	0.00023624	-0.00768942	0.00457459	0.00769305	0.243158	271.76	34.0703	0.0138832	
365.356	0.00219168	-0.00728194	0.00457459	0.00760462	0.251146	286.75	34.4665	0.0138832	
365.362	0.00378505	-0.00617688	0.00457459	0.00724434	0.285389	301.499	36.1806	0.0138832	
365.368	0.00474988	-0.00463396	0.00457459	0.00663588	0.349198	315.708	39.4981	0.0138832	
365.374	0.00498974	-0.00300118	0.00457459	0.00582277	0.444825	328.974	45.0137	0.0138832	
365.38	0.00458112	-0.00159125	0.00457459	0.00484961	0.570109	340.845	54.0465	0.0138832	
365.386	0.00373756	-0.000658752	0.00457459	0.00379517	0.708834	350.004	69.0627	0.0138832	
365.392	0.00273265	-0.000300689	0.00457459	0.00274914	0.834789	353.721	95.3405	0.0138832	
365.398	0.00185015	-0.000487121	0.00457459	0.0019132	0.91626	345.25	136.998	0.0138832	
365.404	0.00130524	-0.00106449	0.00457459	0.00168428	0.934467	320.801	155.618	0.0138832	
365.41	0.00120304	-0.00182882	0.00457459	0.00218904	0.89182	303.338	119.735	0.0138832	
365.416	0.00154985	-0.00255952	0.00457459	0.00299219	0.807416	301.196	87.5962	0.0138832	
365.422	0.00227182	-0.00308945	0.00457459	0.00383482	0.703728	306.329	68.3486	0.0138832	
365.428	0.00324394	-0.00330127	0.00457459	0.00462834	0.599404	314.498	56.6304	0.0138832	
365.434	0.00432453	-0.00314515	0.00457459	0.00534729	0.50501	323.972	49.0163	0.0138832	
365.44	0.00539996	-0.00261452	0.00457459	0.00599961	0.423151	334.165	43.687	0.0138832	
365.446	0.0063581	-0.0017324	0.00457459	0.00658989	0.35431	344.759	39.7737	0.0138832	
365.452	0.00710322	-0.000544457	0.00457459	0.00712406	0.29742	355.617	36.7915	0.0138832	
365.458	0.00755719	0.00090802	0.00457459	0.00761154	0.250514	6.85142	34.4351	0.0138832	
365.464	0.00763417	0.00253552	0.00457459	0.00804422	0.21308	18.3728	32.583	0.0138832	
365.47	0.00726724	0.00424845	0.00457459	0.00841797	0.18395	30.3107	31.1363	0.0138832	
365.476	0.00641795	0.00589984	0.00457459	0.00871769	0.162707	42.5915	30.0658	0.0138832	
365.482	0.00510906	0.0073239	0.00457459	0.00892984	0.148785	55.1009	29.3515	0.0138832	
365.488	0.0034062	0.00838106	0.00457459	0.00904678	0.141496	67.8824	28.9721	0.0138832	
365.494	0.00146484	0.00894537	0.00457459	0.00906452	0.140414	80.7001	28.9154	0.0138832	
365.5	-0.00055764	0.00897105	0.00457459	0.00898837	0.145103	93.5569	29.1604	0.0138832	
365.506	-0.00247225	0.00848055	0.00457459	0.00883356	0.15499	106.252	29.6715	0.0138832	
365.512	-0.00412946	0.00757441	0.00457459	0.00862694	0.168942	118.599	30.3821	0.0138832	
365.518	-0.00547044	0.00637531	0.00457459	0.00840061	0.185237	130.632	31.2007	0.0138832	
365.524	-0.00647745	0.00502133	0.00457459	0.0081958	0.200909	142.217	31.9804	0.0138832	
365.53	-0.00720826	0.00358221	0.00457459	0.0080493	0.212664	153.575	32.5624	0.0138832	
365.536	-0.00771581	0.00208486	0.00457459	0.00799252	0.217343	164.879	32.7937	0.0138832	
365.542	-0.00802396	0.00050299	0.00457459	0.00803971	0.213449	176.413	32.6012	0.0138832	
365.548	-0.00809287	-0.00123193	0.00457459	0.0081861	0.201673	188.655	32.0183	0.0138832	
365.554	-0.00780686	-0.00311843	0.00457459	0.00840664	0.184789	201.774	31.1783	0.0138832	
365.56	-0.00700534	-0.00510458	0.00457459	0.00866785	0.166111	216.08	30.2387	0.0138832	
365.566	-0.00554931	-0.00699382	0.00457459	0.00892795	0.148904	231.569	29.3577	0.0138832	
365.572	-0.00340501	-0.00848982	0.00457459	0.00914719	0.135453	248.146	28.6541	0.0138832	
365.578	-0.000659156	-0.00927124	0.00457459	0.00929464	0.126932	265.933	28.1995	0.0138832	
365.584	0.00238867	-0.00903377	0.00457459	0.00934424	0.124159	284.811	28.0499	0.0138832	
365.59	0.00527952	-0.00763499	0.00457459	0.00928259	0.127613	304.663	28.2362	0.0138832	
365.596	0.00752502	-0.0051289	0.00457459	0.00910667	0.137868	325.722	28.7816	0.0138832	
365.602	0.00863134	-0.00185759	0.00457459	0.00882897	0.155291	347.854	29.6869	0.0138832	
365.608	0.00830532	0.00167658	0.00457459	0.00847285	0.17992	11.4129	30.9346	0.0138832	
365.614	0.00650212	0.0048004	0.00457459	0.00808216	0.209988	36.4378	32.43	0.0138832	
365.62	0.00351613	0.00687019	0.00457459	0.00771768	0.240962	62.8969	33.9616	0.0138832	
365.626	-0.000129517	0.00744438	0.00457459	0.00744551	0.265934	90.9967	35.2031	0.0138832	
365.632	-0.00367635	0.00634775	0.00457459	0.0073355	0.276469	120.078	35.731	0.0138832	
365.638	-0.00641567	0.00374716	0.00457459	0.0074298	0.267422	149.712	35.2775	0.0138832	
365.644	-0.00772957	0.000149344	0.00457459	0.00773101	0.23978	178.893	33.903	0.0138832	
365.65	-0.00731353	-0.00369675	0.00457459	0.00819473	0.200993	206.815	31.9845	0.0138832	
365.656	-0.00521308	-0.00703689	0.00457459	0.00875751	0.160024	233.468	29.9291	0.0138832	
365.662	-0.00184688	-0.00915492	0.00457459	0.00933935	0.12443	258.594	28.0645	0.0138832	
365.668	0.00215884	-0.00963943	0.00457459	0.00987822	0.0971562	282.624	26.5336	0.0138832	
365.674	0.00601161	-0.00838343	0.00457459	0.0103161	0.0786537	305.644	25.4074	0.0138832	
365.68	0.00897512	-0.00566193	0.00457459	0.0106118	0.0678423	327.754	24.6994	0.0138832	
365.686	0.0105589	-0.00198292	0.00457459	0.0107435	0.0634343	349.364	24.3966	0.0138832	
365.692	0.0105229	0.001933	0.00457459	0.010699	0.0648966	10.4089	24.4981	0.0138832	
365.698	0.00896026	0.00543538	0.00457459	0.01048	0.0725027	31.2414	25.0101	0.0138832	
365.704	0.00623421	0.00794571	0.00457459	0.0100995	0.0874182	51.8822	25.9523	0.0138832	
365.71	0.00290505	0.00913291	0.00457459	0.0095838	0.111411	72.3549	27.3487	0.0138832	
365.716	-0.000469649	0.00894575	0.00457459	0.00895806	0.147	93.0053	29.2591	0.0138832	
365.722	-0.00333185	0.00756292	0.00457459	0.00826432	0.195567	113.776	31.7152	0.0138832	
365.728	-0.0053328	0.00532354	0.00457459	0.00753517	0.257534	135.05	34.7841	0.0138832	
365.734	-0.00626883	0.00267307	0.00457459	0.00681495	0.32967	156.906	38.4603	0.0138832	
365.74	-0.0061463	6.45172e-05	0.00457459	0.00614664	0.405475	179.399	42.642	0.0138832	
365.746	-0.00512294	-0.00215926	0.00457459	0.0055594	0.477853	202.855	47.1462	0.0138832	
365.752	-0.00346036	-0.00372492	0.00457459	0.00508421	0.539233	227.109	51.5527	0.0138832	
365.758	-0.00148234	-0.00449775	0.00457459	0.00473573	0.585175	251.759	55.3462	0.0138832	
365.764	0.00051676	-0.0044747	0.00457459	0.00450444	0.615831	276.588	58.1881	0.0138832	
365.77	0.00223777	-0.00374961	0.00457459	0.0043666	0.634088	300.829	60.0248	0.0138832	
365.776	0.00347799	-0.00249433	0.00457459	0.00427997	0.645538	324.353	61.2398	0.0138832	
365.782	0.00408862	-0.000951938	0.00457459	0.00419797	0.65635	346.894	62.436	0.0138832	
365.788	0.00403148	0.000595971	0.00457459	0.00407529	0.672461	8.40911	64.3156	0.0138832	
365.794	0.00337455	0.00189513	0.00457459	0.00387028	0.699149	29.3183	67.7224	0.0138832	
365.8	0.00229872	0.00270909	0.00457459	0.00355293	0.73963	49.6847	73.7714	0.0138832	
365.806	0.00105481	0.00291198	0.00457459	0.00309713	0.795181	70.0879	84.6281	0.0138832	
365.812	-4.59669e-05	0.00249182	0.00457459	0.00249224	0.862083	91.0568	105.168	0.0138832	
365.818	-0.000713175	0.00159304	0.00457459	0.00174539	0.929799	114.117	150.169	0.0138832	
365.824	-0.000754242	0.000474678	0.00457459	0.000891179	0.981203	147.816	294.11	0.0138832	
365.83	-0.000117753	-0.000506477	0.00457459	0.000519985	0.993561	256.912	504.061	0.0138832	
365.836	0.00107476	-0.00101252	0.00457459	0.00147659	0.94924	316.708	177.507	0.0138832	
365.842	0.00252435	-0.00078042	0.00457459	0.00264224	0.846365	342.821	99.198	0.0138832	
365.848	0.0038185	0.000267481	0.00457459	0.00382786	0.704626	4.00695	68.473	0.0138832	
365.854	0.00455262	0.002012	0.00457459	0.0049774	0.553258	23.8428	52.659	0.0138832	
365.86	0.00440259	0.00410384	0.00457459	0.00601866	0.420842	42.9886	43.5487	0.0138832	
365.866	0.00324401	0.00609474	0.00457459	0.0069043	0.320154	61.9752	37.9625	0.0138832	
365.872	0.00120124	0.00747948	0.00457459	0.00757533	0.253828	80.8759	34.5998	0.0138832	
365.878	-0.00134696	0.00787117	0.00457459	0.00798559	0.217919	99.7107	32.8222	0.0138832	
365.884	-0.00390203	0.00710441	0.00457459	0.00810546	0.208104	118.777	32.3368	0.0138832	
365.89	-0.00589063	0.00528414	0.00457459	0.00791339	0.223979	138.107	33.1217	0.0138832	
365.896	-0.00686031	0.00280108	0.00457459	0.00741012	0.269295	157.79	35.3712	0.0138832	
365.902	-0.0066053	0.000188779	0.00457459	0.006608	0.352293	178.363	39.6647	0.0138832	
365.908	-0.00521047	-0.00192634	0.00457459	0.00555516	0.478391	200.29	47.1822	0.0138832	
365.914	-0.00303223	-0.00307111	0.00457459	0.0043158	0.640805	225.365	60.7314	0.0138832	
365.92	-0.000646488	-0.0029769	0.00457459	0.00304629	0.801138	257.747	86.0405	0.0138832	
365.926	0.00131158	-0.001708	0.00457459	0.00215349	0.895115	307.521	121.712	0.0138832	
365.932	0.00234279	0.000396174	0.00457459	0.00237605	0.873813	9.59813	110.311	0.0138832	
365.938	0.00215755	0.00275906	0.00457459	0.00350248	0.745946	51.975	74.8339	0.0138832	
365.944	0.000781176	0.00478463	0.00457459	0.00484798	0.570325	80.7273	54.0647	0.0138832	
365.95	-0.00146514	0.00593743	0.00457459	0.00611553	0.409188	103.862	42.8589	0.0138832	
365.956	-0.00403938	0.00592804	0.00457459	0.00717344	0.292445	124.271	36.5382	0.0138832	
365.962	-0.00638007	0.00475993	0.00457459	0.00796004	0.22005	143.275	32.9275	0.0138832	
365.968	-0.00797148	0.0027263	0.00457459	0.00842479	0.183445	161.119	31.1111	0.0138832	
365.974	-0.00854974	0.000279166	0.00457459	0.00855429	0.174057	178.13	30.6401	0.0138832	
365.98	-0.008096	-0.00204492	0.00457459	0.00835027	0.189008	194.176	31.3888	0.0138832	
365.986	-0.00686336	-0.00380126	0.00457459	0.00784571	0.229759	208.98	33.4074	0.0138832	
365.992	-0.00524623	-0.00477025	0.00457459	0.00709071	0.300808	222.279	36.9645	0.0138832	
365.998	-0.00370038	-0.00494756	0.00457459	0.00617828	0.401715	233.206	42.4236	0.0138832	
366.004	-0.00255935	-0.00455569	0.00457459	0.00522538	0.520804	240.673	50.1599	0.0138832	
366.01	-0.00199748	-0.00394134	0.00457459	0.0044186	0.627204	243.124	59.3184	0.0138832	
366.016	-0.00196572	-0.00346419	0.00457459	0.00398305	0.684511	240.428	65.805	0.0138832	
366.022	-0.00224038	-0.00337313	0.00457459	0.00404936	0.675855	236.408	64.7274	0.0138832	
366.028	-0.00251078	-0.00375105	0.00457459	0.0045138	0.61459	236.203	58.0674	0.0138832	
366.034	-0.00248853	-0.00448665	0.00457459	0.00513057	0.533165	240.985	51.0868	0.0138832	
366.04	-0.00200147	-0.00534267	0.00457459	0.00570526	0.459458	249.463	45.9409	0.0138832	
366.046	-0.00105099	-0.00601889	0.00457459	0.00610996	0.409853	260.095	42.8979	0.0138832	
366.052	0.000213266	-0.00627983	0.00457459	0.00628345	0.389331	271.945	41.7135	0.0138832	
366.058	0.00152161	-0.00600724	0.00457459	0.00619696	0.399502	284.214	42.2957	0.0138832	
366.064	0.00258677	-0.00525605	0.00457459	0.00585811	0.440459	296.204	44.7422	0.0138832	
366.07	0.00321156	-0.00421065	0.00457459	0.00529563	0.511688	307.334	49.4945	0.0138832	
366.076	0.00331873	-0.0031507	0.00457459	0.00457612	0.606327	316.488	57.2766	0.0138832	
366.082	0.00299224	-0.00232746	0.00457459	0.00379085	0.709389	322.123	69.1414	0.0138832	
366.088	0.00243669	-0.00192152	0.00457459	0.00310317	0.794471	321.741	84.4635	0.0138832	
366.094	0.0019153	-0.00196882	0.00457459	0.00274675	0.835051	314.211	95.4235	0.0138832	
366.1	0.0016569	-0.0023666	0.00457459	0.00288897	0.819212	304.997	90.726	0.0138832	
366.106	0.00180298	-0.00290761	0.00457459	0.00342125	0.756039	301.803	76.6108	0.0138832	
366.112	0.00236696	-0.00335861	0.00457459	0.00410886	0.668062	305.174	63.7901	0.0138832	
366.118	0.00323994	-0.00351455	0.00457459	0.00478009	0.579302	312.672	54.8326	0.0138832	
366.124	0.00422956	-0.00326653	0.00457459	0.0053441	0.505421	322.321	49.0456	0.0138832	
366.13	0.005143	-0.00261094	0.00457459	0.0057678	0.451648	333.085	45.4428	0.0138832	
366.136	0.00581106	-0.00164577	0.00457459	0.00603962	0.418309	344.187	43.3975	0.0138832	
366.142	0.00615665	-0.000502889	0.00457459	0.00617716	0.401848	355.33	42.4313	0.0138832	
366.148	0.00617278	0.000672992	0.00457459	0.00620936	0.398037	6.22214	42.2112	0.0138832	
366.154	0.00591396	0.00177798	0.00457459	0.00617544	0.402051	16.733	42.443	0.0138832	
366.16	0.0054445	0.0027815	0.00457459	0.00611387	0.409386	27.0617	42.8705	0.0138832	
366.166	0.0048116	0.0036737	0.00457459	0.00605373	0.416607	37.3621	43.2964	0.0138832	
366.172	0.00400948	0.00447154	0.00457459	0.00600588	0.42239	48.1185	43.6413	0.0138832	
366.178	0.0030084	0.00514743	0.00457459	0.00596209	0.427713	59.696	43.9619	0.0138832	
366.184	0.00178375	0.00562227	0.00457459	0.00589845	0.435496	72.3976	44.4362	0.0138832	
366.19	0.000338493	0.00577372	0.00457459	0.00578364	0.449678	86.6448	45.3183	0.0138832	
366.196	-0.0012225	0.00545649	0.00457459	0.00559176	0.473751	102.628	46.8733	0.0138832	
366.202	-0.00269876	0.00457551	0.00457459	0.00531211	0.509554	120.533	49.3409	0.0138832	
366.208	-0.00384475	0.00312026	0.00457459	0.00495157	0.556658	140.938	52.9336	0.0138832	
366.214	-0.00438154	0.00124078	0.00457459	0.00455383	0.609282	164.189	57.5569	0.0138832	
366.22	-0.0041143	-0.000807791	0.00457459	0.00419285	0.657025	191.108	62.5123	0.0138832	
366.226	-0.00297864	-0.00264538	0.00457459	0.00398376	0.684418	221.609	65.7933	0.0138832	
366.232	-0.00111038	-0.00388022	0.00457459	0.00403597	0.677606	254.031	64.9422	0.0138832	
366.238	0.00120532	-0.00421794	0.00457459	0.00438678	0.631418	285.948	59.7488	0.0138832	
366.244	0.00351708	-0.00351269	0.00457459	0.0049708	0.554126	315.036	52.7288	0.0138832	
366.25	0.00538259	-0.00182632	0.00457459	0.00568399	0.462125	341.258	46.1128	0.0138832	
366.256	0.00639354	0.000560876	0.00457459	0.00641809	0.373742	5.01346	40.8384	0.0138832	
366.262	0.00632277	0.0032018	0.00457459	0.00708724	0.301162	26.8573	36.9826	0.0138832	
366.268	0.00515865	0.00563339	0.00457459	0.00763851	0.248065	47.5188	34.3136	0.0138832	
366.274	0.0031195	0.00739502	0.00457459	0.00802605	0.214571	67.1282	32.6567	0.0138832	
366.28	0.000559207	0.00821128	0.00457459	0.0082303	0.198207	86.104	31.8463	0.0138832	
366.286	-0.00206025	0.0079785	0.00457459	0.00824021	0.197436	104.479	31.808	0.0138832	
366.292	-0.00430116	0.00681881	0.00457459	0.00806202	0.211625	122.243	32.511	0.0138832	
366.298	-0.00587329	0.00499541	0.00457459	0.00771036	0.241614	139.618	33.9938	0.0138832	
366.304	-0.0066137	0.00288292	0.00457459	0.00721473	0.288324	156.448	36.3291	0.0138832	
366.31	-0.00655263	0.000814803	0.00457459	0.00660309	0.352839	172.912	39.6942	0.0138832	
366.316	-0.00584276	-0.000918792	0.00457459	0.00591456	0.43352	188.937	44.3151	0.0138832	
366.322	-0.00472389	-0.00215165	0.00457459	0.00519083	0.525301	204.488	50.4938	0.0138832	
366.328	-0.00342439	-0.0028567	0.00457459	0.0044595	0.621786	219.836	58.7744	0.0138832	
366.334	-0.00214534	-0.00308019	0.00457459	0.00375368	0.714158	235.143	69.8261	0.0138832	
366.34	-0.00101802	-0.00292632	0.00457459	0.00309834	0.795039	250.818	84.5951	0.0138832	
366.346	-9.04281e-05	-0.0024998	0.00457459	0.00250143	0.861138	267.928	104.782	0.0138832	
366.352	0.000610786	-0.00188728	0.00457459	0.00198366	0.910269	287.933	132.132	0.0138832	
366.358	0.00108681	-0.00113562	0.00457459	0.00157187	0.942675	313.742	166.747	0.0138832	
366.364	0.00131612	-0.0002851	0.00457459	0.00134664	0.957597	347.777	194.635	0.0138832	
366.37	0.00126535	0.000613742	0.00457459	0.00140634	0.953844	25.8751	186.374	0.0138832	
366.376	0.000896124	0.00149557	0.00457459	0.00174349	0.929946	59.0705	150.333	0.0138832	
366.382	0.000196494	0.00224244	0.00457459	0.00225103	0.885973	84.9923	116.437	0.0138832	
366.388	-0.00080803	0.00272992	0.00457459	0.002847	0.823938	106.488	92.0635	0.0138832	
366.394	-0.00201808	0.00282769	0.00457459	0.00347397	0.7495	125.515	75.4481	0.0138832	
366.4	-0.00327099	0.00245496	0.00457459	0.00408977	0.670565	143.111	64.0879	0.0138832	
366.406	-0.00438859	0.00159595	0.00457459	0.00466977	0.593913	160.016	56.1279	0.0138832	
366.412	-0.00517268	0.000331379	0.00457459	0.00518329	0.526284	176.334	50.5672	0.0138832	
366.418	-0.00548621	-0.00120313	0.00457459	0.00561658	0.470612	192.369	46.6662	0.0138832	
366.424	-0.00525286	-0.00280475	0.00457459	0.00595476	0.428606	208.1	44.016	0.0138832	
366.43	-0.00449289	-0.00426046	0.00457459	0.00619174	0.40012	223.479	42.3313	0.0138832	
366.436	-0.00329136	-0.00540912	0.00457459	0.0063318	0.383698	238.68	41.395	0.0138832	
366.442	-0.00180493	-0.00612086	0.00457459	0.00638143	0.377956	253.57	41.073	0.0138832	
366.448	-0.000184435	-0.00635105	0.00457459	0.00635373	0.381156	268.337	41.2521	0.0138832	
366.454	0.00140533	-0.00610374	0.00457459	0.00626344	0.391673	282.966	41.8468	0.0138832	
366.46	0.00282717	-0.00543562	0.00457459	0.0061269	0.407829	297.48	42.7793	0.0138832	
366.466	0.00399798	-0.00441599	0.00457459	0.00595691	0.428343	312.156	44.0001	0.0138832	
366.472	0.00483606	-0.0031398	0.00457459	0.00576592	0.451882	327.007	45.4575	0.0138832	
366.478	0.00529855	-0.00168438	0.00457459	0.00555984	0.477798	342.365	47.1425	0.0138832	
366.484	0.0053425	-0.000154874	0.00457459	0.00534474	0.505338	358.34	49.0397	0.0138832	
366.49	0.00495136	0.00132812	0.00457459	0.00512639	0.533712	15.0151	51.1285	0.0138832	
366.496	0.00413046	0.00265137	0.00457459	0.00490821	0.562374	32.6967	53.4013	0.0138832	
366.502	0.00293364	0.00367195	0.00457459	0.00469994	0.589914	51.3776	55.7676	0.0138832	
366.508	0.00147358	0.00426644	0.00457459	0.00451375	0.614597	70.9456	58.068	0.0138832	
366.514	-0.000111706	0.00435954	0.00457459	0.00436098	0.634832	91.4678	60.1023	0.0138832	
366.52	-0.00162551	0.00393145	0.00457459	0.00425424	0.648934	112.463	61.6102	0.0138832	
366.526	-0.00290351	0.00303347	0.00457459	0.00419908	0.656204	133.746	62.4195	0.0138832	
366.532	-0.00379426	0.00178986	0.00457459	0.00419524	0.65671	154.745	62.4767	0.0138832	
366.538	-0.00421847	0.000374426	0.00457459	0.00423505	0.651465	174.928	61.8894	0.0138832	
366.544	-0.00417743	-0.001055	0.00457459	0.00430859	0.641758	194.174	60.833	0.0138832	
366.55	-0.00373292	-0.00234213	0.00457459	0.00440684	0.628761	212.105	59.4767	0.0138832	
366.556	-0.00297887	-0.00341037	0.00457459	0.00452816	0.612686	228.864	57.8832	0.0138832	
366.562	-0.00201683	-0.00421925	0.00457459	0.0046765	0.59302	244.452	56.0471	0.0138832	
366.568	-0.00092542	-0.00477184	0.00457459	0.00486075	0.568638	259.025	53.9227	0.0138832	
366.574	0.000272829	-0.00508644	0.00457459	0.00509375	0.537983	273.07	51.4561	0.0138832	
366.58	0.00155882	-0.00514825	0.00457459	0.00537907	0.500913	286.846	48.7267	0.0138832	
366.586	0.00293448	-0.00490635	0.00457459	0.00571694	0.457995	300.884	45.847	0.0138832	
366.592	0.00434028	-0.00427543	0.00457459	0.0060924	0.411957	315.431	43.0216	0.0138832	
366.598	0.00564754	-0.00318021	0.00457459	0.00648139	0.366522	330.616	40.4395	0.0138832	
366.604	0.00667739	-0.00157909	0.00457459	0.00686157	0.324686	346.695	38.1989	0.0138832	
366.61	0.0071891	0.00044393	0.00457459	0.00720279	0.289511	3.53355	36.3893	0.0138832	
366.616	0.00697481	0.00271717	0.00457459	0.00748538	0.262177	21.2844	35.0155	0.0138832	
366.622	0.00590782	0.00492558	0.00457459	0.0076918	0.24327	39.8193	34.0759	0.0138832	
366.628	0.00402653	0.00669547	0.00457459	0.00781295	0.232593	58.9781	33.5474	0.0138832	
366.634	0.00151412	0.00770255	0.00457459	0.00784996	0.229393	78.8789	33.3893	0.0138832	
366.64	-0.00126488	0.00770504	0.00457459	0.00780817	0.233008	99.3226	33.568	0.0138832	
366.646	-0.00385691	0.00666314	0.00457459	0.00769891	0.242635	120.064	34.0444	0.0138832	
366.652	-0.00586458	0.00472664	0.00457459	0.00753222	0.257808	141.132	34.7978	0.0138832	
366.658	-0.00696415	0.00225225	0.00457459	0.00731929	0.278042	162.078	35.8101	0.0138832	
366.664	-0.00705443	-0.000348341	0.00457459	0.00706302	0.303638	182.827	37.1094	0.0138832	
366.67	-0.00623138	-0.0026362	0.00457459	0.00676606	0.334941	202.931	38.7381	0.0138832	
366.676	-0.0047857	-0.00429548	0.00457459	0.00643071	0.372297	221.91	40.7582	0.0138832	
366.682	-0.0030734	-0.0052222	0.00457459	0.00605947	0.415915	239.522	43.2554	0.0138832	
366.688	-0.0014581	-0.00548441	0.00457459	0.00567492	0.463263	255.112	46.1864	0.0138832	
366.694	-0.000151128	-0.00531176	0.00457459	0.00531391	0.509322	268.37	49.3242	0.0138832	
366.7	0.000785956	-0.00498324	0.00457459	0.00504484	0.544394	278.963	51.9549	0.0138832	
366.706	0.0014656	-0.00472697	0.00457459	0.00494896	0.557002	287.226	52.9615	0.0138832	
366.712	0.00210962	-0.00462837	0.00457459	0.00508648	0.538935	294.504	51.5297	0.0138832	
366.718	0.00292091	-0.00460836	0.00457459	0.00545607	0.491027	302.368	48.0391	0.0138832	
366.724	0.00401155	-0.00445352	0.00457459	0.00599386	0.423848	312.011	43.7288	0.0138832	
366.73	0.00531005	-0.00390783	0.00457459	0.00659301	0.353963	323.65	39.7549	0.0138832	
366.736	0.00656961	-0.00279598	0.00457459	0.00713984	0.295825	336.946	36.7101	0.0138832	
366.742	0.00745976	-0.00109638	0.00457459	0.0075399	0.257096	351.639	34.7623	0.0138832	
366.748	0.00764523	0.000970336	0.00457459	0.00770656	0.241952	7.23333	34.0106	0.0138832	
366.754	0.006942	0.00303651	0.00457459	0.00757706	0.253669	23.6251	34.5919	0.0138832	
366.76	0.00539823	0.00462074	0.00457459	0.00710578	0.299274	40.5626	36.8861	0.0138832	
366.766	0.00333798	0.00531415	0.00457459	0.00627553	0.390257	57.8658	41.7661	0.0138832	
366.772	0.00125146	0.00492261	0.00457459	0.0050792	0.539889	75.736	51.6035	0.0138832	
366.778	-0.000273543	0.00353373	0.00457459	0.0035443	0.740713	94.4264	73.951	0.0138832	
366.784	-0.000762912	0.00155465	0.00457459	0.00173175	0.930854	116.139	151.352	0.0138832	
366.79	-3.4802e-06	-0.000427823	0.00457459	0.000427837	0.995636	269.534	612.627	0.0138832	
366.796	0.00187658	-0.00173705	0.00457459	0.00255713	0.85536	317.211	102.5	0.0138832	
366.802	0.00444619	-0.00185631	0.00457459	0.00481814	0.574268	337.339	54.3995	0.0138832	
366.808	0.0070234	-0.000532234	0.00457459	0.00704354	0.305638	355.666	37.212	0.0138832	
366.814	0.00888018	0.00209709	0.00457459	0.00912444	0.136805	13.2872	28.7256	0.0138832	
366.82	0.00946165	0.00559704	0.00457459	0.0109932	0.0557191	30.6064	23.8425	0.0138832	
366.826	0.00848498	0.00925555	0.00457459	0.0125563	0.0231229	47.4871	20.8744	0.0138832	
366.832	0.00602261	0.0123884	0.00457459	0.0137748	0.0107429	64.0733	19.0279	0.0138832	
366.838	0.00248246	0.014397	0.00457459	0.0146095	0.0060993	80.2168	17.9407	0.0138832	
366.844	-0.00150887	0.014981	0.00457459	0.0150567	0.00444213	95.7514	17.4078	0.0138832	
366.85	-0.00536266	0.0141691	0.00457459	0.01515	0.00415304	110.73	17.3006	0.0138832	
366.856	-0.00854951	0.0122599	0.00457459	0.0149465	0.00480741	124.89	17.5362	0.0138832	
366.862	-0.0108453	0.0096693	0.00457459	0.0145298	0.00644705	138.281	18.0391	0.0138832	
366.868	-0.0122254	0.00683204	0.00457459	0.0140049	0.0092214	150.802	18.7153	0.0138832	
366.874	-0.0128575	0.00405418	0.00457459	0.0134815	0.0130038	162.499	19.4418	0.0138832	
366.88	-0.012967	0.0014096	0.00457459	0.0130434	0.0171655	173.796	20.0949	0.0138832	
366.886	-0.0126923	-0.0011273	0.00457459	0.0127423	0.0206642	185.076	20.5697	0.0138832	
366.892	-0.0120146	-0.00368643	0.00457459	0.0125674	0.0229683	197.058	20.8558	0.0138832	
366.898	-0.0107676	-0.00627901	0.00457459	0.0124646	0.0244248	210.248	21.0278	0.0138832	
366.904	-0.0087379	-0.00873466	0.00457459	0.012355	0.0260663	224.989	21.2145	0.0138832	
366.91	-0.00576359	-0.0107118	0.00457459	0.0121639	0.0291527	241.717	21.5477	0.0138832	
366.916	-0.00196099	-0.0116897	0.00457459	0.0118531	0.034846	260.477	22.1128	0.0138832	
366.922	0.00231306	-0.0111928	0.00457459	0.0114293	0.0441089	281.676	22.9326	0.0138832	
366.928	0.00635513	-0.00893357	0.00457459	0.0109634	0.0565956	305.427	23.9072	0.0138832	
366.934	0.00931409	-0.00502813	0.00457459	0.0105846	0.0687823	331.638	24.7628	0.0138832	
366.94	0.0104472	3.2882e-05	0.00457459	0.0104472	0.0737001	0.180336	25.0885	0.0138832	
366.946	0.00926305	0.00532176	0.00457459	0.0106829	0.0654304	29.878	24.5349	0.0138832	
366.952	0.00579856	0.00971767	0.00457459	0.0113162	0.0469055	59.1753	23.1619	0.0138832	
366.958	0.000579191	0.0122485	0.00457459	0.0122621	0.0275289	87.2927	21.3751	0.0138832	
366.964	-0.00533142	0.012234	0.00457459	0.0133452	0.0141909	113.547	19.6404	0.0138832	
366.97	-0.0107465	0.00957315	0.00457459	0.0143921	0.00709074	138.305	18.2117	0.0138832	
366.976	-0.014464	0.00477757	0.00457459	0.0152326	0.00391125	161.721	17.2068	0.0138832	
366.982	-0.015696	-0.00109335	0.00457459	0.0157341	0.00269892	183.985	16.6584	0.0138832	
366.988	-0.0142611	-0.00682128	0.00457459	0.0158085	0.0025517	205.562	16.58	0.0138832	
366.994	-0.0106201	-0.0111534	0.00457459	0.0154008	0.0034582	226.403	17.0189	0.0138832	
