364	0.00330403	0.00327062	0.00646353	0.00464904	0.772073	44.7088	79.6579	0.0196159	
364.006	0.0020496	0.00482137	0.00646359	0.00523894	0.720017	66.9694	70.6892	0.0196161	
364.012	-9.58066e-05	0.00558102	0.00646357	0.00558184	0.688741	90.9835	66.3464	0.019616	
364.018	-0.00248235	0.00551089	0.00646368	0.00604417	0.64584	114.249	61.2725	0.0196163	
364.024	-0.00489984	0.00418121	0.00646367	0.00644134	0.608626	139.525	57.4944	0.0196163	
364.03	-0.00640807	0.0017649	0.00646357	0.00664667	0.589353	164.601	55.7174	0.019616	
364.036	-0.0067482	-0.00118667	0.00646349	0.00685175	0.57014	189.973	54.0491	0.0196158	
364.042	-0.00571152	-0.00408736	0.00646348	0.00702338	0.554118	215.589	52.7282	0.0196157	
364.048	-0.00333984	-0.00616642	0.00646356	0.00701279	0.555113	241.559	52.8085	0.019616	
364.054	-0.000351138	-0.00693699	0.0064636	0.00694587	0.561358	267.102	53.3176	0.0196161	
364.06	0.00262261	-0.00617363	0.00646361	0.00670759	0.583646	293.016	55.2117	0.0196161	
364.066	0.00491202	-0.00426193	0.00646349	0.00650324	0.602801	319.053	56.9456	0.0196157	
364.072	0.00586224	-0.00160184	0.00646349	0.00607715	0.642741	344.717	60.9382	0.0196158	
364.078	0.00554798	0.00101699	0.00646371	0.00564042	0.683355	10.3875	65.6588	0.0196164	
364.084	0.004051	0.00298177	0.00646365	0.00503007	0.738744	36.3553	73.6253	0.0196162	
364.09	0.00214865	0.00376536	0.00646362	0.00433528	0.79857	60.2894	85.4243	0.0196161	
364.096	0.000349856	0.00363532	0.00646356	0.00365212	0.852459	84.5029	101.403	0.019616	
364.102	-0.000848482	0.002747	0.00646372	0.00287505	0.905813	107.165	128.813	0.0196165	
364.108	-0.00115503	0.00164676	0.00646361	0.00201145	0.952732	125.046	184.115	0.0196161	
364.114	-0.000821033	0.00100785	0.00646373	0.00129994	0.97998	129.168	284.893	0.0196165	
364.12	-0.000249969	0.00103754	0.00646356	0.00106723	0.986461	103.546	347.005	0.019616	
364.126	-5.26244e-05	0.00172607	0.00646371	0.00172687	0.964941	91.7463	214.459	0.0196164	
364.132	-0.000708379	0.00262276	0.00646368	0.00271673	0.915459	105.114	136.319	0.0196163	
364.138	-0.00221196	0.00311455	0.00646361	0.00382011	0.83975	125.382	96.9444	0.0196161	
364.144	-0.00422311	0.00262682	0.00646378	0.00497341	0.74378	148.118	74.4655	0.0196166	
364.15	-0.00605836	0.000805436	0.00646362	0.00611166	0.639525	172.427	60.5953	0.0196162	
364.156	-0.00687837	-0.00228013	0.00646377	0.00724644	0.533435	198.34	51.1074	0.0196166	
364.162	-0.00599606	-0.00589906	0.00646373	0.0084114	0.428819	224.533	44.0289	0.0196165	
364.168	-0.0031853	-0.0089357	0.00646358	0.00948646	0.340602	250.38	39.0384	0.019616	
364.174	0.00124485	-0.0104772	0.00646363	0.0105509	0.263875	276.776	35.1002	0.0196162	
364.18	0.00634464	-0.00965834	0.00646368	0.0115559	0.202272	303.301	32.0479	0.0196163	
364.186	0.0107901	-0.0062449	0.00646359	0.0124669	0.155654	329.939	29.7055	0.019616	
364.192	0.0133065	-0.000801198	0.00646343	0.0133306	0.119208	356.554	27.7802	0.0196156	
364.198	0.0129592	0.00559238	0.00646353	0.0141144	0.0921567	23.342	26.238	0.0196159	
364.204	0.00945475	0.0113112	0.00646356	0.0147423	0.074191	50.1087	25.1205	0.019616	
364.21	0.0035008	0.0148828	0.00646347	0.015289	0.0609516	76.7633	24.2219	0.0196157	
364.216	-0.00369395	0.0152723	0.00646349	0.0157126	0.0520867	103.597	23.569	0.0196157	
364.222	-0.0103841	0.0122062	0.00646354	0.0160256	0.0462516	130.389	23.1089	0.0196159	
364.228	-0.0148958	0.00625399	0.00646344	0.0161554	0.0439906	157.225	22.9228	0.0196156	
364.234	-0.0161505	-0.00108744	0.0064635	0.0161871	0.0434577	183.852	22.8782	0.0196158	
364.24	-0.0138216	-0.00810917	0.00646339	0.0160248	0.0462587	210.4	23.1095	0.0196155	
364.246	-0.00856876	-0.0132387	0.00646344	0.0157698	0.050974	237.087	23.4833	0.0196156	
364.252	-0.00172029	-0.0152745	0.00646336	0.0153711	0.0591378	263.574	24.0922	0.0196153	
364.258	0.00496898	-0.0139106	0.00646338	0.0147714	0.073422	289.657	25.0703	0.0196154	
364.264	0.010087	-0.00983384	0.00646327	0.0140873	0.0929848	315.728	26.2873	0.0196151	
364.27	0.0125749	-0.00427946	0.00646329	0.0132832	0.121013	341.206	27.8789	0.0196151	
364.276	0.0122459	0.00144775	0.00646345	0.0123312	0.16204	6.74242	30.0319	0.0196156	
364.282	0.00963583	0.00588248	0.00646352	0.0112895	0.217536	31.4032	32.8033	0.0196159	
364.288	0.00580553	0.00832923	0.00646334	0.0101528	0.291196	55.1233	36.4747	0.0196153	
364.294	0.00192554	0.00878216	0.00646338	0.00899078	0.380037	77.6332	41.1894	0.0196154	
364.3	-0.00114097	0.00776015	0.00646334	0.00784358	0.478859	98.3643	47.2135	0.0196153	
364.306	-0.00300526	0.0060107	0.00646325	0.00672012	0.582438	116.564	55.1057	0.019615	
364.312	-0.00378631	0.0043983	0.0064635	0.00580355	0.66824	130.724	63.8112	0.0196158	
364.318	-0.00409895	0.00334718	0.00646349	0.00529198	0.715213	140.765	69.9796	0.0196157	
364.324	-0.00456503	0.00277051	0.0064635	0.00533997	0.71086	148.747	69.3509	0.0196158	
364.33	-0.00556282	0.00215494	0.00646349	0.00596562	0.653156	158.825	62.0775	0.0196158	
364.336	-0.00698227	0.000846464	0.00646364	0.00703339	0.553202	173.088	52.6544	0.0196162	
364.342	-0.00820487	-0.00159813	0.00646361	0.00835906	0.433334	191.022	44.3038	0.0196161	
364.348	-0.00838331	-0.0051737	0.00646345	0.00985125	0.313012	211.681	37.592	0.0196156	
364.354	-0.00666343	-0.00927486	0.00646361	0.0114204	0.209944	234.305	32.4278	0.0196161	
364.36	-0.00267974	-0.0127177	0.00646364	0.0129969	0.132442	258.101	28.4944	0.0196162	
364.366	0.00322498	-0.0141795	0.00646356	0.0145416	0.0795977	282.813	25.4672	0.019616	
364.372	0.00992637	-0.0125949	0.00646365	0.0160363	0.0460657	308.243	23.0938	0.0196162	
364.378	0.0157113	-0.00767309	0.00646362	0.0174849	0.0257617	333.97	21.1804	0.0196161	
364.384	0.0188092	2.31885e-05	0.00646372	0.0188093	0.0144947	0.0706357	19.6895	0.0196165	
364.39	0.017941	0.00896266	0.00646377	0.0200551	0.00812052	26.5451	18.4665	0.0196166	
364.396	0.0127309	0.0168732	0.00646354	0.0211372	0.00476167	52.9652	17.5205	0.0196159	
364.402	0.00394069	0.0217238	0.00646377	0.0220783	0.00292781	79.7183	16.7742	0.0196166	
364.408	-0.00651664	0.0219524	0.00646373	0.0228992	0.00188197	106.534	16.1728	0.0196165	
364.414	-0.0162335	0.0170742	0.0064637	0.0235597	0.00130349	133.554	15.7194	0.0196164	
364.42	-0.022717	0.00798291	0.00646359	0.0240788	0.000969299	160.638	15.3802	0.019616	
364.426	-0.0241615	-0.00326843	0.00646354	0.0243816	0.00081311	187.704	15.1891	0.0196159	
364.432	-0.0200967	-0.0140522	0.00646362	0.0245223	0.000748964	214.962	15.1021	0.0196161	
364.438	-0.0114848	-0.0216085	0.00646366	0.024471	0.00077191	242.01	15.1339	0.0196163	
364.444	-0.000295617	-0.0242561	0.0064636	0.0242579	0.000873958	269.302	15.2667	0.0196161	
364.45	0.0107211	-0.0213249	0.00646356	0.0238683	0.00109369	296.691	15.5157	0.0196159	
364.456	0.0188389	-0.013711	0.00646363	0.0233001	0.00150752	323.953	15.8943	0.0196162	
364.462	0.0222994	-0.00339739	0.00646362	0.0225567	0.00226696	351.337	16.4181	0.0196162	
364.468	0.0205439	0.00690801	0.00646353	0.0216743	0.0036161	18.5855	17.0863	0.0196159	
364.474	0.0143232	0.0148265	0.00646351	0.020615	0.0061809	45.9891	17.9642	0.0196158	
364.48	0.00554819	0.0186183	0.00646346	0.0194274	0.0109196	73.4061	19.0622	0.0196156	
364.486	-0.00335203	0.0177452	0.00646358	0.0180591	0.0201785	100.697	20.5069	0.019616	
364.492	-0.010224	0.0131171	0.00646355	0.016631	0.0365067	127.934	22.2678	0.0196159	
364.498	-0.0136627	0.00635915	0.00646357	0.0150701	0.0660036	155.041	24.5742	0.019616	
364.504	-0.0133982	-0.000522419	0.00646359	0.0134084	0.116291	182.233	27.6198	0.0196161	
364.51	-0.0102101	-0.0056803	0.0064635	0.0116839	0.19518	209.089	31.696	0.0196158	
364.516	-0.00558403	-0.00817847	0.00646359	0.00990297	0.309224	235.676	37.3965	0.0196161	
364.522	-0.00112513	-0.0079823	0.0064635	0.00806121	0.459443	261.977	45.9399	0.0196158	
364.528	0.00183356	-0.00589907	0.00646354	0.00617745	0.633359	287.266	59.9493	0.0196159	
364.534	0.00277579	-0.00329781	0.00646352	0.00431052	0.800613	310.087	85.9136	0.0196158	
364.54	0.00205154	-0.00141812	0.00646362	0.00249396	0.928264	325.346	148.494	0.0196161	
364.546	0.000705933	-0.000972309	0.00646358	0.00120155	0.98287	305.981	308.215	0.019616	
364.552	-0.000138978	-0.00197317	0.00646357	0.00197806	0.954252	265.971	187.222	0.019616	
364.558	0.000378074	-0.0036437	0.00646363	0.00366326	0.851631	275.924	101.095	0.0196162	
364.564	0.00250529	-0.00477403	0.00646368	0.00539146	0.706187	297.689	68.6904	0.0196163	
364.57	0.00562093	-0.0043039	0.00646372	0.00707943	0.548925	322.559	52.3126	0.0196164	
364.576	0.00852966	-0.00166799	0.00646349	0.00869122	0.404922	348.935	42.6097	0.0196158	
364.582	0.00982389	0.00277305	0.00646368	0.0102078	0.287361	15.7631	36.2804	0.0196163	
364.588	0.00848569	0.00797036	0.00646377	0.0116419	0.197508	43.2063	31.8116	0.0196166	
364.594	0.00434105	0.0121744	0.00646363	0.0129252	0.13542	70.3752	28.6524	0.0196162	
364.6	-0.00201945	0.0139609	0.00646356	0.0141062	0.0924141	98.2308	26.2533	0.019616	
364.606	-0.0089052	0.0122471	0.0064636	0.0151424	0.0643006	126.022	24.4569	0.0196161	
364.612	-0.0143806	0.00706374	0.00646373	0.0160218	0.0463275	153.84	23.1151	0.0196165	
364.618	-0.0169178	-0.000496166	0.00646361	0.0169251	0.0324415	181.68	21.881	0.0196161	
364.624	-0.0150552	-0.0087202	0.00646369	0.0173983	0.0267129	210.08	21.2861	0.0196164	
364.63	-0.0093596	-0.0152206	0.00646342	0.0178681	0.021901	238.411	20.7256	0.0196156	
364.636	-0.00109129	-0.0182123	0.0064635	0.018245	0.0186105	266.571	20.2977	0.0196158	
364.642	0.00779358	-0.016675	0.00646359	0.0184064	0.0173406	295.051	20.12	0.019616	
364.648	0.0148747	-0.010921	0.0064635	0.0184533	0.0169833	323.714	20.0685	0.0196158	
364.654	0.0182113	-0.00243312	0.00646368	0.0183732	0.0175981	352.39	20.1567	0.0196163	
364.66	0.0169239	0.00658956	0.00646356	0.0181615	0.0193015	21.2742	20.3912	0.019616	
364.666	0.0114412	0.0136914	0.00646354	0.0178425	0.0221451	50.1161	20.7557	0.0196159	
364.672	0.0032384	0.0170868	0.0064637	0.0173909	0.0267951	79.2682	21.2952	0.0196164	
364.678	-0.00543838	0.0159852	0.00646358	0.016885	0.0329713	108.789	21.9329	0.019616	
364.684	-0.0121049	0.0108849	0.00646367	0.0162791	0.041938	138.038	22.7495	0.0196163	
364.69	-0.0152717	0.00330634	0.00646367	0.0156255	0.0538253	167.784	23.701	0.0196163	
364.696	-0.014139	-0.00456807	0.00646352	0.0148586	0.0711941	197.905	24.9237	0.0196158	
364.702	-0.00940023	-0.0105262	0.00646358	0.0141126	0.0922155	228.234	26.2415	0.019616	
364.708	-0.00250278	-0.0130575	0.00646366	0.0132952	0.12058	259.149	27.8553	0.0196163	
364.714	0.00429941	-0.0117057	0.00646365	0.0124703	0.155502	290.168	29.6977	0.0196162	
364.72	0.00920337	-0.00717805	0.00646362	0.0116716	0.195862	322.048	31.7298	0.0196162	
364.726	0.0108622	-0.00106336	0.00646371	0.0109141	0.240375	354.409	33.9325	0.0196164	
364.732	0.00910486	0.00465836	0.00646368	0.0102274	0.285988	27.0959	36.2109	0.0196163	
364.738	0.00477276	0.00834053	0.00646357	0.00960956	0.331152	60.2202	38.5382	0.019616	
364.744	-0.000629695	0.00907116	0.00646353	0.00909299	0.371739	93.971	40.7273	0.0196159	
364.75	-0.00532281	0.00676925	0.00646364	0.00861133	0.411694	128.179	43.0061	0.0196162	
364.756	-0.00791559	0.00245564	0.0064635	0.00828775	0.439523	162.765	44.6842	0.0196158	
364.762	-0.00768772	-0.00235445	0.00646366	0.00804018	0.461326	197.028	46.0612	0.0196163	
364.768	-0.00491626	-0.0061627	0.00646361	0.00788343	0.47531	231.419	46.9767	0.0196161	
364.774	-0.00067213	-0.00774342	0.00646365	0.00777254	0.485293	265.039	47.6472	0.0196162	
364.78	0.00368453	-0.00678039	0.00646372	0.00771683	0.490337	298.52	47.9917	0.0196164	
364.786	0.00678373	-0.0036624	0.00646361	0.00770923	0.491015	331.636	48.0382	0.0196161	
364.792	0.0076696	0.000532133	0.00646348	0.00768804	0.492921	3.96894	48.1696	0.0196157	
364.798	0.00618115	0.00447843	0.00646361	0.00763302	0.497934	35.9245	48.5179	0.0196161	
364.804	0.00293816	0.00689664	0.00646365	0.00749643	0.510407	66.9247	49.4022	0.0196162	
364.81	-0.00101918	0.00736625	0.00646355	0.00743642	0.515899	97.8774	49.8	0.0196159	
364.816	-0.00451231	0.00570171	0.00646362	0.0072712	0.53113	128.358	50.9321	0.0196161	
364.822	-0.00654313	0.00261941	0.00646369	0.00704796	0.55185	158.182	52.546	0.0196164	
364.828	-0.0067869	-0.0011947	0.00646355	0.00689125	0.566454	189.984	53.7398	0.0196159	
364.834	-0.0050473	-0.00383263	0.00646348	0.00633753	0.618348	217.211	58.4344	0.0196157	
364.84	-0.00243406	-0.00542407	0.00646344	0.00594519	0.655058	245.832	62.2904	0.0196156	
364.846	0.000380164	-0.00546095	0.00646363	0.00547417	0.698629	273.982	67.6521	0.0196162	
364.852	0.00258874	-0.00414333	0.00646375	0.00488556	0.751528	301.997	75.8041	0.0196165	
364.858	0.00370013	-0.00217671	0.00646372	0.0042929	0.802078	329.533	86.2689	0.0196165	
364.864	0.00364075	-0.000271587	0.00646358	0.00365086	0.852553	355.734	101.438	0.019616	
364.87	0.00278422	0.00103962	0.00646377	0.00297199	0.899691	20.4755	124.612	0.0196166	
364.876	0.00168272	0.00155789	0.00646376	0.00229316	0.939008	42.7941	161.501	0.0196166	
364.882	0.000814844	0.00141178	0.00646369	0.00163006	0.968701	60.0076	227.195	0.0196164	
364.888	0.000542617	0.0009901	0.00646363	0.00112904	0.98486	61.2754	328.012	0.0196162	
364.894	0.000670929	0.000763093	0.00646362	0.0010161	0.98772	48.6773	364.471	0.0196161	
364.9	0.00100878	0.00102274	0.00646357	0.00143654	0.975605	45.3938	257.797	0.019616	
364.906	0.00109706	0.00177467	0.00646359	0.00208638	0.949237	58.2767	177.502	0.0196161	
364.912	0.000520406	0.00271992	0.00646374	0.00276926	0.912309	79.1684	133.734	0.0196165	
364.918	-0.000764125	0.00333806	0.00646359	0.0034244	0.86906	102.894	108.146	0.019616	
364.924	-0.00254074	0.00319536	0.00646367	0.00408237	0.81918	128.489	90.7172	0.0196163	
364.93	-0.00418769	0.00198472	0.00646378	0.0046342	0.773362	154.642	79.9161	0.0196166	
364.936	-0.00523712	-0.000109041	0.00646362	0.00523826	0.720081	181.193	70.6987	0.0196161	
364.942	-0.00505137	-0.00264644	0.0064636	0.00570263	0.6776	207.65	64.9415	0.0196161	
364.948	-0.00351421	-0.00506998	0.00646359	0.00616883	0.634171	235.273	60.0335	0.019616	
364.954	-0.000903303	-0.00642701	0.0064635	0.00649018	0.604027	262	57.0603	0.0196158	
364.96	0.002237	-0.00639144	0.00646363	0.00677161	0.577652	289.29	54.6899	0.0196162	
364.966	0.0050608	-0.00478829	0.00646348	0.00696702	0.559371	316.585	53.1547	0.0196157	
364.972	0.00677992	-0.00196787	0.00646341	0.00705973	0.550727	343.815	52.4562	0.0196155	
364.978	0.00693275	0.00139391	0.00646356	0.00707149	0.549648	11.3684	52.3701	0.019616	
364.984	0.00544921	0.00442382	0.00646353	0.00701884	0.554547	39.0706	52.7627	0.0196159	
364.99	0.00274775	0.00623395	0.00646354	0.00681266	0.573802	66.2135	54.3597	0.0196159	
364.996	-0.000417151	0.00659285	0.00646357	0.00660603	0.593164	93.6205	56.0602	0.019616	
365.002	-0.0032367	0.00534587	0.00646369	0.00624936	0.626635	121.193	59.2608	0.0196164	
365.008	-0.00498964	0.00307949	0.00646359	0.00586342	0.662684	148.318	63.1605	0.0196161	
365.014	-0.00528386	0.000429093	0.00646356	0.00530126	0.714377	175.357	69.858	0.019616	
365.02	-0.00437451	-0.00178792	0.00646357	0.00472578	0.765456	202.23	78.3649	0.019616	
365.026	-0.00269882	-0.00312579	0.00646367	0.00412967	0.815381	229.193	89.6781	0.0196163	
365.032	-0.000882565	-0.00334367	0.00646354	0.00345819	0.866643	255.214	107.089	0.0196159	
365.038	0.000529227	-0.00269368	0.00646353	0.00274518	0.913755	281.115	134.903	0.0196159	
365.044	0.00108656	-0.00160951	0.00646367	0.00194194	0.955871	304.023	190.706	0.0196163	
365.05	0.000886723	-0.00076101	0.00646372	0.00116851	0.983792	319.363	316.937	0.0196164	
365.056	0.000291213	-0.000490503	0.0064636	0.000570437	0.996113	300.698	649.217	0.0196161	
365.062	-0.000206505	-0.00090941	0.00646361	0.000932561	0.989646	257.206	397.119	0.0196161	
365.068	-5.90838e-05	-0.00173374	0.00646366	0.00173475	0.964626	268.048	213.484	0.0196163	
365.074	0.000866419	-0.00242695	0.00646359	0.00257696	0.9236	289.647	143.71	0.0196161	
365.08	0.00242604	-0.00244462	0.00646371	0.0034441	0.867658	314.781	107.53	0.0196164	
365.086	0.00405385	-0.00141436	0.00646353	0.00429349	0.802019	340.767	86.2545	0.0196159	
365.092	0.00509775	0.000694888	0.00646353	0.00514489	0.728478	7.7623	71.9807	0.0196159	
365.098	0.00487134	0.00336251	0.00646361	0.00591916	0.657498	34.616	62.566	0.0196161	
365.104	0.00315776	0.00586118	0.00646377	0.00665769	0.588339	61.686	55.6269	0.0196166	
365.11	0.000120508	0.00735205	0.00646359	0.00735304	0.523574	89.0609	50.3651	0.0196161	
365.116	-0.00358904	0.00719718	0.00646362	0.00804242	0.461123	116.504	46.0481	0.0196162	
365.122	-0.00700271	0.00508769	0.00646369	0.00865578	0.407935	144	42.7855	0.0196163	
365.128	-0.00910637	0.0013758	0.00646362	0.00920971	0.362364	171.409	40.2117	0.0196161	
365.134	-0.00909309	-0.00312381	0.0064636	0.0096147	0.330764	198.959	38.5178	0.0196161	
365.14	-0.00688444	-0.00729479	0.0064637	0.0100304	0.299975	226.658	36.9219	0.0196164	
365.146	-0.00281746	-0.00992658	0.0064636	0.0103187	0.279629	254.154	35.89	0.0196161	
365.152	0.00222533	-0.0102946	0.00646356	0.0105323	0.265106	282.198	35.1617	0.019616	
365.158	0.00680766	-0.00823472	0.00646356	0.0106843	0.25507	309.581	34.6615	0.019616	
365.164	0.00991553	-0.0041297	0.00646336	0.0107411	0.251358	337.389	34.4771	0.0196154	
365.17	0.010684	0.000997404	0.00646358	0.0107305	0.252073	5.33338	34.5126	0.019616	
365.176	0.00890105	0.00582078	0.0064636	0.0106353	0.258282	33.1824	34.8214	0.0196161	
365.182	0.00504054	0.00915783	0.00646349	0.0104534	0.270409	61.1713	35.4269	0.0196158	
365.188	0.000193773	0.0102231	0.00646355	0.0102249	0.286144	88.9141	36.2188	0.0196159	
365.194	-0.00451552	0.00880942	0.00646358	0.00989929	0.309493	117.139	37.4103	0.019616	
365.2	-0.00785866	0.00547309	0.00646352	0.0095767	0.333654	145.145	38.6701	0.0196158	
365.206	-0.00911713	0.00106637	0.00646342	0.00917928	0.364777	173.329	40.3438	0.0196155	
365.212	-0.00807685	-0.00323834	0.00646349	0.00870185	0.404027	201.848	42.5577	0.0196158	
365.218	-0.00525785	-0.00629477	0.00646352	0.00820177	0.447045	230.129	45.1527	0.0196158	
365.224	-0.00150723	-0.00750217	0.00646357	0.00765208	0.496197	258.64	48.3967	0.019616	
365.23	0.00207157	-0.00676468	0.00646351	0.00707476	0.549338	287.026	52.3455	0.0196158	
365.236	0.00464506	-0.00452005	0.00646357	0.00648132	0.604865	315.781	57.1389	0.019616	
365.242	0.00569477	-0.00153241	0.00646338	0.00589735	0.659509	344.939	62.7951	0.0196154	
365.248	0.00508298	0.00130021	0.00646355	0.00524664	0.719319	14.3484	70.585	0.0196159	
365.254	0.00332029	0.00325069	0.00646345	0.00464664	0.772274	44.3932	79.698	0.0196156	
365.26	0.000964629	0.00387485	0.00646374	0.00399312	0.826281	76.0206	92.7459	0.0196165	
365.266	-0.00104172	0.00331275	0.00646353	0.00347267	0.865601	107.456	106.642	0.0196159	
365.272	-0.00220892	0.00184611	0.00646365	0.00287879	0.905577	140.113	128.644	0.0196162	
365.278	-0.00243452	0.0001791	0.00646364	0.0024411	0.931167	175.793	151.71	0.0196162	
365.284	-0.00171631	-0.00115545	0.0064635	0.002069	0.950057	213.949	178.99	0.0196158	
365.29	-0.000461072	-0.00172302	0.00646358	0.00178365	0.962641	255.019	207.628	0.019616	
365.296	0.000751957	-0.00143804	0.00646358	0.00162278	0.968975	297.605	228.211	0.019616	
365.302	0.00152746	-0.000504502	0.00646354	0.00160862	0.969505	341.722	230.218	0.0196159	
365.308	0.00156426	0.000605101	0.00646357	0.00167722	0.966893	21.1479	220.803	0.019616	
365.314	0.000927508	0.00156253	0.00646368	0.00181708	0.961256	59.3069	203.812	0.0196163	
365.32	-0.000139928	0.00192809	0.00646355	0.00193316	0.956259	94.1509	191.57	0.0196159	
365.326	-0.00126212	0.00164494	0.00646356	0.00207335	0.949853	127.498	178.617	0.019616	
365.332	-0.00203597	0.000793835	0.00646361	0.00218526	0.944451	158.699	169.471	0.0196161	
365.338	-0.00223964	-0.000366723	0.00646359	0.00226946	0.940221	189.299	163.183	0.0196161	
365.344	-0.00181763	-0.00140692	0.00646362	0.00229852	0.938729	217.741	161.12	0.0196162	
365.35	-0.000936363	-0.00214658	0.0064637	0.00234192	0.93647	246.433	158.136	0.0196164	
365.356	0.000173978	-0.00232743	0.00646364	0.00233393	0.936888	274.275	158.677	0.0196162	
365.362	0.00118809	-0.00191742	0.00646359	0.00225568	0.940923	301.784	164.18	0.0196161	
365.368	0.00187683	-0.00115549	0.00646375	0.00220401	0.943524	328.381	168.033	0.0196166	
365.374	0.00209542	-0.000224442	0.00646375	0.00210741	0.948238	353.886	175.735	0.0196165	
365.38	0.00184759	0.000636139	0.00646377	0.00195403	0.955334	18.999	189.529	0.0196166	
365.386	0.00132393	0.00121662	0.00646356	0.00179804	0.962047	42.5815	205.965	0.019616	
365.392	0.000693379	0.00150561	0.00646369	0.0016576	0.967652	65.2725	223.421	0.0196164	
365.398	4.69131e-05	0.00150845	0.00646364	0.00150918	0.97311	88.2187	245.391	0.0196162	
365.404	-0.000435994	0.00132042	0.00646358	0.00139054	0.977124	108.273	266.324	0.019616	
365.41	-0.000782535	0.00100007	0.00646361	0.00126985	0.980887	128.042	291.64	0.0196161	
365.416	-0.000979677	0.000659218	0.00646362	0.00118082	0.983451	146.064	313.628	0.0196162	
365.422	-0.00107962	0.000307119	0.00646358	0.00112245	0.985035	164.121	329.935	0.019616	
365.428	-0.00110219	-2.18614e-05	0.00646364	0.00110241	0.985561	181.136	335.936	0.0196162	
365.434	-0.00112021	-0.000389294	0.00646365	0.00118593	0.983309	199.163	312.278	0.0196162	
365.44	-0.000865641	-0.000775204	0.00646373	0.00116201	0.98397	221.845	318.709	0.0196165	
365.446	-0.000520686	-0.00106623	0.00646367	0.00118658	0.983291	243.972	312.108	0.0196163	
365.452	-1.65212e-05	-0.001194	0.0064637	0.00119412	0.98308	269.207	310.139	0.0196164	
365.458	0.00050057	-0.00113217	0.00646362	0.00123789	0.981828	293.852	299.169	0.0196161	
365.464	0.000929455	-0.000748295	0.00646353	0.00119324	0.983104	321.163	310.358	0.0196159	
365.47	0.00113026	-0.000199307	0.00646364	0.0011477	0.984359	349.999	322.68	0.0196162	
365.476	0.00101163	0.000436876	0.00646365	0.00110194	0.985573	23.3572	336.081	0.0196162	
365.482	0.000541073	0.000853747	0.00646372	0.00101076	0.987848	57.635	366.4	0.0196165	
365.488	-0.000107424	0.00095495	0.00646358	0.000960973	0.989009	96.4183	385.376	0.019616	
365.494	-0.000705283	0.000651767	0.00646372	0.000960325	0.989024	137.258	385.644	0.0196164	
365.5	-0.0010086	-3.05689e-05	0.0064637	0.00100906	0.987888	181.736	367.017	0.0196164	
365.506	-0.000837964	-0.000897957	0.00646352	0.00122821	0.982108	226.979	301.521	0.0196159	
365.512	-9.26055e-05	-0.00148856	0.0064636	0.00149144	0.97373	266.44	248.309	0.0196161	
365.518	0.00105027	-0.00163492	0.00646351	0.0019432	0.955813	302.717	190.579	0.0196158	
365.524	0.00216177	-0.00100456	0.00646363	0.00238378	0.934255	335.076	155.358	0.0196162	
365.53	0.00286304	0.000342586	0.00646338	0.00288346	0.905278	6.82346	128.43	0.0196154	
365.536	0.00275434	0.00203832	0.00646346	0.00342654	0.868903	36.5029	108.077	0.0196157	
365.542	0.00161618	0.00367284	0.00646356	0.00401271	0.824722	66.2488	92.2905	0.019616	
365.548	-0.000436997	0.00462287	0.00646352	0.00464348	0.77255	95.4001	79.7533	0.0196158	
365.554	-0.00290892	0.00440794	0.00646355	0.00528126	0.716187	123.422	70.1222	0.0196159	
365.56	-0.00524038	0.00279447	0.00646368	0.00593891	0.655662	151.931	62.3584	0.0196163	
365.566	-0.00664963	1.80985e-05	0.0064637	0.00664965	0.589086	179.844	55.6935	0.0196164	
365.572	-0.0064185	-0.00338317	0.00646362	0.00725554	0.532578	207.794	51.0421	0.0196161	
365.578	-0.00447302	-0.0065487	0.00646364	0.00793053	0.471094	235.665	46.6979	0.0196162	
365.584	-0.00105082	-0.00858292	0.0064637	0.00864701	0.408678	263.02	42.829	0.0196164	
365.59	0.00324232	-0.00872421	0.0064636	0.00930722	0.354616	290.387	39.7903	0.0196161	
365.596	0.00735193	-0.00667834	0.0064634	0.00993233	0.307055	317.749	37.2849	0.0196155	
365.602	0.0101859	-0.00273816	0.00646348	0.0105475	0.264085	344.954	35.1107	0.0196157	
365.608	0.010876	0.00229498	0.00646348	0.0111155	0.227924	11.9154	33.3167	0.0196157	
365.614	0.00902733	0.00732709	0.00646346	0.0116266	0.198317	39.0647	31.8518	0.0196157	
365.62	0.00495864	0.0110567	0.00646346	0.0121177	0.172486	65.845	30.561	0.0196156	
365.626	-0.000623502	0.0125692	0.00646349	0.0125847	0.150246	92.8399	29.4271	0.0196157	
365.632	-0.00637508	0.0112644	0.00646356	0.0129433	0.13466	119.508	28.6121	0.019616	
365.638	-0.0110969	0.00738262	0.00646363	0.0133283	0.119311	146.365	27.7858	0.0196162	
365.644	-0.0135236	0.00164726	0.00646351	0.0136236	0.108465	173.055	27.1832	0.0196158	
365.65	-0.0130141	-0.00463526	0.00646345	0.0138149	0.101853	199.605	26.8064	0.0196156	
365.656	-0.00973755	-0.0100835	0.00646351	0.0140177	0.0952031	226	26.4188	0.0196158	
365.662	-0.00427331	-0.0134469	0.00646357	0.0141096	0.0923078	252.37	26.247	0.019616	
365.668	0.00213825	-0.0139996	0.00646349	0.014162	0.0906809	278.684	26.1496	0.0196157	
365.674	0.00809637	-0.0114815	0.00646353	0.014049	0.0942097	305.19	26.3601	0.0196159	
365.68	0.0123364	-0.00683688	0.00646366	0.0141042	0.0924832	331.005	26.2575	0.0196163	
365.686	0.0139378	-0.000696318	0.0064636	0.0139552	0.0972235	357.14	26.5375	0.0196161	
365.692	0.0127163	0.00538144	0.00646362	0.0138081	0.102095	22.9377	26.8203	0.0196162	
365.698	0.00899631	0.0102204	0.00646354	0.0136158	0.108742	48.6447	27.1989	0.0196159	
365.704	0.00363502	0.0128529	0.00646369	0.013357	0.118226	74.2082	27.7264	0.0196164	
365.71	-0.00218513	0.0128591	0.00646342	0.0130435	0.130518	99.6441	28.3918	0.0196155	
365.716	-0.007259	0.0104892	0.0064636	0.012756	0.142648	124.685	29.0324	0.0196161	
365.722	-0.0107134	0.00628159	0.00646355	0.0124192	0.157879	149.616	29.8195	0.0196159	
365.728	-0.0119525	0.00121938	0.00646357	0.0120145	0.177716	174.175	30.824	0.019616	
365.734	-0.0110851	-0.00380784	0.0064636	0.0117209	0.193176	198.958	31.5963	0.0196161	
365.74	-0.00830195	-0.00774899	0.00646359	0.0113565	0.213631	223.027	32.6102	0.0196161	
365.746	-0.00424821	-0.0101041	0.0064635	0.0109608	0.237433	247.196	33.7869	0.0196158	
365.752	0.000177913	-0.0106545	0.00646354	0.010656	0.256922	270.957	34.7537	0.0196159	
365.758	0.0042947	-0.00941026	0.00646325	0.010344	0.277848	294.531	35.8003	0.019615	
365.764	0.00744892	-0.00676741	0.00646344	0.010064	0.297534	317.745	36.7973	0.0196156	
365.77	0.00926163	-0.00320017	0.00646362	0.00979892	0.316908	340.938	37.7938	0.0196162	
365.776	0.00957321	0.000662925	0.00646368	0.00959613	0.332188	3.96129	38.5928	0.0196163	
365.782	0.00839207	0.0042876	0.00646364	0.00942393	0.345464	27.063	39.2978	0.0196162	
365.788	0.005963	0.00711012	0.00646365	0.00927962	0.356806	50.0147	39.909	0.0196162	
365.794	0.00266267	0.00880251	0.00646375	0.00919642	0.363443	73.17	40.2707	0.0196166	
365.8	-0.0010407	0.00907556	0.00646375	0.00913504	0.36837	96.5415	40.5413	0.0196166	
365.806	-0.00453288	0.00785437	0.00646377	0.00906853	0.373748	119.99	40.8387	0.0196166	
365.812	-0.00730649	0.00536894	0.00646367	0.00906699	0.373861	143.691	40.845	0.0196163	
365.818	-0.00881875	0.00194541	0.00646363	0.00903078	0.3768	167.56	41.0085	0.0196162	
365.824	-0.00880588	-0.00184491	0.00646374	0.00899707	0.379563	191.833	41.1628	0.0196165	
365.83	-0.00724899	-0.00531746	0.00646369	0.00899018	0.380121	216.262	41.1941	0.0196163	
365.836	-0.00433077	-0.00784357	0.00646357	0.00895975	0.3826	241.095	41.3332	0.019616	
365.842	-0.000576824	-0.00886502	0.0064637	0.00888376	0.388874	266.277	41.6876	0.0196164	
365.848	0.00325022	-0.00819883	0.00646369	0.00881956	0.394198	291.625	41.991	0.0196163	
365.854	0.00639544	-0.00587158	0.0064636	0.008682	0.405711	317.445	42.6557	0.0196161	
365.86	0.00820764	-0.0024858	0.00646371	0.00857581	0.414721	343.15	43.1846	0.0196164	
365.866	0.00823358	0.00138881	0.00646375	0.00834989	0.434145	9.57434	44.3534	0.0196165	
365.872	0.00652681	0.00478206	0.00646359	0.00809119	0.456798	36.2294	45.7704	0.0196161	
365.878	0.00359022	0.00693946	0.00646353	0.00781318	0.481615	62.6446	47.3985	0.0196159	
365.884	9.42288e-05	0.00760753	0.00646358	0.00760811	0.500198	89.2904	48.6764	0.019616	
365.89	-0.00324311	0.0063772	0.00646357	0.00715447	0.541937	116.956	51.7627	0.019616	
365.896	-0.00544241	0.0039393	0.00646363	0.00671848	0.582629	144.102	55.1225	0.0196162	
365.902	-0.00628892	0.000882271	0.00646379	0.0063505	0.617159	172.014	58.3178	0.0196166	
365.908	-0.00557363	-0.00201876	0.00646371	0.00592796	0.656686	199.91	62.4739	0.0196164	
365.914	-0.00359933	-0.0041121	0.00646369	0.00546484	0.699487	228.804	67.7681	0.0196164	
365.92	-0.00103466	-0.00486606	0.0064638	0.00497484	0.743655	257.996	74.4442	0.0196167	
365.926	0.00137248	-0.004256	0.00646377	0.00447183	0.787167	287.874	82.8177	0.0196166	
365.932	0.00302108	-0.00264651	0.00646372	0.00401633	0.824443	318.781	92.2096	0.0196165	
365.938	0.00352414	-0.000591523	0.00646356	0.00357344	0.858278	350.472	103.635	0.019616	
365.944	0.00287502	0.0012324	0.00646372	0.00312803	0.889499	23.2028	118.395	0.0196164	
365.95	0.00141775	0.00231545	0.00646372	0.00271502	0.915562	58.5209	136.405	0.0196164	
365.956	-0.000287601	0.00236174	0.00646367	0.00237919	0.9345	96.943	155.659	0.0196163	
365.962	-0.00160147	0.00150563	0.00646368	0.0021981	0.943816	136.767	168.483	0.0196163	
365.968	-0.00210793	9.63964e-05	0.00646371	0.00211013	0.948107	177.382	175.507	0.0196164	
365.974	-0.00167887	-0.00133514	0.00646379	0.00214504	0.946425	218.494	172.653	0.0196167	
365.98	-0.000445123	-0.00220309	0.00646342	0.00224761	0.941329	258.577	164.765	0.0196155	
365.986	0.00104362	-0.00227369	0.00646356	0.00250177	0.92783	294.655	148.029	0.0196159	
365.992	0.00237271	-0.00140373	0.00646369	0.00275685	0.913057	329.391	134.335	0.0196164	
365.998	0.00297627	0.000102081	0.0064636	0.00297802	0.899299	1.96438	124.357	0.0196161	
366.004	0.00264985	0.00182967	0.00646355	0.00322016	0.883289	34.6242	115.005	0.0196159	
366.01	0.00143131	0.00311647	0.00646356	0.00342943	0.8687	65.332	107.987	0.019616	
366.016	-0.000356366	0.00359543	0.00646346	0.00361305	0.855355	95.6605	102.498	0.0196157	
366.022	-0.00220525	0.00305469	0.00646351	0.00376753	0.843765	125.826	98.2957	0.0196158	
366.028	-0.00346347	0.00164647	0.00646358	0.00383491	0.838611	154.574	96.5698	0.019616	
366.034	-0.00390197	-0.00023996	0.00646355	0.00390934	0.832844	183.519	94.7306	0.0196159	
366.04	-0.0032796	-0.00206588	0.00646368	0.00387603	0.835439	212.208	95.5466	0.0196163	
366.046	-0.00192398	-0.00335562	0.00646356	0.00386806	0.83605	240.172	95.7416	0.019616	
366.052	-0.000121669	-0.00375129	0.00646356	0.00375327	0.844851	268.142	98.67	0.019616	
366.058	0.00157441	-0.00322308	0.00646348	0.00358706	0.857274	296.034	103.241	0.0196157	
366.064	0.0027234	-0.00200322	0.00646346	0.0033808	0.872146	323.663	109.539	0.0196157	
366.07	0.00311563	-0.000510146	0.00646354	0.00315712	0.887548	350.701	117.301	0.0196159	
366.076	0.00273065	0.000846124	0.00646352	0.00285874	0.906822	17.2162	129.544	0.0196158	
366.082	0.00181818	0.00177526	0.0064635	0.00254113	0.925627	44.3157	145.735	0.0196158	
366.088	0.000757698	0.00200983	0.00646349	0.00214791	0.94628	69.3438	172.414	0.0196158	
366.094	-0.000100326	0.00178202	0.00646346	0.00178484	0.96259	93.2223	207.486	0.0196157	
366.1	-0.000556768	0.00125448	0.00646344	0.00137248	0.977707	113.933	269.823	0.0196156	
366.106	-0.000607199	0.000764458	0.00646364	0.000976262	0.988658	128.46	379.344	0.0196162	
366.112	-0.000434019	0.000562531	0.00646356	0.000710503	0.993977	127.652	521.229	0.019616	
366.118	-0.000297095	0.000658415	0.00646349	0.00072234	0.993775	114.286	512.682	0.0196158	
366.124	-0.000440247	0.000970149	0.0064635	0.00106537	0.986508	114.408	347.609	0.0196158	
366.13	-0.000992734	0.00116449	0.00646346	0.00153021	0.972364	130.448	242.011	0.0196157	
366.136	-0.0017818	0.000970787	0.00646354	0.0020291	0.951918	151.417	182.511	0.0196159	
366.142	-0.00254483	0.000217562	0.00646358	0.00255411	0.924896	175.114	144.996	0.019616	
366.148	-0.00292947	-0.00107256	0.00646357	0.00311964	0.890052	200.109	118.711	0.019616	
366.154	-0.00253818	-0.00262959	0.00646367	0.00365474	0.852268	226.013	101.332	0.0196163	
366.16	-0.00121021	-0.0039677	0.00646349	0.00414816	0.81388	253.037	89.2759	0.0196158	
366.166	0.000798533	-0.00460774	0.00646369	0.00467642	0.769727	279.832	79.1935	0.0196164	
366.172	0.00307176	-0.00411019	0.00646361	0.00513122	0.729709	306.773	72.1734	0.0196161	
366.178	0.00505493	-0.00241708	0.00646364	0.00560309	0.686791	334.445	66.0956	0.0196162	
366.184	0.00604581	0.000197417	0.00646363	0.00604903	0.645381	1.87024	61.2228	0.0196162	
366.19	0.00562803	0.00316624	0.00646363	0.00645754	0.607102	29.3614	57.3498	0.0196162	
366.196	0.00368015	0.00574386	0.00646351	0.00682169	0.572954	57.3519	54.2874	0.0196158	
366.202	0.000627903	0.00711716	0.00646357	0.0071448	0.542836	84.9582	51.8329	0.019616	
366.208	-0.00286709	0.00684296	0.00646357	0.00741932	0.517472	112.733	49.915	0.019616	
366.214	-0.00594264	0.00486036	0.00646348	0.00767712	0.493913	140.721	48.2382	0.0196157	
366.22	-0.00773873	0.00158935	0.00646343	0.00790025	0.473782	168.394	46.8754	0.0196156	
366.226	-0.00771045	-0.00226262	0.00646353	0.00803557	0.461721	196.354	46.0867	0.0196159	
366.232	-0.00585792	-0.00568292	0.00646344	0.00816154	0.450573	224.131	45.3748	0.0196156	
366.238	-0.0025084	-0.00781463	0.00646359	0.00820734	0.446564	252.204	45.1225	0.019616	
366.244	0.00141433	-0.0081138	0.00646346	0.00823615	0.444026	279.888	44.9639	0.0196157	
366.25	0.00507928	-0.00648388	0.00646356	0.00823649	0.444006	308.074	44.9626	0.019616	
366.256	0.00748636	-0.00331758	0.00646346	0.00818853	0.448202	336.099	45.2254	0.0196157	
366.262	0.00801124	0.000550281	0.00646344	0.00803012	0.462196	3.9294	46.1174	0.0196156	
366.268	0.00667616	0.00418265	0.00646359	0.00787818	0.475778	32.0674	47.0079	0.019616	
366.274	0.00385746	0.00668896	0.0064636	0.00772154	0.489898	60.0284	47.9615	0.0196161	
366.28	0.000255829	0.00745241	0.00646365	0.0074568	0.514039	88.0339	49.6647	0.0196162	
366.286	-0.00315573	0.0064495	0.00646363	0.00718016	0.539561	116.072	51.5781	0.0196162	
366.292	-0.0055589	0.00404184	0.00646365	0.00687298	0.56817	143.979	53.8834	0.0196162	
366.298	-0.00647618	0.000862692	0.00646368	0.00653339	0.59999	172.412	56.6845	0.0196163	
366.304	-0.00582502	-0.00209692	0.00646358	0.00619095	0.632098	199.798	59.8189	0.019616	
366.31	-0.00392175	-0.00431394	0.00646353	0.00583011	0.665775	227.726	63.5207	0.0196159	
366.316	-0.00131166	-0.00524541	0.00646358	0.00540692	0.70477	255.961	68.493	0.019616	
366.322	0.00113863	-0.00481492	0.00646363	0.00494772	0.746042	283.305	74.8504	0.0196162	
366.328	0.00295502	-0.00338608	0.00646357	0.00449418	0.78527	311.111	82.4032	0.019616	
366.334	0.0037583	-0.00146634	0.00646361	0.00403423	0.823017	338.686	91.7989	0.0196161	
366.34	0.0035201	0.000425077	0.00646365	0.00354568	0.860315	6.88552	104.448	0.0196162	
366.346	0.00254715	0.0017851	0.00646355	0.00311039	0.890665	35.0235	119.063	0.0196159	
366.352	0.00116639	0.00237744	0.00646373	0.00264815	0.919501	63.8671	139.85	0.0196165	
366.358	-7.87239e-05	0.00212828	0.00646353	0.00212973	0.947162	92.1184	173.887	0.0196159	
366.364	-0.000828386	0.00141218	0.00646362	0.00163722	0.968429	120.396	226.199	0.0196161	
366.37	-0.00102537	0.000670882	0.0064636	0.00122534	0.982191	146.804	302.232	0.0196161	
366.376	-0.000753237	3.59175e-05	0.00646359	0.000754092	0.993217	177.27	491.103	0.0196161	
366.382	-0.000259097	-0.000157805	0.00646349	0.000303371	0.998899	211.344	1220.72	0.0196157	
366.388	0.000141457	2.43368e-05	0.00646354	0.000143535	0.999753	9.76182	2580.09	0.0196159	
366.394	0.000238909	0.000457177	0.00646363	0.000515838	0.996821	62.4096	717.937	0.0196162	
366.4	-3.10175e-05	0.000966558	0.00646348	0.000967056	0.98887	91.838	382.946	0.0196157	
366.406	-0.000673794	0.00110422	0.00646354	0.00129356	0.980173	121.391	286.29	0.0196159	
366.412	-0.00145334	0.000849455	0.00646361	0.00168338	0.966654	149.694	219.996	0.0196161	
366.418	-0.00205662	0.000109997	0.00646369	0.00205956	0.950503	176.938	179.816	0.0196163	
366.424	-0.00214613	-0.000888833	0.00646367	0.00232291	0.937464	202.497	159.43	0.0196163	
366.43	-0.00165916	-0.00198694	0.0064636	0.00258858	0.922937	230.137	143.066	0.0196161	
366.436	-0.000703162	-0.00278773	0.00646356	0.00287504	0.905809	255.843	128.81	0.019616	
366.442	0.00062579	-0.00303668	0.0064637	0.00310049	0.891326	281.644	119.446	0.0196164	
366.448	0.00204223	-0.00266396	0.00646367	0.0033567	0.873851	307.474	110.329	0.0196163	
366.454	0.00319164	-0.00162347	0.00646335	0.00358081	0.857729	333.039	103.419	0.0196153	
366.46	0.00379296	-4.83366e-05	0.00646354	0.00379327	0.841803	359.27	97.6291	0.0196159	
366.466	0.00361978	0.00165231	0.00646356	0.00397906	0.827381	24.5352	93.071	0.019616	
366.472	0.00276483	0.00324449	0.00646356	0.00426275	0.804549	49.5637	86.877	0.019616	
366.478	0.00116203	0.00430086	0.00646359	0.00445508	0.788567	74.8805	83.1268	0.0196161	
366.484	-0.000816708	0.00447714	0.00646373	0.00455102	0.780463	100.338	81.3762	0.0196165	
366.49	-0.00272083	0.00394865	0.00646362	0.00479528	0.759421	124.569	77.2296	0.0196161	
366.496	-0.0041693	0.00253069	0.00646365	0.00487724	0.752252	148.743	75.9323	0.0196162	
366.502	-0.00504879	0.000459106	0.00646371	0.00506962	0.735224	174.804	73.0514	0.0196164	
366.508	-0.00495653	-0.00173774	0.0064636	0.00525233	0.718808	199.321	70.5091	0.0196161	
366.514	-0.00382786	-0.00377581	0.0064636	0.00537673	0.707523	224.608	68.8777	0.0196161	
366.52	-0.00185145	-0.00516252	0.00646358	0.00548448	0.697681	250.271	67.5244	0.019616	
366.526	0.000439827	-0.00608614	0.0064636	0.00610201	0.640425	274.133	60.6909	0.0196161	
366.532	0.00313375	-0.00508365	0.00646357	0.00597192	0.652575	301.651	62.0127	0.019616	
366.538	0.00520308	-0.00343174	0.00646349	0.00623289	0.628161	326.593	59.4156	0.0196157	
366.544	0.00620199	-0.000821799	0.00646366	0.0062562	0.625991	352.452	59.1957	0.0196163	
366.55	0.00607815	0.00211178	0.00646349	0.00643456	0.609246	19.1592	57.5534	0.0196158	
366.556	0.00465731	0.00463429	0.00646351	0.00657017	0.596522	44.8581	56.3656	0.0196158	
366.562	0.00214169	0.00634206	0.00646354	0.00669392	0.584921	71.3404	55.3239	0.0196159	
366.568	-0.000946791	0.00678957	0.0064638	0.00685527	0.569842	97.9386	54.0239	0.0196167	
366.574	-0.00387916	0.0056123	0.00646355	0.00682244	0.572886	124.652	54.2817	0.0196159	
366.58	-0.00599406	0.00326328	0.00646368	0.00682479	0.572681	151.435	54.2642	0.0196163	
366.586	-0.00681644	0.000225741	0.00646367	0.00682018	0.57311	178.103	54.3007	0.0196163	
366.592	-0.00606193	-0.00295571	0.00646337	0.00674412	0.5802	205.993	54.9106	0.0196154	
366.598	-0.00395078	-0.00534466	0.00646355	0.00664635	0.589382	233.528	55.72	0.0196159	
366.604	-0.000995089	-0.00640538	0.00646338	0.00648222	0.604763	261.17	57.1293	0.0196154	
366.61	0.00199831	-0.00593957	0.00646345	0.00626672	0.624986	288.595	59.0945	0.0196156	
366.616	0.0044612	-0.00411249	0.00646354	0.00606753	0.643644	317.329	61.0353	0.0196159	
366.622	0.00558191	-0.00140453	0.00646357	0.0057559	0.672665	345.876	64.3401	0.019616	
366.628	0.00518893	0.00136471	0.00646355	0.00536539	0.708552	14.7353	69.0228	0.0196159	
366.634	0.00362766	0.00347699	0.00646354	0.00502488	0.739197	43.785	73.7	0.0196159	
366.64	0.00126782	0.00443915	0.00646348	0.00461665	0.774848	74.0607	80.2163	0.0196157	
366.646	-0.00106826	0.00402714	0.00646357	0.00416642	0.812406	104.856	88.8858	0.019616	
366.652	-0.0027136	0.00250858	0.00646358	0.00369548	0.849215	137.248	100.213	0.019616	
366.658	-0.00324152	0.000470828	0.00646342	0.00327554	0.87949	171.736	113.058	0.0196155	
366.664	-0.0024731	-0.00135197	0.00646349	0.00281851	0.909303	208.664	131.392	0.0196158	
366.67	-0.000874501	-0.00225511	0.00646345	0.00241873	0.932376	248.804	153.108	0.0196156	
366.676	0.000859144	-0.00204685	0.00646353	0.00221985	0.942729	292.77	166.828	0.0196159	
366.682	0.00213563	-0.000768771	0.00646359	0.00226979	0.940204	340.202	163.159	0.019616	
366.688	0.00225461	0.00106974	0.0064634	0.00249552	0.928173	25.3828	148.396	0.0196155	
366.694	0.00114036	0.00267381	0.0064635	0.00290683	0.903817	66.9021	127.4	0.0196158	
366.7	-0.00092302	0.00335208	0.00646345	0.00347684	0.865299	105.395	106.513	0.0196156	
366.706	-0.00311079	0.00265771	0.00646358	0.00409151	0.818444	139.491	90.5133	0.019616	
366.712	-0.00467702	0.000660963	0.00646365	0.00472349	0.76566	171.956	78.4039	0.0196162	
366.718	-0.0049261	-0.0021823	0.00646365	0.00538784	0.706515	203.894	68.7362	0.0196162	
366.724	-0.00350393	-0.00494951	0.00646369	0.00606425	0.643964	234.704	61.0697	0.0196163	
366.73	-0.000569205	-0.00665961	0.00646359	0.00668389	0.585866	265.115	55.4073	0.0196161	
366.736	0.00304133	-0.00662666	0.00646364	0.00729125	0.52928	294.653	50.7923	0.0196162	
366.742	0.00643316	-0.00460695	0.00646364	0.00791262	0.472697	324.393	46.8037	0.0196162	
366.748	0.00838894	-0.000929462	0.00646363	0.00844028	0.426317	353.678	43.8775	0.0196162	
366.754	0.00817871	0.00345019	0.00646368	0.00887666	0.38946	22.8724	41.7208	0.0196163	
366.76	0.00574482	0.00732887	0.00646353	0.0093121	0.354223	51.9085	39.769	0.0196159	
366.766	0.00155462	0.00954252	0.00646361	0.00966832	0.326698	80.7469	38.3042	0.0196161	
366.772	-0.00330072	0.00937437	0.00646358	0.00993848	0.306626	109.397	37.2628	0.019616	
366.778	-0.00758322	0.00676419	0.00646369	0.0101617	0.290609	138.267	36.445	0.0196163	
366.784	-0.0100035	0.00229778	0.00646367	0.010264	0.283425	167.064	36.0814	0.0196163	
366.79	-0.00988991	-0.00280485	0.00646367	0.01028	0.282319	195.834	36.0256	0.0196163	
366.796	-0.00730008	-0.00711823	0.00646368	0.0101961	0.288181	224.277	36.3219	0.0196163	
366.802	-0.0029116	-0.00960869	0.00646361	0.0100401	0.299266	253.142	36.8857	0.0196161	
366.808	0.00202367	-0.00957237	0.00646365	0.00978394	0.318025	281.937	37.8518	0.0196162	
366.814	0.00617241	-0.00715915	0.00646357	0.00945262	0.343223	310.767	39.178	0.019616	
366.82	0.00843996	-0.00314075	0.00646349	0.0090054	0.378854	339.588	41.1232	0.0196158	
366.826	0.00838259	0.0012515	0.00646353	0.0084755	0.423278	8.49142	43.6946	0.0196159	
366.832	0.00623136	0.00480833	0.00646345	0.00787083	0.476422	37.655	47.0507	0.0196156	
366.838	0.00276638	0.00659203	0.00646347	0.00714897	0.542438	67.2344	51.8018	0.0196157	
366.844	-0.000783	0.00632284	0.00646355	0.00637114	0.615202	97.0594	58.1269	0.0196159	
366.85	-0.00336694	0.00436621	0.00646351	0.00551362	0.695004	127.637	67.1666	0.0196158	
366.856	-0.00433062	0.00166264	0.00646366	0.00463882	0.772958	158.997	79.835	0.0196163	
366.862	-0.0036399	-0.000771647	0.00646345	0.0037208	0.847303	191.969	99.5293	0.0196156	
366.868	-0.00181704	-0.00210639	0.00646337	0.00278182	0.911539	229.218	133.123	0.0196154	
366.874	0.000151508	-0.00192528	0.00646345	0.00193123	0.956343	274.5	191.757	0.0196156	
366.88	0.00135642	-0.000522324	0.00646344	0.00145352	0.975031	338.94	254.781	0.0196156	
366.886	0.00119928	0.00131787	0.00646344	0.00178187	0.962712	47.6975	207.831	0.0196156	
366.892	-0.000368587	0.00260913	0.00646349	0.00263504	0.920258	98.0408	140.541	0.0196158	
366.898	-0.00268334	0.00253348	0.00646363	0.00369036	0.849601	136.645	100.353	0.0196162	
366.904	-0.00475403	0.000774283	0.00646335	0.00481667	0.757537	170.75	76.8835	0.0196153	
366.91	-0.00552471	-0.00230863	0.00646331	0.00598767	0.651084	202.679	61.8472	0.0196152	
366.916	-0.00426692	-0.0057595	0.00646338	0.00716787	0.540675	233.467	51.6645	0.0196154	
366.922	-0.000942891	-0.00824991	0.00646324	0.00830362	0.43811	263.48	44.597	0.019615	
366.928	0.00373436	-0.00863675	0.00646334	0.00940952	0.346554	293.383	39.3561	0.0196153	
366.934	0.00836466	-0.00636835	0.00646319	0.010513	0.266359	322.717	35.2243	0.0196148	
366.94	0.0114165	-0.00161859	0.00646329	0.0115306	0.203647	351.931	32.1161	0.0196151	
366.946	0.0116943	0.0044822	0.00646322	0.0125238	0.152996	20.9709	29.5689	0.0196149	
366.952	0.00866237	0.0103174	0.00646346	0.0134717	0.113936	49.9837	27.4894	0.0196156	
366.958	0.00274571	0.014055	0.00646333	0.0143207	0.0858962	78.9462	25.8593	0.0196153	
366.964	-0.00458447	0.0143982	0.00646348	0.0151104	0.0650445	107.662	24.5083	0.0196157	
366.97	-0.0115445	0.0109078	0.00646339	0.0158825	0.0488416	136.624	23.3165	0.0196155	
366.976	-0.0159781	0.00413097	0.00646338	0.0165035	0.0383925	165.504	22.4391	0.0196154	
366.982	-0.0165267	-0.00422542	0.00646351	0.0170583	0.0307272	194.342	21.7098	0.0196158	
366.988	-0.0127888	-0.0119924	0.00646353	0.0175319	0.0252566	223.159	21.1233	0.0196159	
366.994	-0.00557259	-0.0170347	0.00646367	0.017923	0.0213982	251.885	20.6629	0.0196163	
