364	-0.000657427	0.00046266	0.00123019	0.000803906	0.807737	144.864	87.6778	0.00373345	
364.012	-0.000655873	-0.000416208	0.00123019	0.000776787	0.819258	212.399	90.7387	0.00373345	
364.024	0.000164005	-0.000818756	0.00123019	0.000835021	0.794242	281.327	84.4107	0.00373345	
364.036	0.000965015	-0.00021528	0.00123019	0.000988736	0.723982	347.424	71.2877	0.00373345	
364.048	0.000804714	0.000914996	0.00123019	0.00121852	0.612286	48.6692	57.8447	0.00373345	
364.06	-0.000414893	0.00144388	0.00123019	0.0015023	0.474421	106.032	46.9177	0.00373345	
364.072	-0.00172232	0.000601372	0.00123019	0.00182429	0.333023	160.753	38.6368	0.00373345	
364.084	-0.00180518	-0.00121402	0.00123019	0.00217543	0.209388	213.922	32.4003	0.00373345	
364.096	-0.000182423	-0.00254079	0.00123019	0.00254733	0.117202	265.893	27.6701	0.00373345	
364.108	0.00215413	-0.00199313	0.00123019	0.00293477	0.0580996	317.223	24.0171	0.00373345	
364.12	0.00329767	0.000473151	0.00123019	0.00333144	0.0255578	8.1651	21.1574	0.00373345	
364.132	0.00192706	0.00319457	0.00123019	0.0037308	0.0100656	58.9004	18.8927	0.00373345	
364.144	-0.00138821	0.00388462	0.00123019	0.00412521	0.0036161	109.665	17.0863	0.00373345	
364.156	-0.00424022	0.0015205	0.00123019	0.0045046	0.00122593	160.273	15.6473	0.00373345	
364.168	-0.00417134	-0.00249571	0.00123019	0.00486093	0.000407021	210.892	14.5002	0.00373345	
364.18	-0.000762676	-0.00512939	0.00123019	0.00518578	0.00013846	261.543	13.5919	0.00373345	
364.192	0.00367786	-0.0040509	0.00123019	0.00547142	5.0645e-05	312.237	12.8823	0.00373345	
364.204	0.00570367	0.000309561	0.00123019	0.00571207	2.0815e-05	3.10663	12.3396	0.00373345	
364.216	0.00347716	0.00476774	0.00123019	0.00590101	1.00817e-05	53.8964	11.9445	0.00373345	
364.228	-0.00153604	0.00583767	0.00123019	0.00603638	5.91116e-06	104.742	11.6767	0.00373345	
364.24	-0.00557282	0.00252201	0.00123019	0.00611693	4.27758e-06	155.651	11.5229	0.00373345	
364.252	-0.0054845	-0.00276705	0.00123019	0.00614298	3.84922e-06	206.772	11.474	0.00373345	
364.264	-0.00128476	-0.00597982	0.00123019	0.00611628	4.28895e-06	257.874	11.5241	0.00373345	
364.276	0.003811	-0.00468535	0.00123019	0.00603955	5.83679e-06	309.124	11.6705	0.00373345	
364.288	0.00591661	6.00779e-05	0.00123019	0.00591691	9.4748e-06	0.581768	11.9124	0.00373345	
364.3	0.00351692	0.00455189	0.00123019	0.00575225	1.7876e-05	52.3093	12.2534	0.00373345	
364.312	-0.00139202	0.00537234	0.00123019	0.00554976	3.80764e-05	104.526	12.7005	0.00373345	
364.324	-0.00489507	0.00207096	0.00123019	0.00531512	8.83973e-05	157.068	13.2612	0.00373345	
364.336	-0.00436833	-0.00254139	0.00123019	0.00505381	0.000216384	210.19	13.9469	0.00373345	
364.348	-0.000496895	-0.00474646	0.00123019	0.0047724	0.000539495	264.024	14.7692	0.00373345	
364.36	0.00336705	-0.00295566	0.00123019	0.00448029	0.00131768	318.723	15.7322	0.00373345	
364.372	0.00405279	0.00105503	0.00123019	0.00418786	0.00304446	14.5915	16.8307	0.00373345	
364.384	0.00124157	0.00370757	0.00123019	0.00390993	0.00640388	71.4857	18.0271	0.00373345	
364.396	-0.00233611	0.00282129	0.00123019	0.00366294	0.0118804	129.626	19.2427	0.00373345	
364.408	-0.00342093	-0.00053952	0.00123019	0.00346322	0.0190128	188.962	20.3524	0.00373345	
364.42	-0.00116928	-0.00311189	0.00123019	0.00332432	0.025961	249.407	21.2028	0.00373345	
364.432	0.00209944	-0.00248446	0.00123019	0.00325272	0.0303315	310.199	21.6695	0.00373345	
364.444	0.00318389	0.000615394	0.00123019	0.00324282	0.0309827	10.9394	21.7356	0.00373345	
364.456	0.00105971	0.00310201	0.00123019	0.00327803	0.0287194	71.1389	21.5022	0.00373345	
364.468	-0.00216476	0.00253569	0.00123019	0.00333405	0.025411	130.488	21.1408	0.00373345	
364.48	-0.00334284	-0.000530628	0.00123019	0.00338469	0.0227094	189.02	20.8246	0.00373345	
364.492	-0.00135973	-0.00312181	0.00123019	0.00340508	0.0216939	246.464	20.6999	0.00373345	
364.504	0.00184057	-0.00282829	0.00123019	0.00337445	0.0232345	303.055	20.8877	0.00373345	
364.516	0.00327719	-6.32225e-05	0.00123019	0.0032778	0.0287338	358.895	21.5037	0.00373345	
364.528	0.00181652	0.00251803	0.00123019	0.00310486	0.0413778	54.1931	22.7014	0.00373345	
364.54	-0.000914293	0.00270184	0.00123019	0.00285234	0.0680167	108.696	24.7111	0.00373345	
364.552	-0.00240453	0.000758528	0.00123019	0.00252133	0.122417	162.492	27.9553	0.00373345	
364.564	-0.00172712	-0.00122622	0.00123019	0.00211815	0.227112	215.374	33.2765	0.00373345	
364.576	-9.29378e-05	-0.00165207	0.00123019	0.00165468	0.404707	266.78	42.5972	0.00373345	
364.588	0.000813589	-0.000811712	0.00123019	0.00114926	0.646373	315.066	61.3304	0.00373345	
364.6	0.000642343	-8.36837e-05	0.00123019	0.000647771	0.870547	352.577	108.811	0.00373345	
364.612	0.000367422	-0.000100879	0.00123019	0.000381019	0.953168	344.647	184.99	0.00373345	
364.624	0.000709985	-0.000161998	0.00123019	0.000728232	0.839279	347.147	96.7888	0.00373345	
364.636	0.00109404	0.000567326	0.00123019	0.00123239	0.605448	27.4096	57.1937	0.00373345	
364.648	0.000419788	0.00167346	0.00123019	0.00172531	0.374011	75.918	40.8533	0.00373345	
364.66	-0.00129835	0.00173462	0.00123019	0.0021667	0.212026	126.815	32.5308	0.00373345	
364.672	-0.0025373	5.38306e-05	0.00123019	0.00253787	0.119079	178.785	27.7731	0.00373345	
364.684	-0.00176508	-0.00220481	0.00123019	0.0028243	0.0716895	231.321	24.9565	0.00373345	
364.696	0.000747815	-0.00292218	0.00123019	0.00301635	0.0494896	284.355	23.3676	0.00373345	
364.708	0.00287137	-0.00118618	0.00123019	0.00310673	0.0412193	337.554	22.6877	0.00373345	
364.72	0.00265017	0.00159614	0.00123019	0.00309372	0.0423334	31.0596	22.7832	0.00373345	
364.732	0.000261712	0.00296715	0.00123019	0.00297867	0.0533242	84.9594	23.6632	0.00373345	
364.744	-0.00210195	0.00179934	0.00123019	0.00276692	0.0797067	139.435	25.4741	0.00373345	
364.756	-0.00238306	-0.000638308	0.00123019	0.00246706	0.133871	194.995	28.5703	0.00373345	
364.768	-0.000644825	-0.00199424	0.00123019	0.0020959	0.234259	252.082	33.6299	0.00373345	
364.78	0.00113255	-0.00123957	0.00123019	0.00167904	0.393991	312.417	41.9791	0.00373345	
364.792	0.00119647	0.000427154	0.00123019	0.00127043	0.586697	19.6472	55.4809	0.00373345	
364.804	-0.000175287	0.000987091	0.00123019	0.00100253	0.71744	100.07	70.3065	0.00373345	
364.816	-0.00107431	-0.000162415	0.00123019	0.00108651	0.677037	188.597	64.8723	0.00373345	
364.828	-0.000134582	-0.00150011	0.00123019	0.00150614	0.472616	264.873	46.7983	0.00373345	
364.84	0.00179454	-0.00105356	0.00123019	0.00208096	0.239139	329.583	33.8713	0.00373345	
364.852	0.00237866	0.00130103	0.00123019	0.00271122	0.0881613	28.677	25.9975	0.00373345	
364.864	0.000279788	0.00334199	0.00123019	0.00335368	0.0243324	85.2144	21.0171	0.00373345	
364.876	-0.00305691	0.00254653	0.00123019	0.00397863	0.00535406	140.204	17.7158	0.00373345	
364.888	-0.00442335	-0.00113655	0.00123019	0.00456703	0.00101671	194.41	15.4334	0.00373345	
364.9	-0.00189737	-0.00473594	0.00123019	0.00510188	0.000184152	248.167	13.8154	0.00373345	
364.912	0.00292281	-0.0047377	0.00123019	0.00556674	3.57741e-05	301.672	12.6618	0.00373345	
364.924	0.00592692	-0.000500372	0.00123019	0.005948	8.38778e-06	355.174	11.8502	0.00373345	
364.936	0.00412869	0.00466483	0.00123019	0.0062295	2.70256e-06	48.489	11.3147	0.00373345	
364.948	-0.00130935	0.00626555	0.00123019	0.0064009	1.32178e-06	101.804	11.0117	0.00373345	
364.96	-0.00585533	0.00271128	0.00123019	0.00645259	1.06125e-06	155.154	10.9235	0.00373345	
364.972	-0.00560125	-0.00305009	0.00123019	0.00637786	1.45682e-06	208.57	11.0515	0.00373345	
364.984	-0.000837331	-0.006115	0.00123019	0.00617206	3.41979e-06	262.203	11.42	0.00373345	
364.996	0.00418357	-0.0040694	0.00123019	0.00583629	1.29579e-05	315.793	12.077	0.00373345	
365.008	0.00530081	0.000885067	0.00123019	0.00537419	7.17539e-05	9.47914	13.1154	0.00373345	
365.02	0.00215691	0.00428157	0.00123019	0.00479417	0.000503617	63.2626	14.7022	0.00373345	
365.032	-0.00188133	0.00364967	0.00123019	0.00410603	0.00380974	117.27	17.1661	0.00373345	
365.044	-0.00329017	0.000509732	0.00123019	0.00332942	0.0256713	171.193	21.1702	0.00373345	
365.056	-0.0017527	-0.00175744	0.00123019	0.00248204	0.130632	225.077	28.3979	0.00373345	
365.068	0.000237399	-0.001568	0.00123019	0.00158587	0.435646	278.609	44.4454	0.00373345	
365.08	0.000574716	-0.0003362	0.00123019	0.00066583	0.863751	329.673	105.86	0.00373345	
365.092	-0.000189945	-0.000195284	0.00123019	0.000272425	0.975778	225.794	258.731	0.00373345	
365.104	-1.62102e-05	-0.00116359	0.00123019	0.0011637	0.639279	269.202	60.5694	0.00373345	
365.116	0.00160576	-0.00121429	0.00123019	0.0020132	0.262092	322.903	35.0113	0.00373345	
365.128	0.00266074	0.000851144	0.00123019	0.00279356	0.0758991	17.739	25.2311	0.00373345	
365.14	0.00100603	0.00333845	0.00123019	0.00348674	0.0180131	73.23	20.2151	0.00373345	
365.152	-0.00256255	0.00316761	0.00123019	0.00407437	0.00415016	128.972	17.2996	0.00373345	
365.164	-0.00452955	-0.000403096	0.00123019	0.00454745	0.00107847	185.086	15.4998	0.00373345	
365.176	-0.00233166	-0.00431002	0.00123019	0.0049003	0.00035849	241.587	14.3838	0.00373345	
365.188	0.00245053	-0.00450957	0.00123019	0.00513238	0.000166108	298.52	13.7333	0.00373345	
365.2	0.0052369	-0.000358157	0.00123019	0.00524913	0.000111295	356.088	13.4279	0.00373345	
365.212	0.0030864	0.00425935	0.00123019	0.00526004	0.000107159	54.0723	13.4	0.00373345	
365.224	-0.00200001	0.00477992	0.00123019	0.00518147	0.000140519	112.705	13.6032	0.00373345	
365.236	-0.00498482	0.000693579	0.00123019	0.00503284	0.000232047	172.079	14.005	0.00373345	
365.248	-0.00296022	-0.00382672	0.00123019	0.00483805	0.000437987	232.276	14.5688	0.00373345	
365.26	0.00184331	-0.00423802	0.00123019	0.00462154	0.000861657	293.506	15.2513	0.00373345	
365.272	0.00439637	-0.000350159	0.00123019	0.00441029	0.00161845	355.446	15.9819	0.00373345	
365.284	0.0022309	0.00358871	0.00123019	0.0042256	0.00274127	58.1331	16.6804	0.00373345	
365.296	-0.00212268	0.00348694	0.00123019	0.00408222	0.00406327	121.331	17.2663	0.00373345	
365.308	-0.003971	-0.000338067	0.00123019	0.00398536	0.00526006	184.866	17.6859	0.00373345	
365.32	-0.00146842	-0.00364552	0.00123019	0.00393015	0.00607711	248.06	17.9343	0.00373345	
365.332	0.00254939	-0.00295476	0.00123019	0.00390256	0.00652696	310.788	18.0611	0.00373345	
365.344	0.00378648	0.00086578	0.00123019	0.0038842	0.00684256	12.8793	18.1465	0.00373345	
365.356	0.00104425	0.00371267	0.00123019	0.00385673	0.00734072	74.2905	18.2758	0.00373345	
365.368	-0.00270061	0.00267929	0.00123019	0.00380419	0.00838464	135.227	18.5282	0.00373345	
365.38	-0.00358073	-0.000992015	0.00123019	0.00371561	0.0104488	195.485	18.9699	0.00373345	
365.392	-0.000905809	-0.00346838	0.00123019	0.00358471	0.0143278	255.363	19.6626	0.00373345	
365.404	0.00241222	-0.00241033	0.00123019	0.00341006	0.0214519	315.022	20.6696	0.00373345	
365.416	0.00309041	0.000807425	0.00123019	0.00319415	0.0343615	14.6422	22.0668	0.00373345	
365.428	0.000782465	0.00283716	0.00123019	0.00294309	0.0571688	74.5816	23.9493	0.00373345	
365.44	-0.00187898	0.00189289	0.00123019	0.00266713	0.0953447	134.789	26.4271	0.00373345	
365.452	-0.00228853	-0.000645069	0.00123019	0.00237771	0.154455	195.742	29.6439	0.00373345	
365.464	-0.000439577	-0.0020429	0.00123019	0.00208966	0.236288	257.857	33.7302	0.00373345	
365.476	0.00143047	-0.00112495	0.00123019	0.00181983	0.334816	321.818	38.7315	0.00373345	
365.488	0.00140679	0.000742927	0.00123019	0.00159091	0.433347	27.8386	44.3046	0.00373345	
365.5	-0.000156417	0.00141708	0.00123019	0.00142568	0.510922	96.2988	49.4393	0.00373345	
365.512	-0.00130713	0.000313346	0.00123019	0.00134416	0.550494	166.519	52.4375	0.00373345	
365.524	-0.000741053	-0.00113119	0.00123019	0.00135231	0.546511	236.771	52.1215	0.00373345	
365.536	0.000833096	-0.00117107	0.00123019	0.00143717	0.505402	305.428	49.0442	0.00373345	
365.548	0.00154344	0.000309623	0.00123019	0.00157419	0.440994	11.3433	44.7753	0.00373345	
365.56	0.000454875	0.00168041	0.00123019	0.00174089	0.3674	74.8534	40.4878	0.00373345	
365.572	-0.00139279	0.00132311	0.00123019	0.00192106	0.29544	136.47	36.6905	0.00373345	
365.584	-0.00201486	-0.00061078	0.00123019	0.00210541	0.231188	196.864	33.478	0.00373345	
365.596	-0.000548127	-0.00222072	0.00123019	0.00228736	0.177532	256.135	30.8148	0.00373345	
365.608	0.00173453	-0.00175037	0.00123019	0.00246422	0.134493	314.74	28.6033	0.00373345	
365.62	0.00256765	0.000587384	0.00123019	0.00263398	0.101045	12.8854	26.7598	0.00373345	
365.632	0.00092275	0.00263869	0.00123019	0.00279538	0.0756451	70.7252	25.2147	0.00373345	
365.644	-0.00183528	0.0023063	0.00123019	0.00294742	0.0566891	128.512	23.9141	0.00373345	
365.656	-0.00307039	-0.000324163	0.00123019	0.00308746	0.0428781	186.027	22.8294	0.00373345	
365.668	-0.00143517	-0.00287559	0.00123019	0.00321384	0.0329584	243.477	21.9316	0.00373345	
365.68	0.001707	-0.0028519	0.00123019	0.00332373	0.0259948	300.903	21.2065	0.00373345	
365.692	0.00341274	-9.84641e-05	0.00123019	0.00341416	0.0212545	358.347	20.6448	0.00373345	
365.704	0.00194761	0.00288668	0.00123019	0.00348226	0.0181998	55.9929	20.2411	0.00373345	
365.716	-0.00141049	0.00323029	0.00123019	0.0035248	0.0164929	113.588	19.9968	0.00373345	
365.728	-0.00349902	0.000533925	0.00123019	0.00353952	0.0159358	171.324	19.9136	0.00373345	
365.74	-0.00230063	-0.00267042	0.00123019	0.00352478	0.0164937	229.254	19.9969	0.00373345	
365.752	0.00105235	-0.00331783	0.00123019	0.00348073	0.0182642	287.598	20.25	0.00373345	
365.764	0.00330997	-0.0008171	0.00123019	0.00340933	0.0214873	346.133	20.674	0.00373345	
365.776	0.00233941	0.00234753	0.00123019	0.00331417	0.0265451	45.0992	21.2677	0.00373345	
365.788	-0.000806676	0.00309858	0.00123019	0.00320186	0.033806	104.592	22.0137	0.00373345	
365.8	-0.00297195	0.000812869	0.00123019	0.00308111	0.0434363	164.703	22.8764	0.00373345	
365.812	-0.00207134	-0.00211858	0.00123019	0.00296291	0.0549996	225.646	23.789	0.00373345	
365.824	0.00084127	-0.00273384	0.00123019	0.00286036	0.066996	287.104	24.6419	0.00373345	
365.836	0.00273546	-0.000526346	0.00123019	0.00278563	0.0770163	349.108	25.3029	0.00373345	
365.848	0.00171488	0.00214832	0.00123019	0.00274883	0.0823773	51.4017	25.6417	0.00373345	
365.86	-0.00110325	0.00252394	0.00123019	0.00275453	0.0815285	113.611	25.5887	0.00373345	
365.872	-0.00279294	0.000220283	0.00123019	0.00280161	0.074778	175.49	25.1586	0.00373345	
365.884	-0.00159533	-0.00240029	0.00123019	0.0028821	0.0642885	236.39	24.456	0.00373345	
365.896	0.00132062	-0.00267645	0.00123019	0.00298454	0.0527114	296.263	23.6166	0.00373345	
365.908	0.00308437	-0.000268056	0.00123019	0.003096	0.0421362	355.033	22.7664	0.00373345	
365.92	0.00193408	0.00255441	0.00123019	0.00320402	0.0336521	52.8687	21.9989	0.00373345	
365.932	-0.00110354	0.00310726	0.00123019	0.0032974	0.0275357	109.552	21.3758	0.00373345	
365.944	-0.00325847	0.000853312	0.00123019	0.00336835	0.0235527	165.325	20.9256	0.00373345	
365.956	-0.00260158	-0.00220516	0.00123019	0.00341041	0.021435	220.285	20.6675	0.00373345	
365.968	0.000269895	-0.00340941	0.00123019	0.00342007	0.0209729	274.526	20.6091	0.00373345	
365.98	0.00288669	-0.0017852	0.00123019	0.0033941	0.0222358	328.266	20.7668	0.00373345	
365.992	0.00310423	0.00121069	0.00123019	0.00333197	0.0255278	21.3064	21.1541	0.00373345	
366.004	0.000899777	0.0031056	0.00123019	0.00323332	0.0316187	73.8423	21.7995	0.00373345	
366.016	-0.00181726	0.00250826	0.00123019	0.00309739	0.0420168	125.924	22.7562	0.00373345	
366.028	-0.00292189	0.000116755	0.00123019	0.00292423	0.0592974	177.712	24.1037	0.00373345	
366.04	-0.0017831	-0.00204703	0.00123019	0.00271473	0.0876072	228.942	25.9638	0.00373345	
366.052	0.000415978	-0.00243355	0.00123019	0.00246884	0.133483	279.7	28.5497	0.00373345	
366.064	0.00189191	-0.00109883	0.00123019	0.00218787	0.205667	329.852	32.2161	0.00373345	
366.076	0.00177108	0.000613003	0.00123019	0.00187416	0.313333	19.0917	37.6086	0.00373345	
366.088	0.000601972	0.00140942	0.00123019	0.00153259	0.46023	66.8724	45.9905	0.00373345	
366.1	-0.000428668	0.00109644	0.00123019	0.00117726	0.63261	111.354	59.8717	0.00373345	
366.112	-0.000715745	0.000438556	0.00123019	0.000839418	0.792312	148.503	83.9686	0.00373345	
366.124	-0.000605826	0.000114168	0.00123019	0.000616489	0.881996	169.328	114.332	0.00373345	
366.136	-0.000684545	-3.52818e-06	0.00123019	0.000684554	0.856565	180.295	102.964	0.00373345	
366.148	-0.00087929	-0.000476389	0.00123019	0.00100005	0.718621	208.448	70.4813	0.00373345	
366.16	-0.000490874	-0.00131232	0.00123019	0.00140112	0.522775	249.492	50.3058	0.00373345	
366.172	0.000799534	-0.00163387	0.00123019	0.00181901	0.335147	296.075	38.749	0.00373345	
366.184	0.00215088	-0.00056662	0.00123019	0.00222426	0.195041	345.242	31.689	0.00373345	
366.196	0.00210508	0.00152618	0.00123019	0.00260012	0.107138	35.9421	27.1083	0.00373345	
366.208	0.000134248	0.00292808	0.00123019	0.00293116	0.0585073	87.3749	24.0467	0.00373345	
366.22	-0.00243545	0.00208796	0.00123019	0.00320796	0.033372	139.393	21.9718	0.00373345	
366.232	-0.00334976	-0.000702405	0.00123019	0.00342261	0.020853	191.843	20.5939	0.00373345	
366.244	-0.00152829	-0.00322581	0.00123019	0.00356953	0.0148514	244.65	19.7462	0.00373345	
366.256	0.00170659	-0.00322185	0.00123019	0.00364593	0.0123786	297.91	19.3325	0.00373345	
366.268	0.00360992	-0.000549259	0.00123019	0.00365147	0.0122143	351.349	19.3031	0.00373345	
366.28	0.00253223	0.00254392	0.00123019	0.00358939	0.0141697	45.1319	19.6369	0.00373345	
366.292	-0.000560875	0.00341929	0.00123019	0.00346499	0.0189358	99.3154	20.342	0.00373345	
366.304	-0.00295434	0.00144047	0.00123019	0.0032868	0.0281778	154.007	21.4448	0.00373345	
366.316	-0.00266743	-0.00150937	0.00123019	0.00306487	0.0448929	209.503	22.9977	0.00373345	
366.328	-0.000208277	-0.00280698	0.00123019	0.00281469	0.0729846	265.756	25.0417	0.00373345	
366.34	0.00204451	-0.00152832	0.00123019	0.0025526	0.116165	323.221	27.6129	0.00373345	
366.352	0.00212809	0.000872614	0.00123019	0.00230005	0.174151	22.2959	30.6449	0.00373345	
366.364	0.000235656	0.00206874	0.00123019	0.00208211	0.238758	83.5013	33.8525	0.00373345	
366.376	-0.0016106	0.0010617	0.00123019	0.00192905	0.292452	146.607	36.5385	0.00373345	
366.388	-0.00159731	-0.000965013	0.00123019	0.00186619	0.316436	211.138	37.7693	0.00373345	
366.4	0.00019013	-0.00189619	0.00123019	0.0019057	0.301232	275.726	36.9862	0.00373345	
366.412	0.00190267	-0.000733072	0.00123019	0.00203901	0.253192	338.929	34.5682	0.00373345	
366.424	0.00171426	0.0014466	0.00123019	0.00224307	0.189702	40.1596	31.4234	0.00373345	
366.436	-0.000394993	0.00245871	0.00123019	0.00249023	0.128886	99.1266	28.3045	0.00373345	
366.448	-0.00252608	0.00110545	0.00123019	0.00275737	0.081108	156.365	25.5623	0.00373345	
366.46	-0.00255716	-0.00161747	0.00123019	0.00302577	0.0485671	212.314	23.2948	0.00373345	
366.472	-0.00015228	-0.00327651	0.00123019	0.00328004	0.0285942	267.339	21.489	0.00373345	
366.484	0.00275909	-0.00216667	0.00123019	0.00350814	0.0171438	321.858	20.0917	0.00373345	
366.496	0.00355785	0.00100692	0.00123019	0.00369759	0.0109203	15.8023	19.0623	0.00373345	
366.508	0.00134797	0.00359498	0.00123019	0.00383938	0.00767165	69.446	18.3583	0.00373345	
366.52	-0.00213105	0.00329595	0.00123019	0.00392488	0.00616094	122.885	17.9585	0.00373345	
366.532	-0.003939	0.00025346	0.00123019	0.00394715	0.0058142	176.318	17.8571	0.00373345	
366.544	-0.00253371	-0.00296674	0.00123019	0.00390144	0.00654579	229.501	18.0663	0.00373345	
366.556	0.000823833	-0.00369461	0.00123019	0.00378535	0.00879034	282.57	18.6204	0.00373345	
366.568	0.00327562	-0.00149265	0.00123019	0.00359968	0.0138277	335.502	19.5808	0.00373345	
366.58	0.00294936	0.00158373	0.00123019	0.00334768	0.0246579	28.2347	21.0548	0.00373345	
366.592	0.000485878	0.00299649	0.00123019	0.00303563	0.0476181	80.7897	23.2192	0.00373345	
366.604	-0.00181458	0.00196612	0.00123019	0.0026755	0.0939463	132.705	26.3444	0.00373345	
366.616	-0.00227591	-0.000149857	0.00123019	0.00228084	0.179289	183.767	30.903	0.00373345	
366.628	-0.00111676	-0.00150035	0.00123019	0.00187035	0.314815	233.339	37.6853	0.00373345	
366.64	0.000262696	-0.0014449	0.00123019	0.00146859	0.490384	280.304	47.9949	0.00373345	
366.652	0.000881273	-0.000685797	0.00123019	0.00111667	0.662336	322.11	63.1202	0.00373345	
366.664	0.0008742	-6.26255e-05	0.00123019	0.00087644	0.775857	355.902	80.4216	0.00373345	
366.676	0.000747147	0.000332829	0.00123019	0.000817927	0.801691	24.0114	86.1748	0.00373345	
366.688	0.000501227	0.000778992	0.00123019	0.000926314	0.753149	57.2416	76.0916	0.00373345	
366.7	-0.000189953	0.0010894	0.00123019	0.00110583	0.667629	99.8909	63.7389	0.00373345	
366.712	-0.00110287	0.000659065	0.00123019	0.00128479	0.579629	149.138	54.861	0.00373345	
366.724	-0.0013228	-0.000553648	0.00123019	0.00143399	0.506928	202.711	49.1529	0.00373345	
366.736	-0.000284333	-0.00152149	0.00123019	0.00154783	0.453149	259.415	45.5379	0.00373345	
366.748	0.00122886	-0.00107986	0.00123019	0.00163591	0.413049	318.693	43.0859	0.00373345	
366.76	0.00161198	0.000596021	0.00123019	0.00171864	0.376862	20.2916	41.0119	0.00373345	
366.772	0.00021215	0.00180946	0.00123019	0.00182185	0.334001	83.3129	38.6884	0.00373345	
366.784	-0.00165265	0.00107259	0.00123019	0.0019702	0.277352	147.016	35.7754	0.00373345	
366.796	-0.00187864	-0.00110093	0.00123019	0.00217746	0.208778	210.371	32.3702	0.00373345	
366.808	0.000116512	-0.00244052	0.00123019	0.0024433	0.139132	272.733	28.8481	0.00373345	
366.82	0.00246148	-0.00123252	0.00123019	0.00275281	0.0817837	333.402	25.6046	0.00373345	
366.832	0.00260338	0.00165847	0.00123019	0.00308676	0.042939	32.499	22.8345	0.00373345	
366.844	-9.60526e-06	0.00342374	0.00123019	0.00342375	0.0207991	90.1607	20.587	0.00373345	
366.856	-0.00312454	0.00206355	0.00123019	0.00374446	0.0097315	146.558	18.8237	0.00373345	
366.868	-0.00374051	-0.00150958	0.00123019	0.00403364	0.00462859	201.978	17.4742	0.00373345	
366.88	-0.00101689	-0.00415661	0.00123019	0.00427919	0.0023581	256.253	16.4715	0.00373345	
366.892	0.00285301	-0.00344904	0.00123019	0.00447611	0.00133405	309.597	15.7469	0.00373345	
366.904	0.0046218	0.000165871	0.00123019	0.00462478	0.00085318	2.0554	15.2407	0.00373345	
366.916	0.00280262	0.00381045	0.00123019	0.00473014	0.000616038	53.6652	14.9012	0.00373345	
366.928	-0.00121079	0.00464785	0.00123019	0.00480297	0.000489757	104.601	14.6752	0.00373345	
366.94	-0.0043897	0.00207668	0.00123019	0.00485614	0.00041333	154.682	14.5146	0.00373345	
366.952	-0.00447423	-0.00200754	0.00123019	0.00490398	0.000354246	204.165	14.373	0.00373345	
366.964	-0.00143002	-0.00474747	0.00123019	0.00495817	0.000296907	253.237	14.2159	0.00373345	
366.976	0.0026812	-0.00425058	0.00123019	0.00502556	0.000237725	302.243	14.0252	0.00373345	
366.988	0.00504494	-0.000782767	0.00123019	0.0051053	0.000182037	351.18	13.8062	0.00373345	
