0	0.98631413343488814
1.25	1.0382254036156717
2.5	1.0006895621003359
3.75	1.0065462182232961
5	0.98311959373145531
6.25	1.0022868319520523
7.5	0.99430048269347024
8.75	0.99962471553252496
10	0.98897624985441551
11.25	0.98711276836074635
12.5	1.0092083346428235
13.75	1.0102731812106344
15	1.0038841018037687
16.25	1.0129352976301618
17.5	1.0073448531491543
18.75	1.0057475832974379
20	0.99855986896471402
21.25	0.99509911761932844
22.5	1.0012219853842414
23.75	0.99163836627394287
25	1.0097407579267289
26.25	1.0100069695686817
27.5	0.99722881075495033
28.75	1.0145325674818782
30	1.0171946839014056
31.25	0.97460082118896775
32.5	0.98684655671879362
33.75	0.99323563612565929
35	0.96288750894304735
36.25	0.9940342710515175
37.5	1.0012219853842414
38.75	0.98604792179293541
40	0.9940342710515175
41.25	0.98498307522512446
42.5	0.97593187939873143
43.75	1.0025530435940051
45	0.97832778417630605
46.25	0.97087385820162944
47.5	0.98445065194121899
48.75	0.99376805940956476
50	0.99456669433542297
51.25	1.0249148215180349
52.5	0.9852492868670772
53.75	1.0084096997169653
55	0.99323563612565929
56.25	0.99057351970613193
57.5	0.98471686358317173
58.75	0.99430048269347024
60	0.97859399581825879
61.25	0.99589775254518665
62.5	1.0097407579267289
63.75	0.98684655671879362
65	0.9998909271744777
66.25	1.0113380277784454
67.5	0.95916054595570904
68.75	1.0294404194312314
70	0.98844382657051004
71.25	0.98791140328660456
72.5	0.96075781580742546
73.75	0.98072368895388068
75	0.99376805940956476
76.25	0.99430048269347024
77.5	0.99270321284175382
78.75	0.99935850389057223
80	0.97673051432458964
81.25	0.99030730806417919
82.5	1.028907996147326
83.75	1.0060137949393906
85	1.0403550967512936
86.25	0.99855986896471402
87.5	1.008675911358918
88.75	1.0022868319520523
90	0.99190457791589561
91.25	1.0171946839014056
92.5	0.99243700119980108
93.75	0.99376805940956476
95	0.98152232387973889
96.25	1.0134677209140673
97.5	0.99536532926128118
98.75	0.97486703283092048
100	0.95836191102985083
101.25	0.98178853552169163
102.5	1.0102731812106344
103.75	1.0235837633082712
105	1.0158636256916419
106.25	0.99350184776761203
107.5	1.0116042394203981
108.75	0.97912641910216426
110	0.99882608060666675
111.25	1.0065462182232961
112.5	1.0014881970261941
113.75	1.0068124298652488
115	1.0020206203100996
116.25	1.0057475832974379
117.5	1.0142663558399255
118.75	1.0246486098760822
120	1.0006895621003359
121.25	1.0102731812106344
122.5	0.99456669433542297
123.75	1.0318363242088061
125	0.99909229224861949
126.25	0.98924246149636824
127.5	1.0049489483715797
128.75	1.0182595304692165
130	0.97992505402802247
131.25	1.0241161865921767
132.5	0.97433460954701501
133.75	1.0049489483715797
135	0.96847795342405481
136.25	0.9618226623752364
137.5	1.0211878585306966
138.75	1.022785128382413
140	1.0206554352467911
141.25	1.0105393928525872
142.5	0.99004109642222645
143.75	0.98445065194121899
145	0.96448477879476376
146.25	0.98711276836074635
147.5	1.0179933188272638
148.75	1.0089421230008707
150	0.98365201701536078
151.25	1.0108056044945399
152.5	0.97513324447287322
153.75	1.0049489483715797
155	0.97380218626310954
156.25	1.0073448531491543
157.5	1.0336998057024752
158.75	1.0030854668779105
160	0.98338580537340805
161.25	1.0201230119628857
162.5	1.0129352976301618
163.75	0.9735359746211568
165	0.98924246149636824
166.25	1.0299728427151369
167.5	1.0097407579267289
168.75	1.0214540701726493
170	1.0108056044945399
171.25	0.99616396418713939
172.5	0.9940342710515175
173.75	0.99243700119980108
175	1.0211878585306966
176.25	1.0222527050985076
177.5	0.98924246149636824
178.75	1.027843149579515
180	0.98391822865731352
181.25	0.98125611223778615
182.5	1.0025530435940051
183.75	1.0105393928525872
185	0.98258717044754984
186.25	1.0105393928525872
187.5	0.98950867313832098
188.75	0.98977488478027372
190	1.0009557737422886
191.25	1.0054813716554852
192.5	1.0006895621003359
193.75	1.0009557737422886
195	0.99376805940956476
196.25	1.0217202818146021
197.5	1.0004233504583832
198.75	0.97806157253435332
200	1.0068124298652488
201.25	1.0118704510623508
202.5	1.0219864934565548
203.75	0.99030730806417919
205	1.0190581653950747
206.25	1.0073448531491543
207.5	1.0116042394203981
208.75	1.0203892236048384
210	1.0073448531491543
211.25	1.0108056044945399
212.5	1.0028192552359578
213.75	1.0166622606175001
215	1.022785128382413
216.25	1.0006895621003359
217.5	1.0020206203100996
218.75	0.99722881075495033
220	0.98844382657051004
221.25	1.0105393928525872
222.5	0.9588943343137563
223.75	0.99536532926128118
225	0.99509911761932844
226.25	0.98471686358317173
227.5	1.018791953753122
228.75	0.96980901163381849
230	0.9618226623752364
231.25	0.98684655671879362
232.5	0.99935850389057223
233.75	0.99536532926128118
235	0.98471686358317173
236.25	0.97539945611482595
237.5	0.99083973134808466
238.75	0.99589775254518665
240	1.0132015092721145
241.25	0.98897624985441551
242.5	1.0116042394203981
243.75	1.0038841018037687
245	1.0275769379375623
246.25	0.99083973134808466
247.5	0.99935850389057223
248.75	1.0097407579267289
250	0.98684655671879362
251.25	0.98391822865731352
252.5	0.99243700119980108
253.75	0.9940342710515175
255	0.98311959373145531
256.25	1.0054813716554852
257.5	0.97912641910216426
258.75	0.96129023909133093
260	0.98711276836074635
261.25	0.97752914925044785
262.5	0.98285338208950257
263.75	0.96741310685624386
265	1.0169284722594528
266.25	1.0097407579267289
267.5	0.98578171015098267
268.75	0.97752914925044785
270	1.0004233504583832
271.25	1.0142663558399255
272.5	0.99483290597737571
273.75	0.99376805940956476
275	1.0499387158615921
276.25	0.99909229224861949
277.5	0.99536532926128118
278.75	1.0105393928525872
280	0.99563154090323392
281.25	0.97486703283092048
282.5	1.0209216468887439
283.75	1.0033516785198633
285	1.0052151600135324
286.25	1.0017544086681469
287.5	1.0267783030117041
288.75	1.0012219853842414
290	1.0092083346428235
291.25	1.0161298373335946
292.5	1.0065462182232961
293.75	1.0062800065813434
295	1.0132015092721145
296.25	1.0089421230008707
297.5	1.018791953753122
298.75	1.0217202818146021
300	0.99270321284175382
301.25	0.99935850389057223
302.5	0.99935850389057223
303.75	0.99509911761932844
305	0.99190457791589561
306.25	0.99270321284175382
307.5	1.0054813716554852
308.75	1.0209216468887439
310	1.0012219853842414
311.25	0.98764519164465183
312.5	1.0163960489755474
313.75	0.97380218626310954
315	0.99643017582909213
316.25	0.98977488478027372
317.5	1.0267783030117041
318.75	1.0174608955433583
320	1.0017544086681469
321.25	1.0118704510623508
322.5	1.0310376892829479
323.75	1.0326349591346643
325	1.0017544086681469
326.25	1.0326349591346643
327.5	1.0214540701726493
328.75	0.99536532926128118
330	1.022785128382413
331.25	0.98445065194121899
332.5	1.022785128382413
333.75	0.99882608060666675
335	1.018791953753122
336.25	1.0211878585306966
337.5	0.99243700119980108
338.75	1.0076110647911071
340	1.0134677209140673
341.25	0.98791140328660456
342.5	0.97832778417630605
343.75	0.98498307522512446
345	0.99376805940956476
346.25	1.0198568003209329
347.5	1.0025530435940051
348.75	0.99855986896471402
350	1.003617890161816
351.25	0.99776123403885581
352.5	1.0041503134457215
353.75	0.99323563612565929
355	1.0057475832974379
356.25	1.0038841018037687
357.5	1.0257134564438931
358.75	1.017727107185311
