363.25	9.67047e-05	0.00210757	0.00135967	0.00210979	0.300029	87.3729	36.9247	0.00412639	
363.26	-0.00149408	0.00165375	0.00135967	0.00222871	0.26095	132.096	34.9543	0.00412639	
363.27	-0.00232054	0.000151407	0.00135967	0.00232548	0.23163	176.267	33.4999	0.00412639	
363.28	-0.00183456	-0.00154959	0.00135967	0.00240142	0.210197	220.187	32.4404	0.00412639	
363.29	-0.0002683	-0.00244268	0.00135967	0.00245737	0.195299	263.732	31.7018	0.00412639	
363.3	0.00149412	-0.00199796	0.00135967	0.00249485	0.185738	306.79	31.2256	0.00412639	
363.31	0.00247491	-0.000453107	0.00135967	0.00251605	0.180477	349.625	30.9625	0.00412639	
363.32	0.00213702	0.00134114	0.00135967	0.002523	0.178775	32.1115	30.8772	0.00412639	
363.33	0.000688994	0.00242213	0.00135967	0.00251822	0.179945	74.1212	30.9359	0.00412639	
363.34	-0.00109451	0.00225241	0.00135967	0.00250426	0.183388	115.916	31.1082	0.00412639	
363.35	-0.00229262	0.000955661	0.00135967	0.00248383	0.188513	157.372	31.3641	0.00412639	
363.36	-0.00233424	-0.000775287	0.00135967	0.00245963	0.194713	198.373	31.6728	0.00412639	
363.37	-0.00124685	-0.00209078	0.00135967	0.00243434	0.201341	239.19	32.0018	0.00412639	
363.38	0.000407141	-0.00237609	0.00135967	0.00241071	0.207671	279.723	32.3154	0.00412639	
363.39	0.00183242	-0.00153673	0.00135967	0.00239151	0.212918	320.016	32.5749	0.00412639	
363.4	0.00237914	2.52229e-07	0.00135967	0.00237914	0.216342	0.00607433	32.7443	0.00412639	
363.41	0.00181886	0.00152711	0.00135967	0.00237494	0.217513	40.0167	32.8021	0.00412639	
363.42	0.000412964	0.00234464	0.00135967	0.00238073	0.2159	80.0109	32.7224	0.00412639	
363.43	-0.00119727	0.00207572	0.00135967	0.00239627	0.211609	119.976	32.5102	0.00412639	
363.44	-0.00227918	0.00081783	0.00135967	0.00242147	0.204772	160.261	32.1718	0.00412639	
363.45	-0.00229382	-0.000873318	0.00135967	0.00245444	0.19606	200.843	31.7397	0.00412639	
363.46	-0.00118196	-0.00219397	0.00135967	0.00249209	0.186428	241.687	31.2601	0.00412639	
363.47	0.000574361	-0.00246539	0.00135967	0.00253141	0.176731	283.114	30.7746	0.00412639	
363.48	0.00210508	-0.00147092	0.00135967	0.00256807	0.168018	325.056	30.3353	0.00412639	
363.49	0.00257551	0.000335473	0.00135967	0.00259727	0.161302	7.42127	29.9943	0.00412639	
363.5	0.00166327	0.00201781	0.00135967	0.00261496	0.157328	50.5015	29.7913	0.00412639	
363.51	-0.00019133	0.00260944	0.00135967	0.00261645	0.156997	94.1936	29.7744	0.00412639	
363.52	-0.0019426	0.00172494	0.00135967	0.0025979	0.161157	138.396	29.9869	0.00412639	
363.53	-0.00255166	-0.000152565	0.00135967	0.00255622	0.170799	183.422	30.4759	0.00412639	
363.54	-0.00162654	-0.00188457	0.00135967	0.00248942	0.187101	229.203	31.2937	0.00412639	
363.55	0.000237822	-0.00238516	0.00135967	0.00239698	0.211412	275.694	32.5005	0.00412639	
363.56	0.00182859	-0.00136168	0.00135967	0.00227989	0.245164	323.326	34.1697	0.00412639	
363.57	0.00209381	0.000452067	0.00135967	0.00214206	0.289098	12.1835	36.3683	0.00412639	
363.58	0.000922246	0.0017648	0.00135967	0.00199124	0.342188	62.4094	39.1228	0.00412639	
363.59	-0.000768464	0.00167053	0.00135967	0.00183881	0.400722	114.703	42.3662	0.00412639	
363.6	-0.00167399	0.000315882	0.00135967	0.00170353	0.456173	169.314	45.7304	0.00412639	
363.61	-0.00111438	-0.00116298	0.00135967	0.0016107	0.495753	226.222	48.3659	0.00412639	
363.62	0.000417605	-0.00153132	0.00135967	0.00158724	0.505916	285.254	49.0808	0.00412639	
363.63	0.00159544	-0.000432496	0.00135967	0.00165302	0.477578	344.833	47.1278	0.00412639	
363.64	0.00131627	0.00124116	0.00135967	0.00180916	0.412618	43.3179	43.0605	0.00412639	
363.65	-0.000339899	0.00201073	0.00135967	0.00203926	0.324739	99.5947	38.2017	0.00412639	
363.66	-0.00208529	0.00102134	0.00135967	0.00232197	0.232653	153.905	33.5504	0.00412639	
363.67	-0.00235946	-0.0011721	0.00135967	0.00263455	0.153012	206.417	29.5698	0.00412639	
363.68	-0.000645065	-0.00288643	0.00135967	0.00295763	0.0938662	257.402	26.3397	0.00412639	
363.69	0.00199707	-0.0025993	0.00135967	0.00327791	0.0546931	307.535	23.7661	0.00412639	
363.7	0.0035767	-0.000191683	0.00135967	0.00358184	0.0311201	356.932	21.7495	0.00412639	
363.71	0.00269733	0.00275833	0.00135967	0.00385798	0.0178536	45.6406	20.1927	0.00412639	
363.72	-0.000293261	0.00408899	0.00135967	0.00409949	0.0106167	94.1022	19.0031	0.00412639	
363.73	-0.00339892	0.00263035	0.00135967	0.00429784	0.00676627	142.264	18.1261	0.00412639	
363.74	-0.00437838	-0.00077649	0.00135967	0.0044467	0.00475825	190.057	17.5193	0.00412639	
363.75	-0.00241915	-0.00384457	0.00135967	0.00454235	0.00377095	237.82	17.1504	0.00412639	
363.76	0.00122018	-0.0044154	0.00135967	0.00458089	0.00342889	285.448	17.0061	0.00412639	
363.77	0.0040569	-0.00208317	0.00135967	0.00456049	0.00360628	332.82	17.0822	0.00412639	
363.78	0.00420353	0.00155044	0.00135967	0.00448035	0.004387	20.2461	17.3877	0.00412639	
363.79	0.00165505	0.00401346	0.00135967	0.00434132	0.00611258	67.59	17.9446	0.00412639	
363.8	-0.00173309	0.00376621	0.00135967	0.00414583	0.00957429	114.71	18.7907	0.00412639	
363.81	-0.00370293	0.00121078	0.00135967	0.00389585	0.0164905	161.893	19.9964	0.00412639	
363.82	-0.00314613	-0.00174234	0.00135967	0.00359637	0.0302542	208.978	21.6616	0.00412639	
363.83	-0.000798527	-0.00315415	0.00135967	0.00325366	0.0570868	255.793	23.9433	0.00412639	
363.84	0.00154623	-0.00242015	0.00135967	0.00287192	0.107448	302.574	27.1258	0.00412639	
363.85	0.00241445	-0.000465898	0.00135967	0.00245899	0.194879	349.078	31.681	0.00412639	
363.86	0.00165829	0.00116027	0.00135967	0.00202389	0.330268	34.9796	38.4917	0.00412639	
363.87	0.000269161	0.00154913	0.00135967	0.00157234	0.5124	80.1433	49.5459	0.00412639	
363.88	-0.000613527	0.00093245	0.00135967	0.00111619	0.713936	123.344	69.7939	0.00412639	
363.89	-0.000635242	0.000222136	0.00135967	0.000672961	0.884718	160.726	115.762	0.00412639	
363.9	-0.000314585	5.15073e-05	0.00135967	0.000318774	0.972891	170.701	244.384	0.00412639	
363.91	-0.000331894	0.000247095	0.00135967	0.000413775	0.95475	143.332	188.274	0.00412639	
363.92	-0.000773702	0.000151902	0.00135967	0.000788472	0.845233	168.892	98.8026	0.00412639	
363.93	-0.00102921	-0.000574855	0.00135967	0.00117887	0.686693	209.185	66.083	0.00412639	
363.94	-0.00044423	-0.00148619	0.00135967	0.00155116	0.521652	253.358	50.2226	0.00412639	
363.95	0.000917572	-0.00165742	0.00135967	0.00189446	0.378825	298.97	41.1216	0.00412639	
363.96	0.00212874	-0.000565731	0.00135967	0.00220263	0.269236	345.117	35.3682	0.00412639	
363.97	0.00210428	0.00130259	0.00135967	0.00247482	0.190804	31.7582	31.4783	0.00412639	
363.98	0.000536037	0.00265477	0.00135967	0.00270834	0.137536	78.5846	28.7641	0.00412639	
363.99	-0.00167878	0.00236695	0.00135967	0.00290186	0.102541	125.347	26.846	0.00412639	
364	-0.00302935	0.000411782	0.00135967	0.00305721	0.0798284	172.259	25.4818	0.00412639	
364.01	-0.00246334	-0.00200289	0.00135967	0.00317484	0.0654709	219.114	24.5376	0.00412639	
364.02	-0.000243594	-0.00324744	0.00135967	0.00325657	0.056795	265.71	23.9219	0.00412639	
364.03	0.0022237	-0.0024459	0.00135967	0.00330564	0.0520579	312.276	23.5667	0.00412639	
364.04	0.0033244	-8.08446e-05	0.00135967	0.00332538	0.0502468	358.607	23.4268	0.00412639	
364.05	0.00236777	0.00232661	0.00135967	0.00331956	0.0507757	44.4975	23.4679	0.00412639	
364.06	-9.04186e-06	0.00329342	0.00135967	0.00329344	0.053204	90.1573	23.6541	0.00412639	
364.07	-0.00231501	0.00228462	0.00135967	0.0032525	0.0572031	135.379	23.9518	0.00412639	
364.08	-0.00320374	2.45944e-06	0.00135967	0.00320374	0.0622867	179.956	24.3163	0.00412639	
364.09	-0.00226455	-0.00219536	0.00135967	0.00315401	0.0678474	224.111	24.6997	0.00412639	
364.1	-0.000125993	-0.00310899	0.00135967	0.00311155	0.0729099	267.679	25.0368	0.00412639	
364.11	0.0020054	-0.00234445	0.00135967	0.00308514	0.0762086	310.543	25.2511	0.00412639	
364.12	0.00306003	-0.00037378	0.00135967	0.00308277	0.0765103	353.036	25.2705	0.00412639	
364.13	0.00254462	0.0017921	0.00135967	0.00311234	0.0728118	35.1558	25.0304	0.00412639	
364.14	0.00071014	0.00309825	0.00135967	0.0031786	0.06505	77.0904	24.5087	0.00412639	
364.15	-0.0015877	0.00287496	0.00135967	0.00328423	0.0540822	118.91	23.7203	0.00412639	
364.16	-0.0032437	0.00111331	0.00135967	0.00342944	0.041548	161.057	22.716	0.00412639	
364.17	-0.0033098	-0.00144239	0.00135967	0.00361044	0.0294361	203.547	21.5772	0.00412639	
364.18	-0.00153386	-0.00349986	0.00135967	0.00382122	0.01927	246.334	20.387	0.00412639	
364.19	0.00136774	-0.00381828	0.00135967	0.00405586	0.0116893	289.708	19.2076	0.00412639	
364.2	0.00385483	-0.00191983	0.00135967	0.00430644	0.00663213	333.525	18.0899	0.00412639	
364.21	0.00435039	0.00138085	0.00135967	0.00456428	0.00357273	17.6099	17.068	0.00412639	
364.22	0.00225116	0.00426584	0.00135967	0.0048234	0.00185045	62.1786	16.1511	0.00412639	
364.23	-0.00148763	0.00485314	0.00135967	0.00507603	0.000940856	107.042	15.3473	0.00412639	
364.24	-0.00469274	0.00249471	0.00135967	0.00531464	0.000481168	152.004	14.6582	0.00412639	
364.25	-0.00528566	-0.00164547	0.00135967	0.00553586	0.000251394	197.292	14.0725	0.00412639	
364.26	-0.0026274	-0.00509535	0.00135967	0.00573287	0.000137908	242.722	13.5889	0.00412639	
364.27	0.00183479	-0.00560924	0.00135967	0.0059017	8.10708e-05	288.113	13.2001	0.00412639	
364.28	0.00541526	-0.00267532	0.00135967	0.00604007	5.18536e-05	333.709	12.8977	0.00412639	
364.29	0.00579795	0.00203521	0.00135967	0.00614478	3.67206e-05	19.3422	12.6779	0.00412639	
364.3	0.00264164	0.0056255	0.00135967	0.00621487	2.90511e-05	64.846	12.535	0.00412639	
364.31	-0.00218608	0.00585469	0.00135967	0.0062495	2.58495e-05	110.475	12.4655	0.00412639	
364.32	-0.00571206	0.00253425	0.00135967	0.00624901	2.58929e-05	156.075	12.4665	0.00412639	
364.33	-0.00578245	-0.00227653	0.00135967	0.00621445	2.90921e-05	201.489	12.5358	0.00412639	
364.34	-0.00240364	-0.00565803	0.00135967	0.00614742	3.63997e-05	246.983	12.6725	0.00412639	
364.35	0.00230627	-0.00559327	0.00135967	0.00605009	5.01815e-05	292.408	12.8764	0.00412639	
364.36	0.00547973	-0.00225638	0.00135967	0.0059261	7.49828e-05	337.62	13.1458	0.00412639	
364.37	0.00532198	0.00224731	0.00135967	0.00577701	0.000120201	22.8929	13.485	0.00412639	
364.38	0.00209222	0.00520196	0.00135967	0.00560694	0.00020292	68.0901	13.8941	0.00412639	
364.39	-0.00213642	0.00497985	0.00135967	0.00541878	0.000355635	113.22	14.3765	0.00412639	
364.4	-0.00484177	0.00194123	0.00135967	0.00521643	0.000636475	158.152	14.9342	0.00412639	
364.41	-0.00459713	-0.00196865	0.00135967	0.00500092	0.00115457	203.182	15.5778	0.00412639	
364.42	-0.00177389	-0.00443349	0.00135967	0.0047752	0.0020971	248.193	16.3141	0.00412639	
364.43	0.00177996	-0.0041785	0.00135967	0.00454181	0.00377597	293.073	17.1524	0.00412639	
364.44	0.00399084	-0.0016018	0.00135967	0.0043003	0.00672761	338.131	18.1157	0.00412639	
364.45	0.00372266	0.00160048	0.00135967	0.00405213	0.0117852	23.2643	19.2252	0.00412639	
364.46	0.00139947	0.00353087	0.00135967	0.0037981	0.0202103	68.379	20.5111	0.00412639	
364.47	-0.00142689	0.003236	0.00135967	0.00353662	0.0339508	113.795	22.0276	0.00412639	
364.48	-0.00305954	0.00114839	0.00135967	0.00326796	0.0556647	159.427	23.8385	0.00412639	
364.49	-0.00270784	-0.00127411	0.00135967	0.00299262	0.0887269	205.198	26.0317	0.00412639	
364.5	-0.000861055	-0.00256787	0.00135967	0.00270839	0.137526	251.463	28.7636	0.00412639	
364.51	0.00114147	-0.00213013	0.00135967	0.00241669	0.206057	298.185	32.2355	0.00412639	
364.52	0.00205023	-0.000535314	0.00135967	0.00211897	0.296895	345.367	36.7647	0.00412639	
364.53	0.0015129	0.00100267	0.00135967	0.001815	0.410262	33.5344	42.9219	0.00412639	
364.54	0.000184919	0.00149758	0.00135967	0.00150895	0.540195	82.9608	51.6272	0.00412639	
364.55	-0.000843016	0.000864165	0.00135967	0.00120725	0.674229	134.29	64.5293	0.00412639	
364.56	-0.000906761	-0.00015235	0.00135967	0.00091947	0.795603	189.538	84.7261	0.00412639	
364.57	-0.000204983	-0.000640709	0.00135967	0.0006727	0.884803	252.259	115.807	0.00412639	
364.58	0.000446712	-0.000284834	0.00135967	0.000529794	0.926896	327.477	147.044	0.00412639	
364.59	0.000376663	0.000424295	0.00135967	0.000567363	0.91662	48.4033	137.307	0.00412639	
364.6	-0.000352194	0.00066087	0.00135967	0.000748859	0.85927	118.054	104.029	0.00412639	
364.61	-0.000983809	4.53437e-05	0.00135967	0.000984853	0.769257	177.361	79.1012	0.00412639	
364.62	-0.000761575	-0.000968105	0.00135967	0.00123176	0.663418	231.809	63.2456	0.00412639	
364.63	0.000351409	-0.00142706	0.00135967	0.00146969	0.557555	283.834	53.0065	0.00412639	
364.64	0.00152593	-0.000723253	0.00135967	0.00168866	0.462439	334.64	46.1331	0.00412639	
364.65	0.00170993	0.000785657	0.00135967	0.00188178	0.383762	24.6773	41.3986	0.00412639	
364.66	0.000543637	0.00197243	0.00135967	0.00204597	0.322338	74.5908	38.0763	0.00412639	
364.67	-0.00123153	0.00179598	0.00135967	0.00217766	0.277318	124.439	35.7737	0.00412639	
364.68	-0.00226316	0.000228707	0.00135967	0.00227469	0.24674	174.229	34.2479	0.00412639	
364.69	-0.00167006	-0.00163556	0.00135967	0.00233755	0.228129	224.402	33.3268	0.00412639	
364.7	0.000203587	-0.00235774	0.00135967	0.00236651	0.219877	274.935	32.919	0.00412639	
364.71	0.00195591	-0.00132892	0.00135967	0.00236466	0.220399	325.806	32.9448	0.00412639	
364.72	0.00222883	0.000701999	0.00135967	0.00233677	0.228356	17.4825	33.338	0.00412639	
364.73	0.000784367	0.00215154	0.00135967	0.00229006	0.242102	69.9701	34.018	0.00412639	
364.74	-0.00122584	0.00186876	0.00135967	0.00223493	0.258997	123.264	34.857	0.00412639	
364.75	-0.0021829	8.3989e-05	0.00135967	0.00218452	0.275085	177.797	35.6614	0.00412639	
364.76	-0.00128478	-0.00172972	0.00135967	0.00215467	0.284893	233.396	36.1555	0.00412639	
364.77	0.000727685	-0.00203592	0.00135967	0.00216206	0.282444	289.668	36.0319	0.00412639	
364.78	0.00215914	-0.000518661	0.00135967	0.00222056	0.263521	346.493	35.0826	0.00412639	
364.79	0.00170728	0.00159754	0.00135967	0.00233815	0.227956	43.0981	33.3182	0.00412639	
364.8	-0.000383034	0.00248443	0.00135967	0.00251379	0.181032	98.7645	30.9903	0.00412639	
364.81	-0.00245319	0.00122377	0.00135967	0.00274149	0.130978	153.488	28.4164	0.00412639	
364.82	-0.00268164	-0.00136561	0.00135967	0.00300933	0.0863518	206.987	25.8872	0.00412639	
364.83	-0.000621321	-0.00324457	0.00135967	0.00330353	0.0522549	259.159	23.5818	0.00412639	
364.84	0.00234456	-0.00274946	0.00135967	0.00361338	0.0292674	310.455	21.5596	0.00412639	
364.85	0.0039259	5.97466e-05	0.00135967	0.00392635	0.01546	0.871894	19.8411	0.00412639	
364.86	0.00269747	0.00326015	0.00135967	0.00423142	0.0078866	50.3954	18.4106	0.00412639	
364.87	-0.000742563	0.00445993	0.00135967	0.00452132	0.00397048	99.4529	17.2302	0.00412639	
364.88	-0.00405938	0.00253786	0.00135967	0.00478741	0.00203191	147.987	16.2725	0.00412639	
364.89	-0.0048267	-0.00139099	0.00135967	0.00502313	0.00108709	196.076	15.5089	0.00412639	
364.9	-0.00231894	-0.00467905	0.00135967	0.00522216	0.000626258	243.637	14.9178	0.00412639	
364.91	0.00192918	-0.00502388	0.00135967	0.00538156	0.000396482	291.007	14.4759	0.00412639	
364.92	0.00509943	-0.00205225	0.00135967	0.0054969	0.000282386	338.078	14.1722	0.00412639	
364.93	0.00505476	0.00232899	0.00135967	0.0055655	0.000229986	24.7379	13.9975	0.00412639	
364.94	0.00179145	0.00529099	0.00135967	0.00558605	0.000216168	71.2947	13.946	0.00412639	
364.95	-0.00257673	0.00492381	0.00135967	0.00555729	0.000235738	117.624	14.0182	0.00412639	
364.96	-0.00525641	0.00154741	0.00135967	0.00547944	0.000297407	163.596	14.2174	0.00412639	
364.97	-0.00465858	-0.00263631	0.00135967	0.00535281	0.000430998	209.506	14.5537	0.00412639	
364.98	-0.00132141	-0.00500673	0.00135967	0.00517818	0.000708742	255.215	15.0445	0.00412639	
364.99	0.00252293	-0.00426845	0.00135967	0.00495831	0.001295	300.586	15.7116	0.00412639	
365	0.00455194	-0.00114425	0.00135967	0.00469355	0.0025848	345.89	16.5979	0.00412639	
365.01	0.0037615	0.00225761	0.00135967	0.00438699	0.00548784	30.9717	17.7578	0.00412639	
365.02	0.00100097	0.0039167	0.00135967	0.00404258	0.0120342	75.664	19.2706	0.00412639	
365.03	-0.00184106	0.00316502	0.00135967	0.00366153	0.0266217	120.186	21.2761	0.00412639	
365.04	-0.00312667	0.000878865	0.00135967	0.00324784	0.0576738	164.3	23.9861	0.00412639	
365.05	-0.00248592	-0.0013049	0.00135967	0.00280759	0.118609	207.696	27.7474	0.00412639	
365.06	-0.00079048	-0.00220617	0.00135967	0.00234351	0.226416	250.287	33.2421	0.00412639	
365.07	0.000674437	-0.0017389	0.00135967	0.00186511	0.390301	291.199	41.7687	0.00412639	
365.08	0.00118558	-0.000725281	0.00135967	0.00138983	0.593076	328.544	56.0522	0.00412639	
365.09	0.000954595	-3.83164e-05	0.00135967	0.000955363	0.781254	357.701	81.5429	0.00412639	
365.1	0.000688444	9.78107e-05	0.00135967	0.000695358	0.877416	8.08618	112.033	0.00412639	
365.11	0.000809481	0.000159597	0.00135967	0.000825064	0.831843	11.1533	94.4207	0.00412639	
365.12	0.00101892	0.000694972	0.00135967	0.00123337	0.662706	34.2965	63.163	0.00412639	
365.13	0.000603604	0.00162294	0.00135967	0.00173155	0.444451	69.5988	44.9904	0.00412639	
365.14	-0.000764421	0.00211969	0.00135967	0.00225331	0.253283	109.831	34.5727	0.00412639	
365.15	-0.00245393	0.00129143	0.00135967	0.00277301	0.124963	152.243	28.0934	0.00412639	
365.16	-0.00315322	-0.00090743	0.00135967	0.00328119	0.0543753	196.055	23.7423	0.00412639	
365.17	-0.00184524	-0.00328378	0.00135967	0.00376672	0.0215507	240.667	20.682	0.00412639	
365.18	0.00114235	-0.00406348	0.00135967	0.004221	0.00807676	285.702	18.4561	0.00412639	
365.19	0.00407045	-0.00222776	0.00135967	0.00464021	0.0029574	331.308	16.7887	0.00412639	
365.2	0.00479073	0.00148977	0.00135967	0.00501702	0.00110528	17.2741	15.5278	0.00412639	
365.21	0.00239265	0.00478073	0.00135967	0.00534604	0.000439521	63.413	14.5721	0.00412639	
365.22	-0.00192295	0.0052861	0.00135967	0.005625	0.000192086	109.99	13.8494	0.00412639	
365.23	-0.00537915	0.00229952	0.00135967	0.00585005	9.55336e-05	156.854	13.3167	0.00412639	
365.24	-0.00550505	-0.00243453	0.00135967	0.00601934	5.54795e-05	203.857	12.9421	0.00412639	
365.25	-0.00196668	-0.00580913	0.00135967	0.00613302	3.81836e-05	251.296	12.7023	0.00412639	
365.26	0.00300575	-0.00541354	0.00135967	0.00619201	3.13667e-05	299.04	12.5812	0.00412639	
365.27	0.0060387	-0.00139924	0.00135967	0.00619869	3.0672e-05	346.954	12.5677	0.00412639	
365.28	0.00502167	0.00356266	0.00135967	0.00615709	3.52472e-05	35.354	12.6526	0.00412639	
365.29	0.000622872	0.0060403	0.00135967	0.00607233	4.66527e-05	84.1125	12.8292	0.00412639	
365.3	-0.00406638	0.00434524	0.00135967	0.00595118	6.91792e-05	133.101	13.0904	0.00412639	
365.31	-0.00579445	-0.000267534	0.00135967	0.00580062	0.000111635	182.644	13.4301	0.00412639	
365.32	-0.0034191	-0.00447179	0.00135967	0.00562913	0.000189684	232.599	13.8393	0.00412639	
365.33	0.00120821	-0.0053104	0.00135967	0.00544611	0.00032819	282.818	14.3044	0.00412639	
365.34	0.00470969	-0.00233837	0.00135967	0.00525825	0.00056537	333.595	14.8154	0.00412639	
365.35	0.00460787	0.00212412	0.00135967	0.00507389	0.000946389	24.7486	15.3537	0.00412639	
365.36	0.00117988	0.00475503	0.00135967	0.00489923	0.00151591	76.0645	15.9011	0.00412639	
365.37	-0.00290222	0.00374392	0.00135967	0.00473706	0.00231326	127.782	16.4454	0.00412639	
365.38	-0.00458906	2.77993e-05	0.00135967	0.00458915	0.00335942	179.653	16.9755	0.00412639	
365.39	-0.00276787	-0.00348962	0.00135967	0.00445405	0.00467478	231.58	17.4904	0.00412639	
365.4	0.000996526	-0.00421196	0.00135967	0.00432824	0.00630292	283.311	17.9988	0.00412639	
365.41	0.00381399	-0.00177123	0.00135967	0.00420521	0.00837265	335.09	18.5254	0.00412639	
365.42	0.00364369	0.0018332	0.00135967	0.00407886	0.0111124	26.7078	19.0992	0.00412639	
365.43	0.000820397	0.00385645	0.00135967	0.00394275	0.0149297	77.9903	19.7586	0.00412639	
365.44	-0.00239886	0.00293425	0.00135967	0.00379003	0.0205477	129.267	20.5547	0.00412639	
365.45	-0.00361599	-2.69725e-05	0.00135967	0.0036161	0.0291123	180.427	21.5434	0.00412639	
365.46	-0.00213315	-0.00267164	0.00135967	0.00341877	0.0423773	231.395	22.7869	0.00412639	
365.47	0.000696965	-0.00311886	0.00135967	0.00319578	0.0631505	282.597	24.3768	0.00412639	
365.48	0.0026518	-0.001291	0.00135967	0.00294937	0.0951139	334.041	26.4135	0.00412639	
365.49	0.00241706	0.00116833	0.00135967	0.00268462	0.142378	25.7976	29.0183	0.00412639	
365.5	0.000479897	0.0023592	0.00135967	0.00240752	0.208538	78.5021	32.3583	0.00412639	
365.51	-0.00143763	0.00157213	0.00135967	0.00213035	0.293036	132.441	36.5682	0.00412639	
365.52	-0.00185253	-0.000260989	0.00135967	0.00187083	0.388053	188.019	41.641	0.00412639	
365.53	-0.000667003	-0.00151033	0.00135967	0.00165106	0.478416	246.172	47.1838	0.00412639	
365.54	0.000902039	-0.00119995	0.00135967	0.00150118	0.543624	306.933	51.8946	0.00412639	
365.55	0.00142924	0.000230357	0.00135967	0.00144768	0.567322	9.1559	53.8124	0.00412639	
365.56	0.000485805	0.00141676	0.00135967	0.00149773	0.545147	71.0732	52.0141	0.00412639	
365.57	-0.00106161	0.00124122	0.00135967	0.00163329	0.486025	130.54	47.697	0.00412639	
365.58	-0.00180951	-0.000214335	0.00135967	0.00182216	0.407384	186.755	42.7533	0.00412639	
365.59	-0.00100555	-0.00177039	0.00135967	0.00203603	0.325897	240.404	38.2623	0.00412639	
365.6	0.000840809	-0.00208996	0.00135967	0.00225276	0.253456	291.915	34.5813	0.00412639	
365.61	0.0023327	-0.000772902	0.00135967	0.00245741	0.195289	341.668	31.7014	0.00412639	
365.62	0.00227964	0.00133526	0.00135967	0.00264191	0.151414	30.3589	29.4874	0.00412639	
365.63	0.000576805	0.00274	0.00135967	0.00280005	0.119972	78.1121	27.822	0.00412639	
365.64	-0.00168494	0.00239569	0.00135967	0.00292888	0.098262	125.12	26.5982	0.00412639	
365.65	-0.00299324	0.000453377	0.00135967	0.00302738	0.0838444	171.387	25.7328	0.00412639	
365.66	-0.00246303	-0.00187661	0.00135967	0.00309648	0.0747775	217.304	25.1586	0.00412639	
365.67	-0.000392252	-0.00311279	0.00135967	0.0031374	0.0697921	262.818	24.8304	0.00412639	
365.68	0.00193536	-0.00248833	0.00135967	0.00315237	0.068038	307.875	24.7126	0.00412639	
365.69	0.00311924	-0.000392198	0.00135967	0.0031438	0.0690373	352.834	24.7799	0.00412639	
365.7	0.00246593	0.00190143	0.00135967	0.00311388	0.0726242	37.6352	25.018	0.00412639	
365.71	0.000414252	0.00303678	0.00135967	0.0030649	0.0788181	82.2321	25.4178	0.00412639	
365.72	-0.00180446	0.00239478	0.00135967	0.00299851	0.0878837	126.998	25.9806	0.00412639	
365.73	-0.00288642	0.000410681	0.00135967	0.00291549	0.100365	171.902	26.7204	0.00412639	
365.74	-0.00225209	-0.0016927	0.00135967	0.00281729	0.11687	216.929	27.6518	0.00412639	
365.75	-0.000353493	-0.00268049	0.00135967	0.0027037	0.138474	262.487	28.8135	0.00412639	
365.76	0.00160709	-0.00201324	0.00135967	0.00257602	0.166168	308.599	30.2416	0.00412639	
365.77	0.0024278	-0.000199561	0.00135967	0.00243599	0.200904	355.301	31.9801	0.00412639	
365.78	0.00166918	0.00156225	0.00135967	0.00228622	0.243255	43.1047	34.0751	0.00412639	
365.79	-7.94165e-05	0.00213105	0.00135967	0.00213253	0.2923	92.1342	36.5308	0.00412639	
365.8	-0.00157532	0.00120721	0.00135967	0.00198469	0.344608	142.536	39.252	0.00412639	
365.81	-0.00179262	-0.000476793	0.00135967	0.00185494	0.394314	194.894	41.9976	0.00412639	
365.82	-0.000627002	-0.00164655	0.00135967	0.00176189	0.431892	249.153	44.2157	0.00412639	
365.83	0.00098494	-0.00141628	0.00135967	0.0017251	0.44714	304.816	45.1587	0.00412639	
365.84	0.00175908	4.15584e-05	0.00135967	0.00175957	0.432845	1.35336	44.2739	0.00412639	
365.85	0.0010062	0.00157578	0.00135967	0.00186963	0.388523	57.4402	41.6677	0.00412639	
365.86	-0.00076717	0.00189686	0.00135967	0.00204613	0.322283	112.02	38.0734	0.00412639	
365.87	-0.00219675	0.000585208	0.00135967	0.00227337	0.247141	165.083	34.2677	0.00412639	
365.88	-0.00203497	-0.00150763	0.00135967	0.0025326	0.176443	216.533	30.7601	0.00412639	
365.89	-0.000165418	-0.00280161	0.00135967	0.00280649	0.118806	266.621	27.7582	0.00412639	
365.9	0.0021956	-0.00215931	0.00135967	0.00307949	0.0769299	315.477	25.2974	0.00412639	
365.91	0.00333421	0.000211855	0.00135967	0.00334094	0.0488571	3.63567	23.3177	0.00412639	
365.92	0.00224683	0.00278688	0.00135967	0.0035798	0.0312433	51.1236	21.7619	0.00412639	
365.93	-0.000522623	0.00375104	0.00135967	0.00378727	0.0206642	97.9318	20.5697	0.00412639	
365.94	-0.00321988	0.00230162	0.00135967	0.00395791	0.0144537	144.442	19.6829	0.00412639	
365.95	-0.00401687	-0.000749586	0.00135967	0.00408621	0.0109335	190.57	19.0649	0.00412639	
365.96	-0.00231724	-0.00346476	0.00135967	0.00416823	0.00910404	236.225	18.6897	0.00412639	
365.97	0.000852873	-0.00411552	0.00135967	0.00420296	0.00841552	281.708	18.5353	0.00412639	
365.98	0.00350926	-0.00228844	0.00135967	0.0041895	0.00867677	326.891	18.5949	0.00412639	
365.99	0.00404416	0.000832977	0.00135967	0.00412905	0.00994077	11.6385	18.8671	0.00412639	
366	0.00223771	0.00334426	0.00135967	0.00402385	0.0125361	56.2127	19.3603	0.00412639	
366.01	-0.00070364	0.0038134	0.00135967	0.00387778	0.0171292	100.455	20.0896	0.00412639	
366.02	-0.0029978	0.00216194	0.00135967	0.00369605	0.0248545	144.202	21.0774	0.00412639	
366.03	-0.00345224	-0.000465295	0.00135967	0.00348346	0.0375564	187.676	22.3637	0.00412639	
366.04	-0.00205698	-0.00251219	0.00135967	0.00324689	0.0577703	230.689	23.9932	0.00412639	
366.05	0.000158903	-0.00299008	0.00135967	0.0029943	0.0884861	273.042	26.0172	0.00412639	
366.06	0.00192801	-0.00193435	0.00135967	0.00273111	0.133006	314.906	28.5244	0.00412639	
366.07	0.00246015	-0.000170385	0.00135967	0.00246605	0.193055	356.038	31.5903	0.00412639	
366.08	0.00178109	0.00130306	0.00135967	0.00220686	0.267881	36.1894	35.3004	0.00412639	
366.09	0.000492237	0.00189654	0.00135967	0.00195938	0.354041	75.4502	39.7592	0.00412639	
366.1	-0.000690835	0.00158701	0.00135967	0.00173086	0.44474	113.524	45.0084	0.00412639	
366.11	-0.00132498	0.000761115	0.00135967	0.00152802	0.531799	150.125	50.9829	0.00412639	
366.12	-0.00134964	-0.000126439	0.00135967	0.00135555	0.608367	185.352	57.4698	0.00412639	
366.13	-0.000946217	-0.000767968	0.00135967	0.00121865	0.669206	219.063	63.9259	0.00412639	
366.14	-0.000356499	-0.00106254	0.00135967	0.00112075	0.711967	251.453	69.5096	0.00412639	
366.15	0.000237169	-0.00103674	0.00135967	0.00106352	0.736452	282.886	73.2504	0.00412639	
366.16	0.00072926	-0.000749087	0.00135967	0.00104544	0.744084	314.232	74.5168	0.00412639	
366.17	0.0010321	-0.000255065	0.00135967	0.00106315	0.736608	346.119	73.2758	0.00412639	
366.18	0.00105055	0.00036186	0.00135967	0.00111112	0.716118	19.0062	70.1121	0.00412639	
366.19	0.000705469	0.00095047	0.00135967	0.00118367	0.684588	53.416	65.8148	0.00412639	
366.2	1.43665e-05	0.00127481	0.00135967	0.00127489	0.644297	89.3543	61.1057	0.00412639	
366.21	-0.000823727	0.00110588	0.00135967	0.00137895	0.597931	126.681	56.4947	0.00412639	
366.22	-0.00144385	0.000372521	0.00135967	0.00149113	0.548065	165.533	52.2444	0.00412639	
366.23	-0.00144738	-0.000696571	0.00135967	0.00160628	0.497666	205.7	48.4991	0.00412639	
366.24	-0.000673327	-0.00158188	0.00135967	0.00171922	0.449595	246.943	45.3131	0.00412639	
366.25	0.000607519	-0.00172259	0.00135967	0.00182658	0.40561	289.427	42.6498	0.00412639	
366.26	0.001714	-0.000874807	0.00135967	0.00192434	0.367312	332.961	40.483	0.00412639	
366.27	0.00191845	0.000599659	0.00135967	0.00200999	0.335317	17.3579	38.758	0.00412639	
366.28	0.000950243	0.00185331	0.00135967	0.00208272	0.30938	62.8545	37.4045	0.00412639	
366.29	-0.000708314	0.00202209	0.00135967	0.00214255	0.288932	109.305	36.3599	0.00412639	
366.3	-0.00201066	0.000872225	0.00135967	0.00219169	0.27276	156.549	35.5448	0.00412639	
366.31	-0.00202706	-0.000939073	0.00135967	0.00223402	0.259284	204.857	34.8713	0.00412639	
366.32	-0.000625434	-0.00218779	0.00135967	0.00227543	0.246513	254.046	34.2366	0.00412639	
366.33	0.00129481	-0.00192851	0.00135967	0.00232286	0.232393	303.878	33.5376	0.00412639	
366.34	0.00237299	-0.00022807	0.00135967	0.00238393	0.215012	354.51	32.6785	0.00412639	
366.35	0.00172575	0.00176125	0.00135967	0.00246581	0.193116	45.5832	31.5933	0.00412639	
366.36	-0.000299632	0.00255526	0.00135967	0.00257277	0.166924	96.688	30.2799	0.00412639	
366.37	-0.00229358	0.00143972	0.00135967	0.00270801	0.137603	147.883	28.7677	0.00412639	
366.38	-0.00271687	-0.000924209	0.00135967	0.00286977	0.107808	198.787	27.1462	0.00412639	
366.39	-0.00108216	-0.00285564	0.00135967	0.00305381	0.0802784	249.246	25.5102	0.00412639	
366.4	0.00157802	-0.0028447	0.00135967	0.00325307	0.0571456	299.018	23.9476	0.00412639	
366.41	0.00338992	-0.000696901	0.00135967	0.00346082	0.0391879	348.383	22.51	0.00412639	
366.42	0.00292152	0.0022173	0.00135967	0.00366766	0.0263003	37.1968	21.2406	0.00412639	
366.43	0.000313217	0.00385211	0.00135967	0.00386482	0.0176003	85.3515	20.157	0.00412639	
366.44	-0.00276815	0.00294964	0.00135967	0.00404513	0.0119673	133.182	19.2585	0.00412639	
366.45	-0.00420083	-4.29588e-05	0.00135967	0.00420105	0.00845225	180.586	18.5437	0.00412639	
366.46	-0.00292455	-0.00318729	0.00135967	0.00432571	0.00634033	227.462	18.0093	0.00412639	
366.47	0.000317755	-0.0044038	0.00135967	0.00441525	0.0051308	274.127	17.6441	0.00412639	
366.48	0.00344379	-0.00284237	0.00135967	0.00446528	0.00454986	320.465	17.4464	0.00412639	
366.49	0.00444605	0.000495126	0.00135967	0.00447353	0.00446001	6.35446	17.4142	0.00412639	
366.5	0.0027281	0.00350198	0.00135967	0.00443919	0.00484488	52.0808	17.5489	0.00412639	
366.51	-0.00056997	0.00432488	0.00135967	0.00436227	0.0058184	97.5077	17.8584	0.00412639	
366.52	-0.00336675	0.00258479	0.00135967	0.00424455	0.0076528	142.485	18.3537	0.00412639	
366.53	-0.00405558	-0.000517317	0.00135967	0.00408844	0.0108797	187.269	19.0545	0.00412639	
366.54	-0.00241629	-0.00305856	0.00135967	0.00389785	0.0164213	231.691	19.9862	0.00412639	
366.55	0.000356912	-0.00366138	0.00135967	0.00367874	0.0257277	275.568	21.1766	0.00412639	
366.56	0.00259698	-0.00224939	0.00135967	0.0034357	0.0410675	319.102	22.6746	0.00412639	
366.57	0.0031742	0.000114887	0.00135967	0.00317627	0.0653101	2.07286	24.5266	0.00412639	
366.58	0.00208457	0.00202942	0.00135967	0.00290929	0.10135	44.2321	26.7774	0.00412639	
366.59	0.000198255	0.00263448	0.00135967	0.00264193	0.15141	85.6964	29.4872	0.00412639	
366.6	-0.00140699	0.00192538	0.00135967	0.00238468	0.214803	126.158	32.6681	0.00412639	
366.61	-0.00207921	0.00054468	0.00135967	0.00214937	0.286656	165.32	36.2447	0.00412639	
366.62	-0.00178704	-0.000769631	0.00135967	0.00194572	0.359184	203.3	40.0382	0.00412639	
366.63	-0.000892799	-0.0015465	0.00135967	0.00178571	0.422134	240.002	43.626	0.00412639	
366.64	0.000167634	-0.00166973	0.00135967	0.00167812	0.466897	275.733	46.4227	0.00412639	
366.65	0.0010671	-0.00122715	0.00135967	0.00162622	0.489064	311.009	47.9043	0.00412639	
366.66	0.00158295	-0.000370419	0.00135967	0.00162572	0.489281	346.83	47.9193	0.00412639	
366.67	0.00152599	0.000670812	0.00135967	0.00166692	0.471653	23.7299	46.7347	0.00412639	
366.68	0.000817321	0.00153284	0.00135967	0.00173713	0.44213	61.9332	44.8459	0.00412639	
366.69	-0.000371159	0.00178648	0.00135967	0.00182463	0.406392	101.737	42.6954	0.00412639	
366.7	-0.00153179	0.00115769	0.00135967	0.00192005	0.368953	142.919	40.5734	0.00412639	
366.71	-0.00200875	-0.000182066	0.00135967	0.00201698	0.332773	185.179	38.6236	0.00412639	
366.72	-0.0013971	-0.00158501	0.00135967	0.00211285	0.298979	228.606	36.871	0.00412639	
366.73	0.000112338	-0.00220325	0.00135967	0.00220611	0.26812	272.919	35.3124	0.00412639	
366.74	0.0017033	-0.00154195	0.00135967	0.00229757	0.239854	317.846	33.9067	0.00412639	
366.75	0.00238499	0.000147809	0.00135967	0.00238957	0.213452	3.54635	32.6014	0.00412639	
366.76	0.00160524	0.00189714	0.00135967	0.00248514	0.188181	49.7643	31.3476	0.00412639	
366.77	-0.000281222	0.00257148	0.00135967	0.00258681	0.163685	96.2412	30.1156	0.00412639	
366.78	-0.00215918	0.00161833	0.00135967	0.00269834	0.139562	143.148	28.8707	0.00412639	
366.79	-0.00277756	-0.000500764	0.00135967	0.00282234	0.115974	190.22	27.6023	0.00412639	
366.8	-0.00160345	-0.00248826	0.00135967	0.00296015	0.0934881	237.202	26.3173	0.00412639	
366.81	0.000767928	-0.00301712	0.00135967	0.00311331	0.072693	284.28	25.0226	0.00412639	
366.82	0.00287608	-0.00157997	0.00135967	0.00328149	0.0543467	331.218	23.7402	0.00412639	
366.83	0.00329667	0.00105925	0.00135967	0.00346266	0.0390528	17.8126	22.498	0.00412639	
366.84	0.00158544	0.00329411	0.00135967	0.00365579	0.0269259	64.2987	21.3095	0.00412639	
366.85	-0.00135149	0.00361322	0.00135967	0.00385771	0.0178638	110.508	20.1942	0.00412639	
366.86	-0.00372124	0.00163453	0.00135967	0.0040644	0.011472	156.287	19.1672	0.00412639	
366.87	-0.0039649	-0.00159524	0.00135967	0.00427379	0.00715426	201.917	18.2281	0.00412639	
366.88	-0.00173212	-0.00413331	0.00135967	0.00448157	0.00437399	247.263	17.383	0.00412639	
366.89	0.00178046	-0.00433294	0.00135967	0.00468448	0.00264492	292.338	16.63	0.00412639	
366.9	0.00449135	-0.00190405	0.00135967	0.00487828	0.00160225	337.026	15.9694	0.00412639	
366.91	0.00470579	0.00186481	0.00135967	0.00506182	0.000978234	21.6175	15.3903	0.00412639	
366.92	0.00212801	0.00477909	0.00135967	0.00523145	0.000610018	65.9977	14.8913	0.00412639	
366.93	-0.00184566	0.00505814	0.00135967	0.00538435	0.000393269	110.046	14.4684	0.00412639	
366.94	-0.0049637	0.0024143	0.00135967	0.00551971	0.000263831	154.062	14.1136	0.00412639	
366.95	-0.00536158	-0.00173482	0.00135967	0.00563526	0.000186178	197.93	13.8242	0.00412639	
366.96	-0.00273016	-0.00503694	0.00135967	0.00572927	0.000139453	241.541	13.5974	0.00412639	
366.97	0.00151944	-0.00559785	0.00135967	0.0058004	0.000111712	285.186	13.4306	0.00412639	
366.98	0.00499943	-0.00303274	0.00135967	0.00584737	9.63469e-05	328.758	13.3228	0.00412639	
366.99	0.00573675	0.00123519	0.00135967	0.00586822	9.01895e-05	12.151	13.2754	0.00412639	
367	0.00330708	0.00484015	0.00135967	0.00586206	9.1967e-05	55.6568	13.2894	0.00412639	
367.01	-0.000928383	0.00575202	0.00135967	0.00582646	0.000102922	99.1685	13.3706	0.00412639	
367.02	-0.00457466	0.0034998	0.00135967	0.00575987	0.000126804	142.583	13.5251	0.00412639	
367.03	-0.00562701	-0.000610579	0.00135967	0.00566004	0.000172603	186.193	13.7637	0.00412639	
367.04	-0.00355933	-0.00422582	0.00135967	0.00552507	0.000259641	229.893	14.0999	0.00412639	
367.05	0.00033412	-0.00534318	0.00135967	0.00535361	0.000429993	273.578	14.5515	0.00412639	
367.06	0.00379444	-0.00347141	0.00135967	0.00514281	0.000782283	317.546	15.148	0.00412639	
367.07	0.00489025	0.000144584	0.00135967	0.00489239	0.00154362	1.6935	15.9233	0.00412639	
367.08	0.00320163	0.00330701	0.00135967	0.0046029	0.00324647	45.9276	16.9248	0.00412639	
367.09	-4.23136e-05	0.00427275	0.00135967	0.00427296	0.00716792	90.5674	18.2316	0.00412639	
367.1	-0.0027876	0.00273477	0.00135967	0.00390509	0.0161723	135.548	19.9491	0.00412639	
367.11	-0.00350304	-5.11586e-05	0.00135967	0.00350341	0.0361669	180.837	22.2364	0.00412639	
367.12	-0.00209878	-0.0022407	0.00135967	0.00307012	0.0781385	226.873	25.3746	0.00412639	
367.13	0.000174068	-0.00260731	0.00135967	0.00261311	0.15774	273.819	29.8124	0.00412639	
367.14	0.00169319	-0.00131268	0.00135967	0.00214244	0.288972	322.215	36.3619	0.00412639	
367.15	0.00163184	0.000377872	0.00135967	0.00167502	0.468213	13.0377	46.5088	0.00412639	
367.16	0.000440796	0.00115645	0.00135967	0.00123761	0.660827	69.1351	62.9462	0.00412639	
367.17	-0.000643521	0.000628488	0.00135967	0.000899509	0.803454	135.677	86.6062	0.00412639	
367.18	-0.000654719	-0.000455212	0.00135967	0.000797417	0.841996	214.81	97.6943	0.00412639	
367.19	0.000330216	-0.000927762	0.00135967	0.000984777	0.769288	289.592	79.1074	0.00412639	
367.2	0.00130017	-0.000206692	0.00135967	0.00131649	0.625783	350.967	59.1747	0.00412639	
367.21	0.00119608	0.00117467	0.00135967	0.00167644	0.467609	44.4827	46.4693	0.00412639	
367.22	-0.000157357	0.00201192	0.00135967	0.00201806	0.332381	94.4722	38.603	0.00412639	
367.23	-0.00183883	0.00140946	0.00135967	0.00231687	0.234148	142.53	33.6243	0.00412639	
367.24	-0.00252447	-0.000413982	0.00135967	0.00255819	0.170334	189.313	30.4524	0.00412639	
