363.25	0.0110704	0.0123787	0.0111345	0.0166068	0.328821	48.1934	38.4156	0.0337916	
363.258	0.00125453	0.0163842	0.0111345	0.0164322	0.33656	85.6214	38.8238	0.0337916	
363.266	-0.00896273	0.0135397	0.0111345	0.0162374	0.345309	123.503	39.2895	0.0337916	
363.274	-0.0152349	0.00500011	0.0111345	0.0160345	0.354551	161.83	39.7868	0.0337916	
363.282	-0.0148111	-0.00560723	0.0111345	0.015837	0.363668	200.736	40.283	0.0337916	
363.29	-0.00785577	-0.0135494	0.0111345	0.015662	0.37184	239.895	40.7329	0.0337916	
363.298	0.00253865	-0.0153155	0.0111345	0.0155244	0.378331	279.412	41.0939	0.0337916	
363.306	0.0116908	-0.0100833	0.0111345	0.0154385	0.382415	319.222	41.3228	0.0337916	
363.314	0.015414	-0.000202271	0.0111345	0.0154153	0.383516	359.248	41.3847	0.0337916	
363.322	0.0119485	0.00981369	0.0111345	0.0154621	0.381291	39.3973	41.2597	0.0337916	
363.33	0.00282018	0.0153228	0.0111345	0.0155802	0.375694	79.5714	40.9469	0.0337916	
363.338	-0.00784191	0.0136777	0.0111345	0.0157663	0.366958	119.827	40.4635	0.0337916	
363.346	-0.0150219	0.00553506	0.0111345	0.0160092	0.355712	159.773	39.8496	0.0337916	
363.354	-0.0153609	-0.00543757	0.0111345	0.0162949	0.342715	199.493	39.1509	0.0337916	
363.362	-0.00856755	-0.0142245	0.0111345	0.0166054	0.328883	238.939	38.4189	0.0337916	
363.37	0.00237791	-0.0167524	0.0111345	0.0169203	0.315173	278.079	37.7038	0.0337916	
363.378	0.0125717	-0.0117654	0.0111345	0.0172183	0.302502	316.898	37.0512	0.0337916	
363.386	0.0174217	-0.00140407	0.0111345	0.0174782	0.291701	355.392	36.5004	0.0337916	
363.394	0.0147069	0.00981314	0.0111345	0.0176802	0.283463	33.7131	36.0833	0.0337916	
363.402	0.00562617	0.0168916	0.0111345	0.017804	0.278487	71.5784	35.8325	0.0337916	
363.41	-0.00584887	0.016847	0.0111345	0.0178334	0.27731	109.146	35.7733	0.0337916	
363.418	-0.0147921	0.00981829	0.0111345	0.017754	0.280488	146.426	35.9333	0.0337916	
363.426	-0.0175222	-0.00104895	0.0111345	0.0175536	0.288609	183.426	36.3435	0.0337916	
363.434	-0.0131642	-0.0111047	0.0111345	0.0172224	0.302332	220.149	37.0425	0.0337916	
363.442	-0.00388468	-0.0162969	0.0111345	0.0167535	0.322392	256.593	38.0791	0.0337916	
363.45	0.00627571	-0.0148702	0.0111345	0.0161402	0.34972	292.881	39.5261	0.0337916	
363.458	0.0131485	-0.00798978	0.0111345	0.0153857	0.384932	328.715	41.4645	0.0337916	
363.466	0.0144507	0.00105839	0.0111345	0.0144894	0.428827	4.18893	44.0293	0.0337916	
363.474	0.0104229	0.00851127	0.0111345	0.0134565	0.48177	39.2349	47.409	0.0337916	
363.482	0.00344257	0.0118038	0.0111345	0.0122956	0.543506	73.7407	51.8853	0.0337916	
363.49	-0.00331784	0.010509	0.0111345	0.0110203	0.61275	107.522	57.8894	0.0337916	
363.498	-0.00742242	0.00616971	0.0111345	0.00965183	0.686805	140.266	66.0973	0.0337916	
363.506	-0.00812828	0.0012098	0.0111345	0.00821782	0.761581	171.534	77.6313	0.0337916	
363.514	-0.00637542	-0.00232878	0.0111345	0.00678743	0.830442	200.066	93.9914	0.0337916	
363.522	-0.00392501	-0.00380525	0.0111345	0.00546678	0.886452	224.112	116.698	0.0337916	
363.53	-0.00217474	-0.00391886	0.0111345	0.00448184	0.922184	240.972	142.343	0.0337916	
363.538	-0.00138466	-0.00396024	0.0111345	0.00419533	0.931477	250.728	152.064	0.0337916	
363.546	-0.000697789	-0.00476027	0.0111345	0.00481114	0.910873	261.661	132.6	0.0337916	
363.554	0.00108746	-0.00600127	0.0111345	0.006099	0.860692	280.271	104.601	0.0337916	
363.562	0.0044892	-0.0063172	0.0111345	0.00774983	0.784882	305.399	82.3192	0.0337916	
363.57	0.00861346	-0.00415739	0.0111345	0.00956429	0.69148	334.235	66.7023	0.0337916	
363.578	0.0114042	0.00104558	0.0111345	0.011452	0.58924	5.23843	55.7073	0.0337916	
363.586	0.0105936	0.00813647	0.0111345	0.0133577	0.486949	37.5262	47.7599	0.0337916	
363.594	0.00506028	0.0143805	0.0111345	0.0152448	0.391688	70.6138	41.8476	0.0337916	
363.602	-0.00419734	0.0165625	0.0111345	0.0170861	0.308086	104.221	37.3379	0.0337916	
363.61	-0.0140541	0.0125765	0.0111345	0.0188596	0.238239	138.176	33.8268	0.0337916	
363.618	-0.0203769	0.00268238	0.0111345	0.0205527	0.182028	172.501	31.0402	0.0337916	
363.626	-0.0197475	-0.010002	0.0111345	0.022136	0.138598	206.862	28.82	0.0337916	
363.634	-0.0113198	-0.0207103	0.0111345	0.023602	0.105758	241.34	27.0299	0.0337916	
363.642	0.00256302	-0.024806	0.0111345	0.024938	0.0814195	275.899	25.5818	0.0337916	
363.65	0.0169766	-0.0198678	0.0111345	0.0261331	0.0636546	310.513	24.412	0.0337916	
363.658	0.0262719	-0.00695901	0.0111345	0.0271779	0.0508472	345.164	23.4735	0.0337916	
363.666	0.0263999	0.0095233	0.0111345	0.0280651	0.0417275	19.836	22.7314	0.0337916	
363.674	0.016657	0.0234827	0.0111345	0.0287905	0.0353334	54.6508	22.1587	0.0337916	
363.682	0.000341243	0.0293423	0.0111345	0.0293443	0.0310312	89.3337	21.7405	0.0337916	
363.69	-0.016627	0.0246412	0.0111345	0.0297262	0.0283323	124.01	21.4612	0.0337916	
363.698	-0.027885	0.0108867	0.0111345	0.0299349	0.026945	158.674	21.3116	0.0337916	
363.706	-0.0291638	-0.00690397	0.0111345	0.0299698	0.0267185	193.319	21.2868	0.0337916	
363.714	-0.0199848	-0.0221488	0.0111345	0.0298322	0.0276203	227.94	21.385	0.0337916	
363.722	-0.00383659	-0.0292743	0.0111345	0.0295247	0.0297303	262.534	21.6077	0.0337916	
363.73	0.0132897	-0.0258301	0.0111345	0.0290484	0.0332706	297.226	21.962	0.0337916	
363.738	0.0250276	-0.0134487	0.0111345	0.0284121	0.0385569	331.748	22.4538	0.0337916	
363.746	0.027457	0.00299626	0.0111345	0.02762	0.046114	6.22778	23.0977	0.0337916	
363.754	0.0202394	0.0173823	0.0111345	0.0266792	0.056665	40.6572	23.9123	0.0337916	
363.762	0.00661252	0.0247284	0.0111345	0.0255973	0.071183	75.0291	24.923	0.0337916	
363.77	-0.00807257	0.0230077	0.0111345	0.0243828	0.090926	109.334	26.1643	0.0337916	
363.778	-0.0185663	0.0136436	0.0111345	0.0230403	0.117545	143.689	27.6889	0.0337916	
363.786	-0.0215738	0.000822237	0.0111345	0.0215895	0.152621	177.817	29.5496	0.0337916	
363.794	-0.0170245	-0.0105659	0.0111345	0.0200368	0.19807	211.825	31.8395	0.0337916	
363.802	-0.00757488	-0.0167611	0.0111345	0.0183933	0.255529	245.68	34.6844	0.0337916	
363.81	0.00270411	-0.0164508	0.0111345	0.0166715	0.325976	279.335	38.2664	0.0337916	
363.818	0.0100969	-0.0109363	0.0111345	0.0148846	0.409216	312.715	42.8605	0.0337916	
363.826	0.0126429	-0.0032214	0.0111345	0.0130469	0.503335	345.705	48.8976	0.0337916	
363.834	0.0106074	0.00349408	0.0111345	0.011168	0.604704	18.232	57.1238	0.0337916	
363.842	0.00600491	0.00707945	0.0111345	0.00928318	0.706414	49.6948	68.7221	0.0337916	
363.85	0.00134829	0.00729203	0.0111345	0.00741563	0.801091	79.5244	86.0292	0.0337916	
363.858	-0.00156811	0.0053967	0.0111345	0.00561991	0.880403	106.202	113.518	0.0337916	
363.866	-0.00237062	0.00324974	0.0111345	0.00402251	0.936827	126.11	158.597	0.0337916	
363.874	-0.00199785	0.00219974	0.0111345	0.00297157	0.965014	132.246	214.688	0.0337916	
363.882	-0.00191354	0.002395	0.0111345	0.00306556	0.962808	128.624	208.105	0.0337916	
363.89	-0.00310438	0.00282616	0.0111345	0.00419814	0.931388	137.686	151.962	0.0337916	
363.898	-0.0053696	0.00203761	0.0111345	0.00574321	0.875442	159.22	111.081	0.0337916	
363.906	-0.00735939	-0.000854678	0.0111345	0.00740886	0.801415	186.624	86.1078	0.0337916	
363.914	-0.00727773	-0.00544542	0.0111345	0.00908944	0.716628	216.805	70.187	0.0337916	
363.922	-0.00394472	-0.00998897	0.0111345	0.0107397	0.62803	248.451	59.4022	0.0337916	
363.93	0.00234309	-0.0121104	0.0111345	0.0123349	0.541385	280.95	51.7197	0.0337916	
363.938	0.00962567	-0.00997219	0.0111345	0.0138599	0.460827	313.987	46.029	0.0337916	
363.946	0.0149467	-0.00331044	0.0111345	0.0153089	0.388608	347.512	41.6725	0.0337916	
363.954	0.0155387	0.00601522	0.0111345	0.0166624	0.326377	21.162	38.2874	0.0337916	
363.962	0.0102791	0.0146785	0.0111345	0.0179198	0.273879	54.997	35.6009	0.0337916	
363.97	0.000342222	0.0190731	0.0111345	0.0190762	0.230476	88.9721	33.4428	0.0337916	
363.978	-0.0109791	0.0168699	0.0111345	0.020128	0.195165	123.056	31.6952	0.0337916	
363.986	-0.0194307	0.00815647	0.0111345	0.0210732	0.166798	157.229	30.2735	0.0337916	
363.994	-0.0214727	-0.00435831	0.0111345	0.0219105	0.144262	191.473	29.1166	0.0337916	
364.002	-0.0157543	-0.0162634	0.0111345	0.0226428	0.126475	225.911	28.1749	0.0337916	
364.01	-0.00393149	-0.0229311	0.0111345	0.0232657	0.1127	260.271	27.4207	0.0337916	
364.018	0.00993129	-0.0216115	0.0111345	0.0237841	0.10214	294.681	26.8229	0.0337916	
364.026	0.0207743	-0.0124159	0.0111345	0.0242018	0.094209	329.135	26.36	0.0337916	
364.034	0.0244736	0.0015541	0.0111345	0.0245229	0.0884487	3.63347	26.0149	0.0337916	
364.042	0.0194584	0.0152988	0.0111345	0.0247524	0.0845048	38.1756	25.7737	0.0337916	
364.05	0.00737769	0.0237782	0.0111345	0.0248965	0.0821018	72.7624	25.6245	0.0337916	
364.058	-0.00751802	0.0238029	0.0111345	0.0249619	0.0810284	107.528	25.5573	0.0337916	
364.066	-0.0197222	0.0152908	0.0111345	0.0249554	0.0811344	142.213	25.564	0.0337916	
364.074	-0.0248504	0.0013225	0.0111345	0.0248855	0.0822825	176.954	25.6358	0.0337916	
364.082	-0.0210538	-0.0130312	0.0111345	0.0247603	0.0843715	211.755	25.7654	0.0337916	
364.09	-0.00975533	-0.0225709	0.0111345	0.0245889	0.0873005	246.626	25.9451	0.0337916	
364.098	0.00489047	-0.0238839	0.0111345	0.0243795	0.090986	281.572	26.1679	0.0337916	
364.106	0.0175416	-0.0165864	0.0111345	0.0241416	0.0953215	316.603	26.4258	0.0337916	
364.114	0.0236426	-0.00338027	0.0111345	0.0238831	0.100216	351.863	26.7118	0.0337916	
364.122	0.0210233	0.0107552	0.0111345	0.0236147	0.105503	27.0936	27.0154	0.0337916	
364.13	0.010802	0.0206952	0.0111345	0.0233447	0.111039	62.4373	27.3279	0.0337916	
364.138	-0.00317383	0.022862	0.0111345	0.0230812	0.116653	97.9036	27.6398	0.0337916	
364.146	-0.0157173	0.0165624	0.0111345	0.022833	0.12214	133.5	27.9403	0.0337916	
364.154	-0.0222094	0.00422312	0.0111345	0.0226073	0.127297	169.234	28.2191	0.0337916	
364.162	-0.0202945	-0.00950992	0.0111345	0.0224122	0.131889	205.108	28.4649	0.0337916	
364.17	-0.0107	-0.0195121	0.0111345	0.0222534	0.135715	241.261	28.668	0.0337916	
364.178	0.00285722	-0.0219532	0.0111345	0.0221384	0.138539	277.415	28.817	0.0337916	
364.186	0.0152497	-0.0159564	0.0111345	0.0220717	0.140197	313.703	28.904	0.0337916	
364.194	0.0217296	-0.00378741	0.0111345	0.0220572	0.140558	350.113	28.923	0.0337916	
364.202	0.0197533	0.00990553	0.0111345	0.0220978	0.139545	26.632	28.8698	0.0337916	
364.21	0.00999215	0.0198185	0.0111345	0.0221949	0.137145	63.2435	28.7435	0.0337916	
364.218	-0.0038533	0.0220139	0.0111345	0.0223486	0.133412	99.9285	28.5459	0.0337916	
364.226	-0.0164456	0.0154399	0.0111345	0.0225577	0.128454	136.807	28.2813	0.0337916	
364.234	-0.0226737	0.00255226	0.0111345	0.0228169	0.122502	173.578	27.9599	0.0337916	
364.242	-0.0199507	-0.0116868	0.0111345	0.0231216	0.115778	210.361	27.5915	0.0337916	
364.25	-0.00911609	-0.0216215	0.0111345	0.0234647	0.10855	247.139	27.1881	0.0337916	
364.258	0.00572445	-0.02314	0.0111345	0.0238376	0.101098	283.895	26.7628	0.0337916	
364.266	0.0187276	-0.0153738	0.0111345	0.0242296	0.0936987	320.617	26.3298	0.0337916	
364.274	0.0246021	-0.0011629	0.0111345	0.0246296	0.0865976	357.294	25.9022	0.0337916	
364.282	0.0207336	0.0140156	0.0111345	0.0250264	0.0799829	34.0582	25.4915	0.0337916	
364.29	0.00842741	0.023965	0.0111345	0.0254036	0.0740763	70.6255	25.113	0.0337916	
364.298	-0.00758557	0.0246062	0.0111345	0.0257489	0.0689829	107.133	24.7762	0.0337916	
364.306	-0.0209611	0.0154643	0.0111345	0.0260483	0.0648008	143.582	24.4915	0.0337916	
364.314	-0.0262874	1.34332e-05	0.0111345	0.0262874	0.0616108	179.971	24.2686	0.0337916	
364.322	-0.0213178	-0.0156615	0.0111345	0.0264524	0.059486	216.304	24.1173	0.0337916	
364.33	-0.00794089	-0.0253135	0.0111345	0.0265298	0.0585105	252.583	24.0469	0.0337916	
364.338	0.00860868	-0.0250697	0.0111345	0.0265066	0.0588022	288.952	24.068	0.0337916	
364.346	0.0216379	-0.0150737	0.0111345	0.0263707	0.0605304	325.138	24.192	0.0337916	
364.354	0.0261051	0.000584893	0.0111345	0.0261116	0.0639425	1.28352	24.432	0.0337916	
364.362	0.0204333	0.0156195	0.0111345	0.0257194	0.0694057	37.3946	24.8046	0.0337916	
364.37	0.00716307	0.024146	0.0111345	0.0251861	0.0774364	73.4767	25.3298	0.0337916	
364.378	-0.00819417	0.0230943	0.0111345	0.0245049	0.0887632	109.535	26.0339	0.0337916	
364.386	-0.0195257	0.013381	0.0111345	0.0236708	0.104381	145.577	26.9514	0.0337916	
364.394	-0.0226659	-0.000691168	0.0111345	0.0226764	0.125701	181.747	28.1332	0.0337916	
364.402	-0.0170156	-0.0131879	0.0111345	0.0215279	0.154263	217.777	29.6341	0.0337916	
364.41	-0.00563589	-0.0194212	0.0111345	0.0202224	0.192188	253.818	31.5472	0.0337916	
364.418	0.00638066	-0.0176441	0.0111345	0.0187624	0.24178	289.882	34.0021	0.0337916	
364.426	0.014218	-0.00959444	0.0111345	0.0171524	0.305278	325.988	37.1936	0.0337916	
364.434	0.0153879	0.000582418	0.0111345	0.0153989	0.3843	2.16756	41.4289	0.0337916	
364.442	0.0105783	0.00840444	0.0111345	0.0135106	0.478947	38.467	47.2194	0.0337916	
364.45	0.00295239	0.0111042	0.0111345	0.01149	0.587174	75.1106	55.5233	0.0337916	
364.458	-0.0035064	0.00868457	0.0111345	0.00936571	0.702043	111.986	68.1165	0.0337916	
364.466	-0.00616562	0.00361467	0.0111345	0.00714707	0.813826	149.619	89.2617	0.0337916	
364.474	-0.00479703	-0.000771779	0.0111345	0.00485872	0.909184	189.14	131.302	0.0337916	
364.482	-0.00144044	-0.00212131	0.0111345	0.00256414	0.973832	235.822	248.801	0.0337916	
364.49	0.000953286	-0.000284329	0.0111345	0.000994785	0.996017	343.392	641.304	0.0337916	
364.498	0.000321052	0.00272636	0.0111345	0.0027452	0.970064	83.2839	232.391	0.0337916	
364.506	-0.00326169	0.004	0.0111345	0.00516126	0.898136	129.195	123.605	0.0337916	
364.514	-0.00746802	0.00152444	0.0111345	0.00762202	0.791126	168.463	83.6996	0.0337916	
364.522	-0.00905929	-0.00440835	0.0111345	0.0100749	0.664071	205.948	63.3215	0.0337916	
364.53	-0.00573028	-0.011099	0.0111345	0.0124909	0.532995	242.693	51.0738	0.0337916	
364.538	0.00233778	-0.0146621	0.0111345	0.0148473	0.41105	279.059	42.9682	0.0337916	
364.546	0.0121511	-0.0120645	0.0111345	0.0171231	0.306518	315.205	37.2573	0.0337916	
364.554	0.0190722	-0.00294977	0.0111345	0.0192989	0.222665	351.208	33.0568	0.0337916	
364.562	0.0189927	0.00978262	0.0111345	0.021364	0.158698	27.2518	29.8614	0.0337916	
364.57	0.0105392	0.0207639	0.0111345	0.0232855	0.112281	63.0889	27.3973	0.0337916	
364.578	-0.00386505	0.0247555	0.0111345	0.0250554	0.0795156	98.8739	25.462	0.0337916	
364.586	-0.0187249	0.018976	0.0111345	0.0266592	0.0569091	134.618	23.9302	0.0337916	
364.594	-0.0276849	0.00471676	0.0111345	0.0280839	0.0415506	170.331	22.7162	0.0337916	
364.602	-0.026347	-0.0128606	0.0111345	0.0293183	0.0312226	206.018	21.7598	0.0337916	
364.61	-0.0143973	-0.026721	0.0111345	0.0303528	0.0243415	241.684	21.0182	0.0337916	
364.618	0.00405345	-0.030918	0.0111345	0.0311826	0.0198114	277.469	20.4589	0.0337916	
364.626	0.0217268	-0.0232144	0.0111345	0.0317956	0.0169546	313.104	20.0644	0.0337916	
364.634	0.0315709	-0.0062925	0.0111345	0.0321919	0.0153065	348.728	19.8174	0.0337916	
364.642	0.0294916	0.013343	0.0111345	0.0323696	0.0146144	24.3436	19.7086	0.0337916	
364.65	0.0161873	0.027985	0.0111345	0.0323294	0.0147688	59.9536	19.7332	0.0337916	
364.658	-0.00310802	0.0319222	0.0111345	0.0320731	0.015785	95.5609	19.8908	0.0337916	
364.666	-0.0208052	0.0237918	0.0111345	0.0316055	0.0177993	131.169	20.1851	0.0337916	
364.674	-0.0301267	0.00700167	0.0111345	0.0309296	0.0211075	166.916	20.6262	0.0337916	
364.682	-0.0277631	-0.0115204	0.0111345	0.0300585	0.0261512	202.536	21.224	0.0337916	
364.69	-0.0152947	-0.0246385	0.0111345	0.0289997	0.0336521	238.17	21.9989	0.0337916	
364.698	0.00185104	-0.0277025	0.0111345	0.0277642	0.0446522	273.823	22.9778	0.0337916	
364.706	0.0167716	-0.0203426	0.0111345	0.0263649	0.060605	309.504	24.1973	0.0337916	
364.714	0.023995	-0.00632876	0.0111345	0.0248155	0.0834451	345.225	25.7081	0.0337916	
364.722	0.0215949	0.00828897	0.0111345	0.0231311	0.115573	20.9987	27.5802	0.0337916	
364.73	0.011617	0.0178776	0.0111345	0.0213205	0.159893	56.9839	29.9224	0.0337916	
364.738	-0.000993997	0.0193889	0.0111345	0.0194144	0.218687	92.9348	32.8601	0.0337916	
364.746	-0.0109726	0.013535	0.0111345	0.0174239	0.293937	129.031	36.614	0.0337916	
364.754	-0.0148672	0.00388971	0.0111345	0.0153676	0.385794	165.338	41.5132	0.0337916	
364.762	-0.0123021	-0.00496113	0.0111345	0.0132648	0.491827	201.963	48.0942	0.0337916	
364.77	-0.00572048	-0.00955502	0.0111345	0.0111365	0.60642	239.092	57.2854	0.0337916	
364.778	0.00113196	-0.00892739	0.0111345	0.00899887	0.721379	277.226	70.8933	0.0337916	
364.786	0.0050334	-0.00471959	0.0111345	0.00689997	0.825299	316.843	92.4583	0.0337916	
364.794	0.00488724	1.86328e-06	0.0111345	0.00488724	0.908165	0.0218442	130.536	0.0337916	
364.802	0.00188373	0.00247463	0.0111345	0.00311002	0.961743	52.721	205.13	0.0337916	
364.81	-0.00137188	0.00163812	0.0111345	0.0021367	0.981756	129.945	298.572	0.0337916	
364.818	-0.00241175	-0.0014498	0.0111345	0.00281397	0.968569	211.012	226.711	0.0337916	
364.826	-0.000290748	-0.00433472	0.0111345	0.00434446	0.926705	266.163	146.844	0.0337916	
364.834	0.00391011	-0.00460383	0.0111345	0.00604022	0.863172	310.342	105.619	0.0337916	
364.842	0.00760008	-0.00129877	0.0111345	0.00771025	0.786822	350.302	82.7418	0.0337916	
364.85	0.00817921	0.00443536	0.0111345	0.0093044	0.705291	28.4698	68.5654	0.0337916	
364.858	0.0044413	0.0098404	0.0111345	0.0107962	0.624952	65.7088	59.091	0.0337916	
364.866	-0.00261634	0.0118852	0.0111345	0.0121698	0.550294	102.415	52.4216	0.0337916	
364.874	-0.0100919	0.00883672	0.0111345	0.0134139	0.483999	138.794	47.5595	0.0337916	
364.882	-0.0144644	0.00127443	0.0111345	0.0145205	0.427272	174.965	43.9352	0.0337916	
364.89	-0.0132551	-0.0080086	0.0111345	0.0154866	0.380126	211.14	41.1944	0.0337916	
364.898	-0.00634441	-0.015015	0.0111345	0.0163004	0.342469	247.094	39.1378	0.0337916	
364.906	0.00381615	-0.0165279	0.0111345	0.0169627	0.313352	283.001	37.6096	0.0337916	
364.914	0.0131639	-0.0114878	0.0111345	0.0174716	0.291971	318.89	36.5141	0.0337916	
364.922	0.0177529	-0.00162111	0.0111345	0.0178268	0.277575	354.782	35.7866	0.0337916	
364.93	0.0155022	0.00920457	0.0111345	0.018029	0.269577	30.7	35.3853	0.0337916	
364.938	0.00716227	0.0166007	0.0111345	0.0180799	0.267586	66.6625	35.2857	0.0337916	
364.946	-0.00399219	0.0175334	0.0111345	0.0179821	0.271418	102.827	35.4775	0.0337916	
364.954	-0.0133768	0.011653	0.0111345	0.0177407	0.281025	138.94	35.9603	0.0337916	
364.962	-0.0172991	0.00146405	0.0111345	0.017361	0.296544	175.163	36.7468	0.0337916	
364.97	-0.0143633	-0.00880957	0.0111345	0.0168497	0.318217	211.522	37.8618	0.0337916	
364.978	-0.00606028	-0.0150398	0.0111345	0.0162149	0.346328	248.053	39.3441	0.0337916	
364.986	0.00394988	-0.0149531	0.0111345	0.015466	0.381106	284.797	41.2493	0.0337916	
364.994	0.0114853	-0.00903574	0.0111345	0.0146136	0.422622	321.807	43.6552	0.0337916	
365.002	0.013666	-0.000167297	0.0111345	0.013667	0.470805	359.299	46.6789	0.0337916	
365.01	0.0100903	0.00762623	0.0111345	0.0126481	0.524572	37.0819	50.4393	0.0337916	
365.018	0.0029106	0.0111991	0.0111345	0.0115712	0.582756	75.4314	55.1336	0.0337916	
365.026	-0.00434229	0.00951375	0.0111345	0.0104579	0.643343	114.533	61.0029	0.0337916	
365.034	-0.00843675	0.00399695	0.0111345	0.00933565	0.703636	154.651	68.3359	0.0337916	
365.042	-0.00791548	-0.00229294	0.0111345	0.00824089	0.760415	196.155	77.4139	0.0337916	
365.05	-0.00366164	-0.00622676	0.0111345	0.00722358	0.810226	239.542	88.3163	0.0337916	
365.058	0.00170213	-0.00611763	0.0111345	0.00635001	0.849913	285.548	100.466	0.0337916	
365.066	0.00514502	-0.00249282	0.0111345	0.00571711	0.876499	334.149	111.588	0.0337916	
365.074	0.00490751	0.00228709	0.0111345	0.00541428	0.888496	24.9874	117.829	0.0337916	
365.082	0.00129746	0.00533528	0.0111345	0.00549077	0.885512	76.3319	116.188	0.0337916	
365.09	-0.00348856	0.00477553	0.0111345	0.00591403	0.86844	126.148	107.872	0.0337916	
365.098	-0.00654731	0.000756859	0.0111345	0.00659091	0.839294	173.406	96.7939	0.0337916	
365.106	-0.00583384	-0.00458551	0.0111345	0.00742028	0.800868	218.168	85.9752	0.0337916	
365.114	-0.00128602	-0.00822515	0.0111345	0.00832508	0.75615	261.114	76.6311	0.0337916	
365.122	0.00495954	-0.00779772	0.0111345	0.00924129	0.708628	302.457	69.0337	0.0337916	
365.13	0.00967919	-0.00299777	0.0111345	0.0101328	0.660947	342.792	62.96	0.0337916	
365.138	0.0101421	0.0041855	0.0111345	0.0109718	0.615391	22.4252	58.1453	0.0337916	
365.146	0.0055871	0.0103237	0.0111345	0.0117385	0.573658	61.578	54.3474	0.0337916	
365.154	-0.00224369	0.0122143	0.0111345	0.0124186	0.536882	100.409	51.3713	0.0337916	
365.162	-0.00981778	0.00852388	0.0111345	0.0130017	0.505726	139.035	49.0673	0.0337916	
365.17	-0.0134717	0.000542581	0.0111345	0.0134826	0.480407	177.694	47.3172	0.0337916	
365.178	-0.0111847	-0.00817468	0.0111345	0.0138536	0.461153	216.162	46.0501	0.0337916	
365.186	-0.00373698	-0.0136117	0.0111345	0.0141153	0.447739	254.648	45.1963	0.0337916	
365.194	0.00562198	-0.0131148	0.0111345	0.014269	0.439933	293.204	44.7096	0.0337916	
365.202	0.0126275	-0.00674901	0.0111345	0.0143179	0.437458	331.877	44.5568	0.0337916	
365.21	0.0140195	0.00265239	0.0111345	0.0142682	0.439973	10.7133	44.7121	0.0337916	
365.218	0.00912696	0.0107842	0.0111345	0.014128	0.447092	49.758	45.1557	0.0337916	
365.226	0.000192833	0.0139056	0.0111345	0.0139069	0.458409	89.2055	45.8735	0.0337916	
365.234	-0.0085341	0.0106141	0.0111345	0.0136195	0.473273	128.8	46.8417	0.0337916	
365.242	-0.0130239	0.0025941	0.0111345	0.0132797	0.491043	168.735	48.0402	0.0337916	
365.25	-0.0112811	-0.00626604	0.0111345	0.0129045	0.510891	209.05	49.437	0.0337916	
365.258	-0.00432514	-0.0117407	0.0111345	0.012512	0.531862	249.777	50.9877	0.0337916	
365.266	0.00433159	-0.0113211	0.0111345	0.0121215	0.552905	290.937	52.6306	0.0337916	
365.274	0.0104274	-0.0054203	0.0111345	0.011752	0.572928	332.534	54.2853	0.0337916	
365.282	0.0110464	0.00289899	0.0111345	0.0114204	0.590959	14.705	55.8613	0.0337916	
365.29	0.00605725	0.00935495	0.0111345	0.0111447	0.605973	57.0773	57.2431	0.0337916	
365.298	-0.00184763	0.0107775	0.0111345	0.0109347	0.617415	99.7279	58.3428	0.0337916	
365.306	-0.00857048	0.00656455	0.0111345	0.0107957	0.624982	142.55	59.0941	0.0337916	
365.314	-0.0106789	-0.00101409	0.0111345	0.010727	0.628721	185.425	59.4726	0.0337916	
365.322	-0.00714067	-0.00799742	0.0111345	0.0107214	0.629025	228.239	59.5036	0.0337916	
365.33	0.000169149	-0.010765	0.0111345	0.0107664	0.626578	270.9	59.255	0.0337916	
365.338	0.0074668	-0.00786664	0.0111345	0.0108461	0.622239	313.506	58.8195	0.0337916	
365.346	0.0109109	-0.000819551	0.0111345	0.0109417	0.617034	355.704	58.3055	0.0337916	
365.354	0.00873597	0.00674225	0.0111345	0.0110352	0.611941	37.6603	57.8115	0.0337916	
365.362	0.00204313	0.0109202	0.0111345	0.0111097	0.607883	79.4027	57.4238	0.0337916	
365.37	-0.0057398	0.00955983	0.0111345	0.0111506	0.605654	120.981	57.2131	0.0337916	
365.378	-0.0106284	0.00335938	0.0111345	0.0111466	0.60587	162.459	57.2334	0.0337916	
365.386	-0.0101382	-0.0044956	0.0111345	0.0110902	0.608943	203.914	57.5245	0.0337916	
365.394	-0.0045368	-0.00999597	0.0111345	0.0109773	0.615092	245.588	58.1161	0.0337916	
365.402	0.00320729	-0.0103233	0.0111345	0.01081	0.624202	287.259	59.0157	0.0337916	
365.41	0.00909838	-0.00542705	0.0111345	0.010594	0.635949	329.185	60.2188	0.0337916	
365.418	0.0101343	0.00205614	0.0111345	0.0103408	0.649693	11.469	61.6936	0.0337916	
365.426	0.0058869	0.00816699	0.0111345	0.0100675	0.66447	54.2153	63.3681	0.0337916	
365.434	-0.00128127	0.00971312	0.0111345	0.00979726	0.679015	97.5146	65.1162	0.0337916	
365.442	-0.00747285	0.00596008	0.0111345	0.00955856	0.691786	141.425	66.7423	0.0337916	
365.45	-0.00932987	-0.00100012	0.0111345	0.00938332	0.701108	186.119	67.9887	0.0337916	
365.458	-0.00583563	-0.00724951	0.0111345	0.00930644	0.705183	231.167	68.5504	0.0337916	
365.466	0.00106764	-0.00929561	0.0111345	0.00935672	0.70252	276.552	68.1821	0.0337916	
365.474	0.00752947	-0.00588194	0.0111345	0.00955459	0.691997	322.003	66.77	0.0337916	
365.482	0.00982879	0.00124564	0.0111345	0.00990741	0.673097	7.22278	64.3922	0.0337916	
365.49	0.00641497	0.0081964	0.0111345	0.0104083	0.646032	51.9513	61.2934	0.0337916	
365.498	-0.00115686	0.0109777	0.0111345	0.0110385	0.611761	96.0158	57.7942	0.0337916	
365.506	-0.00895408	0.00764599	0.0111345	0.0117744	0.571711	139.506	54.1819	0.0337916	
365.514	-0.0125721	-0.000459778	0.0111345	0.0125805	0.52819	182.094	50.7102	0.0337916	
365.522	-0.00965931	-0.00932936	0.0111345	0.013429	0.483208	224.005	47.506	0.0337916	
365.53	-0.00116714	-0.0142434	0.0111345	0.0142911	0.438811	265.315	44.6403	0.0337916	
365.538	0.00892381	-0.0122311	0.0111345	0.0151405	0.39673	306.115	42.1361	0.0337916	
365.546	0.0155117	-0.00372827	0.0111345	0.0159534	0.358277	346.485	39.9889	0.0337916	
365.554	0.014953	0.00745678	0.0111345	0.0167092	0.324328	26.5045	38.1802	0.0337916	
365.562	0.00696534	0.0159366	0.0111345	0.0173923	0.295244	66.3916	36.6806	0.0337916	
365.57	-0.00492725	0.0172941	0.0111345	0.0179823	0.271411	105.903	35.4771	0.0337916	
365.578	-0.0151741	0.0105294	0.0111345	0.0184695	0.252652	145.243	34.5414	0.0337916	
365.586	-0.0187868	-0.00146499	0.0111345	0.0188439	0.238811	184.459	33.8551	0.0337916	
365.594	-0.0138322	-0.0131687	0.0111345	0.0190983	0.229691	223.592	33.404	0.0337916	
365.602	-0.00244877	-0.0190715	0.0111345	0.0192281	0.225129	262.683	33.1785	0.0337916	
365.61	0.010125	-0.0163501	0.0111345	0.0192313	0.225018	301.768	33.173	0.0337916	
365.618	0.0180705	-0.00621007	0.0111345	0.0191078	0.229356	341.034	33.3874	0.0337916	
365.626	0.0176993	0.00651884	0.0111345	0.0188616	0.238167	20.2193	33.8232	0.0337916	
365.634	0.00938546	0.0159407	0.0111345	0.0184985	0.251563	59.5116	34.4872	0.0337916	
365.642	-0.00280525	0.0178071	0.0111345	0.0180267	0.269667	98.9526	35.3898	0.0337916	
365.65	-0.0130923	0.0115476	0.0111345	0.0174572	0.292563	138.587	36.5442	0.0337916	
365.658	-0.0167977	0.000450067	0.0111345	0.0168037	0.320211	178.465	37.9655	0.0337916	
365.666	-0.0125611	-0.0100422	0.0111345	0.0160819	0.352378	218.641	39.6693	0.0337916	
365.674	-0.00283399	-0.0150431	0.0111345	0.0153077	0.388665	259.331	41.6757	0.0337916	
365.682	0.00731733	-0.0125272	0.0111345	0.0145077	0.427911	300.29	43.9739	0.0337916	
365.69	0.013012	-0.0042938	0.0111345	0.0137022	0.468981	341.738	46.5591	0.0337916	
365.698	0.0118234	0.00519911	0.0111345	0.012916	0.510277	23.7365	49.3929	0.0337916	
365.706	0.0048873	0.0111514	0.0111345	0.0121753	0.549995	66.3336	52.3978	0.0337916	
365.714	-0.00384965	0.0108425	0.0111345	0.0115056	0.586323	109.548	55.4478	0.0337916	
365.722	-0.00976951	0.00490241	0.0111345	0.0109305	0.617639	153.352	58.3649	0.0337916	
365.73	-0.00996444	-0.00320506	0.0111345	0.0104672	0.642836	197.83	60.9484	0.0337916	
365.738	-0.00467866	-0.00898497	0.0111345	0.0101301	0.66109	242.493	62.9765	0.0337916	
365.746	0.00295132	-0.00946892	0.0111345	0.0099182	0.672516	287.311	64.3222	0.0337916	
365.754	0.00867809	-0.00459964	0.0111345	0.00982171	0.677702	332.075	64.9541	0.0337916	
365.762	0.00941242	0.00280618	0.0111345	0.00982183	0.677696	16.6012	64.9533	0.0337916	
365.77	0.00483226	0.00863351	0.0111345	0.00989385	0.673826	60.7638	64.4805	0.0337916	
365.778	-0.0025356	0.00968497	0.0111345	0.0100114	0.667498	104.671	63.7234	0.0337916	
365.786	-0.00860515	0.00537893	0.0111345	0.010148	0.660126	147.991	62.8657	0.0337916	
365.794	-0.0100952	-0.00195102	0.0111345	0.010282	0.652879	190.938	62.0466	0.0337916	
365.802	-0.00617142	-0.00836652	0.0111345	0.0103964	0.646678	233.586	61.3636	0.0337916	
365.81	0.00109965	-0.0104219	0.0111345	0.0104798	0.642155	276.023	60.8754	0.0337916	
365.818	0.0078644	-0.00699679	0.0111345	0.0105263	0.639626	318.341	60.6061	0.0337916	
365.826	0.0105352	0.000115874	0.0111345	0.0105358	0.639112	0.630157	60.5516	0.0337916	
365.834	0.00767185	0.00718782	0.0111345	0.0105129	0.640353	43.1343	60.6833	0.0337916	
365.842	0.000802967	0.0104369	0.0111345	0.0104677	0.642809	85.6006	60.9455	0.0337916	
365.85	-0.0064458	0.00817917	0.0111345	0.0104138	0.645734	128.241	61.261	0.0337916	
365.858	-0.0102426	0.00160781	0.0111345	0.010368	0.648217	171.079	61.5316	0.0337916	
365.866	-0.00856881	-0.00580265	0.0111345	0.0103487	0.649265	214.105	61.6465	0.0337916	
365.874	-0.00228592	-0.0101187	0.0111345	0.0103737	0.647906	257.27	61.4976	0.0337916	
365.882	0.00530578	-0.00901272	0.0111345	0.0104585	0.643308	300.485	60.9991	0.0337916	
365.89	0.0101925	-0.00296197	0.0111345	0.0106141	0.634856	343.796	60.1048	0.0337916	
365.898	0.00968374	0.00487857	0.0111345	0.0108432	0.622395	26.7385	58.835	0.0337916	
365.906	0.00392975	0.0104267	0.0111345	0.0111427	0.606085	69.349	57.2537	0.0337916	
365.914	-0.00421919	0.0107003	0.0111345	0.0115021	0.586512	111.52	55.4645	0.0337916	
365.922	-0.0106241	0.0053726	0.0111345	0.0119053	0.564608	153.174	53.5862	0.0337916	
365.93	-0.0119517	-0.0030399	0.0111345	0.0123322	0.541533	194.271	51.7313	0.0337916	
365.938	-0.00735691	-0.0104261	0.0111345	0.0127604	0.518566	234.792	49.9952	0.0337916	
365.946	0.00112381	-0.0131207	0.0111345	0.0131687	0.496891	274.896	48.4451	0.0337916	
365.954	0.00944904	-0.00968615	0.0111345	0.0135317	0.477847	314.29	47.1457	0.0337916	
365.962	0.0137313	-0.00165014	0.0111345	0.0138301	0.462366	353.147	46.1284	0.0337916	
365.97	0.011978	0.00733544	0.0111345	0.0140457	0.451294	31.4837	45.4203	0.0337916	
365.978	0.00500442	0.0132491	0.0111345	0.0141627	0.445327	69.3075	45.0451	0.0337916	
365.986	-0.00405174	0.0135769	0.0111345	0.0141686	0.445027	106.617	45.0264	0.0337916	
365.994	-0.0112824	0.00838097	0.0111345	0.0140547	0.450836	143.394	45.3914	0.0337916	
366.002	-0.0138152	6.27831e-05	0.0111345	0.0138153	0.463128	179.74	46.1777	0.0337916	
366.01	-0.0109774	-0.00777735	0.0111345	0.0134532	0.481943	215.317	47.4206	0.0337916	
366.018	-0.00440083	-0.0122055	0.0111345	0.0129747	0.507162	250.173	49.1696	0.0337916	
366.026	0.00303504	-0.0120176	0.0111345	0.0123949	0.538158	284.174	51.4696	0.0337916	
366.034	0.008605	-0.00798552	0.0111345	0.0117394	0.57361	317.138	54.3433	0.0337916	
366.042	0.0108393	-0.00213955	0.0111345	0.0110484	0.61122	348.834	57.7422	0.0337916	
366.05	0.009815	0.0033789	0.0111345	0.0103803	0.647549	18.9965	61.4586	0.0337916	
366.058	0.00662931	0.00723735	0.0111345	0.00981463	0.678082	47.5108	65.0009	0.0337916	
366.066	0.00258301	0.00909839	0.0111345	0.00945794	0.697145	74.1509	67.4523	0.0337916	
366.074	-0.00154566	0.00928773	0.0111345	0.00941547	0.699402	99.4485	67.7566	0.0337916	
366.082	-0.00550652	0.00806883	0.0111345	0.00976872	0.680546	124.311	65.3064	0.0337916	
366.09	-0.00911254	0.00530122	0.0111345	0.0105424	0.638756	149.811	60.514	0.0337916	
366.098	-0.0116829	0.00067319	0.0111345	0.0117023	0.57563	176.702	54.516	0.0337916	
366.106	-0.011922	-0.00561798	0.0111345	0.0131794	0.49633	205.231	48.406	0.0337916	
366.114	-0.00846242	-0.0122688	0.0111345	0.0149042	0.408251	235.404	42.804	0.0337916	
366.122	-0.000957006	-0.0167669	0.0111345	0.0167942	0.320624	266.733	37.9869	0.0337916	
366.13	0.00913091	-0.0164301	0.0111345	0.0187969	0.24052	299.063	33.9397	0.0337916	
366.138	0.0184491	-0.00974222	0.0111345	0.0208634	0.172822	332.163	30.5779	0.0337916	
366.146	0.0228325	0.00234151	0.0111345	0.0229522	0.11948	5.85531	27.7951	0.0337916	
366.154	0.0191717	0.0160882	0.0111345	0.0250277	0.0799618	40.0021	25.4902	0.0337916	
366.162	0.00723091	0.0260742	0.0111345	0.0270583	0.0521949	74.5002	23.5772	0.0337916	
366.17	-0.00964316	0.0273747	0.0111345	0.0290235	0.0334649	109.406	21.9808	0.0337916	
366.178	-0.0251089	0.0179806	0.0111345	0.030883	0.0213541	144.393	20.6573	0.0337916	
366.186	-0.0326207	0.000255801	0.0111345	0.0326217	0.0136801	179.551	19.5563	0.0337916	
366.194	-0.0280847	-0.0195501	0.0111345	0.0342192	0.00889331	214.842	18.6433	0.0337916	
366.202	-0.0120549	-0.0335587	0.0111345	0.0356582	0.0059285	250.241	17.891	0.0337916	
366.21	0.0100061	-0.0355409	0.0111345	0.0369226	0.00409456	285.724	17.2783	0.0337916	
366.218	0.0296452	-0.0237725	0.0111345	0.0379996	0.00295711	321.274	16.7886	0.0337916	
366.226	0.0388286	-0.00202687	0.0111345	0.0388814	0.00224971	357.012	16.4078	0.0337916	
366.234	0.0333016	0.0213413	0.0111345	0.0395531	0.00181909	32.6538	16.1292	0.0337916	
366.242	0.0147783	0.0371834	0.0111345	0.0400125	0.00156975	68.3249	15.944	0.0337916	
366.25	-0.00974966	0.0390579	0.0111345	0.0402564	0.0014506	104.016	15.8474	0.0337916	
366.258	-0.0307313	0.0260454	0.0111345	0.0402837	0.00143777	139.718	15.8367	0.0337916	
366.266	-0.0399684	0.00319868	0.0111345	0.0400962	0.0015279	175.424	15.9108	0.0337916	
366.274	-0.0339821	-0.020521	0.0111345	0.0396975	0.00173704	211.127	16.0705	0.0337916	
366.282	-0.0153029	-0.0359715	0.0111345	0.0390913	0.00210606	246.954	16.3198	0.0337916	
366.29	0.00837039	-0.0373642	0.0111345	0.0382903	0.00270412	282.627	16.6611	0.0337916	
366.298	0.0278402	-0.0248282	0.0111345	0.037303	0.00365385	318.273	17.1021	0.0337916	
366.306	0.0359358	-0.0038509	0.0111345	0.0361415	0.00515423	353.883	17.6517	0.0337916	
366.314	0.0303209	0.0171189	0.0111345	0.0348197	0.00752397	29.4488	18.3218	0.0337916	
366.322	0.0141178	0.0302174	0.0111345	0.0333527	0.0112619	64.9576	19.1277	0.0337916	
366.33	-0.00573109	0.0312363	0.0111345	0.0317577	0.0171202	100.397	20.0883	0.0337916	
366.338	-0.0215709	0.0209148	0.0111345	0.0300455	0.0262337	135.885	21.2332	0.0337916	
366.346	-0.0279107	0.00435456	0.0111345	0.0282484	0.0400264	171.132	22.584	0.0337916	
366.354	-0.0236589	-0.0116675	0.0111345	0.0263795	0.060418	206.25	24.184	0.0337916	
366.362	-0.0117801	-0.0214357	0.0111345	0.0244594	0.0895648	241.209	26.0824	0.0337916	
366.37	0.00234049	-0.022387	0.0111345	0.022509	0.129595	275.968	28.3425	0.0337916	
366.378	0.0133405	-0.015631	0.0111345	0.0205498	0.182114	310.48	31.0445	0.0337916	
366.386	0.0179427	-0.0049165	0.0111345	0.0186041	0.247619	344.676	34.2914	0.0337916	
366.394	0.0158156	0.00532267	0.0111345	0.0166872	0.325289	18.6005	38.2305	0.0337916	
366.402	0.00916004	0.0116729	0.0111345	0.0148379	0.411512	51.8778	42.9953	0.0337916	
366.41	0.00125659	0.0130136	0.0111345	0.0130741	0.501892	84.4846	48.7957	0.0337916	
366.418	-0.00504729	0.0102487	0.0111345	0.0114241	0.590756	116.219	55.8431	0.0337916	
366.426	-0.00830323	0.00542785	0.0111345	0.00991994	0.672422	146.827	64.3109	0.0337916	
366.434	-0.00857742	0.000596766	0.0111345	0.00859815	0.742188	176.02	74.1974	0.0337916	
366.442	-0.00687535	-0.00299641	0.0111345	0.00749993	0.797039	203.549	85.0622	0.0337916	
366.45	-0.00433038	-0.00506473	0.0111345	0.00666361	0.836039	229.469	95.7379	0.0337916	
366.458	-0.00168791	-0.00588581	0.0111345	0.00612305	0.859672	253.998	104.19	0.0337916	
366.466	0.000834463	-0.00581025	0.0111345	0.00586987	0.870264	278.173	108.684	0.0337916	
366.474	0.0032005	-0.00490682	0.0111345	0.00585834	0.870739	303.115	108.898	0.0337916	
366.482	0.0051875	-0.00304265	0.0111345	0.00601397	0.864274	329.607	106.08	0.0337916	
366.49	0.00625403	-0.000229511	0.0111345	0.00625824	0.853888	357.898	101.939	0.0337916	
366.498	0.00576947	0.0030498	0.0111345	0.00652595	0.842183	27.8614	97.7574	0.0337916	
366.506	0.00345195	0.00582444	0.0111345	0.00677052	0.83121	59.3462	94.2261	0.0337916	
366.514	-0.000223043	0.00695475	0.0111345	0.00695832	0.822612	91.8369	91.683	0.0337916	
366.522	-0.00407758	0.00577612	0.0111345	0.00707038	0.817413	125.22	90.23	0.0337916	
366.53	-0.00663778	0.0025057	0.0111345	0.00709497	0.816266	159.319	89.9172	0.0337916	
366.538	-0.0068169	-0.00170065	0.0111345	0.00702583	0.819486	194.008	90.8021	0.0337916	
366.546	-0.00448312	-0.00519378	0.0111345	0.00686103	0.827085	229.2	92.9831	0.0337916	
366.554	-0.000593278	-0.00657434	0.0111345	0.00660105	0.838841	264.844	96.6452	0.0337916	
366.562	0.00322271	-0.00535184	0.0111345	0.00624725	0.854362	301.055	102.119	0.0337916	
366.57	0.0053674	-0.00221523	0.0111345	0.00580657	0.872862	337.573	109.869	0.0337916	
366.578	0.00511297	0.00133134	0.0111345	0.00528345	0.893525	14.5949	120.747	0.0337916	
366.586	0.0028679	0.00370433	0.0111345	0.00468476	0.915292	52.2528	136.178	0.0337916	
366.594	-5.73831e-05	0.00401879	0.0111345	0.0040192	0.936928	90.8181	158.728	0.0337916	
366.602	-0.00215829	0.00249471	0.0111345	0.00329875	0.957063	130.865	193.394	0.0337916	
366.61	-0.00252898	0.000277826	0.0111345	0.00254419	0.974232	173.731	250.751	0.0337916	
366.618	-0.00131315	-0.0012344	0.0111345	0.00180225	0.986986	223.229	353.981	0.0337916	
366.626	0.00039848	-0.00117755	0.0111345	0.00124315	0.993787	288.696	513.18	0.0337916	
366.634	0.00125728	0.000244952	0.0111345	0.00128092	0.993405	11.0246	498.047	0.0337916	
366.642	0.00046847	0.00189268	0.0111345	0.00194979	0.984785	76.0977	327.194	0.0337916	
366.65	-0.00166816	0.00234259	0.0111345	0.00287584	0.967195	125.455	221.834	0.0337916	
366.658	-0.00383034	0.000770207	0.0111345	0.00390701	0.940294	168.631	163.286	0.0337916	
366.666	-0.0043642	-0.00243545	0.0111345	0.00499777	0.904173	209.164	127.649	0.0337916	
366.674	-0.00224572	-0.00570865	0.0111345	0.00613449	0.859186	248.526	103.996	0.0337916	
366.682	0.0021336	-0.00698039	0.0111345	0.00729918	0.806646	286.996	87.4016	0.0337916	
366.69	0.00695548	-0.00486839	0.0111345	0.00848999	0.747741	325.01	75.1426	0.0337916	
366.698	0.00969142	0.000460723	0.0111345	0.00970237	0.684101	2.72175	65.753	0.0337916	
366.706	0.00834752	0.0070593	0.0111345	0.0109323	0.617545	40.2204	58.3556	0.0337916	
366.714	0.00262288	0.0118904	0.0111345	0.0121762	0.549947	77.5604	52.394	0.0337916	
366.722	-0.00562841	0.0121943	0.0111345	0.0134306	0.483128	114.776	47.5006	0.0337916	
366.73	-0.0129802	0.00689216	0.0111345	0.0146965	0.4185	152.033	43.4089	0.0337916	
366.738	-0.0157614	-0.00251376	0.0111345	0.0159606	0.357949	189.062	39.971	0.0337916	
366.746	-0.011961	-0.0123928	0.0111345	0.0172234	0.30229	226.016	37.0403	0.0337916	
366.754	-0.00228335	-0.0183389	0.0111345	0.0184805	0.252237	262.903	34.5207	0.0337916	
366.762	0.00978253	-0.0171307	0.0111345	0.0197271	0.208153	299.729	32.3392	0.0337916	
366.77	0.0192192	-0.00835791	0.0111345	0.0209578	0.170092	336.497	30.4402	0.0337916	
366.778	0.0215723	0.00512035	0.0111345	0.0221717	0.137717	13.3525	28.7737	0.0337916	
366.786	0.0150055	0.0178941	0.0111345	0.023353	0.110865	50.0177	27.3181	0.0337916	
366.794	0.00143769	0.024458	0.0111345	0.0245002	0.0888464	86.6359	26.039	0.0337916	
366.802	-0.0140245	0.021424	0.0111345	0.0256061	0.0710526	123.21	24.9143	0.0337916	
366.81	-0.0250142	0.00923239	0.0111345	0.0266636	0.0568546	159.742	23.9262	0.0337916	
366.818	-0.026562	-0.00773439	0.0111345	0.0276651	0.0456526	196.235	23.0601	0.0337916	
366.826	-0.0173364	-0.0227501	0.0111345	0.0286028	0.0369028	232.691	22.3042	0.0337916	
366.834	-0.000383893	-0.0294695	0.0111345	0.029472	0.0301052	269.254	21.6463	0.0337916	
366.842	0.0176338	-0.0245887	0.0111345	0.0302582	0.0249112	305.646	21.0839	0.0337916	
366.85	0.0294436	-0.00956045	0.0111345	0.0309569	0.0209641	342.011	20.608	0.0337916	
366.858	0.0299554	0.0099366	0.0111345	0.0315604	0.0180049	18.3514	20.2139	0.0337916	
366.866	0.0185403	0.0261567	0.0111345	0.0320611	0.0158343	54.6703	19.8983	0.0337916	
366.874	-0.00054995	0.0324475	0.0111345	0.0324522	0.0143023	90.971	19.6585	0.0337916	
366.882	-0.0198126	0.0260485	0.0111345	0.0327271	0.0133053	127.257	19.4933	0.0337916	
366.89	-0.0315534	0.00924496	0.0111345	0.0328798	0.0127782	163.67	19.4028	0.0337916	
366.898	-0.0309326	-0.0112198	0.0111345	0.0329046	0.0126947	199.937	19.3882	0.0337916	
366.906	-0.0182451	-0.0272541	0.0111345	0.0327974	0.0130604	236.2	19.4516	0.0337916	
366.914	0.00139941	-0.032525	0.0111345	0.0325551	0.0139218	272.464	19.5963	0.0337916	
366.922	0.0201318	-0.0250992	0.0111345	0.0321755	0.0153721	308.733	19.8275	0.0337916	
366.93	0.0305802	-0.00818694	0.0111345	0.0316572	0.0175663	345.012	20.1522	0.0337916	
366.938	0.0288815	0.011265	0.0111345	0.0310007	0.0207361	21.3079	20.5789	0.0337916	
366.946	0.0161107	0.0255485	0.0111345	0.030204	0.0252423	57.7648	21.1217	0.0337916	
366.954	-0.00210021	0.0292006	0.0111345	0.0292761	0.0315356	94.1138	21.7912	0.0337916	
366.962	-0.0183276	0.021457	0.0111345	0.0282189	0.0402959	130.502	22.6075	0.0337916	
366.97	-0.026339	0.00610915	0.0111345	0.0270382	0.0524248	166.942	23.5948	0.0337916	
366.978	-0.0236162	-0.0102417	0.0111345	0.0257413	0.069091	203.445	24.7835	0.0337916	
366.986	-0.0121577	-0.0210833	0.0111345	0.0243375	0.0917394	240.03	26.213	0.0337916	
366.994	0.00267183	-0.0226805	0.0111345	0.0228373	0.122043	276.719	27.935	0.0337916	
367.002	0.0146738	-0.0153659	0.0111345	0.0212469	0.161925	313.68	30.026	0.0337916	
367.01	0.0193334	-0.00317533	0.0111345	0.0195924	0.212649	350.673	32.5616	0.0337916	
367.018	0.0158064	0.00836533	0.0111345	0.0178835	0.275317	27.8895	35.6731	0.0337916	
367.026	0.0067169	0.0146736	0.0111345	0.0161379	0.349824	65.4039	39.5318	0.0337916	
367.034	-0.00331276	0.0139886	0.0111345	0.0143755	0.434553	103.323	44.3783	0.0337916	
367.042	-0.00991736	0.00780292	0.0111345	0.012619	0.526127	141.805	50.5555	0.0337916	
367.05	-0.0108936	-0.000207014	0.0111345	0.0108956	0.619543	181.089	58.5521	0.0337916	
367.058	-0.00689303	-0.00614264	0.0111345	0.00923287	0.709073	221.705	69.0966	0.0337916	
367.066	-0.000812443	-0.00764581	0.0111345	0.00768885	0.787868	263.935	82.9721	0.0337916	
367.074	0.00396242	-0.00492648	0.0111345	0.00632226	0.851119	308.81	100.907	0.0337916	
367.082	0.00522429	-0.000235516	0.0111345	0.00522959	0.895568	357.419	121.99	0.0337916	
367.09	0.00290425	0.00348626	0.0111345	0.00453747	0.92032	50.2038	140.598	0.0337916	
367.098	-0.00113723	0.0041902	0.0111345	0.00434178	0.926792	105.184	146.935	0.0337916	
367.106	-0.00427498	0.00169984	0.0111345	0.00460053	0.918184	158.316	138.671	0.0337916	
367.114	-0.00457025	-0.0023686	0.0111345	0.00514757	0.898647	207.396	123.934	0.0337916	
367.122	-0.00176801	-0.00553092	0.0111345	0.00580663	0.87286	252.273	109.868	0.0337916	
367.13	0.00265	-0.00589505	0.0111345	0.00646329	0.844952	294.205	98.7051	0.0337916	
367.138	0.00634011	-0.00307984	0.0111345	0.00704858	0.818428	334.091	90.5091	0.0337916	
367.146	0.00734329	0.00163046	0.0111345	0.00752212	0.795968	12.5185	84.8112	0.0337916	
367.154	0.00506935	0.00600744	0.0111345	0.00786051	0.779432	49.8408	81.1601	0.0337916	
367.162	0.000526502	0.00803379	0.0111345	0.00805102	0.769961	86.2504	79.2396	0.0337916	
367.17	-0.00428195	0.00686249	0.0111345	0.00808881	0.76807	121.963	78.8694	0.0337916	
367.178	-0.00732528	0.00315508	0.0111345	0.00797586	0.773711	156.698	79.9864	0.0337916	
367.186	-0.00759271	-0.00140724	0.0111345	0.00772202	0.786245	190.5	82.6157	0.0337916	
367.194	-0.00535653	-0.00502643	0.0111345	0.00734557	0.804439	223.179	86.8496	0.0337916	
367.202	-0.00184589	-0.00662409	0.0111345	0.00687647	0.826377	254.429	92.7743	0.0337916	
367.21	0.00151849	-0.00617786	0.0111345	0.00636174	0.849402	283.809	100.281	0.0337916	
367.218	0.00383716	-0.00444597	0.0111345	0.00587286	0.870141	310.796	108.628	0.0337916	
367.226	0.0049994	-0.00231929	0.0111345	0.00551118	0.884711	335.113	115.757	0.0337916	
367.234	0.0053954	-0.000287835	0.0111345	0.00540307	0.888931	356.946	118.074	0.0337916	
367.242	0.00537343	0.00174208	0.0111345	0.00564877	0.879249	17.9628	112.938	0.0337916	
