363.25	0.0069618	0.00420018	0.00732419	0.0081307	0.540004	31.1033	51.6124	0.0222278	
363.258	0.0027239	0.00736751	0.00732419	0.00785493	0.562655	69.7098	53.4244	0.0222278	
363.266	-0.00242721	0.00713622	0.00732419	0.00753771	0.588854	108.785	55.6728	0.0222278	
363.274	-0.00612349	0.00376634	0.00732419	0.00718905	0.61772	148.406	58.3728	0.0222278	
363.282	-0.00673937	-0.00104589	0.00732419	0.00682004	0.648213	188.821	61.5312	0.0222278	
363.29	-0.00416027	-0.00492729	0.00732419	0.00644872	0.678675	229.825	65.0741	0.0222278	
363.298	0.000176926	-0.00608895	0.00732419	0.00609152	0.70761	271.664	68.89	0.0222278	
363.306	0.00403706	-0.004121	0.00732419	0.00576893	0.733301	314.41	72.7423	0.0222278	
363.314	0.00549971	-0.000185652	0.00732419	0.00550284	0.75409	358.067	76.2597	0.0222278	
363.322	0.00391656	0.00359209	0.00732419	0.00531437	0.768556	42.5256	78.9642	0.0222278	
363.33	0.000223893	0.00521562	0.00732419	0.00522042	0.775679	87.542	80.3853	0.0222278	
363.338	-0.00356168	0.00382965	0.00732419	0.0052299	0.774963	132.924	80.2397	0.0222278	
363.346	-0.00533745	0.000193519	0.00732419	0.00534096	0.76653	177.924	78.5712	0.0222278	
363.354	-0.00409363	-0.00373524	0.00732419	0.00554164	0.751084	222.379	75.7258	0.0222278	
363.362	-0.000396761	-0.00579967	0.00732419	0.00581322	0.729803	266.086	72.1881	0.0222278	
363.37	0.00385849	-0.00476861	0.00732419	0.00613414	0.704182	308.978	68.4114	0.0222278	
363.378	0.0064047	-0.00100481	0.00732419	0.00648304	0.675874	351.084	64.7297	0.0222278	
363.386	0.00577012	0.00367448	0.00732419	0.00684077	0.646505	32.4895	61.3447	0.0222278	
363.394	0.00204802	0.00689457	0.00732419	0.00719232	0.61745	73.4561	58.3463	0.0222278	
363.402	-0.00303264	0.00688316	0.00732419	0.00752162	0.590185	113.778	55.7919	0.0222278	
363.41	-0.00701056	0.00346364	0.00732419	0.00781951	0.565574	153.708	53.6664	0.0222278	
363.418	-0.0078602	-0.00186256	0.00732419	0.00807786	0.544332	193.331	51.95	0.0222278	
363.426	-0.00502189	-0.00659683	0.00732419	0.00829081	0.526932	232.72	50.6157	0.0222278	
363.434	0.000285354	-0.00844967	0.00732419	0.00845449	0.51364	271.934	49.6358	0.0222278	
363.442	0.00562334	-0.00646272	0.00732419	0.00856672	0.504576	311.027	48.9855	0.0222278	
363.45	0.00850113	-0.00146971	0.00732419	0.00862724	0.499706	350.191	48.6419	0.0222278	
363.458	0.00754133	0.0042091	0.00732419	0.00863645	0.498965	29.1675	48.59	0.0222278	
363.466	0.00320137	0.00797866	0.00732419	0.00859696	0.50214	68.1373	48.8132	0.0222278	
363.474	-0.002507	0.00813469	0.00732419	0.00851224	0.50897	107.129	49.299	0.0222278	
363.482	-0.0069663	0.00466971	0.00732419	0.00838662	0.519141	146.165	50.0374	0.0222278	
363.49	-0.00819058	-0.000754755	0.00732419	0.00822528	0.532273	185.265	51.0189	0.0222278	
363.498	-0.00573594	-0.00562529	0.00732419	0.00803398	0.547931	224.442	52.2338	0.0222278	
363.506	-0.000837132	-0.00777304	0.00732419	0.00781799	0.565699	263.853	53.6769	0.0222278	
363.514	0.00415315	-0.00634709	0.00732419	0.00758513	0.58493	303.198	55.3247	0.0222278	
363.522	0.00700532	-0.00219299	0.00732419	0.00734055	0.605176	342.617	57.1681	0.0222278	
363.53	0.00656918	0.00266632	0.00732419	0.00708967	0.625945	22.0914	59.1911	0.0222278	
363.538	0.00325321	0.0060136	0.00732419	0.00683716	0.646802	61.5877	61.3772	0.0222278	
363.546	-0.0012639	0.00646397	0.00732419	0.00658638	0.667419	101.063	63.7141	0.0222278	
363.554	-0.00488921	0.0040358	0.00732419	0.00633971	0.687551	140.462	66.1931	0.0222278	
363.562	-0.00609711	1.44443e-05	0.00732419	0.00609712	0.70716	179.864	68.8267	0.0222278	
363.57	-0.00456106	-0.00367922	0.00732419	0.00586003	0.726095	218.892	71.6114	0.0222278	
363.578	-0.00120753	-0.00549503	0.00732419	0.00562615	0.744506	257.606	74.5884	0.0222278	
363.586	0.00235675	-0.00485126	0.00732419	0.00539342	0.762516	295.911	77.8068	0.0222278	
363.594	0.00462549	-0.00228615	0.00732419	0.00515962	0.780256	333.699	81.3326	0.0222278	
363.602	0.00483515	0.00092709	0.00732419	0.00492322	0.797784	10.8541	85.2379	0.0222278	
363.61	0.00317982	0.00343923	0.00732419	0.00468396	0.815061	47.2443	89.5919	0.0222278	
363.618	0.000552753	0.00440854	0.00732419	0.00444306	0.831937	82.8534	94.4497	0.0222278	
363.626	-0.00192615	0.00374097	0.00732419	0.00420772	0.847874	117.243	99.7322	0.0222278	
363.634	-0.00346576	0.00197082	0.00732419	0.00398693	0.862294	150.375	105.255	0.0222278	
363.642	-0.00379343	-0.000138989	0.00732419	0.00379597	0.874322	182.098	110.55	0.0222278	
363.65	-0.00308794	-0.00195636	0.00732419	0.0036555	0.882894	212.356	114.798	0.0222278	
363.658	-0.00172444	-0.00314857	0.00732419	0.00358987	0.886816	241.291	116.897	0.0222278	
363.666	-4.32089e-05	-0.00362223	0.00732419	0.00362249	0.884873	269.317	115.844	0.0222278	
363.674	0.00172236	-0.00335323	0.00732419	0.00376971	0.875943	297.187	111.32	0.0222278	
363.682	0.00331874	-0.00229238	0.00732419	0.00403349	0.859298	325.366	104.04	0.0222278	
363.69	0.00438409	-0.00042713	0.00732419	0.00440485	0.834563	354.435	95.269	0.0222278	
363.698	0.00442484	0.00202508	0.00732419	0.00486623	0.801943	24.5917	86.2362	0.0222278	
363.706	0.00303254	0.00446462	0.00732419	0.00539714	0.762231	55.8142	77.7532	0.0222278	
363.714	0.00021175	0.00597341	0.00732419	0.00597716	0.716772	87.9698	70.2081	0.0222278	
363.722	-0.00338238	0.00565306	0.00732419	0.00658768	0.667312	120.893	63.7015	0.0222278	
363.73	-0.00651432	0.0030993	0.00732419	0.00721402	0.615654	154.556	58.1708	0.0222278	
363.738	-0.00774887	-0.00116768	0.00732419	0.00783636	0.564185	188.569	53.551	0.0222278	
363.746	-0.00617991	-0.00575297	0.00732419	0.00844322	0.514553	222.951	49.702	0.0222278	
363.754	-0.00193516	-0.00881206	0.00732419	0.00902204	0.468283	257.614	46.5133	0.0222278	
363.762	0.003658	-0.00883413	0.00732419	0.00956153	0.426506	292.493	43.8889	0.0222278	
363.77	0.00848043	-0.00539546	0.00732419	0.0100513	0.389978	327.534	41.7503	0.0222278	
363.778	0.010471	0.000517618	0.00732419	0.0104838	0.358999	2.83003	40.0281	0.0222278	
363.786	0.00853894	0.00668976	0.00732419	0.0108474	0.333958	38.0766	38.6862	0.0222278	
363.794	0.00318546	0.0106718	0.00732419	0.0111371	0.314714	73.38	37.6801	0.0222278	
363.802	-0.00364091	0.010747	0.00732419	0.011347	0.301168	108.716	36.9829	0.0222278	
363.81	-0.00928902	0.00673353	0.00732419	0.0114729	0.293213	144.062	36.5772	0.0222278	
363.818	-0.0115107	0.000120836	0.00732419	0.0115113	0.290806	179.399	36.455	0.0222278	
363.826	-0.00942184	-0.00652551	0.00732419	0.011461	0.29396	214.706	36.6152	0.0222278	
363.834	-0.00385332	-0.0106446	0.00732419	0.0113206	0.302851	250.1	37.0691	0.0222278	
363.842	0.00292494	-0.0107002	0.00732419	0.0110928	0.317616	285.289	37.8305	0.0222278	
363.85	0.00830382	-0.0068737	0.00732419	0.0107797	0.33855	320.383	38.9293	0.0222278	
363.858	0.0103515	-0.000841146	0.00732419	0.0103856	0.365917	355.354	40.4063	0.0222278	
363.866	0.00857311	0.00498354	0.00732419	0.00991634	0.399898	30.1694	42.3186	0.0222278	
363.874	0.0039956	0.00848529	0.00732419	0.00937896	0.440476	64.7849	44.7433	0.0222278	
363.882	-0.00139584	0.00867069	0.00732419	0.00878233	0.487287	99.1452	47.7829	0.0222278	
363.89	-0.00557942	0.00591917	0.00732419	0.00813428	0.539711	133.308	51.5897	0.0222278	
363.898	-0.00725822	0.00168712	0.00732419	0.00745172	0.595971	166.914	56.3152	0.0222278	
363.906	-0.00634098	-0.0023034	0.00732419	0.00674638	0.654279	199.964	62.203	0.0222278	
363.914	-0.00369237	-0.00477292	0.00732419	0.00603443	0.712191	232.274	69.5418	0.0222278	
363.922	-0.000594878	-0.00530201	0.00732419	0.00533528	0.766963	263.598	78.6548	0.0222278	
363.93	0.0018711	-0.00428116	0.00732419	0.00467219	0.815898	293.608	89.8176	0.0222278	
363.938	0.00320626	-0.00251317	0.00732419	0.00407384	0.856682	321.91	103.01	0.0222278	
363.946	0.0034975	-0.000728055	0.00732419	0.00357247	0.887846	348.241	117.466	0.0222278	
363.954	0.00313425	0.000686334	0.00732419	0.00320851	0.908507	12.3516	130.791	0.0222278	
363.962	0.0024633	0.00172457	0.00732419	0.00300699	0.919175	34.9961	139.556	0.0222278	
363.97	0.00159236	0.00250637	0.00732419	0.00296943	0.921101	57.5712	141.322	0.0222278	
363.978	0.000451113	0.00303105	0.00732419	0.00306443	0.916192	81.5348	136.941	0.0222278	
363.986	-0.000982519	0.00308861	0.00732419	0.00324112	0.906727	107.646	129.475	0.0222278	
363.994	-0.00247823	0.00239884	0.00732419	0.00344907	0.895046	135.933	121.669	0.0222278	
364.002	-0.0035435	0.000871256	0.00732419	0.00364904	0.883283	166.186	115.002	0.0222278	
364.01	-0.00362871	-0.00116495	0.00732419	0.00381112	0.873384	197.799	110.111	0.0222278	
364.018	-0.0024878	-0.00302572	0.00732419	0.00391716	0.866738	230.572	107.13	0.0222278	
364.026	-0.000393519	-0.00393541	0.00732419	0.00395503	0.864332	264.29	106.104	0.0222278	
364.034	0.00188879	-0.00343249	0.00732419	0.00391784	0.866694	298.823	107.111	0.0222278	
364.042	0.00342142	-0.0016599	0.00732419	0.00380281	0.873899	334.12	110.351	0.0222278	
364.05	0.00355361	0.000640307	0.00732419	0.00361083	0.885569	10.2143	116.218	0.0222278	
364.058	0.00226494	0.00246201	0.00732419	0.00334537	0.900943	47.3873	125.441	0.0222278	
364.066	0.000228776	0.00300868	0.00732419	0.00301737	0.91864	85.6517	139.077	0.0222278	
364.074	-0.00154154	0.00214476	0.00732419	0.00264128	0.937044	125.707	158.879	0.0222278	
364.082	-0.00219893	0.000443964	0.00732419	0.0022433	0.954177	168.585	187.066	0.0222278	
364.09	-0.00151312	-0.001101	0.00732419	0.0018713	0.967888	216.041	224.254	0.0222278	
364.098	1.42416e-06	-0.00161194	0.00732419	0.00161194	0.976072	270.051	260.335	0.0222278	
364.106	0.00135923	-0.000810954	0.00732419	0.00158277	0.976921	329.179	265.133	0.0222278	
364.114	0.00164337	0.000814253	0.00732419	0.00183403	0.969135	26.3574	228.811	0.0222278	
364.122	0.000529556	0.00222846	0.00732419	0.00229052	0.952275	76.6326	183.21	0.0222278	
364.13	-0.00148604	0.00244124	0.00732419	0.00285797	0.926694	121.33	146.834	0.0222278	
364.138	-0.00331396	0.00104494	0.00732419	0.0034748	0.893561	162.499	120.768	0.0222278	
364.146	-0.00381897	-0.0015039	0.00732419	0.00410442	0.854687	201.494	102.242	0.0222278	
364.154	-0.00242719	-0.00405169	0.00732419	0.00472308	0.81227	239.076	88.8499	0.0222278	
364.162	0.000524939	-0.00528796	0.00732419	0.00531395	0.768588	275.669	78.9704	0.0222278	
364.17	0.00389848	-0.00438354	0.00732419	0.00586631	0.725597	311.648	71.5348	0.0222278	
364.178	0.00620027	-0.00144612	0.00732419	0.00636668	0.685358	346.871	65.9127	0.0222278	
364.186	0.00633464	0.00250138	0.00732419	0.00681063	0.648989	21.5477	61.6162	0.0222278	
364.194	0.00405392	0.00594401	0.00732419	0.00719482	0.617243	55.7053	58.326	0.0222278	
364.202	8.56008e-05	0.00751875	0.00732419	0.00751924	0.590382	89.3477	55.8095	0.0222278	
364.21	-0.00417964	0.00657096	0.00732419	0.00778761	0.568205	122.46	53.8863	0.0222278	
364.218	-0.00725845	0.00338211	0.00732419	0.00800773	0.550085	155.017	52.405	0.0222278	
364.226	-0.00812977	-0.00101462	0.00732419	0.00819284	0.534923	187.114	51.221	0.0222278	
364.234	-0.0065426	-0.00520252	0.00732419	0.00835893	0.52139	218.491	50.2032	0.0222278	
364.242	-0.00301759	-0.00797675	0.00732419	0.00852844	0.507662	249.278	49.2054	0.0222278	
364.25	0.0014437	-0.00860636	0.00732419	0.00872661	0.491738	279.523	48.088	0.0222278	
364.258	0.00569055	-0.0069477	0.00732419	0.0089807	0.471543	309.319	46.7275	0.0222278	
364.266	0.0086869	-0.00336643	0.00732419	0.00931639	0.445305	338.817	45.0438	0.0222278	
364.274	0.00965541	0.00139235	0.00732419	0.00975529	0.411883	8.20574	43.0172	0.0222278	
364.282	0.0081498	0.00632141	0.00732419	0.010314	0.371006	37.799	40.6868	0.0222278	
364.29	0.00419739	0.0101609	0.00732419	0.0109937	0.324159	67.5548	38.1714	0.0222278	
364.298	-0.00158447	0.0116859	0.00732419	0.0117928	0.273558	97.7216	35.5848	0.0222278	
364.306	-0.0078852	0.00995547	0.00732419	0.0126999	0.22239	128.381	33.0432	0.0222278	
364.314	-0.0128361	0.00478309	0.00732419	0.0136983	0.173951	159.563	30.6348	0.0222278	
364.322	-0.0144834	-0.0028837	0.00732419	0.0147676	0.130981	191.261	28.4165	0.0222278	
364.33	-0.0115341	-0.0109226	0.00732419	0.0158852	0.0951793	223.44	26.4174	0.0222278	
364.338	-0.00406853	-0.016539	0.00732419	0.017032	0.0669466	256.18	24.6386	0.0222278	
364.346	0.00597178	-0.0171668	0.00732419	0.0181758	0.045996	289.181	23.0881	0.0222278	
364.354	0.0153137	-0.011743	0.00732419	0.0192979	0.0310819	322.518	21.7456	0.0222278	
364.362	0.0203299	-0.00137052	0.00732419	0.020376	0.0208623	356.143	20.595	0.0222278	
364.37	0.0185208	0.0106995	0.00732419	0.0213893	0.0140623	30.0152	19.6194	0.0222278	
364.378	0.00974976	0.0200753	0.00732419	0.0223176	0.00963408	64.0961	18.8033	0.0222278	
364.386	-0.00336214	0.0228976	0.00732419	0.0231431	0.00679061	98.3533	18.1326	0.0222278	
364.394	-0.0162324	0.0174752	0.00732419	0.0238511	0.00497997	132.889	17.5944	0.0222278	
364.402	-0.0238344	0.00532171	0.00732419	0.0244213	0.00385309	167.414	17.1836	0.0222278	
364.41	-0.0230291	-0.00932077	0.00732419	0.0248438	0.00317352	202.035	16.8913	0.0222278	
364.418	-0.013773	-0.020993	0.00732419	0.0251078	0.0028065	236.732	16.7137	0.0222278	
364.426	0.000652299	-0.025196	0.00732419	0.0252045	0.0026821	271.483	16.6496	0.0222278	
364.434	0.0148647	-0.0202598	0.00732419	0.025128	0.00278007	306.268	16.7003	0.0222278	
364.442	0.0235281	-0.00807153	0.00732419	0.0248741	0.0031293	341.065	16.8708	0.0222278	
364.45	0.0234945	0.00673065	0.00732419	0.0244396	0.00382104	15.9858	17.1707	0.0222278	
364.458	0.0150805	0.0184504	0.00732419	0.0238294	0.00502818	50.7389	17.6104	0.0222278	
364.466	0.00183672	0.0229728	0.00732419	0.0230461	0.0070802	85.4288	18.209	0.0222278	
364.474	-0.011055	0.0191321	0.00732419	0.0220964	0.0105581	120.02	18.9916	0.0222278	
364.482	-0.0189407	0.00904664	0.00732419	0.0209903	0.016463	154.469	19.9924	0.0222278	
364.49	-0.0195124	-0.00299245	0.00732419	0.0197405	0.0264586	188.719	21.2581	0.0222278	
364.498	-0.0134966	-0.0124514	0.00732419	0.0183628	0.0431575	222.693	22.853	0.0222278	
364.506	-0.0039639	-0.0164002	0.00732419	0.0168724	0.0704098	256.412	24.8716	0.0222278	
364.514	0.00510129	-0.0144303	0.00732419	0.0153054	0.112653	289.469	27.4181	0.0222278	
364.522	0.0107532	-0.00846962	0.00732419	0.0136881	0.174404	321.775	30.6576	0.0222278	
364.53	0.0119729	-0.00146926	0.00732419	0.0120627	0.257623	353.004	34.7886	0.0222278	
364.538	0.00967554	0.00404369	0.00732419	0.0104865	0.358804	22.6815	40.0175	0.0222278	
364.546	0.00579421	0.00694158	0.00732419	0.00904203	0.466709	50.1479	46.4105	0.0222278	
364.554	0.00207641	0.00756874	0.00732419	0.0078484	0.563193	74.6589	53.4689	0.0222278	
364.562	-0.000737755	0.00702099	0.00732419	0.00705964	0.628429	95.9985	59.4428	0.0222278	
364.57	-0.0029051	0.00617832	0.00732419	0.00682724	0.64762	115.183	61.4663	0.0222278	
364.578	-0.00507794	0.00507584	0.00732419	0.00717981	0.618486	135.012	58.448	0.0222278	
364.586	-0.00740395	0.00303482	0.00732419	0.00800179	0.550573	157.712	52.4439	0.0222278	
364.594	-0.0090984	-0.000596087	0.00732419	0.0091179	0.460754	183.748	46.0243	0.0222278	
364.602	-0.00874885	-0.00558321	0.00732419	0.0103786	0.366418	212.545	40.4338	0.0222278	
364.61	-0.00523677	-0.0104402	0.00732419	0.01168	0.280394	243.362	35.9285	0.0222278	
364.618	0.00129709	-0.0128929	0.00732419	0.0129579	0.209082	275.745	32.3852	0.0222278	
364.626	0.00891753	-0.0109948	0.00732419	0.0141566	0.154438	309.044	29.6431	0.0222278	
364.634	0.0145912	-0.00442978	0.00732419	0.0152488	0.114485	343.112	27.5199	0.0222278	
364.642	0.0154385	0.00494768	0.00732419	0.0162119	0.0863158	17.7695	25.885	0.0222278	
364.65	0.0102735	0.0135822	0.00732419	0.01703	0.0669901	52.8963	24.6415	0.0222278	
364.658	0.00048988	0.0176853	0.00732419	0.0176921	0.0540695	88.4133	23.7194	0.0222278	
364.666	-0.0102428	0.0150338	0.00732419	0.0181915	0.0457521	124.267	23.0682	0.0222278	
364.674	-0.0174704	0.00616492	0.00732419	0.0185262	0.0407996	160.563	22.6514	0.0222278	
364.682	-0.0178769	-0.00546761	0.00732419	0.0186943	0.0384887	197.006	22.4477	0.0222278	
364.69	-0.0110642	-0.0150767	0.00732419	0.0187009	0.0384003	233.727	22.4398	0.0222278	
364.698	0.000235381	-0.0185513	0.00732419	0.0185528	0.0404273	270.727	22.619	0.0222278	
364.706	0.0112465	-0.014385	0.00732419	0.0182596	0.0447058	308.019	22.9822	0.0222278	
364.714	0.0172754	-0.00442826	0.00732419	0.0178339	0.0515887	345.623	23.5307	0.0222278	
364.722	0.0158488	0.00691339	0.00732419	0.017291	0.0616232	23.5673	24.2695	0.0222278	
364.73	0.00780562	0.0147032	0.00732419	0.0166467	0.0755555	62.0371	25.209	0.0222278	
364.738	-0.00298062	0.0156452	0.00732419	0.0159266	0.0940178	100.786	26.3487	0.0222278	
364.746	-0.01161	0.00973694	0.00732419	0.0151525	0.11765	140.014	27.6947	0.0222278	
364.754	-0.0143503	5.48619e-05	0.00732419	0.0143504	0.146688	179.781	29.2428	0.0222278	
364.762	-0.0103571	-0.0087356	0.00732419	0.0135492	0.180665	220.146	30.972	0.0222278	
364.77	-0.0019644	-0.0126273	0.00732419	0.0127792	0.218241	261.158	32.8381	0.0222278	
364.778	0.00657371	-0.0101216	0.00732419	0.012069	0.257262	303.003	34.7706	0.0222278	
364.786	0.0110808	-0.00289832	0.00732419	0.0114536	0.294422	345.342	36.6387	0.0222278	
364.794	0.00965068	0.00518504	0.00732419	0.0109554	0.326711	28.2479	38.305	0.0222278	
364.802	0.00335056	0.0100474	0.00732419	0.0105914	0.351489	71.5578	39.6214	0.0222278	
364.81	-0.00438916	0.00939226	0.00732419	0.0103672	0.367223	115.047	40.4781	0.0222278	
364.818	-0.00955776	0.0037721	0.00732419	0.0102752	0.373783	158.463	40.8406	0.0222278	
364.826	-0.00957441	-0.00378526	0.00732419	0.0102955	0.37233	201.571	40.76	0.0222278	
364.834	-0.00449967	-0.00937613	0.00732419	0.0103999	0.364904	244.363	40.3507	0.0222278	
364.842	0.00298316	-0.0101244	0.00732419	0.0105547	0.354037	286.418	39.7589	0.0222278	
364.85	0.00908423	-0.00570462	0.00732419	0.0107269	0.342151	327.872	39.1209	0.0222278	
364.858	0.0107593	0.00165657	0.00732419	0.0108861	0.331352	8.75286	38.5487	0.0222278	
364.866	0.0072041	0.00832097	0.00732419	0.0110063	0.323326	49.1147	38.1279	0.0222278	
364.874	0.000187801	0.0110647	0.00732419	0.0110663	0.319355	89.0276	37.9209	0.0222278	
364.882	-0.00688875	0.00864001	0.00732419	0.0110501	0.320425	128.566	37.9766	0.0222278	
364.89	-0.0107043	0.0022846	0.00732419	0.0109454	0.327379	167.952	38.3399	0.0222278	
364.898	-0.00957804	-0.00487167	0.00732419	0.0107458	0.340859	206.959	39.0521	0.0222278	
364.906	-0.00428141	-0.00952987	0.00732419	0.0104474	0.361552	245.807	40.1673	0.0222278	
364.914	0.00252801	-0.00972732	0.00732419	0.0100504	0.390041	284.568	41.7539	0.0222278	
364.922	0.00766513	-0.00570961	0.00732419	0.00955792	0.42678	323.318	43.9055	0.0222278	
364.93	0.0089698	0.000336138	0.00732419	0.0089761	0.471906	2.14612	46.7514	0.0222278	
364.938	0.0062591	0.0054721	0.00732419	0.00831386	0.525055	41.162	50.4754	0.0222278	
364.946	0.00122994	0.00748012	0.00732419	0.00758056	0.585309	80.6625	55.3581	0.0222278	
364.954	-0.0034554	0.00585341	0.00732419	0.00679722	0.650093	120.554	61.7377	0.0222278	
364.962	-0.0056654	0.00191812	0.00732419	0.0059813	0.716442	161.296	70.1595	0.0222278	
364.97	-0.00473659	-0.00204603	0.00732419	0.0051596	0.780257	203.363	81.3328	0.0222278	
364.978	-0.00167266	-0.00403757	0.00732419	0.00437033	0.836922	247.497	96.0214	0.0222278	
364.986	0.00153798	-0.00333358	0.00732419	0.00367126	0.881944	294.767	114.305	0.0222278	
364.994	0.00305886	-0.00074893	0.00732419	0.00314921	0.911705	346.242	133.254	0.0222278	
365.002	0.00217066	0.00193747	0.00732419	0.00290956	0.924127	41.7511	144.23	0.0222278	
365.01	-0.000390314	0.00298637	0.00732419	0.00301177	0.918929	97.4463	139.335	0.0222278	
365.018	-0.00293306	0.0017195	0.00732419	0.00339993	0.897858	149.619	123.427	0.0222278	
365.026	-0.00378113	-0.00117495	0.00732419	0.00395948	0.864049	197.262	105.985	0.0222278	
365.034	-0.00220659	-0.00402882	0.00732419	0.00459352	0.82146	241.29	91.3559	0.0222278	
365.042	0.00116237	-0.00510912	0.00732419	0.00523967	0.774224	282.817	80.0899	0.0222278	
365.05	0.00465793	-0.00355586	0.00732419	0.00586007	0.726092	322.642	71.6109	0.0222278	
365.058	0.00643115	0.000159147	0.00732419	0.00643312	0.679947	1.41757	65.2319	0.0222278	
365.066	0.00538022	0.00438285	0.00732419	0.00693946	0.638361	39.167	60.4723	0.0222278	
365.074	0.00175393	0.00716019	0.00732419	0.00737187	0.602582	76.2361	56.9252	0.0222278	
365.082	-0.00298714	0.00712419	0.00732419	0.00772509	0.573364	112.748	54.3224	0.0222278	
365.09	-0.00683863	0.00414505	0.00732419	0.00799677	0.550986	148.779	52.4768	0.0222278	
365.098	-0.00816386	-0.000624361	0.00732419	0.0081877	0.535343	184.373	51.2531	0.0222278	
365.106	-0.00640004	-0.00528608	0.00732419	0.00830079	0.526118	219.555	50.5548	0.0222278	
365.114	-0.00223437	-0.00803679	0.00732419	0.00834161	0.522798	254.463	50.3075	0.0222278	
365.122	0.00268458	-0.00787222	0.00732419	0.00831738	0.524768	288.83	50.454	0.0222278	
365.13	0.00656	-0.00498286	0.00732419	0.00823787	0.531246	322.78	50.941	0.0222278	
365.138	0.00809733	-0.000523375	0.00732419	0.00811422	0.541353	356.302	51.7172	0.0222278	
365.146	0.0069352	0.00390535	0.00732419	0.00795919	0.554073	29.3847	52.7246	0.0222278	
365.154	0.00365223	0.00687659	0.00732419	0.00778628	0.568314	62.0268	53.8955	0.0222278	
365.162	-0.00056279	0.00758848	0.00732419	0.00760932	0.58293	94.2415	55.1488	0.0222278	
365.17	-0.00439312	0.00600589	0.00732419	0.00744112	0.596848	126.184	56.3954	0.0222278	
365.178	-0.00674772	0.00277088	0.00732419	0.00729449	0.60899	157.675	57.5291	0.0222278	
365.186	-0.00709107	-0.00111379	0.00732419	0.00717801	0.618635	188.926	58.4626	0.0222278	
365.194	-0.00543231	-0.004567	0.00732419	0.00709701	0.625338	220.054	59.1299	0.0222278	
365.202	-0.0022741	-0.00667562	0.00732419	0.00705234	0.629033	251.188	59.5044	0.0222278	
365.21	0.00151879	-0.00687472	0.00732419	0.00704049	0.630012	282.458	59.6045	0.0222278	
365.218	0.00489823	-0.00507625	0.00732419	0.00705415	0.628883	313.978	59.4891	0.0222278	
365.226	0.00687111	-0.00171828	0.00732419	0.0070827	0.626522	345.96	59.2493	0.0222278	
365.234	0.00675705	0.00222447	0.00732419	0.00711379	0.62395	18.2219	58.9904	0.0222278	
365.242	0.00449785	0.0055381	0.00732419	0.0071345	0.622235	50.9177	58.8191	0.0222278	
365.25	0.000738017	0.00709387	0.00732419	0.00713216	0.62243	84.0606	58.8385	0.0222278	
365.258	-0.00329264	0.0062853	0.00732419	0.00709553	0.625461	117.648	59.1422	0.0222278	
365.266	-0.00617455	0.0033286	0.00732419	0.0070146	0.632153	151.672	59.8245	0.0222278	
365.274	-0.00684224	-0.000733718	0.00732419	0.00688146	0.643148	186.121	60.982	0.0222278	
365.282	-0.00503911	-0.00439938	0.00732419	0.00668934	0.65897	221.122	62.7335	0.0222278	
365.29	-0.00151186	-0.00625581	0.00732419	0.00643591	0.67972	256.414	65.2037	0.0222278	
365.298	0.00230618	-0.00566752	0.00732419	0.00611877	0.70542	292.142	68.5833	0.0222278	
365.306	0.0048847	-0.00301154	0.00732419	0.00573844	0.735702	328.345	73.1288	0.0222278	
365.314	0.00527645	0.000470244	0.00732419	0.00529736	0.76985	5.09282	79.2178	0.0222278	
365.322	0.00353884	0.00324353	0.00732419	0.00480041	0.806714	42.5069	87.4187	0.0222278	
365.33	0.000680494	0.00420048	0.00732419	0.00425525	0.844701	80.7978	98.6183	0.0222278	
365.338	-0.00186275	0.00316321	0.00732419	0.00367094	0.881964	120.493	114.316	0.0222278	
365.346	-0.00291901	0.000949641	0.00732419	0.0030696	0.915922	161.979	136.71	0.0222278	
365.354	-0.00221476	-0.0011147	0.00732419	0.00247946	0.944309	206.716	169.249	0.0222278	
365.362	-0.000436614	-0.00191003	0.00732419	0.00195929	0.964852	257.124	214.182	0.0222278	
365.37	0.00117083	-0.00112745	0.00732419	0.00162542	0.975675	316.081	258.176	0.0222278	
365.378	0.00152475	0.000573232	0.00732419	0.00162895	0.975571	20.6038	257.617	0.0222278	
365.386	0.000341221	0.00194929	0.00732419	0.00197893	0.964157	80.071	212.057	0.0222278	
365.394	-0.00167635	0.00190219	0.00732419	0.00253544	0.941842	131.389	165.512	0.0222278	
365.402	-0.00317462	0.000165418	0.00732419	0.00317893	0.910108	177.017	132.008	0.0222278	
365.41	-0.0029673	-0.00245673	0.00732419	0.00385233	0.870817	219.623	108.933	0.0222278	
365.418	-0.000743015	-0.00446406	0.00732419	0.00452547	0.826225	260.55	92.7296	0.0222278	
365.426	0.00263049	-0.00446353	0.00732419	0.00518098	0.778651	300.512	80.9972	0.0222278	
365.434	0.00545402	-0.0019956	0.00732419	0.00580765	0.730243	339.903	72.2573	0.0222278	
365.442	0.00605108	0.00207833	0.00732419	0.00639804	0.682806	18.9557	65.5896	0.0222278	
365.45	0.00368626	0.00589094	0.00732419	0.00694922	0.637555	57.9637	60.3874	0.0222278	
365.458	-0.000872837	0.00740289	0.00732419	0.00745417	0.595768	96.7244	56.2967	0.0222278	
365.466	-0.00563982	0.00555178	0.00732419	0.0079139	0.557799	135.451	53.0263	0.0222278	
365.474	-0.00828602	0.000843951	0.00732419	0.00832888	0.523832	174.184	50.3843	0.0222278	
365.482	-0.00730098	-0.00473294	0.00732419	0.00870086	0.493799	212.954	48.2303	0.0222278	
365.49	-0.00282472	-0.00857991	0.00732419	0.00903293	0.467425	251.777	46.4572	0.0222278	
365.498	0.00329153	-0.00872887	0.00732419	0.00932884	0.444342	290.661	44.9836	0.0222278	
365.506	0.00828817	-0.00483299	0.00732419	0.00959434	0.424014	329.753	43.7388	0.0222278	
365.514	0.00971797	0.00149522	0.00732419	0.00983233	0.406131	8.74701	42.6801	0.0222278	
365.522	0.00675319	0.00744131	0.00732419	0.0100488	0.390161	47.7754	41.7607	0.0222278	
365.53	0.00056952	0.0102327	0.00732419	0.0102485	0.375694	86.8144	40.9469	0.0222278	
365.538	-0.00610945	0.00845996	0.00732419	0.0104353	0.362404	125.835	40.2138	0.0222278	
365.546	-0.0102412	0.00278179	0.00732419	0.0106122	0.350043	164.804	39.5435	0.0222278	
365.554	-0.00987316	-0.00433035	0.00732419	0.0107811	0.338456	203.682	38.9243	0.0222278	
365.562	-0.00503916	-0.00971337	0.00732419	0.0109427	0.327558	242.58	38.3493	0.0222278	
365.57	0.00214804	-0.0108852	0.00732419	0.0110951	0.317459	281.163	37.8224	0.0222278	
365.578	0.00854974	-0.00729158	0.00732419	0.0112368	0.308237	319.541	37.3457	0.0222278	
365.586	0.0113554	-0.00046025	0.00732419	0.0113647	0.300041	357.679	36.9253	0.0222278	
365.594	0.00933691	0.00667072	0.00732419	0.011475	0.293076	35.5438	36.5703	0.0222278	
365.602	0.00336055	0.0110647	0.00732419	0.0115638	0.287543	73.1056	36.2896	0.0222278	
365.61	-0.00404072	0.0109026	0.00732419	0.0116273	0.283624	110.336	36.0914	0.0222278	
365.618	-0.00981908	0.00629217	0.00732419	0.0116621	0.281485	147.348	35.9835	0.0222278	
365.626	-0.0116399	-0.000780035	0.00732419	0.011666	0.281247	183.834	35.9715	0.0222278	
365.634	-0.00892733	-0.00746687	0.00732419	0.0116384	0.282944	219.909	36.0571	0.0222278	
365.642	-0.00289016	-0.0112138	0.00732419	0.0115803	0.286524	255.548	36.238	0.0222278	
365.65	0.00406739	-0.0107516	0.00732419	0.0114952	0.291812	290.722	36.506	0.0222278	
365.658	0.00937546	-0.00646603	0.00732419	0.011389	0.298501	325.407	36.8466	0.0222278	
365.666	0.0112699	-8.26134e-05	0.00732419	0.0112702	0.306083	359.58	37.2349	0.0222278	
365.674	0.00931342	0.0061303	0.00732419	0.0111499	0.313875	33.3538	37.6367	0.0222278	
365.682	0.00440877	0.0101245	0.00732419	0.0110427	0.32091	66.4689	38.0019	0.0222278	
365.69	-0.00172882	0.010827	0.00732419	0.0109641	0.326127	99.0722	38.2743	0.0222278	
365.698	-0.00720122	0.00822381	0.00732419	0.0109311	0.328334	131.207	38.3901	0.0222278	
365.706	-0.0104779	0.00321365	0.00732419	0.0109596	0.326429	162.949	38.2901	0.0222278	
365.714	-0.0107163	-0.00275185	0.00732419	0.011064	0.319509	194.402	37.9289	0.0222278	
365.722	-0.00786095	-0.00805398	0.00732419	0.0112544	0.307102	225.695	37.2873	0.0222278	
365.73	-0.0025784	-0.0112447	0.00732419	0.0115365	0.289239	257.085	36.3755	0.0222278	
365.738	0.00377159	-0.011294	0.00732419	0.0119071	0.266739	288.467	35.2433	0.0222278	
365.746	0.0094771	-0.00793342	0.00732419	0.0123594	0.2408	320.067	33.9535	0.0222278	
365.754	0.0127544	-0.00180052	0.00732419	0.0128809	0.212997	351.965	32.5789	0.0222278	
365.762	0.0122725	0.00551745	0.00732419	0.0134557	0.184967	24.2077	31.1871	0.0222278	
365.77	0.00769871	0.0117712	0.00732419	0.0140652	0.158194	56.8141	29.8356	0.0222278	
365.778	2.37864e-05	0.0146926	0.00732419	0.0146926	0.133709	89.9072	28.5617	0.0222278	
365.786	-0.00838897	0.0128106	0.00732419	0.015313	0.112411	123.219	27.4045	0.0222278	
365.794	-0.0146288	0.00625535	0.00732419	0.0159101	0.0944784	156.848	26.376	0.0222278	
365.802	-0.0161764	-0.00307605	0.00732419	0.0164662	0.0798822	190.767	25.4852	0.0222278	
365.81	-0.0120074	-0.0119842	0.00732419	0.0169647	0.0683914	224.945	24.7364	0.0222278	
365.818	-0.00321273	-0.0170913	0.00732419	0.0173907	0.0596704	259.354	24.1305	0.0222278	
365.826	0.00720328	-0.0162021	0.00732419	0.0177312	0.0533764	293.969	23.6671	0.0222278	
365.834	0.0153923	-0.00928466	0.00732419	0.0179757	0.0492038	328.902	23.3451	0.0222278	
365.842	0.018072	0.00122104	0.00732419	0.0181132	0.0469801	3.86534	23.1679	0.0222278	
365.85	0.0141002	0.0114087	0.00732419	0.0181376	0.0465945	38.9769	23.1367	0.0222278	
365.858	0.00490581	0.0173637	0.00732419	0.0180435	0.0480975	74.2233	23.2575	0.0222278	
365.866	-0.00597883	0.0167955	0.00732419	0.0178279	0.0516923	109.595	23.5387	0.0222278	
365.874	-0.0143413	0.0100107	0.00732419	0.0174896	0.057781	145.084	23.9939	0.0222278	
365.882	-0.0170284	-0.000204069	0.00732419	0.0170296	0.0669975	180.687	24.642	0.0222278	
365.89	-0.0132154	-0.00979294	0.00732419	0.0164483	0.080322	216.539	25.5129	0.0222278	
365.898	-0.00477093	-0.0150153	0.00732419	0.0157551	0.0989031	252.373	26.6356	0.0222278	
365.906	0.00470334	-0.0141955	0.00732419	0.0149544	0.124377	288.331	28.0616	0.0222278	
365.914	0.0114325	-0.00817602	0.00732419	0.0140552	0.158612	324.429	29.857	0.0222278	
365.922	0.0130664	0.000157159	0.00732419	0.0130674	0.203605	0.689104	32.114	0.0222278	
365.93	0.00956753	0.00724795	0.00732419	0.0120029	0.261102	37.146	34.9619	0.0222278	
365.938	0.00302434	0.0104463	0.00732419	0.0108753	0.332081	73.8536	38.5872	0.0222278	
365.946	-0.00348007	0.00904886	0.00732419	0.00969499	0.416411	111.036	43.2848	0.0222278	
365.954	-0.00724025	0.00442981	0.00732419	0.0084879	0.510938	148.54	49.4404	0.0222278	
365.962	-0.00721893	-0.000850891	0.00732419	0.00726891	0.611109	186.722	57.7315	0.0222278	
365.97	-0.00421402	-0.0043561	0.00732419	0.00606082	0.710075	225.95	69.239	0.0222278	
365.978	-0.000265078	-0.00488622	0.00732419	0.0048934	0.799964	266.895	85.7574	0.0222278	
365.986	0.00249238	-0.0028833	0.00732419	0.00381121	0.873378	310.841	110.108	0.0222278	
365.994	0.0028934	1.00247e-05	0.00732419	0.00289342	0.924935	0.19851	145.034	0.0222278	
366.002	0.00120262	0.00194656	0.00732419	0.0022881	0.952374	58.2914	183.404	0.0222278	
366.01	-0.00116218	0.00184934	0.00732419	0.0021842	0.956508	122.146	192.128	0.0222278	
366.018	-0.00254814	-4.25976e-05	0.00732419	0.0025485	0.941259	180.958	164.664	0.0222278	
366.026	-0.00197917	-0.00244064	0.00732419	0.00314227	0.912076	230.961	133.548	0.0222278	
366.034	0.000334208	-0.00377183	0.00732419	0.00378661	0.874901	275.064	110.824	0.0222278	
366.042	0.0031521	-0.00306295	0.00732419	0.00439515	0.835227	315.822	95.4791	0.0222278	
366.05	0.00490478	-0.000463151	0.00732419	0.0049266	0.797537	354.606	85.1795	0.0222278	
366.058	0.00453344	0.00286127	0.00732419	0.00536087	0.765008	32.2579	78.2792	0.0222278	
366.066	0.00205004	0.00530035	0.00732419	0.00568298	0.740059	68.8548	73.8424	0.0222278	
366.074	-0.00149696	0.00569566	0.00732419	0.00588909	0.723788	104.726	71.258	0.0222278	
366.082	-0.00457595	0.0038467	0.00732419	0.005978	0.716705	139.948	70.1983	0.0222278	
366.09	-0.00592519	0.000567805	0.00732419	0.00595234	0.718753	174.526	70.5009	0.0222278	
366.098	-0.00511853	-0.00276744	0.00732419	0.00581877	0.729364	208.399	72.1193	0.0222278	
366.106	-0.0026717	-0.00490841	0.00732419	0.00558842	0.747448	241.44	75.0919	0.0222278	
366.114	0.000327945	-0.00526636	0.00732419	0.00527656	0.77143	273.563	79.53	0.0222278	
366.122	0.00276111	-0.00406003	0.00732419	0.00490994	0.798756	304.219	85.4684	0.0222278	
366.13	0.00403337	-0.00204442	0.00732419	0.00452192	0.826473	333.121	92.8025	0.0222278	
366.138	0.00416137	-1.3461e-05	0.00732419	0.00416139	0.850944	359.815	100.842	0.0222278	
366.146	0.00355568	0.00158511	0.00732419	0.003893	0.868264	24.0272	107.795	0.0222278	
366.154	0.00262557	0.00273273	0.00732419	0.00378965	0.874713	46.1457	110.735	0.0222278	
366.162	0.00149239	0.00361028	0.00732419	0.00390658	0.867407	67.5412	107.42	0.0222278	
366.17	-6.98517e-06	0.00425462	0.00732419	0.00425463	0.844743	90.0941	98.6326	0.0222278	
366.178	-0.00200779	0.00435333	0.00732419	0.00479403	0.807174	114.759	87.535	0.0222278	
366.186	-0.00429613	0.00338368	0.00732419	0.00546864	0.756732	141.776	76.7366	0.0222278	
366.194	-0.00614382	0.000997532	0.00732419	0.00622427	0.696909	170.778	67.4207	0.0222278	
366.202	-0.00653757	-0.00254834	0.00732419	0.00701668	0.631981	201.296	59.8068	0.0222278	
366.21	-0.00470867	-0.00623266	0.00732419	0.00781137	0.566244	232.93	53.7223	0.0222278	
366.218	-0.000691669	-0.00855313	0.00732419	0.00858105	0.503421	265.377	48.9037	0.0222278	
366.226	0.00444683	-0.0081748	0.00732419	0.009306	0.446109	298.545	45.094	0.0222278	
366.234	0.00879826	-0.00467329	0.00732419	0.00996238	0.396501	332.025	42.123	0.0222278	
366.242	0.0104833	0.00106958	0.00732419	0.0105377	0.355226	5.82557	39.8233	0.0222278	
366.25	0.00845823	0.00706288	0.00732419	0.0110193	0.322459	39.8629	38.0826	0.0222278	
366.258	0.00312797	0.0109594	0.00732419	0.011397	0.297991	74.0705	36.8206	0.0222278	
366.266	-0.00368045	0.0110666	0.00732419	0.0116626	0.281459	108.396	35.9822	0.0222278	
366.274	-0.00940655	0.00714131	0.00732419	0.0118102	0.272512	142.795	35.5324	0.0222278	
366.282	-0.0118234	0.000545091	0.00732419	0.0118359	0.270974	177.36	35.4552	0.0222278	
366.29	-0.00997683	-0.00618407	0.00732419	0.011738	0.276869	211.792	35.7511	0.0222278	
366.298	-0.00465041	-0.0105366	0.00732419	0.0115172	0.29044	246.185	36.4364	0.0222278	
366.306	0.00203636	-0.0109891	0.00732419	0.0111762	0.312161	280.498	37.548	0.0222278	
366.314	0.00753804	-0.00762185	0.00732419	0.0107198	0.342635	314.683	39.1466	0.0222278	
366.322	0.00995763	-0.00199321	0.00732419	0.0101552	0.382425	348.681	41.3233	0.0222278	
366.33	0.00877443	0.00361872	0.00732419	0.00949135	0.431855	22.412	44.2134	0.0222278	
366.338	0.00489925	0.00723456	0.00732419	0.00873736	0.490878	55.8941	48.0288	0.0222278	
366.346	0.000177715	0.00791164	0.00732419	0.00791364	0.557821	88.7132	53.0281	0.0222278	
366.354	-0.00359852	0.00604649	0.00732419	0.00703629	0.63036	120.759	59.6401	0.0222278	
366.362	-0.00539468	0.0029105	0.00732419	0.00612973	0.704537	151.653	68.4606	0.0222278	
366.37	-0.00522739	-7.22834e-05	0.00732419	0.00522789	0.775115	180.792	80.2705	0.0222278	
366.378	-0.00389628	-0.00200443	0.00732419	0.00438164	0.83615	207.223	95.7736	0.0222278	
366.386	-0.00237781	-0.00279807	0.00732419	0.00367194	0.881903	229.642	114.284	0.0222278	
366.394	-0.00124373	-0.00296691	0.00732419	0.00321705	0.908042	247.257	130.444	0.0222278	
366.402	-0.000445978	-0.00310811	0.00732419	0.00313994	0.912201	261.834	133.647	0.0222278	
366.41	0.000494213	-0.00341342	0.00732419	0.00344901	0.895049	278.238	121.671	0.0222278	
366.418	0.00197513	-0.00351124	0.00732419	0.00402864	0.859611	299.359	104.165	0.0222278	
366.426	0.00387844	-0.00273446	0.00732419	0.00474548	0.810666	324.815	88.4305	0.0222278	
366.434	0.00546901	-0.000644294	0.00732419	0.00550683	0.753781	353.281	76.2045	0.0222278	
366.442	0.00572871	0.00251448	0.00732419	0.00625625	0.694321	23.6979	67.0761	0.0222278	
366.45	0.00394245	0.00573673	0.00732419	0.00696081	0.636597	55.502	60.2868	0.0222278	
366.458	0.000261885	0.00758692	0.00732419	0.00759143	0.584409	88.0231	55.2788	0.0222278	
366.466	-0.00420293	0.00696452	0.00732419	0.00813445	0.539697	121.11	51.5887	0.0222278	
366.474	-0.00774747	0.00368139	0.00732419	0.00857765	0.503695	154.584	48.9231	0.0222278	
366.482	-0.00881874	-0.00129012	0.00732419	0.0089126	0.476928	188.323	47.0845	0.0222278	
366.49	-0.0067622	-0.00613962	0.00732419	0.00913358	0.459527	222.237	45.9453	0.0222278	
366.498	-0.0021944	-0.0089727	0.00732419	0.00923714	0.45145	256.257	45.4302	0.0222278	
366.506	0.0032229	-0.00864041	0.00732419	0.00922192	0.452634	290.456	45.5052	0.0222278	
366.514	0.00740141	-0.00527536	0.00732419	0.00908902	0.463018	324.521	46.1705	0.0222278	
366.522	0.00883865	-0.000226965	0.00732419	0.00884156	0.482568	358.529	47.4628	0.0222278	
366.53	0.00716197	0.00454924	0.00732419	0.00848465	0.5112	32.4235	49.4593	0.0222278	
366.538	0.00324693	0.00733893	0.00732419	0.00802511	0.548658	66.1342	52.2915	0.0222278	
366.546	-0.00124222	0.00736793	0.00732419	0.00747191	0.594299	99.57	56.163	0.0222278	
366.554	-0.00462745	0.00503193	0.00732419	0.0068362	0.646881	132.602	61.3857	0.0222278	
366.562	-0.00592449	0.00156952	0.00732419	0.00612886	0.704607	165.162	68.4703	0.0222278	
366.57	-0.00514614	-0.00154368	0.00732419	0.00537268	0.764105	196.698	78.1072	0.0222278	
366.578	-0.00313939	-0.0033463	0.00732419	0.00458841	0.82182	226.827	91.4577	0.0222278	
366.586	-0.00100719	-0.00367444	0.00732419	0.00380998	0.873454	254.671	110.144	0.0222278	
366.594	0.000468573	-0.00305762	0.00732419	0.00309332	0.914675	278.713	135.662	0.0222278	
366.602	0.00114542	-0.00226365	0.00732419	0.00253695	0.941775	296.84	165.414	0.0222278	
366.61	0.0014294	-0.00178908	0.00732419	0.00228998	0.952297	308.623	183.253	0.0222278	
366.618	0.00187203	-0.00158595	0.00732419	0.00245351	0.945437	319.729	171.039	0.0222278	
366.626	0.00270309	-0.00116974	0.00732419	0.00294533	0.922325	336.6	142.478	0.0222278	
366.634	0.0036098	-2.30024e-05	0.00732419	0.00360987	0.885626	359.635	116.249	0.0222278	
366.642	0.00387512	0.00195197	0.00732419	0.00433898	0.839055	26.7352	96.7152	0.0222278	
366.65	0.00281806	0.00421815	0.00732419	0.0050729	0.786736	56.2539	82.7229	0.0222278	
366.658	0.000280277	0.00577052	0.00732419	0.00577732	0.732638	87.2193	72.6366	0.0222278	
366.666	-0.00312482	0.00562056	0.00732419	0.0064308	0.680137	119.072	65.2555	0.0222278	
366.674	-0.00617591	0.00333908	0.00732419	0.00702077	0.631643	151.602	59.7719	0.0222278	
366.682	-0.00751096	-0.000570843	0.00732419	0.00753262	0.589275	184.346	55.7104	0.0222278	
366.69	-0.00633455	-0.00482285	0.00732419	0.00796156	0.553879	217.284	52.7089	0.0222278	
366.698	-0.00279763	-0.00781732	0.00732419	0.00830285	0.525951	250.309	50.5423	0.0222278	
366.706	0.00197334	-0.00832374	0.00732419	0.00855446	0.505564	283.337	49.0557	0.0222278	
366.714	0.00630125	-0.00602238	0.00732419	0.00871636	0.492558	316.296	48.1446	0.0222278	
366.722	0.00863264	-0.00165916	0.00732419	0.00879063	0.486624	349.121	47.7378	0.0222278	
366.73	0.00814978	0.00327077	0.00732419	0.00878162	0.487343	21.8672	47.7868	0.0222278	
366.738	0.00508472	0.00705468	0.00732419	0.00869614	0.494177	54.2175	48.2565	0.0222278	
366.746	0.000562935	0.00852523	0.00732419	0.00854379	0.506424	86.2222	49.117	0.0222278	
366.754	-0.00388811	0.0073743	0.00732419	0.00833653	0.523211	117.801	50.3381	0.0222278	
366.762	-0.00692433	0.00418254	0.00732419	0.0080895	0.543378	148.867	51.8753	0.0222278	
366.77	-0.00782052	9.09717e-05	0.00732419	0.00782104	0.565447	179.334	53.6559	0.0222278	
366.778	-0.00658926	-0.00368851	0.00732419	0.00755138	0.587722	209.239	55.5719	0.0222278	
366.786	-0.00383865	-0.00621755	0.00732419	0.00730706	0.607949	238.309	57.4301	0.0222278	
366.794	-0.000413064	-0.00710107	0.00732419	0.00711308	0.624009	266.671	58.9963	0.0222278	
366.802	0.00289186	-0.00636909	0.00732419	0.00699487	0.633784	294.42	59.9933	0.0222278	
366.81	0.00547722	-0.00431718	0.00732419	0.0069741	0.6355	321.755	60.172	0.0222278	
366.818	0.00693399	-0.00135384	0.00732419	0.00706492	0.627992	348.952	59.3984	0.0222278	
366.826	0.00697859	0.00204367	0.00732419	0.00727167	0.61088	16.3226	57.7096	0.0222278	
366.834	0.00543691	0.00529548	0.00732419	0.0075896	0.584561	44.245	55.2921	0.0222278	
366.842	0.00238127	0.00763977	0.00732419	0.00800228	0.550533	72.6881	52.4407	0.0222278	
366.85	-0.00174289	0.00831114	0.00732419	0.00849192	0.510612	101.844	49.417	0.0222278	
366.858	-0.00601423	0.00674664	0.00732419	0.00903815	0.467015	131.715	46.4304	0.0222278	
366.866	-0.0091635	0.00293236	0.00732419	0.00962125	0.421976	162.255	43.6165	0.0222278	
366.874	-0.00994559	-0.002368	0.00732419	0.0102236	0.377485	193.393	41.0467	0.0222278	
366.882	-0.00765144	-0.00766423	0.00732419	0.0108298	0.335148	225.048	38.7491	0.0222278	
366.89	-0.00251854	-0.0111482	0.00732419	0.0114292	0.29596	257.27	36.717	0.0222278	
366.898	0.0040565	-0.0113007	0.00732419	0.0120067	0.260883	289.746	34.951	0.0222278	
366.906	0.00996686	-0.00763651	0.00732419	0.0125561	0.23005	322.541	33.4217	0.0222278	
366.914	0.0130325	-0.00100085	0.00732419	0.0130709	0.203428	355.609	32.1052	0.0222278	
366.922	0.011858	0.00654848	0.00732419	0.0135461	0.180808	28.9092	30.9791	0.0222278	
366.93	0.00647309	0.012389	0.00732419	0.0139781	0.161839	62.4134	30.0216	0.0222278	
366.938	-0.00152572	0.0142832	0.00732419	0.0143645	0.146134	96.0972	29.2141	0.0222278	
366.946	-0.00946679	0.0112533	0.00732419	0.0147056	0.133232	130.072	28.5363	0.0222278	
366.954	-0.0144221	0.00411708	0.00732419	0.0149983	0.122863	164.068	27.9796	0.0222278	
366.962	-0.0144816	-0.00476241	0.00732419	0.0152446	0.114622	198.204	27.5275	0.0222278	
366.97	-0.00940767	-0.0122501	0.00732419	0.0154457	0.108215	232.477	27.1691	0.0222278	
366.978	-0.000847926	-0.0155799	0.00732419	0.015603	0.103399	266.885	26.8952	0.0222278	
366.986	0.00819681	-0.0134127	0.00732419	0.015719	0.0999542	301.43	26.6966	0.0222278	
366.994	0.0144436	-0.00639532	0.00732419	0.0157961	0.0977155	336.117	26.5663	0.0222278	
367.002	0.0155419	0.00304538	0.00732419	0.0158375	0.0965323	11.0865	26.497	0.0222278	
367.01	0.0109914	0.0114138	0.00732419	0.0158457	0.0962976	46.0802	26.4832	0.0222278	
367.018	0.00240957	0.01564	0.00732419	0.0158246	0.0969001	81.2416	26.5186	0.0222278	
367.026	-0.00706022	0.0141098	0.00732419	0.0157776	0.0982507	116.582	26.5976	0.0222278	
367.034	-0.0138846	0.00734698	0.00732419	0.0157086	0.100261	152.115	26.7144	0.0222278	
367.042	-0.0154756	-0.00213414	0.00732419	0.0156221	0.102825	187.852	26.8623	0.0222278	
367.05	-0.0112022	-0.0107447	0.00732419	0.0155222	0.10585	223.806	27.0351	0.0222278	
367.058	-0.00264295	-0.0151855	0.00732419	0.0154138	0.109211	260.127	27.2253	0.0222278	
367.066	0.00683954	-0.0136888	0.00732419	0.0153024	0.112751	296.549	27.4235	0.0222278	
367.074	0.0135636	-0.00684664	0.00732419	0.0151937	0.116289	333.216	27.6197	0.0222278	
367.082	0.0148579	0.00265555	0.00732419	0.0150934	0.11963	10.1335	27.8033	0.0222278	
367.09	0.0101778	0.0110294	0.00732419	0.0150078	0.122534	47.2995	27.9617	0.0222278	
367.098	0.00137825	0.0148797	0.00732419	0.0149433	0.124761	84.708	28.0824	0.0222278	
367.106	-0.00797534	0.0125932	0.00732419	0.0149062	0.126058	122.346	28.1524	0.0222278	
367.114	-0.0140334	0.00501377	0.00732419	0.0149021	0.1262	160.339	28.1601	0.0222278	
367.122	-0.0141752	-0.00470796	0.00732419	0.0149365	0.124997	198.373	28.0952	0.0222278	
367.13	-0.00827375	-0.0125279	0.00732419	0.0150134	0.122344	236.558	27.9514	0.0222278	
367.138	0.00128199	-0.0150812	0.00732419	0.0151356	0.118214	274.859	27.7257	0.0222278	
367.146	0.0104836	-0.0111502	0.00732419	0.0153046	0.112679	313.235	27.4195	0.0222278	
367.154	0.0153552	-0.00225447	0.00732419	0.0155198	0.105923	351.647	27.0393	0.0222278	
367.162	0.013657	0.00790312	0.00732419	0.0157789	0.0982134	30.0574	26.5954	0.0222278	
367.17	0.00587302	0.014968	0.00732419	0.016079	0.0898388	68.5764	26.0989	0.0222278	
367.178	-0.00476641	0.0157053	0.00732419	0.0164126	0.0812062	106.883	25.5685	0.0222278	
367.186	-0.0137564	0.00959698	0.00732419	0.0167732	0.0726346	145.099	25.0187	0.0222278	
367.194	-0.0171263	-0.000960006	0.00732419	0.0171531	0.0644124	183.208	24.4646	0.0222278	
367.202	-0.0132002	-0.0115554	0.00732419	0.0175435	0.0567734	221.199	23.9203	0.0222278	
367.21	-0.00340228	-0.0176092	0.00732419	0.0179349	0.0498813	259.065	23.3983	0.0222278	
367.218	0.00826001	-0.0163498	0.00732419	0.0183178	0.0438268	296.803	22.9091	0.0222278	
367.226	0.0168726	-0.00802641	0.00732419	0.0186844	0.0386215	334.559	22.4596	0.0222278	
367.234	0.0186032	0.00397085	0.00732419	0.0190223	0.034297	12.0489	22.0607	0.0222278	
367.242	0.0125702	0.0146772	0.00732419	0.0193244	0.0307869	49.4217	21.7158	0.0222278	
