363.25	0.00795609	0.00306391	0.00732422	0.00852566	0.50789	21.0618	49.2216	0.0222279	
363.258	0.00420125	0.00703487	0.00732424	0.0081939	0.534841	59.1542	51.2147	0.022228	
363.266	-0.00106687	0.0077363	0.00732429	0.00780952	0.566407	97.8518	53.7359	0.0222282	
363.274	-0.0053954	0.00503992	0.00732418	0.00738316	0.601646	136.951	56.838	0.0222278	
363.282	-0.00695101	0.000373767	0.00732422	0.00696106	0.63658	176.922	60.2849	0.0222279	
363.29	-0.00514528	-0.0039309	0.00732418	0.00647502	0.676528	217.379	64.8098	0.0222278	
363.298	-0.00115269	-0.00586066	0.00732406	0.00597295	0.7171	258.873	70.2564	0.0222275	
363.306	0.00286272	-0.00473624	0.00732411	0.00553418	0.751658	301.15	75.8271	0.0222276	
363.314	0.00491832	-0.0013325	0.00732412	0.00509563	0.785039	344.841	82.3532	0.0222276	
363.322	0.00402948	0.00229814	0.00732416	0.00463877	0.818266	29.6975	90.4643	0.0222277	
363.33	0.00106394	0.00438469	0.00732432	0.00451193	0.827174	76.3608	93.0096	0.0222282	
363.338	-0.00250756	0.00370742	0.00732424	0.0044758	0.829677	124.073	93.7592	0.022228	
363.346	-0.00449465	0.000713375	0.00732424	0.00455091	0.824451	170.981	92.2118	0.022228	
363.354	-0.00377481	-0.00289382	0.00732418	0.0047564	0.809882	217.474	88.2273	0.0222278	
363.362	-0.000630295	-0.0049662	0.00732424	0.00500604	0.791695	262.767	83.8284	0.022228	
363.37	0.00323201	-0.00431489	0.00732419	0.00539112	0.762693	306.835	77.84	0.0222278	
363.378	0.00568513	-0.00107289	0.0073243	0.00578548	0.732001	349.313	72.5352	0.0222282	
363.386	0.00529839	0.00318893	0.00732419	0.00618403	0.70016	31.0424	67.8594	0.0222278	
363.394	0.00201824	0.00627375	0.00732429	0.00659039	0.667097	72.1672	63.6762	0.0222282	
363.402	-0.00269607	0.00643829	0.0073243	0.00698	0.635021	112.722	60.122	0.0222282	
363.41	-0.00652059	0.00335561	0.00732423	0.00733336	0.605774	152.769	57.2244	0.022228	
363.418	-0.00748051	-0.00163018	0.0073242	0.00765607	0.579066	192.294	54.8121	0.0222279	
363.426	-0.00493046	-0.00618652	0.00732428	0.00791091	0.558052	231.446	53.047	0.0222281	
363.434	6.74535e-05	-0.00809108	0.00732418	0.00809136	0.543225	270.478	51.8633	0.0222278	
363.442	0.0052302	-0.00634207	0.00732411	0.00822051	0.532656	309.512	51.048	0.0222276	
363.45	0.00811823	-0.00165298	0.00732428	0.0082848	0.527429	348.491	50.653	0.0222281	
363.458	0.00735551	0.00387063	0.0073242	0.00831176	0.525227	27.7543	50.4882	0.0222279	
363.466	0.00328243	0.00758862	0.00732416	0.0082681	0.528778	66.6093	50.7545	0.0222278	
363.474	-0.00222737	0.00789401	0.00732425	0.00820223	0.534161	105.757	51.1628	0.022228	
363.482	-0.00662544	0.00465997	0.00732426	0.00810011	0.542515	144.88	51.8078	0.0222281	
363.49	-0.00791538	-0.000579205	0.00732439	0.00793655	0.555954	184.185	52.8765	0.0222285	
363.498	-0.00563602	-0.00532891	0.00732413	0.00775641	0.570773	223.396	54.1026	0.0222277	
363.506	-0.000886738	-0.00750245	0.00732416	0.00755467	0.587448	263.259	55.5476	0.0222278	
363.514	0.00404032	-0.00613551	0.00732417	0.00734634	0.604695	303.366	57.1229	0.0222278	
363.522	0.00683267	-0.00208998	0.00732414	0.00714517	0.621349	342.992	58.7309	0.0222277	
363.53	0.0063847	0.00268789	0.00732416	0.00692742	0.639353	22.8306	60.5772	0.0222278	
363.538	0.00306162	0.006009	0.00732418	0.006744	0.654474	63.0009	62.2249	0.0222278	
363.546	-0.00152294	0.00634334	0.0073242	0.00652359	0.67256	103.5	64.3274	0.0222279	
363.554	-0.00509934	0.00378926	0.00732413	0.00635309	0.686459	143.384	66.0532	0.0222277	
363.562	-0.00620175	-0.000393095	0.00732417	0.0062142	0.697722	183.627	67.5299	0.0222278	
363.57	-0.00439805	-0.00413396	0.00732405	0.00603593	0.712061	223.227	69.5231	0.0222274	
363.578	-0.000749821	-0.00589908	0.00732419	0.00594654	0.719215	262.756	70.5696	0.0222278	
363.586	0.00305516	-0.0049437	0.0073241	0.00581155	0.72993	301.716	72.208	0.0222276	
363.594	0.00537806	-0.00190578	0.0073242	0.00570574	0.738273	340.488	73.5479	0.0222279	
363.602	0.00529814	0.00177348	0.00732429	0.00558708	0.747558	18.5073	75.1109	0.0222282	
363.61	0.00304843	0.00451927	0.0073242	0.00545131	0.758069	55.9987	76.9808	0.0222279	
363.618	-0.000263712	0.00531476	0.00732421	0.0053213	0.76803	92.8406	78.8616	0.0222279	
363.626	-0.00325108	0.00402308	0.0073242	0.0051725	0.779289	128.942	81.1302	0.0222279	
363.634	-0.0047878	0.00134029	0.00732423	0.00497187	0.794215	164.361	84.4044	0.022228	
363.642	-0.00453554	-0.00154971	0.00732425	0.00479299	0.807252	198.864	87.5547	0.022228	
363.65	-0.00278339	-0.00363439	0.00732406	0.00457778	0.822561	232.553	91.6685	0.0222275	
363.658	-0.000380453	-0.00441877	0.00732421	0.00443512	0.832485	265.079	94.619	0.0222279	
363.666	0.0019397	-0.00386381	0.00732425	0.00432336	0.840116	296.657	97.0653	0.022228	
363.674	0.00353419	-0.0022758	0.00732431	0.00420354	0.848156	327.221	99.8329	0.0222282	
363.682	0.00416661	-0.000214939	0.00732419	0.00417215	0.850233	357.047	100.582	0.0222278	
363.69	0.00375754	0.00187	0.00732416	0.00419714	0.848576	26.4579	99.9831	0.0222277	
363.698	0.00244194	0.00350716	0.00732428	0.00427356	0.843476	55.1515	98.197	0.0222281	
363.706	0.000443226	0.0044323	0.00732406	0.00445441	0.831149	84.2895	94.2073	0.0222274	
363.714	-0.00188675	0.00429798	0.00732415	0.00469388	0.814353	113.701	89.4022	0.0222277	
363.722	-0.00400785	0.00294647	0.0073242	0.00497438	0.794028	143.678	84.3614	0.0222279	
363.73	-0.00532529	0.000464118	0.00732428	0.00534547	0.76619	175.019	78.5057	0.0222281	
363.738	-0.0051077	-0.00251775	0.00732419	0.00569453	0.739153	206.24	73.6927	0.0222279	
363.746	-0.00314882	-0.00513608	0.00732424	0.00602448	0.712991	238.488	69.6572	0.022228	
363.754	8.52023e-05	-0.00639605	0.00732426	0.00639661	0.682927	270.763	65.6049	0.022228	
363.762	0.00378621	-0.00556035	0.00732428	0.00672702	0.655878	304.252	62.3827	0.0222281	
363.77	0.00652792	-0.00267679	0.00732438	0.00705542	0.628792	337.704	59.4799	0.0222284	
363.778	0.0071718	0.00145256	0.00732431	0.00731742	0.607101	11.4497	57.3497	0.0222282	
363.786	0.0053185	0.00532428	0.00732415	0.00752559	0.589853	45.0311	55.7622	0.0222277	
363.794	0.00146629	0.00754521	0.00732426	0.00768636	0.576569	79.0026	54.5966	0.0222281	
363.802	-0.00304744	0.00714129	0.00732428	0.00776433	0.570133	113.11	54.0485	0.0222281	
363.81	-0.00650781	0.00421075	0.0073243	0.00775126	0.571214	147.096	54.1398	0.0222282	
363.818	-0.00774243	-0.000201333	0.00732431	0.00774504	0.571727	181.49	54.1833	0.0222282	
363.826	-0.0062469	-0.00440451	0.00732433	0.00764353	0.580115	215.187	54.9031	0.0222283	
363.834	-0.00267199	-0.00692363	0.00732416	0.00742134	0.598484	248.897	56.5456	0.0222278	
363.842	0.00155624	-0.00704408	0.00732422	0.00721394	0.615663	282.458	58.1717	0.0222279	
363.85	0.00497649	-0.0048067	0.00732425	0.0069188	0.640072	315.994	60.6534	0.022228	
363.858	0.00644707	-0.00128375	0.00732408	0.00657364	0.668455	348.738	63.8367	0.0222275	
363.866	0.00574685	0.00224144	0.00732412	0.0061685	0.701408	21.3072	68.0297	0.0222276	
363.874	0.00341429	0.00460937	0.00732413	0.00573618	0.735877	53.4716	73.1571	0.0222277	
363.882	0.000525201	0.0052674	0.0073241	0.00529352	0.770137	84.306	79.2743	0.0222276	
363.89	-0.00204424	0.00442811	0.00732413	0.0048772	0.801142	114.78	86.0415	0.0222277	
363.898	-0.0035461	0.00267887	0.00732406	0.00444424	0.83185	142.931	94.4229	0.0222274	
363.906	-0.00401584	0.000657227	0.00732415	0.00406926	0.856978	170.705	103.125	0.0222277	
363.914	-0.00363569	-0.00110079	0.00732407	0.00379868	0.874151	196.845	110.469	0.0222275	
363.922	-0.00271583	-0.00250106	0.00732413	0.00369203	0.880686	222.643	113.662	0.0222277	
363.93	-0.00142777	-0.00326273	0.00732408	0.00356145	0.888494	246.366	117.828	0.0222275	
363.938	8.52747e-05	-0.00367601	0.00732415	0.003677	0.881596	271.329	114.126	0.0222277	
363.946	0.00170057	-0.00335886	0.00732414	0.00376482	0.876242	296.853	111.464	0.0222277	
363.954	0.00333468	-0.00226459	0.00732399	0.00403094	0.859456	325.819	104.103	0.0222272	
363.962	0.00416994	-0.000492769	0.00732399	0.00419895	0.848449	353.261	99.9377	0.0222272	
363.97	0.00403192	0.00187921	0.00732407	0.00444835	0.831567	24.9895	94.3357	0.0222275	
363.978	0.00263014	0.00364123	0.00732415	0.0044918	0.828565	54.1586	93.4242	0.0222277	
363.986	0.00373778	0.00342066	0.00732382	0.00506674	0.787174	42.4634	82.8193	0.0222267	
363.994	-0.00243462	0.0043486	0.00732411	0.00498374	0.793334	119.243	84.2019	0.0222276	
364.002	-0.00436236	0.00211485	0.00732411	0.00484797	0.803267	154.136	86.5602	0.0222276	
364.01	-0.00472254	-0.000512067	0.00732416	0.00475022	0.810324	186.188	88.3419	0.0222278	
364.018	-0.00337508	-0.00297182	0.00732423	0.00449698	0.828209	221.365	93.3176	0.022228	
364.026	-0.00111572	-0.00409872	0.00732425	0.00424786	0.845199	254.772	98.7906	0.022228	
364.034	0.00127782	-0.00364473	0.00732428	0.00386224	0.870199	289.32	108.655	0.0222281	
364.042	0.00268137	-0.00198853	0.00732418	0.00333826	0.901342	323.439	125.707	0.0222278	
364.05	0.00279458	-4.79202e-05	0.00732421	0.00279499	0.929775	359.018	150.142	0.0222279	
364.058	0.00176164	0.00117259	0.00732419	0.00211621	0.959118	33.6488	198.301	0.0222279	
364.066	0.000545005	0.00129204	0.00732423	0.00140228	0.981839	67.1291	299.26	0.022228	
364.074	-9.13966e-05	0.000554724	0.00732414	0.000562203	0.997058	99.356	746.424	0.0222277	
364.082	0.0002036	-0.000165831	0.00732417	0.000262589	0.999358	320.838	1598.1	0.0222278	
364.09	0.00120935	-0.000155292	0.00732422	0.00121928	0.986239	352.683	344.176	0.0222279	
364.098	0.00181827	0.00103891	0.00732435	0.00209414	0.95995	29.7425	200.394	0.0222283	
364.106	0.00137873	0.00276227	0.00732436	0.00308724	0.914999	63.4749	135.932	0.0222284	
364.114	-0.000656373	0.00402433	0.00732438	0.0040775	0.85645	99.2635	102.92	0.0222284	
364.122	-0.00353186	0.00363488	0.00732426	0.00506817	0.787091	134.176	82.8009	0.022228	
364.13	-0.0059165	0.0011395	0.00732432	0.00602523	0.712937	169.099	69.6493	0.0222283	
364.138	-0.00638312	-0.00285245	0.0073243	0.00699147	0.634074	204.079	60.0234	0.0222282	
364.146	-0.00402904	-0.00667637	0.00732426	0.00779789	0.567363	238.89	53.8157	0.0222281	
364.154	0.00057988	-0.00860654	0.00732427	0.00862606	0.499808	273.855	48.6491	0.0222281	
364.162	0.00591814	-0.00732008	0.00732418	0.00941318	0.437843	308.955	44.5805	0.0222278	
364.17	0.00964713	-0.00287714	0.00732428	0.010067	0.388839	343.393	41.6856	0.0222281	
364.178	0.0101026	0.00325355	0.00732408	0.0106136	0.349937	17.8511	39.5378	0.0222275	
364.186	0.00670541	0.00875703	0.00732425	0.0110294	0.321798	52.5581	38.0481	0.022228	
364.194	0.000605341	0.0113679	0.00732413	0.011384	0.298811	86.9519	36.8625	0.0222277	
364.202	-0.00599487	0.00997527	0.00732412	0.0116381	0.282955	121.005	36.0576	0.0222276	
364.21	-0.0105823	0.00497749	0.00732404	0.0116945	0.279495	154.81	35.8832	0.0222274	
364.218	-0.01159	-0.00170427	0.00732422	0.0117146	0.278287	188.365	35.8224	0.0222279	
364.226	-0.00857846	-0.00774806	0.00732407	0.0115595	0.287796	222.088	36.3024	0.0222275	
364.234	-0.00300778	-0.0109274	0.00732398	0.0113338	0.301989	254.61	37.025	0.0222272	
364.242	0.00322015	-0.0105412	0.00732411	0.0110221	0.322267	286.987	38.0726	0.0222276	
364.25	0.00796335	-0.00703053	0.00732401	0.0106228	0.349295	318.56	39.5033	0.0222273	
364.258	0.0100019	-0.00185145	0.00732391	0.0101718	0.381191	349.513	41.254	0.022227	
364.266	0.00919594	0.00325906	0.00732388	0.00975637	0.411772	19.5145	43.0106	0.0222269	
364.274	0.00621713	0.00694089	0.00732389	0.0093182	0.445136	48.1484	45.0332	0.0222269	
364.282	0.00222953	0.00873926	0.00732398	0.00901918	0.468488	75.6882	46.5268	0.0222272	
364.29	-0.00188086	0.0086455	0.00732409	0.00884772	0.482069	102.274	47.4291	0.0222276	
364.298	-0.00553562	0.00699987	0.00732404	0.0089242	0.475996	128.338	47.0223	0.0222274	
364.306	-0.00831573	0.00403899	0.0073239	0.00924472	0.450832	154.094	45.3911	0.022227	
364.314	-0.00974062	-9.30189e-05	0.00732416	0.00974106	0.412946	180.547	43.0798	0.0222278	
364.322	-0.00925703	-0.00493336	0.00732412	0.0104896	0.358585	208.055	40.0056	0.0222276	
364.33	-0.00634329	-0.00952515	0.00732411	0.011444	0.295016	236.338	36.669	0.0222276	
364.338	-0.000832907	-0.0124794	0.00732409	0.0125072	0.232683	266.182	33.5519	0.0222275	
364.346	0.00613343	-0.0121683	0.00732411	0.0136266	0.177149	296.75	30.7956	0.0222276	
364.354	0.0125891	-0.00781444	0.00732424	0.0148173	0.129204	328.171	28.3215	0.022228	
364.362	0.0160188	0.000118801	0.00732417	0.0160192	0.0914592	0.424918	26.1963	0.0222278	
364.37	0.0144167	0.00936545	0.00732435	0.0171917	0.0636301	33.0087	24.4103	0.0222283	
364.378	0.00740103	0.0167391	0.00732426	0.0183022	0.0440633	66.1478	22.9289	0.0222281	
364.386	-0.00324947	0.0190545	0.00732435	0.0193296	0.0307337	99.6779	21.7104	0.0222283	
364.394	-0.013966	0.0146719	0.00732436	0.0202562	0.0218345	133.588	20.7173	0.0222284	
364.402	-0.0205154	0.00453627	0.00732432	0.0210109	0.0163329	167.532	19.9731	0.0222283	
364.41	-0.0201348	-0.00800046	0.00732432	0.021666	0.0125863	201.67	19.3692	0.0222282	
364.418	-0.0123554	-0.018363	0.00732431	0.0221327	0.0104029	236.066	18.9607	0.0222282	
364.426	0.00017982	-0.0224061	0.00732431	0.0224068	0.00928403	270.46	18.7288	0.0222282	
364.434	0.0128738	-0.0185109	0.00732418	0.0225475	0.00875119	304.817	18.6116	0.0222278	
364.442	0.0210353	-0.00793911	0.00732424	0.0224836	0.00898939	339.323	18.6646	0.022228	
364.45	0.0215929	0.00538027	0.00732423	0.0222531	0.00989626	13.9914	18.8579	0.022228	
364.458	0.0144634	0.016335	0.00732429	0.0218179	0.0118344	48.4776	19.2343	0.0222282	
364.466	0.0026207	0.0210181	0.00732417	0.0211808	0.0152745	82.8926	19.8124	0.0222278	
364.474	-0.00935485	0.0181541	0.00732414	0.0204226	0.020495	117.262	20.5479	0.0222277	
364.482	-0.0170749	0.00931613	0.00732424	0.019451	0.0294109	151.383	21.5746	0.022228	
364.49	-0.0182909	-0.00168995	0.00732419	0.0183689	0.0430689	185.279	22.8455	0.0222279	
364.498	-0.0133943	-0.0107859	0.00732411	0.0171971	0.0635081	218.843	24.4018	0.0222276	
364.506	-0.00486829	-0.0150979	0.00732415	0.0158633	0.0957942	252.128	26.4536	0.0222277	
364.514	0.00368478	-0.0140252	0.00732417	0.0145011	0.140858	284.72	28.9387	0.0222278	
364.522	0.00950947	-0.00900139	0.00732424	0.0130941	0.202287	316.572	32.0487	0.022228	
364.53	0.0114102	-0.00256385	0.00732415	0.0116947	0.279496	347.336	35.8833	0.0222277	
364.538	0.00988695	0.00295819	0.00732405	0.01032	0.370567	16.6573	40.6625	0.0222274	
364.546	0.00660305	0.0063014	0.00732416	0.00912732	0.460014	43.6609	45.9766	0.0222278	
364.554	0.00300676	0.00756105	0.00732425	0.00813696	0.539497	68.314	51.5731	0.022228	
364.562	-8.84685e-05	0.00754524	0.00732418	0.00754575	0.588187	90.6718	55.6133	0.0222278	
364.57	-0.00270877	0.00689948	0.00732412	0.00741217	0.599239	111.435	56.6151	0.0222276	
364.578	-0.00534003	0.00564993	0.00732421	0.00777416	0.569315	133.385	53.9796	0.0222279	
364.586	-0.00785388	0.0032529	0.00732429	0.00850087	0.509898	157.502	49.3656	0.0222281	
364.594	-0.00945727	-0.000732414	0.00732429	0.00948559	0.432305	184.428	44.2409	0.0222282	
364.602	-0.00889602	-0.0057839	0.00732428	0.010611	0.35014	213.031	39.5487	0.0222281	
364.61	-0.00513668	-0.0105905	0.00732436	0.0117705	0.274918	244.125	35.6531	0.0222284	
364.618	0.00129885	-0.0128789	0.00732427	0.0129443	0.209781	275.759	32.4198	0.0222281	
364.626	0.00874329	-0.0109317	0.00732428	0.0139981	0.161002	308.653	29.979	0.0222281	
364.634	0.0142479	-0.00447708	0.00732411	0.0149347	0.125055	342.556	28.0983	0.0222276	
364.642	0.0151139	0.00455368	0.00732412	0.015785	0.0980323	16.7671	26.5848	0.0222276	
364.65	0.0103121	0.0129028	0.00732417	0.0165173	0.0786377	51.3676	25.4064	0.0222278	
364.658	0.000993799	0.0170497	0.00732423	0.0170786	0.0659641	86.6641	24.5715	0.022228	
364.666	-0.00931478	0.0148135	0.00732404	0.0174987	0.0576029	122.162	23.981	0.0222274	
364.674	-0.0164273	0.00663282	0.0073242	0.0177158	0.0536477	158.013	23.6876	0.0222279	
364.682	-0.0173339	-0.00433119	0.00732414	0.0178669	0.0510243	194.029	23.4872	0.0222277	
364.69	-0.0113805	-0.0136866	0.00732405	0.0178	0.052168	230.256	23.5752	0.0222274	
364.698	-0.000936219	-0.0175264	0.00732413	0.0175514	0.0566241	266.942	23.9093	0.0222277	
364.706	0.00958484	-0.0143143	0.00732422	0.0172269	0.0629088	303.806	24.3599	0.022228	
364.714	0.0158074	-0.0054618	0.00732422	0.0167244	0.0737523	340.939	25.0919	0.0222279	
364.722	0.0152788	0.0051193	0.00732427	0.0161136	0.0889151	18.5239	26.0431	0.0222281	
364.73	0.0084879	0.0128298	0.00732431	0.0153833	0.110178	56.5123	27.2796	0.0222282	
364.738	-0.00120548	0.0145847	0.00732429	0.0146344	0.135859	94.725	28.6756	0.0222281	
364.746	-0.00947369	0.00998769	0.00732419	0.0137661	0.17096	133.487	30.484	0.0222278	
364.754	-0.0127299	0.00164617	0.00732429	0.0128359	0.215319	172.632	32.6937	0.0222282	
364.762	-0.0100915	-0.00643632	0.00732421	0.0119693	0.263071	212.53	35.0601	0.0222279	
364.77	-0.00321949	-0.0106076	0.00732424	0.0110854	0.318103	253.117	37.8558	0.022228	
364.778	0.00427273	-0.00934184	0.00732421	0.0102726	0.373971	294.578	40.8511	0.0222279	
364.786	0.00877105	-0.00376261	0.00732419	0.00954403	0.427837	336.782	43.9694	0.0222278	
364.794	0.00834068	0.00302933	0.00732421	0.00887377	0.480011	19.961	47.2907	0.0222279	
364.802	0.00373775	0.00748595	0.00732415	0.00836721	0.520714	63.467	50.1533	0.0222277	
364.81	-0.00248774	0.00762411	0.00732418	0.00801972	0.5491	108.071	52.3266	0.0222278	
364.818	-0.00699127	0.00357508	0.00732416	0.00785233	0.562866	152.916	53.4419	0.0222278	
364.826	-0.00737904	-0.00221016	0.00732413	0.00770293	0.575189	196.674	54.4783	0.0222277	
364.834	-0.00371223	-0.00681877	0.00732415	0.00776378	0.570167	241.436	54.0514	0.0222277	
364.842	0.00188806	-0.00765896	0.00732419	0.00788824	0.559911	283.848	53.1988	0.0222278	
364.85	0.00666992	-0.004504	0.00732422	0.00804822	0.546765	325.97	52.1416	0.0222279	
364.858	0.00815974	0.00105299	0.00732431	0.0082274	0.532111	7.35324	51.0066	0.0222282	
364.866	0.00559609	0.006155	0.00732416	0.00831867	0.524661	47.7231	50.446	0.0222278	
364.874	0.000371733	0.00837024	0.00732434	0.00837849	0.519816	87.4571	50.0871	0.0222283	
364.882	-0.00500052	0.00670126	0.00732424	0.00836134	0.521198	126.731	50.189	0.022228	
364.89	-0.00803485	0.00202195	0.00732433	0.00828536	0.527388	165.875	50.65	0.0222283	
364.898	-0.00731942	-0.00332986	0.00732436	0.00804126	0.547349	204.462	52.1877	0.0222284	
364.906	-0.0035432	-0.00687996	0.00732435	0.00773875	0.572251	242.751	54.2277	0.0222283	
364.914	0.0013762	-0.00723073	0.00732428	0.00736052	0.603529	280.776	57.0136	0.0222281	
364.922	0.00522605	-0.00456492	0.00732427	0.00693903	0.638403	318.863	60.4767	0.0222281	
364.93	0.0063466	-0.000341477	0.00732419	0.00635578	0.686245	356.92	66.0258	0.0222279	
364.938	0.00471119	0.0032501	0.0073241	0.0057235	0.736872	34.6005	73.3188	0.0222276	
364.946	0.00145426	0.00476811	0.00732418	0.00498495	0.793248	73.0384	84.1822	0.0222278	
364.954	-0.00157427	0.00389071	0.00732422	0.00419714	0.848579	112.029	99.9841	0.0222279	
364.962	-0.0029946	0.00162442	0.00732425	0.00340681	0.897467	151.523	123.179	0.022228	
364.97	-0.00249176	-0.000554706	0.0073242	0.00255275	0.941069	192.55	164.389	0.0222279	
364.978	-0.000916295	-0.00149797	0.00732413	0.00175599	0.971668	238.546	238.977	0.0222277	
364.986	0.000514276	-0.000937984	0.00732409	0.00106972	0.989391	298.735	392.291	0.0222276	
364.994	0.000778324	0.000405592	0.00732423	0.000877663	0.992846	27.5244	478.142	0.022228	
365.002	-0.000262874	0.00134151	0.00732422	0.00136702	0.982733	101.087	306.98	0.022228	
365.01	-0.00180412	0.00102956	0.00732431	0.00207722	0.960582	150.288	202.026	0.0222282	
365.018	-0.00275552	-0.000621268	0.00732413	0.00282469	0.928328	192.706	148.562	0.0222277	
365.026	-0.00214163	-0.00276287	0.00732408	0.00349572	0.892344	232.219	120.044	0.0222275	
365.034	2.86062e-05	-0.00416509	0.00732416	0.00416519	0.850692	270.394	100.75	0.0222278	
365.042	0.00287394	-0.00375644	0.00732429	0.00472973	0.811799	307.419	88.7262	0.0222282	
365.05	0.00502967	-0.00150738	0.00732417	0.00525069	0.77339	343.317	79.9217	0.0222278	
365.058	0.00534753	0.00182962	0.00732416	0.00565186	0.742494	18.888	74.2488	0.0222278	
365.066	0.00351672	0.00486076	0.00732428	0.00599953	0.71499	54.1146	69.9472	0.0222281	
365.074	0.000135932	0.00622161	0.00732429	0.0062231	0.697011	88.7484	67.4344	0.0222282	
365.082	-0.00353515	0.00535114	0.00732425	0.00641342	0.681558	123.45	65.4329	0.022228	
365.09	-0.00601464	0.00254091	0.0073242	0.00652933	0.67209	157.098	64.2709	0.0222279	
365.098	-0.00648638	-0.0012207	0.00732424	0.00660024	0.666286	190.658	63.5807	0.022228	
365.106	-0.00474695	-0.00453461	0.00732421	0.00656477	0.669191	223.689	63.924	0.0222279	
365.114	-0.00155541	-0.00630989	0.00732417	0.00649877	0.674587	256.152	64.5728	0.0222278	
365.122	0.00197942	-0.00607849	0.00732437	0.00639267	0.683257	288.038	65.6464	0.0222284	
365.13	0.00474513	-0.00409058	0.00732427	0.00626491	0.693625	319.237	66.9841	0.0222281	
365.138	0.00604279	-0.00108673	0.00732422	0.00613973	0.703734	349.805	68.3494	0.0222279	
365.146	0.00572539	0.002057	0.00732409	0.00608369	0.708233	19.7622	68.9777	0.0222275	
365.154	0.00396973	0.00461569	0.00732407	0.00608797	0.707888	49.3028	68.9291	0.0222275	
365.162	0.00123996	0.00602557	0.00732427	0.00615183	0.702763	78.3718	68.2155	0.0222281	
365.17	-0.001915	0.00596952	0.00732422	0.00626917	0.693277	107.786	66.9382	0.0222279	
365.178	-0.00477441	0.00437956	0.00732433	0.00647885	0.676226	137.47	64.7728	0.0222283	
365.186	-0.00656217	0.00149567	0.00732415	0.00673046	0.655586	167.16	62.3498	0.0222277	
365.194	-0.0067024	-0.00215185	0.00732421	0.00703936	0.630108	197.8	59.6143	0.0222279	
365.202	-0.00485961	-0.00561731	0.00732431	0.00742765	0.597974	229.137	56.4986	0.0222282	
365.21	-0.00120812	-0.00770687	0.00732436	0.00780099	0.567115	261.091	53.7951	0.0222284	
365.218	0.00326078	-0.00746099	0.0073241	0.00814242	0.539037	293.607	51.5375	0.0222276	
365.226	0.00710857	-0.00463756	0.00732418	0.00848756	0.510963	326.88	49.4423	0.0222278	
365.234	0.00874825	5.70941e-05	0.00732423	0.00874844	0.489996	0.373927	47.9682	0.022228	
365.242	0.00741232	0.00510029	0.00732406	0.00899752	0.470202	34.5312	46.6392	0.0222275	
365.25	0.00327869	0.00854694	0.00732419	0.00915423	0.457911	69.0127	45.8416	0.0222278	
365.258	-0.00217485	0.00895133	0.00732404	0.00921175	0.453411	103.656	45.5545	0.0222274	
365.266	-0.00694248	0.00608972	0.00732395	0.00923487	0.451603	138.744	45.4399	0.0222271	
365.274	-0.00910378	0.00090904	0.00732392	0.00914905	0.45829	174.298	45.8659	0.022227	
365.282	-0.0077321	-0.00450639	0.00732402	0.00894947	0.473994	210.234	46.8895	0.0222273	
365.29	-0.00348929	-0.00797285	0.00732408	0.00870296	0.49362	246.364	48.218	0.0222275	
365.298	0.00181939	-0.00818198	0.00732403	0.00838182	0.519516	282.537	50.065	0.0222274	
365.306	0.006077	-0.00518618	0.00732408	0.00798914	0.551602	319.522	52.5261	0.0222275	
365.314	0.00750021	-0.000429099	0.00732413	0.00751248	0.590937	356.726	55.8593	0.0222277	
365.322	0.0057418	0.00391093	0.00732418	0.00694721	0.63772	34.2601	60.4048	0.0222278	
365.33	0.00191168	0.00603387	0.00732407	0.00632946	0.688375	72.4205	66.2992	0.0222275	
365.338	-0.0020801	0.00524983	0.00732425	0.0056469	0.742887	111.615	74.3148	0.022228	
365.346	-0.00433614	0.00235345	0.00732419	0.00493365	0.79702	151.509	85.0578	0.0222279	
365.354	-0.00409531	-0.000958356	0.00732422	0.00420595	0.847993	193.171	99.7746	0.0222279	
365.362	-0.0018871	-0.00295431	0.00732413	0.00350558	0.891771	237.431	119.707	0.0222277	
365.37	0.000822874	-0.00277132	0.00732423	0.0028909	0.925061	286.538	145.161	0.022228	
365.378	0.00233802	-0.000795938	0.00732418	0.00246979	0.944731	341.2	169.911	0.0222278	
365.386	0.00179749	0.00148448	0.00732415	0.00233123	0.950606	39.5519	180.009	0.0222277	
365.394	-0.000339864	0.00254052	0.00732419	0.00256315	0.940602	97.6196	163.722	0.0222279	
365.402	-0.0026198	0.00150421	0.00732425	0.00302093	0.918457	150.137	138.914	0.022228	
365.41	-0.00343963	-0.00113635	0.0073243	0.00362248	0.884877	198.282	115.846	0.0222282	
365.418	-0.00196145	-0.00381836	0.00732425	0.00429269	0.842188	242.811	97.759	0.022228	
365.426	0.00127398	-0.00480432	0.00732425	0.00497036	0.794327	284.852	84.4302	0.022228	
365.434	0.00466126	-0.00314972	0.0073241	0.00562566	0.744538	325.952	74.5939	0.0222276	
365.442	0.00628343	0.000735373	0.00732415	0.00632631	0.688637	6.67517	66.333	0.0222277	
365.45	0.00475142	0.00502349	0.00732415	0.00691458	0.640412	46.5943	60.6895	0.0222277	
365.458	0.000538092	0.00746731	0.00732421	0.00748667	0.593079	85.8784	56.0525	0.0222279	
365.466	-0.00456839	0.00655434	0.00732415	0.00798934	0.551593	124.877	52.5254	0.0222277	
365.474	-0.00812454	0.00233048	0.00732416	0.00845218	0.513825	163.995	49.6491	0.0222278	
365.482	-0.0081333	-0.00348476	0.00732423	0.00884839	0.482029	203.193	47.4264	0.022228	
365.49	-0.00427513	-0.00812874	0.00732421	0.0091844	0.455559	242.259	45.6912	0.0222279	
365.498	0.00182065	-0.00931736	0.0073241	0.00949357	0.431675	281.056	44.2025	0.0222276	
365.506	0.00752585	-0.00619368	0.00732413	0.0097468	0.412514	320.546	43.0543	0.0222277	
365.514	0.00998644	-6.25232e-05	0.00732419	0.00998663	0.394717	359.641	42.0207	0.0222278	
365.522	0.00796378	0.00638821	0.00732419	0.0102094	0.37851	38.7351	41.1039	0.0222278	
365.53	0.0021527	0.010153	0.0073241	0.0103787	0.3664	78.029	40.4329	0.0222276	
365.538	-0.00481402	0.00939249	0.00732411	0.0105543	0.354058	117.137	39.7601	0.0222276	
365.546	-0.00982529	0.00434191	0.0073241	0.0107419	0.341116	156.159	39.0657	0.0222276	
365.554	-0.0104663	-0.00285489	0.00732399	0.0108487	0.333855	195.257	38.6807	0.0222272	
365.562	-0.00637624	-0.00895422	0.00732417	0.0109925	0.32424	234.546	38.1756	0.0222278	
365.57	0.000684726	-0.0111	0.00732418	0.0111211	0.315756	273.53	37.734	0.0222278	
365.578	0.00758469	-0.00831077	0.00732413	0.0112515	0.307281	312.385	37.2965	0.0222277	
365.586	0.0111873	-0.00183885	0.00732421	0.0113375	0.301778	350.666	37.0141	0.0222279	
365.594	0.0100601	0.00553922	0.00732418	0.0114842	0.292499	28.8378	36.5409	0.0222278	
365.602	0.00453786	0.0106434	0.00732423	0.0115704	0.287139	66.9088	36.2691	0.022228	
365.61	-0.00292033	0.0112833	0.00732432	0.0116551	0.281932	104.511	36.0061	0.0222282	
365.618	-0.00913679	0.00720621	0.00732423	0.0116366	0.283056	141.737	36.0627	0.022228	
365.626	-0.0116672	0.000285376	0.0073242	0.0116707	0.280966	178.599	35.9573	0.0222279	
365.634	-0.00954679	-0.00669141	0.00732422	0.0116583	0.281723	215.027	35.9955	0.0222279	
365.642	-0.00378911	-0.0109942	0.00732423	0.0116289	0.283531	250.984	36.0867	0.022228	
365.65	0.00332659	-0.0110478	0.00732422	0.0115377	0.289165	286.758	36.3717	0.0222279	
365.658	0.00899547	-0.00709454	0.00732413	0.0114565	0.294235	321.738	36.6292	0.0222277	
365.666	0.0113292	-0.000735995	0.0073242	0.0113531	0.300783	356.283	36.9632	0.0222279	
365.674	0.00976775	0.00583567	0.00732426	0.0113782	0.299189	30.8559	36.8818	0.0222281	
365.682	0.00470558	0.0100439	0.00732413	0.0110916	0.31769	64.8969	37.8344	0.0222277	
365.69	-0.00149655	0.0108895	0.0073242	0.0109919	0.32428	97.8252	38.1777	0.0222279	
365.698	-0.00719445	0.00827965	0.00732416	0.0109687	0.325819	130.988	38.2582	0.0222278	
365.706	-0.0104615	0.00308605	0.00732422	0.0109072	0.329938	163.564	38.4743	0.022228	
365.714	-0.0105206	-0.00294478	0.00732418	0.0109249	0.328744	195.637	38.4116	0.0222278	
365.722	-0.00747811	-0.0081007	0.00732407	0.0110247	0.322093	227.289	38.0635	0.0222275	
365.73	-0.00209834	-0.0109758	0.0073241	0.0111746	0.312256	259.177	37.5529	0.0222276	
365.738	0.00410854	-0.0106311	0.00732422	0.0113974	0.297973	291.13	36.8197	0.0222279	
365.746	0.00931553	-0.00701383	0.0073242	0.0116607	0.281573	323.023	35.9879	0.0222279	
365.754	0.0119371	-0.00107063	0.00732412	0.011985	0.262146	354.875	35.0139	0.0222277	
365.762	0.0110187	0.00559537	0.00732409	0.012358	0.240869	26.9218	33.9569	0.0222275	
365.77	0.00650058	0.0110216	0.00732415	0.0127958	0.217375	59.4678	32.7953	0.0222277	
365.778	-0.000547724	0.0132209	0.00732419	0.0132323	0.195539	92.3723	31.7138	0.0222279	
365.786	-0.00787195	0.0111196	0.00732415	0.013624	0.177273	125.296	30.8018	0.0222277	
365.794	-0.013069	0.00509713	0.00732435	0.0140278	0.159765	158.693	29.9159	0.0222283	
365.802	-0.0140558	-0.00306215	0.00732423	0.0143855	0.145318	192.29	29.1716	0.022228	
365.81	-0.0101559	-0.010641	0.00732432	0.0147096	0.133096	226.336	28.5291	0.0222282	
365.818	-0.00252392	-0.0147296	0.00732422	0.0149443	0.12473	260.277	28.0808	0.0222279	
365.826	0.00629232	-0.0137412	0.0073243	0.0151134	0.118966	294.604	27.7669	0.0222282	
365.834	0.013057	-0.00784186	0.00732429	0.0152309	0.115076	329.012	27.5527	0.0222282	
365.842	0.0151812	0.000965583	0.00732434	0.0152119	0.1157	3.63932	27.5872	0.0222283	
365.85	0.0118201	0.00937518	0.00732436	0.0150867	0.119864	38.4198	27.8161	0.0222284	
365.858	0.00424576	0.0142805	0.00732437	0.0148983	0.126347	73.4422	28.168	0.0222284	
365.866	-0.0046092	0.0138392	0.00732437	0.0145866	0.137647	108.421	28.77	0.0222284	
365.874	-0.0113651	0.0084118	0.00732432	0.0141394	0.155148	143.493	29.6796	0.0222282	
365.882	-0.0135843	0.000284564	0.00732422	0.0135873	0.178935	178.8	30.8853	0.0222279	
365.89	-0.010721	-0.0072536	0.00732427	0.0129443	0.209778	214.081	32.4196	0.0222281	
365.898	-0.0042325	-0.0113993	0.00732426	0.0121597	0.25205	249.63	34.5114	0.0222281	
365.906	0.00294763	-0.0109877	0.00732425	0.0113762	0.299318	285.017	36.8883	0.022228	
365.914	0.00804471	-0.00668105	0.00732437	0.0104572	0.36088	320.291	40.1306	0.0222284	
365.922	0.00945401	-0.000682452	0.00732444	0.00947861	0.432853	355.871	44.2744	0.0222286	
365.93	0.00718038	0.00442171	0.00732439	0.00843264	0.515429	31.6249	49.7658	0.0222285	
365.938	0.00286002	0.00678013	0.00732435	0.00735867	0.603689	67.1288	57.0286	0.0222283	
365.946	-0.00138954	0.0060626	0.00732429	0.00621981	0.697277	102.909	67.4701	0.0222282	
365.954	-0.0037797	0.00333606	0.00732426	0.00504137	0.789081	138.568	83.2411	0.0222281	
365.962	-0.00388908	0.000379282	0.00732434	0.00390753	0.867352	174.43	107.396	0.0222283	
365.97	-0.00235276	-0.00141214	0.00732432	0.00274402	0.932226	210.972	152.933	0.0222282	
365.978	-0.000597892	-0.00147193	0.00732425	0.00158873	0.976749	247.893	264.141	0.022228	
365.986	0.000200404	-0.000510342	0.00732428	0.00054828	0.997202	291.439	765.394	0.0222281	
365.994	-0.000280986	0.000393808	0.00732418	0.000483774	0.997821	125.508	867.439	0.0222278	
366.002	-0.00143293	0.000326052	0.00732418	0.00146956	0.980072	167.181	285.558	0.0222278	
366.01	-0.00214942	-0.000935753	0.00732416	0.00234428	0.950066	203.526	179.008	0.0222278	
366.018	-0.00155605	-0.00272135	0.00732424	0.00313481	0.912476	240.239	133.867	0.022228	
366.026	0.000407809	-0.00385387	0.00732422	0.00387538	0.869372	276.04	108.285	0.0222279	
366.034	0.00296399	-0.00331537	0.00732417	0.00444712	0.831656	311.797	94.3631	0.0222278	
366.042	0.00476946	-0.00105307	0.00732421	0.00488433	0.800626	347.549	85.9168	0.0222279	
366.05	0.00483038	0.00200521	0.00732415	0.00523006	0.774949	22.5445	80.2368	0.0222277	
366.058	0.00285399	0.00464294	0.00732417	0.00544997	0.75817	58.4212	76.9993	0.0222278	
366.066	-0.000377399	0.00551062	0.0073242	0.00552353	0.752488	93.9178	75.9741	0.0222279	
366.074	-0.00337383	0.00429052	0.00732408	0.00545814	0.757535	128.18	76.8831	0.0222275	
366.082	-0.0050671	0.00150001	0.00732395	0.00528446	0.770818	163.51	79.4086	0.0222271	
366.09	-0.00469195	-0.00155801	0.00732411	0.00494387	0.796267	198.369	84.8811	0.0222276	
366.098	-0.00278607	-0.00353316	0.00732411	0.00449949	0.82803	231.743	93.2641	0.0222276	
366.106	-0.000379415	-0.00390134	0.00732415	0.00391975	0.866572	264.445	107.059	0.0222277	
366.114	0.00140996	-0.00292787	0.00732411	0.00324967	0.906257	295.714	129.133	0.0222276	
366.122	0.00208106	-0.0015533	0.00732417	0.00259684	0.939079	323.263	161.598	0.0222278	
366.13	0.00182796	-0.000519496	0.00732422	0.00190034	0.9669	344.135	220.827	0.0222279	
366.138	0.00141561	-0.000245403	0.00732421	0.00143672	0.980944	350.165	292.086	0.0222279	
366.146	0.00155088	-0.000375182	0.00732416	0.00159562	0.976548	346.401	262.997	0.0222278	
366.154	0.00228316	-0.000166554	0.0073242	0.00228923	0.952328	355.828	183.313	0.0222279	
366.162	0.00306334	0.00110168	0.00732429	0.00325542	0.905945	19.7802	128.908	0.0222282	
366.17	0.00281503	0.00326019	0.00732425	0.00430735	0.841199	49.1908	97.4262	0.022228	
366.178	0.00090151	0.00534064	0.00732427	0.00541619	0.760774	80.4187	77.4806	0.0222281	
366.186	-0.00257285	0.00597791	0.00732427	0.00650807	0.673834	113.287	64.4814	0.0222281	
366.194	-0.00634243	0.00407157	0.00732421	0.00753684	0.588927	147.301	55.6793	0.0222279	
366.202	-0.00857172	-0.000268032	0.00732415	0.00857591	0.503832	181.791	48.9328	0.0222277	
366.21	-0.00765922	-0.00566717	0.00732415	0.00952788	0.429064	216.498	44.0437	0.0222277	
366.218	-0.0033045	-0.00990186	0.00732405	0.0104387	0.362153	251.545	40.2001	0.0222274	
366.226	0.00322397	-0.0107389	0.00732404	0.0112124	0.309799	286.711	37.4261	0.0222274	
366.234	0.00935356	-0.00738063	0.00732403	0.0119148	0.266267	321.724	35.2197	0.0222274	
366.242	0.0125166	-0.000622475	0.00732403	0.0125321	0.231329	357.153	33.4849	0.0222274	
366.25	0.0109972	0.00697478	0.00732411	0.0130225	0.205831	32.3842	32.2242	0.0222276	
366.258	0.00504953	0.0123452	0.00732393	0.013338	0.190463	67.7541	31.4613	0.0222271	
366.266	-0.00308629	0.0131295	0.00732405	0.0134873	0.183491	103.228	31.1134	0.0222274	
366.274	-0.0101753	0.00897842	0.00732401	0.0135701	0.179696	138.576	30.9234	0.0222273	
366.282	-0.0133947	0.00138459	0.00732403	0.013466	0.184475	174.098	31.1626	0.0222274	
366.29	-0.0114748	-0.00650982	0.00732407	0.0131928	0.197439	209.567	31.8082	0.0222275	
366.298	-0.00540788	-0.0116132	0.00732409	0.0128106	0.216604	245.03	32.7572	0.0222275	
366.306	0.00215481	-0.0120944	0.00732413	0.0122849	0.244952	280.102	34.1592	0.0222277	
366.314	0.00827126	-0.00816301	0.00732418	0.011621	0.284008	315.377	36.1108	0.0222278	
366.322	0.0107033	-0.00183215	0.00732423	0.010859	0.333183	350.286	38.6453	0.022228	
366.33	0.00895833	0.00423561	0.00732412	0.00990919	0.40042	25.3054	42.3487	0.0222276	
366.338	0.00440136	0.00772298	0.00732417	0.00888911	0.478789	60.321	47.2088	0.0222278	
366.346	-0.000666209	0.00774063	0.00732425	0.00776924	0.569725	94.9191	54.0141	0.022228	
366.354	-0.0041846	0.00508903	0.00732417	0.00658856	0.667238	129.43	63.6928	0.0222278	
366.362	-0.00510327	0.0016037	0.00732431	0.00534932	0.765898	162.555	78.4496	0.0222282	
366.37	-0.00395339	-0.000951128	0.00732426	0.0040662	0.857181	193.527	103.204	0.022228	
366.378	-0.00209323	-0.00187	0.00732422	0.00280687	0.929198	221.776	149.507	0.0222279	
366.386	-0.000904201	-0.00138299	0.00732412	0.00165234	0.974873	236.823	253.968	0.0222276	
366.394	-0.000967516	-0.00072713	0.0073242	0.00121029	0.98644	216.926	346.732	0.0222279	
366.402	-0.00174499	-0.000934656	0.00732416	0.00197954	0.964135	208.175	211.991	0.0222278	
366.41	-0.00201892	-0.00240699	0.00732411	0.0031416	0.91211	230.011	133.575	0.0222276	
366.418	-0.000884112	-0.00434818	0.00732407	0.00443715	0.832339	258.507	94.5738	0.0222275	
366.426	0.00202305	-0.00524986	0.00732414	0.00562617	0.744501	291.074	74.5875	0.0222277	
366.434	0.0055407	-0.00390814	0.00732419	0.00678033	0.651484	324.803	61.8915	0.0222278	
366.442	0.00780031	-0.000174984	0.00732411	0.00780227	0.566988	358.715	53.7844	0.0222276	
366.45	0.00738575	0.00478646	0.00732414	0.00880111	0.485784	32.9459	47.6806	0.0222277	
366.458	0.00368571	0.00895061	0.0073242	0.00967977	0.417558	67.619	43.3529	0.0222279	
366.466	-0.00232367	0.0101982	0.00732414	0.0104596	0.360693	102.836	40.1204	0.0222277	
366.474	-0.00821497	0.00750179	0.00732415	0.0111249	0.315508	137.598	37.7212	0.0222277	
366.482	-0.0114785	0.00147532	0.00732419	0.0115729	0.286977	172.676	36.2609	0.0222278	
366.49	-0.0106221	-0.00547497	0.00732409	0.0119501	0.264191	207.268	35.116	0.0222275	
366.498	-0.00559826	-0.0108012	0.00732414	0.0121658	0.251691	242.602	34.4936	0.0222277	
366.506	0.00163092	-0.0122058	0.00732407	0.0123142	0.243303	277.611	34.0775	0.0222275	
366.514	0.00828164	-0.00884608	0.00732404	0.0121177	0.254437	313.113	34.6301	0.0222274	
366.522	0.0116402	-0.00250517	0.00732415	0.0119068	0.266754	347.854	35.244	0.0222277	
366.53	0.0107944	0.00440882	0.00732407	0.01166	0.281603	22.2169	35.9894	0.0222275	
366.538	0.00614644	0.00929979	0.00732403	0.0111474	0.314022	56.5384	37.6442	0.0222274	
366.546	-0.000257141	0.010667	0.00732407	0.0106701	0.346038	91.3809	39.3285	0.0222275	
366.554	-0.00584657	0.00811872	0.00732398	0.0100048	0.393363	125.759	41.9432	0.0222272	
366.562	-0.00869341	0.00316018	0.00732417	0.00924998	0.45045	160.023	45.367	0.0222278	
366.57	-0.00821336	-0.0019489	0.00732419	0.00844141	0.514699	193.349	49.7127	0.0222279	
366.578	-0.0051399	-0.0054809	0.00732416	0.00751391	0.590821	226.839	55.8489	0.0222278	
366.586	-0.00119394	-0.00634871	0.00732402	0.00646	0.677743	259.349	64.9591	0.0222273	
366.594	0.0019807	-0.00519292	0.00732408	0.00555784	0.749819	290.878	75.5039	0.0222275	
366.602	0.00349201	-0.00292418	0.00732408	0.00455467	0.824181	320.057	92.1338	0.0222275	
366.61	0.00349292	-0.000840048	0.00732409	0.00359252	0.886656	346.477	116.809	0.0222276	
366.618	0.00278356	0.000422325	0.00732407	0.00281542	0.928779	8.62719	149.05	0.0222275	
366.626	0.00210861	0.000757985	0.00732406	0.00224071	0.954279	19.772	187.279	0.0222274	
366.634	0.00201806	0.00100958	0.00732413	0.00225651	0.953648	26.5775	185.97	0.0222277	
366.642	0.00208085	0.00166561	0.00732416	0.00266537	0.935928	38.6754	157.443	0.0222278	
366.65	0.00171443	0.00290213	0.00732408	0.0033707	0.899513	59.4275	124.496	0.0222275	
366.658	0.000345014	0.00413403	0.00732422	0.0041484	0.851802	85.2293	101.159	0.022228	
366.666	-0.00201252	0.00448328	0.0073242	0.00491427	0.798439	114.175	85.3932	0.0222279	
366.674	-0.00466313	0.00327505	0.00732416	0.00569831	0.738854	144.919	73.6434	0.0222278	
366.682	-0.00635976	0.000365968	0.00732415	0.00637028	0.685063	176.707	65.8751	0.0222277	
366.69	-0.00612393	-0.00342706	0.00732406	0.00701764	0.631891	209.232	59.7975	0.0222274	
366.698	-0.00353866	-0.00668794	0.00732414	0.00756642	0.586474	242.116	55.4612	0.0222277	
366.706	0.00076667	-0.00797384	0.0073242	0.00801061	0.54985	275.492	52.3862	0.0222279	
366.714	0.0052215	-0.00649079	0.00732426	0.00833033	0.523722	308.815	50.3761	0.0222281	
366.722	0.00818026	-0.00262603	0.00732419	0.00859143	0.502585	342.202	48.8446	0.0222278	
366.73	0.00842319	0.00235468	0.00732414	0.00874613	0.490173	15.6182	47.9804	0.0222277	
366.738	0.00580716	0.00664941	0.00732423	0.00882823	0.483632	48.8682	47.5347	0.022228	
366.746	0.00124485	0.00872842	0.00732429	0.00881674	0.484553	81.8832	47.597	0.0222281	
366.754	-0.00365136	0.00791955	0.0073243	0.00872076	0.492216	114.752	48.121	0.0222282	
366.762	-0.00718947	0.00462089	0.00732418	0.00854641	0.506212	147.27	49.1018	0.0222278	
366.77	-0.00836119	7.53608e-05	0.00732408	0.00836153	0.521169	179.484	50.1869	0.0222275	
366.778	-0.00685019	-0.00413973	0.00732424	0.00800391	0.550404	211.146	52.4304	0.022228	
366.786	-0.00352835	-0.00682065	0.00732424	0.00767923	0.577156	242.647	54.6472	0.022228	
366.794	0.000327709	-0.00728544	0.00732432	0.00729281	0.60914	272.576	57.5434	0.0222282	
366.802	0.0037344	-0.00584992	0.00732429	0.00694026	0.638303	302.553	60.4661	0.0222281	
366.81	0.00582326	-0.00317378	0.00732429	0.00663198	0.663686	331.409	63.2768	0.0222281	
366.818	0.00633077	-4.79107e-05	0.00732429	0.00633095	0.688269	359.566	66.2855	0.0222281	
366.826	0.00549653	0.00276486	0.00732415	0.00615275	0.70268	26.7033	68.2041	0.0222277	
366.834	0.00359078	0.00485831	0.00732415	0.00604126	0.711641	53.5319	69.4628	0.0222277	
366.842	0.00109961	0.00592634	0.00732406	0.00602749	0.712738	79.4886	69.6206	0.0222274	
366.85	-0.00170269	0.00591264	0.00732411	0.00615292	0.702664	106.065	68.2019	0.0222276	
366.858	-0.00435988	0.00466297	0.00732415	0.00638372	0.683969	133.076	65.7364	0.0222277	
366.866	-0.00634808	0.00226636	0.00732411	0.00674051	0.654755	160.353	62.2564	0.0222276	
366.874	-0.00709887	-0.00112427	0.00732409	0.00718735	0.617854	188.999	58.3859	0.0222276	
366.882	-0.00601271	-0.00477957	0.00732415	0.00768095	0.577006	218.482	54.6342	0.0222277	
366.89	-0.00298012	-0.00766493	0.00732408	0.00822388	0.532378	248.754	51.0269	0.0222275	
366.898	0.00149622	-0.00866492	0.00732428	0.00879315	0.486432	279.797	47.7247	0.0222281	
366.906	0.00621444	-0.0070231	0.00732428	0.00937781	0.440574	311.504	44.7493	0.0222281	
366.914	0.00952741	-0.00283444	0.00732382	0.0099401	0.398107	343.432	42.2153	0.0222267	
366.922	0.0100909	0.00286136	0.00732407	0.0104888	0.358635	15.8311	40.0083	0.0222275	
366.93	0.00729732	0.00831174	0.00732397	0.0110606	0.319713	48.7184	37.9395	0.0222272	
366.938	0.00161547	0.0114588	0.00732401	0.0115722	0.287007	81.9753	36.2625	0.0222273	
366.946	-0.00522998	0.0108436	0.00732398	0.0120389	0.258985	115.749	34.8564	0.0222272	
366.954	-0.0107886	0.00635332	0.00732396	0.0125203	0.231958	149.507	33.5161	0.0222272	
366.962	-0.0128611	-0.000818653	0.00732404	0.0128871	0.212667	183.642	32.5625	0.0222274	
366.97	-0.0104928	-0.00820254	0.00732403	0.0133184	0.1914	218.016	31.5079	0.0222274	
366.978	-0.00401019	-0.0130051	0.00732406	0.0136093	0.177926	252.863	30.8346	0.0222274	
366.986	0.00422059	-0.0132461	0.00732398	0.0139022	0.165044	287.673	30.1846	0.0222272	
366.994	0.0112791	-0.00856612	0.00732403	0.0141632	0.154154	322.785	29.6285	0.0222274	
367.002	0.0143267	-0.000422052	0.007324	0.0143329	0.147359	358.313	29.2777	0.0222273	
367.01	0.0120233	0.00807473	0.00732403	0.0144832	0.141533	33.8849	28.9741	0.0222274	
367.018	0.00505902	0.0136769	0.00732411	0.0145826	0.137777	69.7008	28.7768	0.0222276	
367.026	-0.00397647	0.0141376	0.00732407	0.0146862	0.133935	105.71	28.5737	0.0222275	
367.034	-0.0116251	0.00912207	0.00732416	0.0147769	0.130647	141.879	28.3987	0.0222278	
367.042	-0.0148227	0.000345593	0.00732413	0.0148267	0.12886	178.664	28.3031	0.0222277	
367.05	-0.0120872	-0.00860136	0.00732415	0.0148352	0.128558	215.436	28.2869	0.0222277	
367.058	-0.00444459	-0.0141352	0.00732414	0.0148175	0.129189	252.545	28.3207	0.0222277	
367.066	0.00507681	-0.0139386	0.00732404	0.0148343	0.128583	290.013	28.2882	0.0222274	
367.074	0.0125392	-0.00797543	0.00732427	0.0148606	0.127666	327.542	28.239	0.0222281	
367.082	0.0148097	0.00142456	0.00732409	0.014878	0.12704	5.49443	28.2053	0.0222275	
367.09	0.0108288	0.0103078	0.00732415	0.0149504	0.124514	43.5881	28.0691	0.0222277	
367.098	0.00210521	0.0148859	0.00732419	0.0150341	0.121638	81.9504	27.913	0.0222279	
367.106	-0.00764811	0.0130346	0.00732413	0.0151127	0.118974	120.402	27.7674	0.0222277	
367.114	-0.0143072	0.00543674	0.00732401	0.0153054	0.112641	159.193	27.4174	0.0222273	
367.122	-0.0147594	-0.00476173	0.00732412	0.0155085	0.106265	197.881	27.0587	0.0222276	
367.13	-0.0086364	-0.0131626	0.00732404	0.015743	0.0992443	236.73	26.6554	0.0222274	
367.138	0.00154885	-0.0159828	0.00732413	0.0160577	0.0904113	275.535	26.1334	0.0222277	
367.146	0.0114622	-0.0117487	0.00732407	0.0164139	0.0811685	314.293	25.5661	0.0222275	
367.154	0.0166771	-0.00201053	0.00732425	0.0167978	0.0720807	353.126	24.9823	0.022228	
367.162	0.0147011	0.00903993	0.00732413	0.0172581	0.0622769	31.5879	24.3156	0.0222277	
367.17	0.00597784	0.0166801	0.00732422	0.017719	0.0535935	70.2833	23.6835	0.022228	
367.178	-0.00583985	0.0172661	0.00732403	0.0182269	0.0451992	108.687	23.0229	0.0222274	
367.186	-0.0156625	0.0102737	0.00732413	0.0187313	0.0379931	146.737	22.4032	0.0222277	
367.194	-0.0191924	-0.00163889	0.00732407	0.0192623	0.0314788	184.881	21.7855	0.0222275	
367.202	-0.0145095	-0.0134339	0.00732417	0.0197736	0.0261371	222.796	21.2224	0.0222278	
367.21	-0.00333002	-0.0199895	0.00732407	0.020265	0.0217557	260.542	20.7075	0.0222275	
367.218	0.00974653	-0.0182801	0.00732397	0.0207161	0.0183099	298.065	20.2563	0.0222272	
367.226	0.0192729	-0.00870007	0.00732398	0.0211456	0.0154852	335.705	19.845	0.0222272	
367.234	0.0209289	0.00490705	0.00732399	0.0214964	0.0134695	13.1954	19.5211	0.0222272	
367.242	0.0139255	0.0168178	0.0073241	0.0218348	0.0117505	50.3744	19.2189	0.0222276	
