363.25	0.00119042	0.00100783	0.00135471	0.00155975	0.515405	40.2518	49.764	0.00411135	
363.26	0.000158718	0.00168511	0.00135477	0.00169257	0.458213	84.6193	45.8609	0.00411154	
363.27	-0.00107307	0.00148391	0.00135499	0.00183124	0.40122	125.872	42.395	0.00411221	
363.28	-0.00195968	0.000360554	0.00135517	0.00199257	0.339272	169.575	38.9677	0.00411275	
363.29	-0.00175144	-0.0011363	0.00135532	0.00208775	0.305309	212.975	37.1952	0.00411321	
363.3	-0.000757177	-0.00206304	0.00135544	0.0021976	0.268649	249.846	35.3389	0.00411355	
363.31	0.000955359	-0.00218181	0.00135495	0.0023818	0.213308	293.647	32.5942	0.00411208	
363.32	0.00215685	-0.00103179	0.00135513	0.00239094	0.210875	334.434	32.4739	0.00411262	
363.33	0.00256816	0.000640172	0.00135519	0.00264674	0.148497	13.997	29.3367	0.0041128	
363.34	0.00158253	0.00214959	0.00135529	0.00266929	0.143771	53.6395	29.091	0.00411311	
363.35	-0.000215112	0.00286604	0.00135502	0.0028741	0.105452	94.2923	27.0125	0.00411228	
363.36	-0.00196273	0.00213402	0.00135526	0.00289938	0.101429	132.606	26.7819	0.00411303	
363.37	-0.00293828	0.000391206	0.00135497	0.00296421	0.0913614	172.416	26.1904	0.00411212	
363.38	-0.00245853	-0.0015608	0.00135503	0.00291212	0.0993238	212.41	26.66	0.00411231	
363.39	-0.000896331	-0.0029442	0.00135451	0.00307762	0.0756765	253.068	25.2168	0.00411074	
363.4	0.00114807	-0.0028338	0.00135507	0.00305753	0.0784275	292.055	25.393	0.00411245	
363.41	0.00261662	-0.00151824	0.00135465	0.00302518	0.0826168	329.876	25.6566	0.00411117	
363.42	0.00313602	0.000540704	0.0013549	0.00318229	0.0634011	9.78261	24.3943	0.00411191	
363.43	0.00207689	0.00234245	0.001355	0.00313058	0.0693254	48.4388	24.7992	0.00411224	
363.44	0.000186445	0.00312549	0.00135504	0.00313104	0.0692811	86.5862	24.7962	0.00411235	
363.45	-0.00182964	0.0025478	0.00135451	0.0031367	0.0684704	125.683	24.7418	0.00411073	
363.46	-0.00292433	0.000781928	0.00135586	0.00302706	0.0827286	165.03	25.6636	0.00411485	
363.47	-0.00282502	-0.00129645	0.00135467	0.0031083	0.0719072	204.651	24.9709	0.00411123	
363.48	-0.00142229	-0.00264103	0.00135481	0.00299966	0.0862017	241.696	25.878	0.00411166	
363.49	0.000536035	-0.00295811	0.00135511	0.00300628	0.0853642	280.271	25.8266	0.00411256	
363.5	0.00227536	-0.00187077	0.00135497	0.00294568	0.0941266	320.573	26.3551	0.00411213	
363.51	0.00281367	-2.98856e-05	0.00135505	0.00281382	0.115786	359.391	27.5919	0.00411239	
363.52	0.00214481	0.00171797	0.0013543	0.00274803	0.127627	38.6944	28.2369	0.00411011	
363.53	0.000513801	0.00261794	0.00135463	0.00266788	0.143794	78.8962	29.0922	0.00411111	
363.54	-0.00110437	0.00221881	0.0013549	0.00247846	0.187668	116.461	31.322	0.00411193	
363.55	-0.00227052	0.000972838	0.00135509	0.00247015	0.189867	156.807	31.4316	0.0041125	
363.56	-0.00207908	-0.000660473	0.00135517	0.00218146	0.273728	197.624	35.5934	0.00411275	
363.57	-0.00113248	-0.00168181	0.00135546	0.00202755	0.326681	236.045	38.3034	0.00411363	
363.58	0.000338805	-0.00179778	0.00135564	0.00182943	0.402298	280.673	42.4573	0.00411418	
363.59	0.00118693	-0.00104411	0.00135509	0.00158081	0.506392	318.663	49.1147	0.0041125	
363.6	0.00133974	-4.78097e-05	0.00135537	0.0013406	0.613142	357.956	57.9272	0.00411335	
363.61	0.00083066	0.000655048	0.00135498	0.00105787	0.737296	38.2588	73.3879	0.00411217	
363.62	2.9315e-05	0.000829256	0.00135451	0.000829774	0.828914	87.9754	93.5291	0.00411075	
363.63	-0.000320699	0.000487414	0.00135463	0.000583455	0.911415	123.343	133.026	0.0041111	
363.64	-0.000350889	0.000101608	0.00135478	0.000365304	0.9643	163.85	212.489	0.00411156	
363.65	-4.19134e-05	0.000126393	0.00135444	0.000133161	0.995179	108.346	582.782	0.00411054	
363.66	4.49899e-06	0.000429735	0.00135459	0.000429759	0.950918	89.4002	180.595	0.00411099	
363.67	-0.000316192	0.00047545	0.00135555	0.00057099	0.915107	123.625	136.022	0.0041139	
363.68	-0.000813232	0.00030391	0.00135514	0.000868164	0.814473	159.509	89.4344	0.00411265	
363.69	-0.000961072	-0.000460395	0.0013557	0.00106566	0.734222	205.596	72.8901	0.00411435	
363.7	-0.000526565	-0.00114957	0.00135515	0.00126443	0.647075	245.39	61.4068	0.00411269	
363.71	0.00054144	-0.00127912	0.00135531	0.00138899	0.591461	292.943	55.9064	0.00411317	
363.72	0.00143687	-0.000551939	0.00135516	0.00153923	0.524636	338.987	50.4441	0.00411271	
363.73	0.00146269	0.000657065	0.00135535	0.0016035	0.496663	24.1904	48.4292	0.0041133	
363.74	0.000435693	0.00147269	0.00135497	0.00153579	0.526051	73.5193	50.5498	0.00411213	
363.75	-0.000789331	0.00142663	0.00135532	0.00163043	0.485007	118.955	47.6278	0.00411319	
363.76	-0.00162586	0.000230966	0.00135501	0.00164218	0.479797	171.915	47.2763	0.00411226	
363.77	-0.00114557	-0.00109904	0.00135493	0.00158752	0.50339	223.812	48.9015	0.00411203	
363.78	0.000119191	-0.00155929	0.00135502	0.00156384	0.513771	274.371	49.6452	0.00411229	
363.79	0.0014883	-0.000809774	0.0013548	0.00169434	0.457479	331.45	45.8139	0.00411162	
363.8	0.00151037	0.000767693	0.00135541	0.00169427	0.457828	26.9434	45.8363	0.00411347	
363.81	0.000436563	0.00189058	0.00135542	0.00194033	0.358927	76.9974	40.0242	0.00411351	
363.82	-0.00145394	0.00157107	0.00135554	0.00214061	0.287403	132.783	36.2825	0.00411386	
363.83	-0.00254282	-8.22501e-05	0.00135634	0.00254415	0.172182	181.853	30.5457	0.0041163	
363.84	-0.0015994	-0.00230655	0.00135632	0.00280682	0.117503	235.262	27.6866	0.00411623	
363.85	0.000642627	-0.00306799	0.00135654	0.00313457	0.069274	281.83	24.7958	0.00411691	
363.86	0.00309899	-0.00187714	0.0013562	0.00362318	0.0281946	328.796	21.4465	0.00411587	
363.87	0.00381543	0.00110974	0.00135569	0.00397354	0.0136309	16.2174	19.5481	0.00411432	
363.88	0.00205113	0.00380634	0.00135585	0.00432382	0.00618935	61.681	17.9666	0.00411479	
363.89	-0.00138564	0.00440805	0.00135583	0.0046207	0.00300553	107.45	16.812	0.00411475	
363.9	-0.00428463	0.00221311	0.00135604	0.00482244	0.00179363	152.683	16.1112	0.00411539	
363.91	-0.00491361	-0.00155064	0.00135585	0.00515247	0.000731265	197.515	15.0771	0.00411479	
363.92	-0.00239424	-0.00467416	0.00135551	0.00525169	0.000550231	242.877	14.7886	0.00411378	
363.93	0.00156788	-0.00518507	0.00135581	0.00541694	0.000341748	286.824	14.3406	0.00411468	
363.94	0.00479256	-0.00252523	0.00135558	0.00541714	0.000340614	332.215	14.3376	0.00411398	
363.95	0.00510327	0.001573	0.00135561	0.00534019	0.000426821	17.1311	14.5446	0.00411408	
363.96	0.00248667	0.0046579	0.00135546	0.00528011	0.000506915	61.9039	14.7085	0.00411364	
363.97	-0.00139255	0.00505251	0.00135594	0.0052409	0.000570151	105.409	14.8238	0.00411509	
363.98	-0.00405737	0.00240566	0.00135547	0.00471694	0.00234631	149.336	16.4647	0.00411367	
363.99	-0.00413274	-0.0013211	0.00135555	0.00433876	0.00596172	197.727	17.9007	0.00411389	
364	-0.00200841	-0.00367842	0.00135537	0.004191	0.00839042	241.366	18.5295	0.00411336	
364.01	0.00116815	-0.00374282	0.00135468	0.00392088	0.0151681	287.333	19.7959	0.00411125	
364.02	0.00299518	-0.0014802	0.0013549	0.00334097	0.047826	333.702	23.2358	0.00411193	
364.03	0.00273648	0.00102856	0.00135526	0.0029234	0.0976364	20.5998	26.5617	0.004113	
364.04	0.00080904	0.00212833	0.00135483	0.00227691	0.243607	69.1867	34.0926	0.0041117	
364.05	-0.00110021	0.00159161	0.00135488	0.00193486	0.360707	124.654	40.1212	0.00411185	
364.06	-0.00152762	-0.000108414	0.00135502	0.00153147	0.527979	184.059	50.6944	0.00411228	
364.07	-0.000480332	-0.00123585	0.00135519	0.00132591	0.61963	248.761	58.5608	0.00411279	
364.08	0.000940183	-0.000901474	0.00135518	0.00130254	0.63008	316.204	59.6114	0.00411277	
364.09	0.00146247	0.000591733	0.00135546	0.00157765	0.507961	22.0288	49.2267	0.00411364	
364.1	0.000453697	0.00199804	0.00135563	0.0020489	0.319128	77.2067	37.9091	0.00411415	
364.11	-0.00154354	0.00185975	0.00135537	0.00241685	0.203956	129.692	32.1314	0.00411334	
364.12	-0.0027598	0.000185483	0.00135551	0.00276602	0.124682	176.155	28.0782	0.00411377	
364.13	-0.0022322	-0.00207357	0.00135555	0.00304671	0.0799932	222.89	25.4922	0.00411389	
364.14	7.74513e-06	-0.00332191	0.00135567	0.00332192	0.0496766	270.134	23.3822	0.00411425	
364.15	0.00259813	-0.00272233	0.00135553	0.00376316	0.0212047	313.663	20.6385	0.00411382	
364.16	0.00387916	-0.000215425	0.00135546	0.00388514	0.0164441	356.821	19.9896	0.00411363	
364.17	0.00310998	0.002656	0.00135501	0.00408979	0.0105144	40.4981	18.9829	0.00411224	
364.18	0.000391129	0.00415759	0.00135893	0.00417595	0.00890126	84.6257	18.6451	0.00412416	
364.19	-0.00256571	0.00317626	0.00135606	0.00408308	0.0107481	128.93	19.0289	0.00411544	
364.2	-0.00406796	0.000662284	0.00135497	0.00412152	0.0097915	170.753	18.8362	0.00411212	
364.21	-0.00331317	-0.00219494	0.00135538	0.00397427	0.0135832	213.524	19.5401	0.00411339	
364.22	-0.000910454	-0.00373231	0.00135537	0.00384175	0.0180046	256.291	20.2139	0.00411334	
364.23	0.00167304	-0.00331335	0.00135552	0.00371179	0.0235391	296.791	20.924	0.0041138	
364.24	0.0032111	-0.00126988	0.00135546	0.00345308	0.0389695	338.423	22.4906	0.00411361	
364.25	0.00307902	0.0010905	0.00135492	0.00326643	0.0546971	19.5027	23.7664	0.004112	
364.26	0.00136238	0.00253949	0.00135513	0.00288185	0.104217	61.7874	26.942	0.00411261	
364.27	-0.000495499	0.00258963	0.00135493	0.00263661	0.150568	100.832	29.4438	0.00411201	
364.28	-0.00194807	0.00154995	0.00135519	0.00248944	0.185033	141.493	31.1905	0.00411281	
364.29	-0.00207475	-0.000147231	0.0013554	0.00207997	0.308057	184.059	37.3364	0.00411343	
364.3	-0.00137517	-0.00135991	0.0013561	0.00193402	0.361689	224.68	40.1748	0.00411557	
364.31	-0.000256556	-0.00157441	0.0013557	0.00159517	0.500451	260.745	48.6942	0.00411434	
364.32	0.000696597	-0.00119254	0.00135542	0.00138108	0.595048	300.29	56.2311	0.00411351	
364.33	0.000954952	-0.000458474	0.00135921	0.00105931	0.738083	334.354	73.5167	0.00412499	
364.34	0.000892702	0.000267383	0.00135584	0.000931885	0.789625	16.6741	83.3623	0.00411479	
364.35	0.00042487	0.000601053	0.00135572	0.000736056	0.862963	54.7444	105.532	0.00411443	
364.36	0.000115082	0.000421916	0.00135585	0.000437329	0.949311	74.7431	177.634	0.00411482	
364.37	-0.000119389	0.000377501	0.00135581	0.00039593	0.958257	107.55	196.202	0.00411468	
364.38	3.50163e-05	0.000179287	0.00135576	0.000182675	0.990964	78.9488	425.232	0.00411452	
364.39	-1.83851e-05	0.000232862	0.00135523	0.000233587	0.985256	94.5143	332.421	0.00411294	
364.4	-0.00011945	0.000303156	0.00135537	0.00032584	0.971516	111.506	238.329	0.00411335	
364.41	-0.00043275	0.000247397	0.0013553	0.000498476	0.934599	150.244	155.781	0.00411314	
364.42	-0.000567981	9.27078e-05	0.0013547	0.000575498	0.913717	170.73	134.872	0.00411131	
364.43	-0.000594979	-0.000393437	0.0013546	0.000713297	0.870541	213.475	108.808	0.00411101	
364.44	-0.000389621	-0.000791717	0.00135492	0.000882394	0.808912	243.797	87.9778	0.00411198	
364.45	0.000200057	-0.000988484	0.00135488	0.00100853	0.758024	281.441	76.9727	0.00411186	
364.46	0.000844737	-0.000545899	0.00135535	0.00100578	0.759313	327.128	77.2098	0.00411329	
364.47	0.00111119	0.000134289	0.00135521	0.00111927	0.711016	6.89087	69.3732	0.00411286	
364.48	0.000840595	0.000840335	0.00135524	0.0011886	0.680725	44.9911	65.3288	0.00411296	
364.49	0.000122016	0.00116206	0.00135584	0.00116845	0.689811	84.0059	66.4849	0.00411479	
364.5	-0.000749191	0.000883175	0.00135776	0.00115814	0.695042	130.308	67.1717	0.00412062	
364.51	-0.00111651	0.000303332	0.00135479	0.00115698	0.69444	164.801	67.0918	0.0041116	
364.52	-0.00101302	-0.000512555	0.00135444	0.00113531	0.703773	206.838	68.3548	0.00411054	
364.53	-0.000308296	-0.00097507	0.00135462	0.00102265	0.752044	252.454	75.8953	0.00411108	
364.54	0.000300053	-0.00087251	0.00135442	0.000922662	0.792921	288.978	84.1073	0.00411047	
364.55	0.000556891	-0.000285524	0.00135483	0.00062582	0.898809	332.855	124.039	0.0041117	
364.56	0.000583874	0.000103373	0.00135492	0.000592955	0.908682	10.04	130.922	0.00411198	
364.57	0.000328702	0.000136799	0.0013551	0.000356032	0.966074	22.596	218.075	0.00411254	
364.58	3.72961e-05	0.000122907	0.00135465	0.000128442	0.995515	73.1196	604.286	0.00411115	
364.59	0.000160024	-1.48739e-05	0.00135464	0.000160714	0.992987	354.69	482.94	0.00411114	
364.6	0.000390257	0.000234706	0.0013551	0.000455398	0.945096	31.0233	170.491	0.00411252	
364.61	0.000308565	0.000670846	0.00135498	0.000738408	0.862009	65.2993	105.138	0.00411217	
364.62	-0.00033448	0.000854093	0.00135544	0.000917252	0.795348	111.386	84.6668	0.00411355	
364.63	-0.000822096	0.000682507	0.0013554	0.00106848	0.732919	140.3	72.6814	0.00411345	
364.64	-0.00122793	-3.03132e-05	0.00135487	0.00122831	0.663018	181.414	63.1992	0.00411182	
364.65	-0.00116383	-0.000995848	0.00135489	0.00153173	0.527801	220.553	50.681	0.0041119	
364.66	-0.000259106	-0.00170079	0.00135488	0.00172042	0.446555	261.338	45.122	0.00411185	
364.67	0.00103305	-0.00152212	0.00135515	0.00183957	0.397976	304.164	42.2077	0.00411267	
364.68	0.00187364	-0.000492106	0.0013546	0.00193718	0.359671	345.284	40.0647	0.004111	
364.69	0.00175165	0.000951195	0.00135478	0.00199326	0.338806	28.5031	38.9429	0.00411156	
364.7	0.000829329	0.00181097	0.0013553	0.00199184	0.339612	65.3948	38.9857	0.00411315	
364.71	-0.00050862	0.00197863	0.00135574	0.00204295	0.321305	104.416	38.0225	0.00411447	
364.72	-0.00162753	0.00107081	0.00135578	0.0019482	0.356143	146.658	39.873	0.00411459	
364.73	-0.00190622	-0.000211512	0.00135599	0.00191792	0.367777	186.332	40.5086	0.00411522	
364.74	-0.00129235	-0.00123858	0.00135595	0.00179005	0.418369	223.783	43.4011	0.0041151	
364.75	-0.000197893	-0.00175449	0.0013559	0.00176562	0.428346	263.565	44.0002	0.00411497	
364.76	0.000736182	-0.00135182	0.0013557	0.00153928	0.52488	298.572	50.4623	0.00411435	
364.77	0.00121332	-0.000685101	0.00135572	0.00139338	0.589686	330.549	55.7471	0.00411441	
364.78	0.00132774	1.17056e-05	0.00135537	0.00132779	0.61887	0.505116	58.4858	0.00411336	
364.79	0.00101475	0.000580036	0.00135506	0.00116883	0.689349	29.7525	66.4251	0.00411242	
364.8	0.000572403	0.00100096	0.00135483	0.00115306	0.696169	60.2366	67.3217	0.00411172	
364.81	5.16758e-05	0.00115353	0.00135489	0.00115469	0.695478	87.435	67.2297	0.00411189	
364.82	-0.000618218	0.0012964	0.00135534	0.00143626	0.570359	115.495	54.0676	0.00411326	
364.83	-0.00135617	0.000819564	0.00135478	0.00158458	0.504594	148.855	48.9868	0.00411157	
364.84	-0.00168586	-0.000138911	0.00135455	0.00169157	0.458515	184.71	45.8804	0.00411086	
364.85	-0.00128935	-0.00123086	0.00135524	0.00178254	0.421051	223.67	43.5612	0.00411295	
364.86	-0.000411139	-0.00187568	0.00135522	0.00192021	0.366485	257.637	40.4375	0.0041129	
364.87	0.000816758	-0.00182531	0.00135532	0.00199972	0.336725	294.107	38.8325	0.0041132	
364.88	0.0019488	-0.000942559	0.00135535	0.00216477	0.279283	334.189	35.8725	0.00411329	
364.89	0.00210075	0.000383148	0.00135547	0.0021354	0.289111	10.3364	36.369	0.00411364	
364.9	0.00148753	0.00159023	0.00135573	0.00217752	0.275307	46.911	35.6726	0.00411445	
364.91	0.000353845	0.0023026	0.00135581	0.00232963	0.228503	81.2636	33.3452	0.00411467	
364.92	-0.00124962	0.00194299	0.00135544	0.00231015	0.234008	122.747	33.6174	0.00411357	
364.93	-0.00210959	0.00078475	0.00135586	0.00225082	0.252103	159.595	34.5141	0.00411484	
364.94	-0.00228338	-0.000650631	0.00135556	0.00237426	0.215699	195.905	32.7124	0.00411393	
364.95	-0.00143721	-0.00167173	0.00135629	0.0022046	0.266849	229.314	35.2488	0.00411613	
364.96	-0.000136336	-0.00214153	0.00135614	0.00214587	0.285963	266.357	36.2096	0.00411569	
364.97	0.00101615	-0.00185505	0.00135639	0.00211513	0.296459	298.713	36.7425	0.00411644	
364.98	0.00191627	-0.000977093	0.00135613	0.002151	0.284249	332.983	36.123	0.00411566	
364.99	0.0020218	0.000267193	0.00135573	0.00203938	0.322578	7.52833	38.0888	0.00411445	
365	0.00173399	0.0014112	0.00135544	0.00223567	0.256591	39.1403	34.7372	0.00411355	
365.01	0.000546268	0.00225137	0.00135543	0.00231669	0.232079	76.3614	33.522	0.00411352	
365.02	-0.000804299	0.00224806	0.00135532	0.00238761	0.211882	109.686	32.5237	0.00411319	
365.03	-0.00203067	0.00153581	0.00135481	0.00254604	0.171048	142.9	30.4885	0.00411165	
365.04	-0.00259017	-7.4066e-05	0.00135562	0.00259123	0.160917	181.638	29.9747	0.0041141	
365.05	-0.00227695	-0.00168382	0.00135568	0.00283191	0.112838	216.483	27.4284	0.00411429	
365.06	-0.000777942	-0.00282039	0.00135516	0.00292571	0.0972443	254.58	26.5387	0.0041127	
365.07	0.00114011	-0.00278044	0.00135508	0.00300511	0.0855181	292.296	25.836	0.00411246	
365.08	0.00275909	-0.00152463	0.00135568	0.00315232	0.0669742	331.076	24.6405	0.00411428	
365.09	0.00320373	0.000479224	0.00135557	0.00323937	0.0575409	8.50742	23.9764	0.00411397	
365.1	0.00229725	0.00245375	0.00135582	0.00336129	0.0462765	46.8867	23.1109	0.00411471	
365.11	0.000369026	0.00335759	0.00135572	0.00337781	0.0448756	83.7279	22.9962	0.0041144	
365.12	-0.0018539	0.00279464	0.00135594	0.00335365	0.0469522	123.559	23.1656	0.00411507	
365.13	-0.00328228	0.00102537	0.00135568	0.00343871	0.0400766	162.652	22.5884	0.0041143	
365.14	-0.0033163	-0.00118988	0.00135599	0.00352331	0.034195	199.738	22.0509	0.00411522	
365.15	-0.00184609	-0.00309436	0.0013564	0.00360321	0.0293522	239.18	21.5685	0.00411646	
365.16	0.000582045	-0.00355713	0.00135627	0.00360443	0.0292629	279.293	21.5592	0.00411608	
365.17	0.00265009	-0.00239294	0.00135627	0.0035706	0.0312591	317.919	21.7635	0.00411608	
365.18	0.00357229	-0.000208561	0.00135657	0.00357837	0.0308376	356.659	21.721	0.00411699	
365.19	0.00280496	0.00228572	0.00135622	0.00361833	0.0284677	39.1761	21.4756	0.00411593	
365.2	0.000727589	0.00371089	0.00135615	0.00378155	0.0204923	78.9068	20.5476	0.00411572	
365.21	-0.00183849	0.00342504	0.00135563	0.00388728	0.0163863	118.226	19.981	0.00411414	
365.22	-0.00353408	0.00136694	0.00135478	0.00378923	0.0200124	158.854	20.4853	0.00411157	
365.23	-0.00361692	-0.0014733	0.00135525	0.00390547	0.0157301	202.163	19.8824	0.004113	
365.24	-0.00156005	-0.00340914	0.00135596	0.00374914	0.0218742	245.411	20.7223	0.00411513	
365.25	0.0011956	-0.00365982	0.00135956	0.00385016	0.018136	288.091	20.2322	0.00412608	
365.26	0.003316	-0.00182819	0.00135552	0.00378657	0.0202078	331.131	20.5107	0.00411379	
365.27	0.00377406	0.000984201	0.00135522	0.00390028	0.0159016	14.6161	19.9085	0.0041129	
365.28	0.00185529	0.00337099	0.00135541	0.00384781	0.0177822	61.173	20.1827	0.00411347	
365.29	-0.000996931	0.00369193	0.00135543	0.00382416	0.0186844	105.111	20.3078	0.00411352	
365.3	-0.00334309	0.00183663	0.00135497	0.00381437	0.019018	151.216	20.3531	0.00411215	
365.31	-0.0037344	-0.00112385	0.00135455	0.00389985	0.0158504	196.749	19.9007	0.00411085	
365.32	-0.00174398	-0.00332898	0.00135491	0.00375814	0.0213494	242.351	20.6567	0.00411197	
365.33	0.00121831	-0.00368784	0.00135482	0.00388387	0.0164244	288.281	19.9867	0.00411169	
365.34	0.00355913	-0.0015335	0.00135463	0.00387544	0.0167004	336.69	20.0273	0.00411111	
365.35	0.00344023	0.00158237	0.00135479	0.0037867	0.0201185	24.7006	20.4991	0.0041116	
365.36	0.00141288	0.00348558	0.00135531	0.00376105	0.0212696	67.9348	20.6467	0.00411316	
365.37	-0.00159931	0.00347565	0.00135554	0.00382596	0.0186275	114.709	20.3	0.00411388	
365.38	-0.0035904	0.00119716	0.00135498	0.00378472	0.0202225	161.56	20.5127	0.00411217	
365.39	-0.0031411	-0.00180837	0.00135536	0.00362445	0.0279992	209.93	21.4257	0.00411332	
365.4	-0.000998076	-0.00348081	0.00135513	0.00362107	0.028153	254	21.4421	0.00411263	
365.41	0.00162556	-0.00291519	0.00135545	0.00333778	0.0482232	299.145	23.2675	0.0041136	
365.42	0.00304351	-0.000539783	0.00135441	0.003091	0.073965	349.943	25.1058	0.00411044	
365.43	0.00250283	0.00168056	0.00135476	0.0030147	0.084088	33.8798	25.7479	0.00411151	
365.44	0.000278785	0.0028088	0.00135474	0.0028226	0.114121	84.3317	27.4997	0.00411143	
365.45	-0.00160839	0.00205386	0.00135512	0.00260869	0.156776	128.065	29.763	0.00411259	
365.46	-0.00231606	-1.13692e-05	0.00135546	0.00231609	0.232273	180.281	33.5316	0.00411363	
365.47	-0.00117145	-0.0015544	0.00135529	0.00194639	0.356562	232.997	39.8957	0.00411312	
365.48	0.000422214	-0.00161362	0.00135511	0.00166795	0.468836	284.663	46.5496	0.00411256	
365.49	0.00152855	-0.000444627	0.00135586	0.0015919	0.501958	343.781	48.8003	0.00411484	
365.5	0.000884867	0.00111813	0.00135531	0.00142591	0.574967	51.6426	54.4592	0.00411318	
365.51	-0.000392925	0.00152842	0.00135577	0.00157812	0.507912	104.417	49.2232	0.00411456	
365.52	-0.00169157	0.000512166	0.00135528	0.00176741	0.427275	163.155	43.9354	0.00411307	
365.53	-0.00145729	-0.00123714	0.00135512	0.0019116	0.369735	220.329	40.6166	0.00411259	
365.54	-3.26428e-05	-0.00236347	0.00135527	0.00236369	0.218516	269.209	32.8517	0.00411305	
365.55	0.00211208	-0.00179812	0.00135453	0.00277383	0.122851	319.591	27.9789	0.0041108	
365.56	0.00291791	0.000360206	0.00135474	0.00294006	0.094905	7.03737	26.4012	0.00411145	
365.57	0.00226559	0.00264348	0.0013549	0.00348151	0.036833	49.4019	22.2978	0.00411191	
365.58	-0.000291377	0.00367994	0.00135519	0.00369146	0.0244792	94.5272	21.0341	0.00411281	
365.59	-0.00295534	0.00257556	0.00135514	0.00392015	0.015235	138.928	19.8063	0.00411264	
365.6	-0.00408762	-0.000292689	0.00135506	0.00409808	0.0103254	184.096	18.9452	0.0041124	
365.61	-0.00294868	-0.00295548	0.00135477	0.00417488	0.00866756	225.066	18.5928	0.00411153	
365.62	-9.21697e-05	-0.00416622	0.00135493	0.00416724	0.00882898	268.733	18.629	0.004112	
365.63	0.00279666	-0.00327335	0.00135479	0.00430536	0.00641265	310.51	18.0295	0.00411158	
365.64	0.0042028	-0.000546499	0.00135505	0.00423818	0.00751236	352.591	18.3189	0.00411239	
365.65	0.00353745	0.00231625	0.00135507	0.0042283	0.00768643	33.2159	18.362	0.00411245	
365.66	0.00110566	0.00374702	0.00135498	0.00390674	0.0156619	73.5598	19.872	0.00411218	
365.67	-0.00151547	0.00341636	0.00135519	0.0037374	0.0223074	113.922	20.7756	0.00411281	
365.68	-0.00327785	0.00145775	0.00135478	0.00358738	0.0300232	156.024	21.6379	0.00411157	
365.69	-0.00338028	-0.000895019	0.00135491	0.00349677	0.0357826	194.83	22.2007	0.00411195	
365.7	-0.00192186	-0.00240045	0.00135449	0.00307502	0.0760016	231.318	25.2377	0.00411068	
365.71	-0.000150511	-0.00280599	0.0013547	0.00281002	0.116331	266.93	27.622	0.00411131	
365.72	0.00153545	-0.00206829	0.00135502	0.00257593	0.164155	306.589	30.1394	0.00411229	
365.73	0.00218399	-0.000762418	0.0013549	0.00231324	0.232828	340.756	33.5591	0.00411193	
365.74	0.00199404	0.000456572	0.00135482	0.00204564	0.319848	12.8966	37.9466	0.00411167	
365.75	0.00116491	0.00129883	0.00135458	0.0017447	0.436279	48.1112	44.4843	0.00411095	
365.76	0.000386891	0.00169842	0.00135507	0.00174192	0.437693	77.1673	44.5713	0.00411244	
365.77	-0.000344148	0.00148515	0.00135399	0.0015245	0.530541	103.047	50.8876	0.00410917	
365.78	-0.000979341	0.00107828	0.00135389	0.00145664	0.560589	132.247	53.2544	0.00410887	
365.79	-0.00130645	0.000519194	0.0013546	0.00140583	0.583605	158.327	55.208	0.00411103	
365.8	-0.00148482	-0.000180624	0.00135468	0.00149577	0.543585	186.936	51.8915	0.00411126	
365.81	-0.00137782	-0.000916623	0.00135484	0.00165487	0.474275	213.635	46.9081	0.00411174	
365.82	-0.000818821	-0.00159982	0.00135512	0.00179719	0.415021	242.896	43.2024	0.0041126	
365.83	0.000119056	-0.00200128	0.00135525	0.00200482	0.334818	273.405	38.7316	0.00411298	
365.84	0.00154074	-0.00168797	0.00135546	0.00228541	0.241371	312.389	33.9818	0.00411364	
365.85	0.00231544	-0.000534055	0.00135537	0.00237623	0.215058	347.012	32.6808	0.00411336	
365.86	0.00243886	0.000851171	0.00135539	0.00258313	0.162662	19.2392	30.0635	0.0041134	
365.87	0.00133169	0.00249616	0.00135542	0.00282918	0.113218	61.9203	27.4495	0.00411349	
365.88	-0.000209123	0.00314503	0.00135552	0.00315198	0.0669704	93.8042	24.6402	0.00411379	
365.89	-0.00226426	0.00246014	0.00135525	0.00334352	0.0476796	132.626	23.2241	0.00411299	
365.9	-0.00339938	0.00046754	0.00135529	0.00343138	0.040555	172.169	22.6301	0.00411312	
365.91	-0.0028738	-0.00178483	0.00135486	0.00338295	0.0442784	211.843	22.9468	0.0041118	
365.92	-0.00112382	-0.00322017	0.00135506	0.00341064	0.0421062	250.761	22.7638	0.00411241	
365.93	0.00139177	-0.00328939	0.00135494	0.00357171	0.0309799	292.934	21.7353	0.00411205	
365.94	0.00305875	-0.0015867	0.00135507	0.0034458	0.0394334	332.582	22.5318	0.00411245	
365.95	0.0032346	0.000652381	0.00135532	0.00329973	0.0516238	11.4029	23.5334	0.00411319	
365.96	0.00186892	0.00254567	0.00135524	0.00315805	0.0662018	53.7155	24.5878	0.00411295	
365.97	-0.000133418	0.00310457	0.00135537	0.00310743	0.0722081	92.4608	24.9907	0.00411334	
365.98	-0.00192679	0.00191319	0.00135515	0.00271529	0.134341	135.203	28.5952	0.00411268	
365.99	-0.00239764	7.33661e-05	0.00135569	0.00239876	0.209003	178.247	32.3813	0.00411431	
366	-0.00165965	-0.00143212	0.0013557	0.00219213	0.270548	220.791	35.4339	0.00411434	
366.01	-0.000161523	-0.00172283	0.00135605	0.00173039	0.443016	264.644	44.9009	0.00411542	
366.02	0.00077165	-0.000824958	0.00135542	0.0011296	0.70661	313.088	68.7496	0.00411349	
366.03	0.000812823	3.65482e-05	0.00135512	0.000813644	0.835059	2.57454	95.4258	0.00411259	
