363.25	-0.00357837	0.000418662	0.00295144	0.00360278	0.474717	173.327	46.9374	0.00895719	
363.258	-0.00318309	-0.00174619	0.00295144	0.0036306	0.469265	208.748	46.5777	0.00895719	
363.266	-0.00157517	-0.00329284	0.00295144	0.0036502	0.465437	244.435	46.3276	0.00895719	
363.274	0.000659031	-0.00360195	0.00295144	0.00366175	0.463187	280.368	46.1815	0.00895719	
363.282	0.0026661	-0.0025157	0.00295144	0.00366562	0.462432	316.663	46.1327	0.00895719	
363.29	0.00363508	-0.000445246	0.00295144	0.00366225	0.463089	353.017	46.1752	0.00895719	
363.298	0.0031774	0.00180089	0.00295144	0.00365227	0.465033	29.5438	46.3013	0.00895719	
363.306	0.00146676	0.00332761	0.00295144	0.00363653	0.468106	66.2129	46.5018	0.00895719	
363.314	-0.000812877	0.00352314	0.00295144	0.0036157	0.472182	102.992	46.7696	0.00895719	
363.322	-0.00274424	0.00231531	0.00295144	0.00359048	0.477134	139.846	47.0982	0.00895719	
363.33	-0.00355568	0.000202923	0.00295144	0.00356146	0.482851	176.734	47.4819	0.00895719	
363.338	-0.00293411	-0.00196095	0.00295144	0.00352907	0.48926	213.756	47.9178	0.00895719	
363.346	-0.00116136	-0.00329515	0.00295144	0.00349382	0.496261	250.585	48.4012	0.00895719	
363.354	0.00102861	-0.00329921	0.00295144	0.00345584	0.503836	287.316	48.9331	0.00895719	
363.362	0.00275956	-0.0020124	0.00295144	0.0034154	0.511938	323.899	49.5126	0.00895719	
363.37	0.00337243	1.65866e-05	0.00295144	0.00337247	0.520571	0.281794	50.1427	0.00895719	
363.378	0.00267769	0.00197523	0.00295144	0.00332739	0.529675	36.4147	50.8221	0.00895719	
363.386	0.00100037	0.0031243	0.00295144	0.00328055	0.53917	72.2454	51.5478	0.00895719	
363.394	-0.000991196	0.00307692	0.00295144	0.00323263	0.548914	107.856	52.3118	0.00895719	
363.402	-0.00254128	0.00192011	0.00295144	0.00318511	0.558609	142.926	53.0924	0.00895719	
363.41	-0.00313697	0.000134513	0.00295144	0.00313986	0.567862	177.545	53.8575	0.00895719	
363.418	-0.00263761	-0.00162743	0.00295144	0.00309927	0.576175	211.675	54.5628	0.00895719	
363.426	-0.00128196	-0.00278615	0.00295144	0.00306693	0.582808	245.292	55.1381	0.00895719	
363.434	0.000444699	-0.00301427	0.00295144	0.0030469	0.58692	278.392	55.5007	0.00895719	
363.442	0.00199716	-0.00229722	0.00295144	0.00304398	0.587518	311.003	55.5538	0.00895719	
363.45	0.00293441	-0.000879904	0.00295144	0.00306349	0.583514	343.308	55.2001	0.00895719	
363.458	0.00300185	0.000813547	0.00295144	0.00311014	0.573949	15.1638	54.3722	0.00895719	
363.466	0.00218135	0.00232507	0.00295144	0.00318814	0.55799	46.8268	53.0419	0.00895719	
363.474	0.000660812	0.0032336	0.00295144	0.00330043	0.535136	78.4502	51.2373	0.00895719	
363.482	-0.00118976	0.00323667	0.00295144	0.00344841	0.505322	110.183	49.0385	0.00895719	
363.49	-0.00286757	0.0022283	0.00295144	0.00363157	0.469076	142.15	46.5653	0.00895719	
363.498	-0.00382987	0.000372086	0.00295144	0.0038479	0.427473	174.451	43.9474	0.00895719	
363.506	-0.00364014	-0.00187595	0.00295144	0.00409509	0.381912	207.264	41.2945	0.00895719	
363.514	-0.00215931	-0.003796	0.00295144	0.00436718	0.334632	240.367	38.7218	0.00895719	
363.522	0.000315362	-0.00464959	0.00295144	0.00466027	0.287483	273.88	36.2865	0.00895719	
363.53	0.00304485	-0.00392734	0.00295144	0.00496941	0.242327	307.786	34.0292	0.00895719	
363.538	0.00503263	-0.00162947	0.00295144	0.00528985	0.200656	342.059	31.9678	0.00895719	
363.546	0.00538051	0.00161068	0.00295144	0.00561642	0.163557	16.6653	30.109	0.00895719	
363.554	0.00369467	0.00465696	0.00295144	0.00594456	0.131553	51.5727	28.447	0.00895719	
363.562	0.000340356	0.00626189	0.00295144	0.00627113	0.10463	86.8888	26.9656	0.00895719	
363.57	-0.00352262	0.00556889	0.00295144	0.00658949	0.0827165	122.316	25.6628	0.00895719	
363.578	-0.00639324	0.00258767	0.00295144	0.00689707	0.0651911	157.964	24.5184	0.00895719	
363.586	-0.00698239	-0.00171686	0.00295144	0.00719037	0.0514269	193.814	23.5183	0.00895719	
363.594	-0.00481443	-0.00570683	0.00295144	0.00746637	0.0407709	229.848	22.6489	0.00895719	
363.602	-0.000531826	-0.0077041	0.00295144	0.00772244	0.0326134	266.051	21.8979	0.00895719	
363.61	0.0042646	-0.00671689	0.00295144	0.00795634	0.0264226	302.412	21.2541	0.00895719	
363.618	0.00762758	-0.00291887	0.00295144	0.00816699	0.0217426	339.059	20.7059	0.00895719	
363.626	0.00803981	0.00226099	0.00295144	0.00835168	0.0182499	15.7072	20.248	0.00895719	
363.634	0.00518229	0.00675034	0.00295144	0.00851018	0.0156545	52.4863	19.8709	0.00895719	
363.642	9.16742e-05	0.00864166	0.00295144	0.00864215	0.0137471	89.3922	19.5675	0.00895719	
363.65	-0.00519327	0.00703928	0.00295144	0.00874766	0.0123729	126.418	19.3314	0.00895719	
363.658	-0.00846611	0.00249818	0.00295144	0.008827	0.0114212	163.56	19.1577	0.00895719	
363.666	-0.00830158	-0.00315538	0.00295144	0.00888102	0.010811	200.811	19.0412	0.00895719	
363.674	-0.00468093	-0.00758262	0.00295144	0.00891107	0.0104843	238.312	18.977	0.00895719	
363.682	0.000896555	-0.00887314	0.00295144	0.00891832	0.0104068	275.77	18.9615	0.00895719	
363.69	0.00610925	-0.00647845	0.00295144	0.00890468	0.0105531	313.32	18.9906	0.00895719	
363.698	0.00876162	-0.00139464	0.00295144	0.00887192	0.0109118	350.956	19.0607	0.00895719	
363.706	0.00774077	0.00423217	0.00295144	0.00882217	0.0114773	28.6671	19.1682	0.00895719	
363.714	0.00349988	0.00802742	0.00295144	0.00875721	0.0122548	66.4432	19.3104	0.00895719	
363.722	-0.00213953	0.00841122	0.00295144	0.00867906	0.0132518	104.271	19.4842	0.00895719	
363.73	-0.00679419	0.00525475	0.00295144	0.00858915	0.014487	142.281	19.6882	0.00895719	
363.738	-0.00848959	-2.474e-05	0.00295144	0.00848963	0.0159715	180.167	19.919	0.00895719	
363.746	-0.00659992	-0.0051665	0.00295144	0.00838163	0.0177325	218.054	20.1757	0.00895719	
363.754	-0.00201063	-0.00801798	0.00295144	0.00826623	0.0197996	255.922	20.4573	0.00895719	
363.762	0.00327981	-0.00745405	0.00295144	0.00814371	0.0222217	293.75	20.7651	0.00895719	
363.77	0.00704446	-0.00382287	0.00295144	0.00801491	0.0250414	331.512	21.0988	0.00895719	
363.778	0.0077747	0.00127721	0.00295144	0.00787891	0.0283492	9.3291	21.463	0.00895719	
363.786	0.0052877	0.00564804	0.00295144	0.00773693	0.0321965	46.8872	21.8568	0.00895719	
363.794	0.000752964	0.00755037	0.00295144	0.00758782	0.036709	84.305	22.2864	0.00895719	
363.802	-0.0038889	0.00633248	0.00295144	0.00743128	0.0420128	121.555	22.7558	0.00895719	
363.81	-0.00676612	0.00265014	0.00295144	0.00726661	0.0482741	158.611	23.2715	0.00895719	
363.818	-0.00683759	-0.00188926	0.00295144	0.0070938	0.0556641	195.446	23.8384	0.00895719	
363.826	-0.0042528	-0.00544941	0.00295144	0.00691248	0.0643995	232.031	24.4637	0.00895719	
363.834	-0.000179005	-0.00671975	0.00295144	0.00672214	0.0747441	268.474	25.1564	0.00895719	
363.842	0.00369292	-0.00537939	0.00295144	0.00652499	0.0868322	304.469	25.9165	0.00895719	
363.85	0.00594517	-0.00214941	0.00295144	0.00632179	0.100868	340.123	26.7496	0.00895719	
363.858	0.00589453	0.00162402	0.00295144	0.00611416	0.116982	15.4036	27.6579	0.00895719	
363.866	0.0037737	0.00454189	0.00295144	0.00590505	0.135137	50.2779	28.6374	0.00895719	
363.874	0.000524904	0.00567355	0.00295144	0.00569778	0.155139	84.7142	29.6791	0.00895719	
363.882	-0.00263844	0.00482231	0.00295144	0.00549691	0.176513	118.685	30.7636	0.00895719	
363.89	-0.00469829	0.00246695	0.00295144	0.00530658	0.198625	152.297	31.867	0.00895719	
363.898	-0.005112	-0.000473282	0.00295144	0.00513386	0.220286	185.29	32.9392	0.00895719	
363.906	-0.00393789	-0.00305503	0.00295144	0.00498399	0.240317	217.804	33.9296	0.00895719	
363.914	-0.00167251	-0.00456602	0.00295144	0.0048627	0.25737	249.883	34.776	0.00895719	
363.922	0.000959805	-0.00467749	0.00295144	0.00477495	0.270171	281.596	35.415	0.00895719	
363.93	0.0032248	-0.00345266	0.00295144	0.00472443	0.277717	313.046	35.7938	0.00895719	
363.938	0.00453813	-0.00127095	0.00295144	0.00471274	0.279481	344.355	35.8825	0.00895719	
363.946	0.0045609	0.00128857	0.00295144	0.00473944	0.275462	15.7763	35.6804	0.00895719	
363.954	0.00326246	0.00352278	0.00295144	0.00480142	0.266269	47.1971	35.2198	0.00895719	
363.962	0.000947389	0.00480122	0.00295144	0.0048938	0.252927	78.8376	34.555	0.00895719	
363.97	-0.00177696	0.00468423	0.00295144	0.00500995	0.236766	110.774	33.7538	0.00895719	
363.978	-0.00410978	0.00309175	0.00295144	0.00514288	0.219116	143.046	32.8814	0.00895719	
363.986	-0.00526957	0.000398745	0.00295144	0.00528463	0.201293	175.673	31.9994	0.00895719	
363.994	-0.00476346	-0.00260211	0.00295144	0.00542784	0.184325	208.646	31.1551	0.00895719	
364.002	-0.00260656	-0.00491774	0.00295144	0.00556581	0.168956	242.075	30.3828	0.00895719	
364.01	0.000562957	-0.00566292	0.00295144	0.00569083	0.155845	275.677	29.7153	0.00895719	
364.018	0.00369185	-0.00447089	0.00295144	0.00579815	0.145197	309.548	29.1653	0.00895719	
364.026	0.00564498	-0.00165533	0.00295144	0.00588268	0.137197	343.657	28.7462	0.00895719	
364.034	0.00565072	0.00183278	0.00295144	0.00594051	0.131917	17.9702	28.4664	0.00895719	
364.042	0.00363657	0.00473244	0.00295144	0.00596831	0.129434	52.4601	28.3338	0.00895719	
364.05	0.000301948	0.00595615	0.00295144	0.0059638	0.129835	87.0979	28.3553	0.00895719	
364.058	-0.00313897	0.00502515	0.00295144	0.00592497	0.133321	121.991	28.5411	0.00895719	
364.066	-0.00538033	0.00230039	0.00295144	0.00585147	0.140111	156.851	28.8996	0.00895719	
364.074	-0.00562173	-0.00117293	0.00295144	0.00574279	0.150621	191.785	29.4465	0.00895719	
364.082	-0.00383526	-0.00408026	0.00295144	0.0055998	0.165316	226.773	30.1984	0.00895719	
364.09	-0.000774448	-0.00536792	0.00295144	0.0054235	0.184824	261.79	31.18	0.00895719	
364.098	0.00235284	-0.00465491	0.00295144	0.00521575	0.209826	296.815	32.422	0.00895719	
364.106	0.00438888	-0.00235169	0.00295144	0.00497923	0.240973	331.816	33.9621	0.00895719	
364.114	0.00468142	0.00056654	0.00295144	0.00471557	0.279053	6.90031	35.861	0.00895719	
364.122	0.00330483	0.00295092	0.00295144	0.00443055	0.324092	41.762	38.1679	0.00895719	
364.13	0.000964156	0.00401293	0.00295144	0.00412713	0.376181	76.4901	40.974	0.00895719	
364.138	-0.00136692	0.00355634	0.00295144	0.00380999	0.434656	111.025	44.3847	0.00895719	
364.146	-0.00286395	0.00198362	0.00295144	0.00348382	0.498253	145.293	48.5402	0.00895719	
364.154	-0.00315415	4.45678e-05	0.00295144	0.00315447	0.564873	179.19	53.6081	0.00895719	
364.162	-0.00238289	-0.001523	0.00295144	0.00282801	0.63188	212.584	59.7964	0.00895719	
364.17	-0.00104432	-0.00228276	0.00295144	0.0025103	0.696489	245.417	67.3646	0.00895719	
364.178	0.000277461	-0.00219423	0.00295144	0.0022117	0.755199	277.207	76.4592	0.00895719	
364.186	0.00118925	-0.00153328	0.00295144	0.00194043	0.805638	307.798	87.1484	0.00895719	
364.194	0.00157055	-0.000669429	0.00295144	0.00170727	0.845942	336.914	99.0499	0.00895719	
364.202	0.00151964	0.000117671	0.00295144	0.00152419	0.875162	4.42779	110.948	0.00895719	
364.21	0.00120658	0.000713496	0.00295144	0.00140175	0.893344	30.5974	120.638	0.00895719	
364.218	0.000747208	0.0011185	0.00295144	0.00134513	0.901356	56.2553	125.717	0.00895719	
364.226	0.000171695	0.0013392	0.00295144	0.00135016	0.900654	82.6941	125.248	0.00895719	
364.234	-0.000496677	0.00131355	0.00295144	0.00140431	0.892976	110.713	120.418	0.00895719	
364.242	-0.00115677	0.000941796	0.00295144	0.00149168	0.880101	140.849	113.366	0.00895719	
364.25	-0.00158699	0.000193035	0.00295144	0.00159869	0.863553	173.065	105.777	0.00895719	
364.258	-0.00152748	-0.000781927	0.00295144	0.00171598	0.844496	207.108	98.5471	0.00895719	
364.266	-0.000843899	-0.00163349	0.00295144	0.0018386	0.823631	242.678	91.975	0.00895719	
364.274	0.000324353	-0.00193806	0.00295144	0.00196502	0.801209	279.501	86.0578	0.00895719	
364.282	0.00154528	-0.00141714	0.00295144	0.00209671	0.776984	317.477	80.6527	0.00895719	
364.29	0.00223016	-0.000151766	0.00295144	0.00223532	0.750661	356.107	75.6515	0.00895719	
364.298	0.00194559	0.00137897	0.00295144	0.00238472	0.721502	35.3278	70.9119	0.00895719	
364.306	0.000661546	0.00246106	0.00295144	0.00254842	0.688821	74.9542	66.3568	0.00895719	
364.314	-0.00114538	0.00247755	0.00295144	0.00272949	0.652054	114.811	61.9548	0.00895719	
364.322	-0.00264975	0.00124987	0.00295144	0.00292974	0.61099	154.747	57.7202	0.00895719	
364.33	-0.00304767	-0.000795651	0.00295144	0.00314982	0.565823	194.632	53.6872	0.00895719	
364.338	-0.00196756	-0.00276039	0.00295144	0.00338984	0.517073	234.519	49.8858	0.00895719	
364.346	0.000257075	-0.00363679	0.00295144	0.00364586	0.466284	274.043	46.3827	0.00895719	
364.354	0.00268614	-0.00284878	0.00295144	0.00391547	0.414793	313.317	43.1889	0.00895719	
364.362	0.00415673	-0.000560365	0.00295144	0.00419433	0.364299	352.322	40.3176	0.00895719	
364.37	0.00383559	0.00231032	0.00295144	0.00447765	0.316382	31.0621	37.7665	0.00895719	
364.378	0.00166343	0.0044599	0.00295144	0.00476001	0.272389	69.5457	35.5262	0.00895719	
364.386	-0.0015387	0.00479503	0.00295144	0.00503587	0.233253	107.791	33.5801	0.00895719	
364.394	-0.00439248	0.00296685	0.00295144	0.00530057	0.199353	145.963	31.9032	0.00895719	
364.402	-0.00553412	-0.000366886	0.00295144	0.00554627	0.171076	183.793	30.4899	0.00895719	
364.41	-0.0043237	-0.00381822	0.00295144	0.00576829	0.148105	221.447	29.3163	0.00895719	
364.418	-0.00114295	-0.00585102	0.00295144	0.00596161	0.130029	258.947	28.3656	0.00895719	
364.426	0.00271295	-0.005487	0.00295144	0.00612105	0.116417	296.309	27.6268	0.00895719	
364.434	0.00558877	-0.00278012	0.00295144	0.00624206	0.106837	333.552	27.0912	0.00895719	
364.442	0.00621078	0.00117249	0.00295144	0.00632049	0.100963	10.6907	26.7551	0.00895719	
364.45	0.00426052	0.00471196	0.00295144	0.00635253	0.0986375	47.8803	26.6201	0.00895719	
364.458	0.000568436	0.00630956	0.00295144	0.00633511	0.0998966	84.8521	26.6933	0.00895719	
364.466	-0.00329788	0.00532752	0.00295144	0.00626566	0.105043	121.759	26.9892	0.00895719	
364.474	-0.00571958	0.00224022	0.00295144	0.00614265	0.114661	158.611	27.5297	0.00895719	
364.482	-0.00574986	-0.00158607	0.00295144	0.00596461	0.129762	195.421	28.3514	0.00895719	
364.49	-0.00351247	-0.00452848	0.00295144	0.00573102	0.151793	232.201	29.507	0.00895719	
364.498	-9.84494e-05	-0.0054413	0.00295144	0.00544219	0.182683	268.963	31.073	0.00895719	
364.506	0.00298638	-0.00413121	0.00295144	0.00509758	0.225029	305.862	33.1736	0.00895719	
364.514	0.00448711	-0.00140295	0.00295144	0.00470132	0.281211	342.638	35.9697	0.00895719	
364.522	0.00401172	0.00141682	0.00295144	0.00425456	0.353812	19.4518	39.7468	0.00895719	
364.53	0.00208369	0.00313001	0.00295144	0.00376015	0.444172	56.3478	44.973	0.00895719	
364.538	-0.000190438	0.00321616	0.00295144	0.0032218	0.551123	93.3887	52.4878	0.00895719	
364.546	-0.00172422	0.00200424	0.00295144	0.00264384	0.669508	130.705	63.9618	0.00895719	
364.554	-0.00199124	0.000402011	0.00295144	0.00203142	0.789097	168.586	83.2447	0.00895719	
364.562	-0.00122598	-0.000652546	0.00295144	0.00138883	0.895196	208.025	121.761	0.00895719	
364.57	-0.000218802	-0.000700824	0.00295144	0.000734186	0.969534	252.661	230.33	0.00895719	
364.578	0.000217144	-4.99664e-06	0.00295144	0.000217202	0.997296	358.682	778.563	0.00895719	
364.586	-0.000257756	0.000675232	0.00295144	0.000722756	0.970461	110.893	233.972	0.00895719	
364.594	-0.00129145	0.000575844	0.00295144	0.00141401	0.891576	155.968	119.592	0.00895719	
364.602	-0.00204013	-0.000560252	0.00295144	0.00211565	0.773433	195.356	79.9303	0.00895719	
364.61	-0.00168198	-0.00225435	0.00295144	0.00281267	0.635026	233.273	60.1225	0.00895719	
364.618	4.60795e-05	-0.00349917	0.00295144	0.00349947	0.495136	270.754	48.323	0.00895719	
364.626	0.00255252	-0.00328912	0.00295144	0.00416338	0.369748	307.813	40.6173	0.00895719	
364.634	0.00463078	-0.00126469	0.00295144	0.00480037	0.266422	344.725	35.2275	0.00895719	
364.642	0.00502608	0.00198566	0.00295144	0.0054041	0.187066	21.5576	31.292	0.00895719	
364.65	0.00313161	0.00508098	0.00295144	0.00596853	0.129414	58.3528	28.3328	0.00895719	
364.658	-0.000580869	0.00646202	0.00295144	0.00648807	0.0892596	95.1365	26.064	0.00895719	
364.666	-0.00464938	0.00517632	0.00295144	0.00695781	0.0621171	131.93	24.3044	0.00895719	
364.674	-0.00723626	0.00142107	0.00295144	0.00737448	0.0440904	168.89	22.9311	0.00895719	
364.682	-0.00696345	-0.0033587	0.00295144	0.00773114	0.0323625	205.75	21.8732	0.00895719	
364.69	-0.00368568	-0.00712999	0.00295144	0.00802627	0.0247809	242.664	21.069	0.00895719	
364.698	0.00138397	-0.0081404	0.00295144	0.00825721	0.0199698	279.649	20.4797	0.00895719	
364.706	0.00613156	-0.00577421	0.00295144	0.00842244	0.017048	316.719	20.0779	0.00895719	
364.714	0.0084727	-0.000906429	0.00295144	0.00852105	0.015489	353.894	19.8456	0.00895719	
364.722	0.00731657	0.00442981	0.00295144	0.0085531	0.0150101	31.1927	19.7712	0.00895719	
364.73	0.00308317	0.00794219	0.00295144	0.00851964	0.0155104	68.7837	19.8488	0.00895719	
364.738	-0.0023795	0.00807955	0.00295144	0.00842265	0.0170445	106.41	20.0774	0.00895719	
364.746	-0.00670799	0.00482915	0.00295144	0.00826546	0.0198142	144.25	20.4592	0.00895719	
364.754	-0.00804576	-0.000329366	0.00295144	0.0080525	0.0241881	182.344	21.0003	0.00895719	
364.762	-0.00590141	-0.00508414	0.00295144	0.00778943	0.030725	220.745	21.7096	0.00895719	
364.77	-0.00136177	-0.00735859	0.00295144	0.00748354	0.0401746	259.516	22.5969	0.00895719	
364.778	0.0034496	-0.00625384	0.00295144	0.00714215	0.0535079	298.881	23.677	0.00895719	
364.786	0.00631277	-0.00246989	0.00295144	0.00677874	0.0715362	338.632	24.9464	0.00895719	
364.794	0.00605544	0.00208728	0.00295144	0.00640509	0.0949133	19.0188	26.4017	0.00895719	
364.802	0.0030047	0.00523565	0.00295144	0.00603658	0.123486	60.1488	28.0134	0.00895719	
364.81	-0.00119477	0.00556447	0.00295144	0.00569129	0.155798	102.118	29.7129	0.00895719	
364.818	-0.00441394	0.00309222	0.00295144	0.00538931	0.188789	144.987	31.3779	0.00895719	
364.826	-0.00509209	-0.00078161	0.00295144	0.00515173	0.217974	188.727	32.8249	0.00895719	
364.834	-0.00298275	-0.00400959	0.00295144	0.00499736	0.238483	233.354	33.8388	0.00895719	
364.842	0.000707274	-0.00489065	0.00295144	0.00494153	0.246202	278.229	34.2212	0.00895719	
364.85	0.00399003	-0.00299399	0.00295144	0.00498842	0.239709	323.117	33.8995	0.00895719	
364.858	0.00508724	0.000680216	0.00295144	0.00513251	0.220461	7.61587	32.9478	0.00895719	
364.866	0.00334192	0.00419008	0.00295144	0.00535959	0.192282	51.4249	31.5519	0.00895719	
364.874	-0.000432357	0.00563351	0.00295144	0.00565008	0.160035	94.3887	29.9297	0.00895719	
364.882	-0.00433837	0.00411984	0.00295144	0.00598285	0.128149	136.48	28.2649	0.00895719	
364.89	-0.0063349	0.000230719	0.00295144	0.0063391	0.0996072	177.914	26.6765	0.00895719	
364.898	-0.00524396	-0.00416749	0.00295144	0.00669829	0.0761298	218.475	25.246	0.00895719	
364.906	-0.0014132	-0.00690318	0.00295144	0.00704635	0.0578497	258.43	23.999	0.00895719	
364.914	0.00344742	-0.0065151	0.00295144	0.00737097	0.0442216	297.885	22.942	0.00895719	
364.922	0.00704886	-0.00300197	0.00295144	0.00766148	0.0344168	336.932	22.0721	0.00895719	
364.93	0.00761642	0.00213367	0.00295144	0.00790964	0.0275706	15.6497	21.3796	0.00895719	
364.938	0.00475415	0.00656885	0.00295144	0.00810875	0.0229584	54.1052	20.8546	0.00895719	
364.946	-0.000360335	0.00824653	0.00295144	0.0082544	0.020023	92.502	20.4866	0.00895719	
364.954	-0.00542812	0.00633376	0.00295144	0.00834153	0.0184283	130.597	20.2727	0.00895719	
364.962	-0.00820289	0.00165689	0.00295144	0.00836855	0.0179568	168.581	20.2072	0.00895719	
364.97	-0.00745914	-0.00371754	0.00295144	0.0083342	0.018558	206.491	20.2905	0.00895719	
364.978	-0.00356406	-0.00742746	0.00295144	0.0082383	0.0203305	244.366	20.5267	0.00895719	
364.986	0.00171366	-0.00789815	0.00295144	0.00808192	0.0235381	282.242	20.9239	0.00895719	
364.994	0.00604015	-0.00504025	0.00295144	0.00786686	0.0286597	320.156	21.4959	0.00895719	
365.002	0.00759182	-0.000225757	0.00295144	0.00759517	0.0364744	358.297	22.2648	0.00895719	
365.01	0.00585233	0.00431775	0.00295144	0.00727274	0.0480277	36.4193	23.2519	0.00895719	
365.018	0.0018188	0.00665997	0.00295144	0.00690386	0.0648414	74.7253	24.4943	0.00895719	
365.026	-0.00256724	0.00596556	0.00295144	0.00649451	0.0888325	113.284	26.0381	0.00895719	
365.034	-0.00535275	0.00282423	0.00295144	0.00605212	0.122162	152.183	27.9415	0.00895719	
365.042	-0.00547227	-0.00111705	0.00295144	0.00558511	0.166882	191.537	30.2778	0.00895719	
365.05	-0.00317757	-0.00399413	0.00295144	0.00510392	0.224195	231.496	33.1324	0.00895719	
365.058	0.000194425	-0.00461508	0.00295144	0.00461918	0.293844	272.412	36.6093	0.00895719	
365.066	0.00289482	-0.00297377	0.00295144	0.0041501	0.372099	314.229	40.7472	0.00895719	
365.074	0.00371019	-0.000168417	0.00295144	0.00371401	0.45305	357.401	45.5316	0.00895719	
365.082	0.00246947	0.00224099	0.00295144	0.00333471	0.528194	42.2231	50.7105	0.00895719	
365.09	6.17568e-05	0.00303905	0.00295144	0.00303968	0.588402	88.8359	55.6325	0.00895719	
365.098	-0.00208787	0.00194836	0.00295144	0.00285576	0.626187	136.98	59.2155	0.00895719	
365.106	-0.00278485	-0.000283824	0.00295144	0.00279928	0.637772	185.819	60.4102	0.00895719	
365.114	-0.0016709	-0.00233036	0.00295144	0.00286749	0.623779	234.359	58.9732	0.00895719	
365.122	0.000593833	-0.00297828	0.00295144	0.0030369	0.588972	281.276	55.6833	0.00895719	
365.13	0.00272704	-0.00181366	0.00295144	0.00327508	0.540281	326.373	51.6339	0.00895719	
365.138	0.00349923	0.00059988	0.00295144	0.00355028	0.485061	9.72776	47.6315	0.00895719	
365.146	0.00238258	0.00300749	0.00295144	0.00383689	0.429554	51.6133	44.0735	0.00895719	
365.154	-0.000167641	0.00411196	0.00295144	0.00411538	0.378279	92.3346	41.091	0.00895719	
365.162	-0.00293393	0.00324093	0.00295144	0.00437168	0.333878	132.154	38.682	0.00895719	
365.17	-0.00454497	0.000685445	0.00295144	0.00459636	0.297412	171.424	36.791	0.00895719	
365.178	-0.00413993	-0.00239034	0.00295144	0.00478045	0.269357	210.002	35.3743	0.00895719	
365.186	-0.0018308	-0.00456652	0.00295144	0.00491985	0.249241	248.153	34.372	0.00895719	
365.194	0.00137832	-0.00481793	0.00295144	0.0050112	0.236595	285.965	33.7454	0.00895719	
365.202	0.00406167	-0.00300516	0.00295144	0.00505254	0.231013	323.503	33.4693	0.00895719	
365.21	0.00504262	7.18767e-05	0.00295144	0.00504313	0.232275	0.81663	33.5317	0.00895719	
365.218	0.00393001	0.00306422	0.00295144	0.00498341	0.240398	37.9435	33.9336	0.00895719	
365.226	0.00125702	0.00470907	0.00295144	0.00487396	0.255755	75.0542	34.6956	0.00895719	
365.234	-0.00175893	0.00437759	0.00295144	0.00471774	0.278725	111.89	35.8445	0.00895719	
365.242	-0.00385599	0.00235269	0.00295144	0.00451706	0.310009	148.611	37.437	0.00895719	
365.25	-0.00425762	-0.000389818	0.00295144	0.00427543	0.350215	185.231	39.5528	0.00895719	
365.258	-0.00298121	-0.00266195	0.00295144	0.0039967	0.399771	221.762	42.3112	0.00895719	
365.266	-0.000752773	-0.00360761	0.00295144	0.00368532	0.458606	258.214	45.8862	0.00895719	
365.274	0.00139258	-0.00304265	0.00295144	0.00334619	0.525874	294.593	50.5366	0.00895719	
365.282	0.00261011	-0.00144403	0.00295144	0.00298294	0.600058	331.047	56.6908	0.00895719	
365.29	0.00258265	0.000330952	0.00295144	0.00260377	0.677639	7.30233	64.9462	0.00895719	
365.298	0.00160493	0.00152354	0.00295144	0.00221291	0.754968	43.5097	76.4174	0.00895719	
365.306	0.000325408	0.00178655	0.00295144	0.00181595	0.827554	79.6771	93.1223	0.00895719	
365.314	-0.000617855	0.00127672	0.00295144	0.00141837	0.890945	115.824	119.225	0.00895719	
365.322	-0.000905786	0.000481474	0.00295144	0.0010258	0.941389	152.007	164.852	0.00895719	
365.33	-0.000636618	-9.38929e-05	0.00295144	0.000643505	0.976512	188.39	262.787	0.00895719	
365.338	-0.000190653	-0.00019866	0.00295144	0.000275344	0.995658	226.178	614.158	0.00895719	
365.346	2.95078e-05	6.75107e-05	0.00295144	7.36777e-05	0.999688	66.3907	2295.2	0.00895719	
365.354	-0.00014768	0.000366135	0.00295144	0.000394796	0.991094	111.967	428.335	0.00895719	
365.362	-0.000586919	0.000360663	0.00295144	0.000688877	0.973129	148.429	245.479	0.00895719	
365.37	-0.000948984	-6.90068e-05	0.00295144	0.000951489	0.949362	184.159	177.727	0.00895719	
365.378	-0.000909434	-0.000751445	0.00295144	0.00117972	0.923223	219.566	143.343	0.00895719	
365.386	-0.000361351	-0.00132312	0.00295144	0.00137157	0.897646	254.725	123.293	0.00895719	
365.394	0.000516141	-0.00143611	0.00295144	0.00152604	0.874878	289.769	110.813	0.00895719	
365.402	0.00133469	-0.000955474	0.00295144	0.00164144	0.856714	324.402	103.022	0.00895719	
365.41	0.00171819	-3.87837e-05	0.00295144	0.00171863	0.844055	358.707	98.3954	0.00895719	
365.418	0.00148149	0.000947781	0.00295144	0.00175872	0.837327	32.609	96.1522	0.00895719	
365.426	0.000717299	0.00161173	0.00295144	0.00176414	0.836411	66.0085	95.8571	0.00895719	
365.434	-0.000264964	0.00171802	0.00295144	0.00173833	0.840761	98.7674	97.28	0.00895719	
365.442	-0.00109996	0.00127842	0.00295144	0.0016865	0.849372	130.709	100.27	0.00895719	
365.45	-0.00153393	0.000506768	0.00295144	0.00161548	0.860882	161.718	104.678	0.00895719	
365.458	-0.00150584	-0.000300798	0.00295144	0.00153559	0.873411	191.296	110.124	0.00895719	
365.466	-0.00112901	-0.000924746	0.00295144	0.00145939	0.884928	219.32	115.874	0.00895719	
365.474	-0.000577318	-0.00127822	0.00295144	0.00140255	0.89323	245.693	120.57	0.00895719	
365.482	1.63711e-05	-0.00138197	0.00295144	0.00138206	0.896159	270.679	122.357	0.00895719	
365.49	0.000597191	-0.00127927	0.00295144	0.0014118	0.891896	295.024	119.78	0.00895719	
365.498	0.00114353	-0.000967482	0.00295144	0.00149789	0.879163	319.767	112.895	0.00895719	
365.506	0.00158774	-0.000399551	0.00295144	0.00163724	0.857391	345.875	103.286	0.00895719	
365.514	0.00176797	0.000425813	0.00295144	0.00181853	0.827108	13.5417	92.99	0.00895719	
365.522	0.00148782	0.00137994	0.00295144	0.00202924	0.789498	42.8456	83.334	0.00895719	
365.53	0.000638632	0.00216522	0.00295144	0.00225744	0.746391	73.5666	74.91	0.00895719	
365.538	-0.000663422	0.00240249	0.00295144	0.00249241	0.700075	105.437	67.848	0.00895719	
365.546	-0.00203239	0.00181578	0.00295144	0.00272538	0.652895	138.222	62.0483	0.00895719	
365.554	-0.0029183	0.000424207	0.00295144	0.00294897	0.607038	171.729	57.3438	0.00895719	
365.562	-0.00283947	-0.00138162	0.00295144	0.00315776	0.564198	205.946	53.5522	0.00895719	
365.57	-0.0016469	-0.00291151	0.00295144	0.00334503	0.526109	240.505	50.5542	0.00895719	
365.578	0.000333351	-0.0034913	0.00295144	0.00350718	0.493603	275.454	48.2168	0.00895719	
365.586	0.00237598	-0.00275874	0.00295144	0.00364087	0.467259	310.737	46.4464	0.00895719	
365.594	0.00363699	-0.000885644	0.00295144	0.00374327	0.447412	346.314	45.1757	0.00895719	
365.602	0.00353071	0.00143781	0.00295144	0.00381224	0.434228	22.1576	44.3584	0.00895719	
365.61	0.00202396	0.00327099	0.00295144	0.00384653	0.427731	58.2524	43.963	0.00895719	
365.618	-0.000317248	0.00383232	0.00295144	0.00384542	0.42794	94.7323	43.9756	0.00895719	
365.626	-0.00251503	0.00286063	0.00295144	0.00380901	0.434842	131.321	44.396	0.00895719	
365.634	-0.00365872	0.000766227	0.00295144	0.00373809	0.448408	168.172	45.2383	0.00895719	
365.642	-0.00328536	-0.00155339	0.00295144	0.00363409	0.468583	205.306	46.533	0.00895719	
365.65	-0.00160183	-0.00311124	0.00295144	0.00349938	0.495154	242.758	48.3243	0.00895719	
365.658	0.000612665	-0.00328007	0.00295144	0.0033368	0.527772	280.58	50.6788	0.00895719	
365.666	0.00237172	-0.00207336	0.00295144	0.00315022	0.565742	318.84	53.6804	0.00895719	
365.674	0.00294122	-0.000113992	0.00295144	0.00294342	0.608178	357.781	57.4518	0.00895719	
365.682	0.00216867	0.00164805	0.00295144	0.00272382	0.653212	37.2325	62.0837	0.00895719	
365.69	0.000540297	0.00243836	0.00295144	0.0024975	0.699055	77.5061	67.7096	0.00895719	
365.698	-0.00109522	0.00199161	0.00295144	0.00227289	0.743398	118.807	74.4008	0.00895719	
365.706	-0.00195227	0.000658146	0.00295144	0.00206022	0.783778	161.37	82.0809	0.00895719	
365.714	-0.00169044	-0.000803271	0.00295144	0.00187159	0.817865	205.416	90.3538	0.00895719	
365.722	-0.000559191	-0.00162698	0.00295144	0.0017204	0.84376	251.032	98.2942	0.00895719	
365.73	0.00076471	-0.00142703	0.00295144	0.00161901	0.860317	298.186	104.449	0.00895719	
365.738	0.00152861	-0.000384533	0.00295144	0.00157624	0.867094	345.88	107.284	0.00895719	
365.746	0.00132869	0.000875001	0.00295144	0.00159092	0.864781	33.3667	106.294	0.00895719	
365.754	0.000292227	0.00162739	0.00295144	0.00165342	0.854776	79.82	102.276	0.00895719	
365.762	-0.000997904	0.00143576	0.00295144	0.00174849	0.839054	124.801	96.7149	0.00895719	
365.77	-0.00182108	0.000378454	0.00295144	0.00185999	0.819898	168.26	90.917	0.00895719	
365.778	-0.00170053	-0.0010026	0.00295144	0.00197409	0.799567	210.523	85.6623	0.00895719	
365.786	-0.000659396	-0.00197114	0.00295144	0.00207851	0.780379	251.504	81.3587	0.00895719	
365.794	0.00079668	-0.00201298	0.00295144	0.0021649	0.764132	291.592	78.1123	0.00895719	
365.802	0.00194686	-0.0010805	0.00295144	0.0022266	0.752338	330.97	75.9475	0.00895719	
365.81	0.00222589	0.000383777	0.00295144	0.00225873	0.746141	9.78248	74.8673	0.00895719	
365.818	0.00150668	0.00168125	0.00295144	0.00225759	0.746363	48.1345	74.9053	0.00895719	
365.826	0.000150959	0.00221563	0.00295144	0.00222077	0.753459	86.1023	76.147	0.00895719	
365.834	-0.00119642	0.00178195	0.00295144	0.00214634	0.767649	123.878	78.7876	0.00895719	
365.842	-0.00192562	0.000655607	0.00295144	0.00203416	0.788592	161.198	83.1324	0.00895719	
365.85	-0.00178974	-0.000588577	0.00295144	0.00188403	0.815673	198.204	89.7569	0.00895719	
365.858	-0.000976844	-0.00138736	0.00295144	0.00169676	0.847682	234.85	99.6636	0.00895719	
365.866	2.64568e-05	-0.00147359	0.00295144	0.00147383	0.88278	271.029	114.739	0.00895719	
365.874	0.00072373	-0.000979078	0.00295144	0.00121753	0.918433	306.472	138.892	0.00895719	
365.882	0.000878039	-0.00031079	0.00295144	0.00093142	0.951424	340.508	181.556	0.00895719	
365.89	0.000609632	0.00011909	0.00295144	0.000621155	0.978097	11.0534	272.243	0.00895719	
365.898	0.000282271	0.000140591	0.00295144	0.000315346	0.994308	26.4766	536.253	0.00895719	
365.906	0.00023349	-7.68985e-05	0.00295144	0.000245827	0.996537	341.771	687.902	0.00895719	
365.914	0.000537133	-0.000164855	0.00295144	0.000561862	0.982043	342.938	300.973	0.00895719	
365.922	0.000933268	0.000177584	0.00295144	0.000950013	0.949515	10.7736	178.003	0.00895719	
365.93	0.00098089	0.00094029	0.00295144	0.00135878	0.899447	43.7893	124.453	0.00895719	
365.938	0.0003534	0.00174189	0.00295144	0.00177738	0.834163	78.5313	95.143	0.00895719	
365.946	-0.000901385	0.0020082	0.00295144	0.00220122	0.757208	114.173	76.8233	0.00895719	
365.954	-0.00227258	0.00130788	0.00295144	0.00262205	0.673932	150.079	64.4933	0.00895719	
365.962	-0.00301893	-0.000328831	0.00295144	0.00303678	0.588997	186.216	55.6855	0.00895719	
365.97	-0.00253702	-0.00232446	0.00295144	0.00344087	0.506831	222.496	49.146	0.00895719	
365.978	-0.000739494	-0.0037582	0.00295144	0.00383026	0.430809	258.868	44.1497	0.00895719	
365.986	0.00179541	-0.00379793	0.00295144	0.00420092	0.363144	295.302	40.2543	0.00895719	
365.994	0.00400811	-0.00215144	0.00295144	0.00454903	0.304894	331.774	37.1739	0.00895719	
366.002	0.00481988	0.000712838	0.00295144	0.00487231	0.255991	8.41279	34.7074	0.00895719	
366.01	0.00365704	0.00364764	0.00295144	0.00516519	0.216243	44.9263	32.7393	0.00895719	
366.018	0.000807086	0.0053656	0.00295144	0.00542596	0.184541	81.4458	31.1659	0.00895719	
366.026	-0.00265051	0.00499245	0.00295144	0.00565241	0.159793	117.964	29.9173	0.00895719	
366.034	-0.00527187	0.00251759	0.00295144	0.00584217	0.140989	154.473	28.9456	0.00895719	
366.042	-0.00588426	-0.00114027	0.00295144	0.00599373	0.127195	190.967	28.2137	0.00895719	
366.05	-0.00412981	-0.0044971	0.00295144	0.00610567	0.11768	227.438	27.6964	0.00895719	
366.058	-0.000643833	-0.00614374	0.00295144	0.00617738	0.111879	264.018	27.3749	0.00895719	
366.066	0.00314298	-0.00535319	0.00295144	0.00620766	0.109497	300.418	27.2414	0.00895719	
366.074	0.00569449	-0.00244434	0.00295144	0.00619693	0.110336	336.769	27.2885	0.00895719	
366.082	0.00598666	0.00138841	0.00295144	0.00614555	0.114426	13.0571	27.5166	0.00895719	
366.09	0.00395045	0.00458779	0.00295144	0.00605424	0.121981	49.2689	27.9316	0.00895719	
366.098	0.000476648	0.00590491	0.00295144	0.00592411	0.133398	85.385	28.5452	0.00895719	
366.106	-0.00299805	0.00491449	0.00295144	0.00575678	0.149236	121.385	29.3749	0.00895719	
366.114	-0.00512611	0.00213639	0.00295144	0.00555349	0.170291	157.375	30.4502	0.00895719	
366.122	-0.00518085	-0.00120067	0.00295144	0.00531816	0.197227	193.048	31.7977	0.00895719	
366.13	-0.00334858	-0.00378405	0.00295144	0.00505292	0.230961	228.494	33.4668	0.00895719	
366.138	-0.000526536	-0.00473225	0.00295144	0.00476146	0.272174	263.651	35.5154	0.00895719	
366.146	0.00211823	-0.00391103	0.00295144	0.00444781	0.321254	298.44	38.0198	0.00895719	
366.154	0.00366004	-0.00188471	0.00295144	0.0041168	0.378025	332.754	41.0768	0.00895719	
366.162	0.00375082	0.000423683	0.00295144	0.00377468	0.441389	6.44467	44.7999	0.00895719	
366.17	0.00264746	0.00217758	0.00295144	0.00342796	0.509418	39.4378	49.3311	0.00895719	
366.178	0.000994732	0.00292471	0.00295144	0.00308925	0.578231	71.2162	54.7399	0.00895719	
366.186	-0.000555812	0.00271435	0.00295144	0.00277067	0.643632	101.572	61.034	0.00895719	
366.194	-0.00160558	0.00190385	0.00295144	0.00249049	0.700461	130.142	67.9004	0.00895719	
366.202	-0.00208593	0.000899294	0.00295144	0.00227153	0.743662	156.678	74.4454	0.00895719	
366.21	-0.00213867	-5.03976e-05	0.00295144	0.00213926	0.768986	181.35	79.0482	0.00895719	
366.218	-0.00191529	-0.000894356	0.00295144	0.00211382	0.773778	205.03	79.9999	0.00895719	
366.226	-0.00143768	-0.00166501	0.00295144	0.00219981	0.757477	229.191	76.8725	0.00895719	
366.234	-0.000624065	-0.00229907	0.00295144	0.00238226	0.721987	254.813	70.985	0.00895719	
366.242	0.000568632	-0.00257534	0.00295144	0.00263737	0.670823	282.451	64.1188	0.00895719	
366.25	0.00196702	-0.00218517	0.00295144	0.00294009	0.608863	311.992	57.5169	0.00895719	
366.258	0.00312937	-0.000950636	0.00295144	0.00327057	0.541196	343.102	51.705	0.00895719	
366.266	0.00348352	0.000960826	0.00295144	0.0036136	0.472593	15.4199	46.7968	0.00895719	
366.274	0.00261482	0.0029712	0.00295144	0.00395795	0.406907	48.6504	42.7254	0.00895719	
366.282	0.000546225	0.00426172	0.00295144	0.00429658	0.346589	82.6962	39.3581	0.00895719	
366.29	-0.00210707	0.00411217	0.00295144	0.00462057	0.293627	117.131	36.5983	0.00895719	
366.298	-0.00434791	0.00231596	0.00295144	0.00492625	0.248342	151.958	34.3273	0.00895719	
366.306	-0.00516967	-0.000642696	0.00295144	0.00520946	0.210616	187.087	32.4611	0.00895719	
366.314	-0.00403404	-0.00368995	0.00295144	0.0054671	0.179855	222.449	30.9314	0.00895719	
366.322	-0.001185	-0.00557173	0.00295144	0.00569635	0.155284	257.993	29.6866	0.00895719	
366.33	0.00236756	-0.00539891	0.00295144	0.00589521	0.136039	293.679	28.6851	0.00895719	
366.338	0.00522938	-0.00306659	0.00295144	0.00606221	0.121308	329.612	27.895	0.00895719	
366.346	0.00616678	0.000593274	0.00295144	0.00619525	0.110468	5.49522	27.2959	0.00895719	
366.354	0.00471785	0.00416606	0.00295144	0.00629398	0.10292	41.4458	26.8677	0.00895719	
366.362	0.00138179	0.00620584	0.00295144	0.00635782	0.0982575	77.4473	26.598	0.00895719	
366.37	-0.0025456	0.00585768	0.00295144	0.0063869	0.096189	113.489	26.4768	0.00895719	
366.378	-0.00550161	0.00323294	0.00295144	0.00638119	0.0965926	149.56	26.5005	0.00895719	
366.386	-0.00631064	-0.000624661	0.00295144	0.00634148	0.0994345	185.653	26.6665	0.00895719	
366.394	-0.0046656	-0.00418623	0.00295144	0.00626836	0.104839	221.9	26.9776	0.00895719	
366.402	-0.00127929	-0.00602928	0.00295144	0.0061635	0.112984	258.021	27.4365	0.00895719	
366.41	0.00246656	-0.00550092	0.00295144	0.00602861	0.12417	294.151	28.0504	0.00895719	
366.418	0.00509422	-0.00290697	0.00295144	0.00586528	0.138816	330.289	28.8315	0.00895719	
366.426	0.00564023	0.000636148	0.00295144	0.005676	0.157361	6.43506	29.793	0.00895719	
366.434	0.00402172	0.00369707	0.00295144	0.00546284	0.180337	42.5916	30.9555	0.00895719	
366.442	0.00101887	0.00512844	0.00295144	0.00522867	0.208206	78.7634	32.3419	0.00895719	
366.45	-0.00211016	0.00450571	0.00295144	0.00497536	0.241506	115.095	33.9885	0.00895719	
366.458	-0.00413032	0.00225936	0.00295144	0.00470789	0.280215	151.321	35.9195	0.00895719	
366.466	-0.00438953	-0.000585015	0.00295144	0.00442835	0.324456	187.591	38.1869	0.00895719	
366.474	-0.0029819	-0.00287223	0.00295144	0.00414022	0.373852	223.927	40.8444	0.00895719	
366.482	-0.000644536	-0.00379232	0.00295144	0.00384671	0.427698	260.354	43.961	0.00895719	
366.49	0.00160694	-0.0031668	0.00295144	0.00355118	0.484882	296.905	47.6194	0.00895719	
366.498	0.00291838	-0.00144702	0.00295144	0.00325742	0.543869	333.626	51.9137	0.00895719	
366.506	0.00291583	0.000551973	0.00295144	0.00296761	0.603207	10.7194	56.9835	0.00895719	
366.514	0.00179912	0.00199679	0.00295144	0.00268775	0.660573	47.9809	62.917	0.00895719	
366.522	0.000183561	0.00241346	0.00295144	0.00242043	0.714431	85.6506	69.8657	0.00895719	
366.53	-0.00120876	0.00180178	0.00295144	0.00216968	0.763223	123.856	77.9401	0.00895719	
366.538	-0.00185268	0.000575287	0.00295144	0.00193995	0.805724	162.75	87.1699	0.00895719	
366.546	-0.00160393	-0.000663901	0.00295144	0.0017359	0.841169	202.486	97.4163	0.00895719	
366.554	-0.0007047	-0.00139498	0.00295144	0.00156288	0.869183	243.199	108.201	0.00895719	
366.562	0.000370862	-0.00137674	0.00295144	0.00142582	0.889862	285.076	118.602	0.00895719	
366.57	0.00112384	-0.000712227	0.00295144	0.00133052	0.90338	327.636	127.097	0.00895719	
366.578	0.00125697	0.000235487	0.00295144	0.00127884	0.9104	10.6111	132.234	0.00895719	
366.586	0.000757352	0.00101932	0.00295144	0.00126988	0.911593	53.3879	133.166	0.00895719	
366.594	-0.000121582	0.00129353	0.00295144	0.00129923	0.907657	95.3696	130.158	0.00895719	
366.602	-0.00098107	0.000942078	0.00295144	0.00136015	0.899255	136.162	124.328	0.00895719	
366.61	-0.00144112	0.00011006	0.00295144	0.00144531	0.887008	175.633	117.002	0.00895719	
366.618	-0.0012841	-0.000865844	0.00295144	0.00154874	0.871381	213.991	109.189	0.00895719	
366.626	-0.00053896	-0.00157509	0.00295144	0.00166474	0.852934	251.11	101.58	0.00895719	
366.634	0.000533058	-0.00170866	0.00295144	0.00178988	0.83203	287.327	94.4784	0.00895719	
366.642	0.00153088	-0.00116122	0.00295144	0.00192146	0.809031	322.818	88.0084	0.00895719	
366.65	0.00205576	-8.12139e-05	0.00295144	0.00205736	0.784308	357.738	82.1952	0.00895719	
366.658	0.00185791	0.00117041	0.00295144	0.00219584	0.758236	32.2093	77.0115	0.00895719	
366.666	0.00093758	0.00213888	0.00295144	0.00233535	0.731218	66.3297	72.4111	0.00895719	
366.674	-0.000442516	0.00243499	0.00295144	0.00247488	0.703584	100.3	68.3287	0.00895719	
366.682	-0.00181161	0.00188149	0.00295144	0.00261189	0.675994	133.916	64.7444	0.00895719	
366.69	-0.00267883	0.000601403	0.00295144	0.00274551	0.64878	167.347	61.5933	0.00895719	
366.698	-0.00269016	-0.00101199	0.00295144	0.00287421	0.622398	200.615	58.8353	0.00895719	
366.706	-0.0017727	-0.00241625	0.00295144	0.00299679	0.597211	233.734	56.4287	0.00895719	
366.714	-0.000178592	-0.00310688	0.00295144	0.00311201	0.573565	266.71	54.3395	0.00895719	
366.722	0.00158724	-0.00280069	0.00295144	0.00321919	0.551654	299.542	52.5303	0.00895719	
366.73	0.00293901	-0.00154004	0.00295144	0.00331805	0.531565	332.345	50.9651	0.00895719	
366.738	0.00339545	0.000288818	0.00295144	0.00340771	0.51348	4.86189	49.6242	0.00895719	
366.746	0.00277876	0.00210962	0.00295144	0.00348884	0.497252	37.2056	48.4702	0.00895719	
366.754	0.00125562	0.00333384	0.00295144	0.00356246	0.482655	69.3622	47.4687	0.00895719	
366.762	-0.000712687	0.00355926	0.00295144	0.00362991	0.4694	101.323	46.5866	0.00895719	
366.77	-0.0025227	0.00269741	0.00295144	0.00369324	0.457069	133.083	45.7877	0.00895719	
366.778	-0.00362294	0.000987074	0.00295144	0.003755	0.445159	164.76	45.0346	0.00895719	
366.786	-0.00366757	-0.00106026	0.00295144	0.00381775	0.433182	196.124	44.2945	0.00895719	
366.794	-0.00263381	-0.00285572	0.00295144	0.00388485	0.420519	227.315	43.5293	0.00895719	
366.802	-0.000798496	-0.00387801	0.00295144	0.00395936	0.406645	258.365	42.7102	0.00895719	
366.81	0.00133777	-0.00381654	0.00295144	0.00404421	0.391099	289.317	41.8141	0.00895719	
366.818	0.00318315	-0.00264992	0.00295144	0.00414181	0.37357	320.223	40.8288	0.00895719	
366.826	0.00420306	-0.000655013	0.00295144	0.00425379	0.353944	351.142	39.7539	0.00895719	
366.834	0.00405506	0.00165922	0.00295144	0.00438138	0.332254	22.253	38.5962	0.00895719	
366.842	0.00269841	0.00363023	0.00295144	0.00452327	0.309011	53.376	37.3856	0.00895719	
366.85	0.000433856	0.00465813	0.00295144	0.00467829	0.284719	84.6788	36.1468	0.00895719	
366.858	-0.0021387	0.00434631	0.00295144	0.00484401	0.260064	116.201	34.9101	0.00895719	
366.866	-0.00425278	0.00266084	0.00295144	0.00501659	0.235862	147.967	33.7091	0.00895719	
366.874	-0.00519223	4.48041e-07	0.00295144	0.00519223	0.212794	179.995	32.5688	0.00895719	
366.882	-0.00453602	-0.00286634	0.00295144	0.00536576	0.191553	212.289	31.5156	0.00895719	
366.89	-0.00234088	-0.00501328	0.00295144	0.00553288	0.172539	244.97	30.5637	0.00895719	
366.898	0.000770077	-0.00563433	0.00295144	0.00568671	0.156265	277.783	29.7369	0.00895719	
366.906	0.00380734	-0.00440552	0.00295144	0.00582276	0.142834	310.834	29.0421	0.00895719	
366.914	0.0057087	-0.00162519	0.00295144	0.00593553	0.132366	344.109	28.4903	0.00895719	
366.922	0.00573854	0.00181923	0.00295144	0.00602001	0.12491	17.5897	28.0905	0.00895719	
366.93	0.00379969	0.00473551	0.00295144	0.00607146	0.120528	51.2571	27.8524	0.00895719	
366.938	0.000520616	0.0060631	0.00295144	0.00608541	0.119361	85.0923	27.7886	0.00895719	
366.946	-0.00295608	0.00528779	0.00295144	0.00605799	0.121665	119.207	27.9144	0.00895719	
366.954	-0.0053486	0.00268744	0.00295144	0.00598581	0.127889	153.322	28.251	0.00895719	
366.962	-0.00581522	-0.000770697	0.00295144	0.00586607	0.138743	187.549	28.8277	0.00895719	
366.97	-0.00424217	-0.00380209	0.00295144	0.00569665	0.155253	221.869	29.685	0.00895719	
366.978	-0.00130098	-0.00531916	0.00295144	0.00547595	0.178858	256.256	30.8814	0.00895719	
366.986	0.00183849	-0.0048678	0.00295144	0.00520342	0.211379	290.691	32.4988	0.00895719	
366.994	0.00400306	-0.00278843	0.00295144	0.00487851	0.255105	325.14	34.6633	0.00895719	
367.002	0.00450066	-2.39533e-05	0.00295144	0.00450073	0.312641	359.695	37.5728	0.00895719	
367.01	0.00337621	0.00228033	0.00295144	0.00407415	0.385681	34.0356	41.5068	0.00895719	
367.018	0.00133694	0.00334241	0.00295144	0.00359988	0.475287	68.1989	46.9752	0.00895719	
367.026	-0.000641878	0.0030135	0.00295144	0.0030811	0.579902	102.024	54.8846	0.00895719	
367.034	-0.00178966	0.00177761	0.00295144	0.00252245	0.694047	135.194	67.0399	0.00895719	
367.042	-0.00188134	0.00043549	0.00295144	0.00193108	0.807312	166.967	87.57	0.00895719	
367.05	-0.00127503	-0.000346044	0.00295144	0.00132115	0.904669	195.184	127.998	0.00895719	
367.058	-0.000636147	-0.000379324	0.00295144	0.000740654	0.969003	210.807	228.318	0.00895719	
367.066	-0.000515949	-1.73027e-05	0.00295144	0.000516239	0.984819	181.921	327.571	0.00895719	
367.074	-0.000986497	0.00010762	0.00295144	0.00099235	0.945044	173.774	170.409	0.00895719	
367.082	-0.00159161	-0.000479744	0.00295144	0.00166234	0.853325	196.774	101.727	0.00895719	
367.09	-0.00161298	-0.00173927	0.00295144	0.00237208	0.723996	227.157	71.2897	0.00895719	
367.098	-0.000534889	-0.00304541	0.00295144	0.00309202	0.577662	260.038	54.6907	0.00895719	
367.106	0.00155313	-0.00347849	0.00295144	0.00380948	0.434752	294.061	44.3906	0.00895719	
367.114	0.00386625	-0.00233775	0.00295144	0.00451807	0.309847	328.841	37.4286	0.00895719	
367.122	0.00519283	0.000352413	0.00295144	0.00520477	0.211208	3.88245	32.4904	0.00895719	
367.13	0.00454566	0.00370656	0.00295144	0.00586528	0.138816	39.194	28.8315	0.00895719	
367.138	0.00171244	0.00626324	0.00295144	0.00649312	0.0889248	74.7084	26.0437	0.00895719	
367.146	-0.00246694	0.00663865	0.00295144	0.00708219	0.0561924	110.385	23.8775	0.00895719	
367.154	-0.00633798	0.00424281	0.00295144	0.00762701	0.0354737	146.201	22.1718	0.00895719	
367.162	-0.0081166	-0.000302992	0.00295144	0.00812225	0.0226714	182.138	20.82	0.00895719	
367.17	-0.00671926	-0.00531198	0.00295144	0.00856537	0.0148302	218.329	19.7429	0.00895719	
367.178	-0.00239257	-0.00862312	0.00295144	0.00894889	0.0100857	254.493	18.8968	0.00895719	
367.186	0.00328766	-0.00866947	0.00295144	0.00927191	0.00719423	290.768	18.2384	0.00895719	
367.194	0.00800801	-0.00516932	0.00295144	0.00953153	0.00543618	327.157	17.7416	0.00895719	
367.202	0.00970684	0.000621669	0.00295144	0.00972673	0.00438112	3.66447	17.3856	0.00895719	
367.21	0.00751731	0.00637504	0.00295144	0.00985653	0.00378635	40.2996	17.1567	0.00895719	
367.218	0.0022196	0.00966987	0.00295144	0.00992134	0.00351775	77.0724	17.0446	0.00895719	
367.226	-0.00405759	0.00905473	0.00295144	0.00992231	0.00351389	114.138	17.0429	0.00895719	
367.234	-0.00864429	0.004746	0.00295144	0.00986146	0.00376529	151.232	17.1481	0.00895719	
367.242	-0.00963507	-0.00144236	0.00295144	0.00974243	0.00430491	188.514	17.3576	0.00895719	
