363.25	-4.19811e-05	0.00265429	0.00139276	0.00265463	0.162603	90.9061	30.0605	0.00422683	
363.258	-0.00157525	0.0022854	0.00139276	0.00277569	0.137258	124.577	28.7494	0.00422683	
363.266	-0.002679	0.00107341	0.00139276	0.00288604	0.116841	158.165	27.6502	0.00422683	
363.274	-0.00292444	-0.000604218	0.00139276	0.00298621	0.100403	191.674	26.7226	0.00422683	
363.282	-0.00216682	-0.00218417	0.00139276	0.00307664	0.0871708	225.228	25.9372	0.00422683	
363.29	-0.000625249	-0.00309496	0.00139276	0.00315748	0.0765517	258.579	25.2731	0.00422683	
363.298	0.00120219	-0.00299723	0.00139276	0.00322934	0.0680107	291.856	24.7107	0.00422683	
363.306	0.0026998	-0.00188563	0.00139276	0.0032931	0.0610977	325.068	24.2323	0.00422683	
363.314	0.00334782	-0.000103994	0.00139276	0.00334944	0.0554797	358.221	23.8247	0.00422683	
363.322	0.00290348	0.00176676	0.00139276	0.00339877	0.0509172	31.3205	23.4789	0.00422683	
363.33	0.00148847	0.00310364	0.00139276	0.00344211	0.047171	64.3781	23.1833	0.00422683	
363.338	-0.000455969	0.00344957	0.00139276	0.00347957	0.0441214	97.5298	22.9337	0.00422683	
363.346	-0.00228253	0.00266913	0.00139276	0.00351201	0.041616	130.536	22.7219	0.00422683	
363.354	-0.00339467	0.00100319	0.00139276	0.0035398	0.0395659	163.537	22.5435	0.00422683	
363.362	-0.00341539	-0.00101453	0.00139276	0.00356289	0.0379286	196.544	22.3974	0.00422683	
363.37	-0.00232261	-0.00272657	0.00139276	0.00358172	0.036636	229.574	22.2797	0.00422683	
363.378	-0.000460388	-0.0035667	0.00139276	0.00359629	0.0356614	262.645	22.1894	0.00422683	
363.386	0.0015678	-0.00324775	0.00139276	0.00360637	0.0350003	295.768	22.1274	0.00422683	
363.394	0.0030987	-0.00185552	0.00139276	0.00361177	0.0346503	329.087	22.0943	0.00422683	
363.402	0.00360875	0.000148899	0.00139276	0.00361182	0.0346473	2.36271	22.094	0.00422683	
363.41	0.00292738	0.00210643	0.00139276	0.00360646	0.0349942	35.7374	22.1268	0.00422683	
363.418	0.00127523	0.0033611	0.00139276	0.00359489	0.0357541	69.2228	22.198	0.00422683	
363.426	-0.000794541	0.00348712	0.00139276	0.0035765	0.0369905	102.836	22.3122	0.00422683	
363.434	-0.00257907	0.00243986	0.00139276	0.00355029	0.0388151	136.589	22.4769	0.00422683	
363.442	-0.00346785	0.000580734	0.00139276	0.00351613	0.0413063	170.493	22.6952	0.00422683	
363.45	-0.00315508	-0.00145079	0.00139276	0.00347266	0.0446716	204.694	22.9794	0.00422683	
363.458	-0.00176421	-0.00292974	0.00139276	0.00341991	0.0490601	238.945	23.3338	0.00422683	
363.466	0.000198601	-0.00335116	0.00139276	0.00335704	0.054755	273.392	23.7708	0.00422683	
363.474	0.00202398	-0.00258592	0.00139276	0.00328382	0.0620668	308.05	24.3008	0.00422683	
363.482	0.00305904	-0.000938745	0.00139276	0.00319984	0.0714184	342.94	24.9386	0.00422683	
363.49	0.00295177	0.000963986	0.00139276	0.0031052	0.0832935	18.0859	25.6987	0.00422683	
363.498	0.00178401	0.00241197	0.00139276	0.00300005	0.0982822	53.5115	26.5994	0.00422683	
363.506	3.05213e-05	0.00288438	0.00139276	0.00288454	0.117102	89.3937	27.6646	0.00422683	
363.514	-0.00160266	0.00224701	0.00139276	0.00276	0.140365	125.498	28.9129	0.00422683	
363.522	-0.00249894	0.000811236	0.00139276	0.00262732	0.168761	162.015	30.3729	0.00422683	
363.53	-0.00235241	-0.000810568	0.00139276	0.00248815	0.202755	199.012	32.0718	0.00422683	
363.538	-0.00129169	-0.00195662	0.00139276	0.00234453	0.242473	236.569	34.0364	0.00422683	
363.546	0.000183627	-0.00219163	0.00139276	0.0021993	0.287432	274.789	36.2839	0.00422683	
363.554	0.00142274	-0.00148435	0.00139276	0.00205608	0.336326	313.786	38.8114	0.00422683	
363.562	0.00190795	-0.00020578	0.00139276	0.00191902	0.387036	353.844	41.5834	0.00422683	
363.57	0.00147427	0.00102387	0.00139276	0.00179493	0.435856	34.7797	44.4583	0.00422683	
363.578	0.000385427	0.00164537	0.00139276	0.00168991	0.478975	76.8162	47.2212	0.00422683	
363.586	-0.000803704	0.00139668	0.00139276	0.00161141	0.512061	119.918	49.5214	0.00422683	
363.594	-0.00150467	0.000434788	0.00139276	0.00156623	0.531366	163.883	50.9501	0.00422683	
363.602	-0.00137269	-0.00073965	0.00139276	0.00155928	0.534348	208.317	51.177	0.00422683	
363.61	-0.00047304	-0.00152008	0.00139276	0.00159198	0.520341	252.714	50.1258	0.00422683	
363.618	0.000748508	-0.00148395	0.00139276	0.00166204	0.490646	296.766	48.0129	0.00422683	
363.626	0.00165522	-0.000608384	0.00139276	0.00176349	0.448609	339.819	45.2509	0.00422683	
363.634	0.00175277	0.000705423	0.00139276	0.0018894	0.398456	21.9229	42.2354	0.00422683	
363.642	0.000919699	0.0018126	0.00139276	0.00203258	0.344761	63.0972	39.2602	0.00422683	
363.65	-0.000508303	0.00212647	0.00139276	0.00218638	0.291663	103.444	36.4985	0.00422683	
363.658	-0.00187517	0.00140847	0.00139276	0.00234522	0.242272	143.089	34.0264	0.00422683	
363.666	-0.00250262	-9.45289e-05	0.00139276	0.00250441	0.198555	182.163	31.8636	0.00422683	
363.674	-0.00201029	-0.00174286	0.00139276	0.00266061	0.161276	220.924	29.9929	0.00422683	
363.682	-0.000527804	-0.00275951	0.00139276	0.00280953	0.13073	259.172	28.4031	0.00422683	
363.69	0.00134477	-0.00262441	0.00139276	0.00294889	0.106303	297.131	27.0609	0.00422683	
363.698	0.00278556	-0.00130694	0.00139276	0.00307692	0.0871324	334.865	25.9349	0.00422683	
363.706	0.00311679	0.000686704	0.00139276	0.00319154	0.0724019	12.4251	25.0034	0.00422683	
363.714	0.00212227	0.00251605	0.00139276	0.00329158	0.0612555	49.8526	24.2435	0.00422683	
363.722	0.000166144	0.0033718	0.00139276	0.00337589	0.0529929	87.1791	23.638	0.00422683	
363.73	-0.00195432	0.00283568	0.00139276	0.0034439	0.0470214	124.574	23.1712	0.00422683	
363.738	-0.00331949	0.00109289	0.00139276	0.00349477	0.0429323	161.777	22.834	0.00422683	
363.746	-0.00333714	-0.00114549	0.00139276	0.00352826	0.0404068	198.945	22.6172	0.00422683	
363.754	-0.00197714	-0.00294189	0.00139276	0.00354454	0.0392249	236.096	22.5133	0.00422683	
363.762	0.000200422	-0.00353812	0.00139276	0.0035438	0.0392785	273.242	22.5181	0.00422683	
363.77	0.00228514	-0.00268587	0.00139276	0.00352644	0.0405409	310.391	22.6289	0.00422683	
363.778	0.00341256	-0.000744384	0.00139276	0.0034928	0.0430846	347.695	22.8468	0.00422683	
363.786	0.00312444	0.00144863	0.00139276	0.00344393	0.0470188	24.8744	23.171	0.00422683	
363.794	0.00158319	0.00298682	0.00139276	0.00338047	0.0525719	62.0737	23.606	0.00422683	
363.802	-0.000533779	0.0032601	0.00139276	0.00330351	0.0600262	99.2986	24.156	0.00422683	
363.81	-0.00233313	0.00221071	0.00139276	0.00321414	0.0697494	136.543	24.8276	0.00422683	
363.818	-0.00309493	0.000335789	0.00139276	0.00311309	0.082246	173.808	25.6335	0.00422683	
363.826	-0.00257073	-0.00154986	0.00139276	0.00300178	0.0980184	211.085	26.584	0.00422683	
363.834	-0.0010554	-0.00268024	0.00139276	0.00288055	0.117799	248.507	27.7029	0.00422683	
363.842	0.00074811	-0.00264788	0.00139276	0.00275153	0.142064	285.777	29.0019	0.00422683	
363.85	0.00208896	-0.00157329	0.00139276	0.00261514	0.171561	323.015	30.5144	0.00422683	
363.858	0.0024723	8.54948e-06	0.00139276	0.00247231	0.206902	0.198134	32.2773	0.00422683	
363.866	0.00184878	0.00140799	0.00139276	0.00232388	0.248575	37.2921	34.3389	0.00422683	
363.874	0.000589003	0.00208902	0.00139276	0.00217047	0.296922	74.2541	36.7661	0.00422683	
363.882	-0.000722068	0.00187888	0.00139276	0.00201286	0.351925	111.022	39.6449	0.00422683	
363.89	-0.00156376	0.000990045	0.00139276	0.00185082	0.413554	147.661	43.1157	0.00422683	
363.898	-0.00168281	-0.000110981	0.00139276	0.00168647	0.480411	183.773	47.3176	0.00422683	
363.906	-0.00117541	-0.00096374	0.00139276	0.00151999	0.551273	219.349	52.4998	0.00422683	
363.914	-0.000369404	-0.00130126	0.00139276	0.00135268	0.623981	254.152	58.9935	0.00422683	
363.922	0.000363427	-0.00112974	0.00139276	0.00118676	0.695567	287.833	67.2415	0.00422683	
363.93	0.000783897	-0.00066147	0.00139276	0.00102569	0.762484	319.842	77.8008	0.00422683	
363.938	0.000861281	-0.000162011	0.00139276	0.000876386	0.820392	349.347	91.0552	0.00422683	
363.946	0.000723912	0.000198228	0.00139276	0.000750562	0.864843	15.3139	106.32	0.00422683	
363.954	0.000536441	0.000400315	0.00139276	0.000669343	0.890937	36.7319	119.22	0.00422683	
363.962	0.000376201	0.000536782	0.00139276	0.000655486	0.895163	54.9755	121.741	0.00422683	
363.97	0.000198588	0.0006917	0.00139276	0.000719643	0.875036	73.9812	110.888	0.00422683	
363.978	-0.000101448	0.000843467	0.00139276	0.000849546	0.830246	96.8583	93.9318	0.00422683	
363.986	-0.000570712	0.000851234	0.00139276	0.00102485	0.762824	123.84	77.8648	0.00422683	
363.994	-0.00110327	0.000542292	0.00139276	0.00122934	0.677363	153.824	64.9123	0.00422683	
364.002	-0.00144649	-0.000150524	0.00139276	0.0014543	0.579748	185.941	54.8713	0.00422683	
364.01	-0.00131036	-0.00106986	0.00139276	0.00169164	0.478253	219.23	47.1729	0.00422683	
364.018	-0.000554962	-0.00185693	0.00139276	0.00193809	0.379769	253.361	41.1743	0.00422683	
364.026	0.000678991	-0.00208287	0.00139276	0.00219075	0.290229	288.055	36.4257	0.00422683	
364.034	0.00195761	-0.00146861	0.00139276	0.00244725	0.213581	323.123	32.6077	0.00422683	
364.042	0.00270447	-7.36335e-05	0.00139276	0.00270547	0.151572	358.44	29.4956	0.00422683	
364.05	0.00245906	0.00165406	0.00139276	0.0029636	0.103946	33.9263	26.9266	0.00422683	
364.058	0.00111964	0.00302003	0.00139276	0.0032209	0.0689725	69.6584	24.7755	0.00422683	
364.066	-0.000917587	0.00334997	0.00139276	0.00347336	0.044615	105.318	22.9747	0.00422683	
364.074	-0.00289205	0.00234074	0.00139276	0.00372062	0.0282072	141.014	21.4479	0.00422683	
364.082	-0.00395484	0.000226461	0.00139276	0.00396132	0.0175134	176.723	20.1446	0.00422683	
364.09	-0.00353969	-0.00224872	0.00139276	0.00419359	0.0107482	212.427	19.0289	0.00422683	
364.098	-0.00164621	-0.0040982	0.00139276	0.00441647	0.00655407	248.115	18.0686	0.00422683	
364.106	0.00110227	-0.00449567	0.00139276	0.00462883	0.00399475	283.776	17.2397	0.00422683	
364.114	0.00367519	-0.00313465	0.00139276	0.00483043	0.00244348	319.538	16.5201	0.00422683	
364.122	0.00500056	-0.000426589	0.00139276	0.00501872	0.00151498	355.124	15.9003	0.00422683	
364.13	0.00446785	0.00264908	0.00139276	0.00519416	0.000954622	30.6646	15.3633	0.00422683	
364.138	0.00216483	0.00489868	0.00139276	0.00535571	0.000615252	66.1584	14.8999	0.00422683	
364.146	-0.00110694	0.00539108	0.00139276	0.00550355	0.000406749	101.603	14.4996	0.00422683	
364.154	-0.00412282	0.00384514	0.00139276	0.00563762	0.000276771	136.996	14.1548	0.00422683	
364.162	-0.00570628	0.000767404	0.00139276	0.00575765	0.000194539	172.341	13.8597	0.00422683	
364.17	-0.0051892	-0.00273242	0.00139276	0.00586463	0.000141195	207.77	13.6069	0.00422683	
364.178	-0.00270366	-0.00530926	0.00139276	0.00595802	0.000106224	243.013	13.3936	0.00422683	
364.186	0.000862815	-0.00597699	0.00139276	0.00603895	8.27059e-05	278.214	13.2141	0.00422683	
364.194	0.0041945	-0.00443991	0.00139276	0.00610792	6.66426e-05	313.372	13.0649	0.00422683	
364.202	0.00604217	-0.00123005	0.00139276	0.0061661	5.54378e-05	348.493	12.9416	0.00422683	
364.21	0.00569486	0.00248588	0.00139276	0.00621378	4.76143e-05	23.5819	12.8423	0.00422683	
364.218	0.00325317	0.00533928	0.00139276	0.00625228	4.20728e-05	58.6465	12.7632	0.00422683	
364.226	-0.000419305	0.00626849	0.00139276	0.0062825	3.81593e-05	93.8269	12.7019	0.00422683	
364.234	-0.00395639	0.00490931	0.00139276	0.00630511	3.54602e-05	128.865	12.6563	0.00422683	
364.242	-0.00607321	0.0017523	0.00139276	0.00632095	3.36783e-05	163.906	12.6246	0.00422683	
364.25	-0.00598765	-0.00205674	0.00139276	0.00633105	3.25878e-05	198.957	12.6045	0.00422683	
364.258	-0.00372136	-0.00512763	0.00139276	0.0063357	3.20965e-05	234.03	12.5952	0.00422683	
364.266	-9.51556e-05	-0.00633548	0.00139276	0.00633619	3.20447e-05	269.139	12.5942	0.00422683	
364.274	0.00356778	-0.00523143	0.00139276	0.00633221	3.2464e-05	304.294	12.6021	0.00422683	
364.282	0.00592902	-0.00220043	0.00139276	0.00632417	3.33266e-05	339.639	12.6182	0.00422683	
364.29	0.00610017	0.00162533	0.00139276	0.00631298	3.45642e-05	14.9193	12.6405	0.00422683	
364.298	0.0040245	0.00484399	0.00139276	0.00629769	3.63257e-05	50.2794	12.6712	0.00422683	
364.306	0.000467648	0.00626147	0.00139276	0.00627891	3.86058e-05	85.7287	12.7091	0.00422683	
364.314	-0.00324814	0.00534689	0.00139276	0.00625616	4.15495e-05	121.278	12.7553	0.00422683	
364.322	-0.00573152	0.00244082	0.00139276	0.0062296	4.52578e-05	156.933	12.8097	0.00422683	
364.33	-0.00604693	-0.00136302	0.00139276	0.00619864	4.99766e-05	192.703	12.8737	0.00422683	
364.338	-0.00406535	-0.00463228	0.00139276	0.00616321	5.59504e-05	228.729	12.9477	0.00422683	
364.346	-0.000561152	-0.00609705	0.00139276	0.00612282	6.35845e-05	264.742	13.0331	0.00422683	
364.354	0.00311928	-0.00521582	0.00139276	0.00607739	7.33492e-05	300.881	13.1305	0.00422683	
364.362	0.00555334	-0.00234001	0.00139276	0.00602622	8.60464e-05	337.151	13.2421	0.00422683	
364.37	0.00580316	0.00139852	0.00139276	0.00596929	0.000102605	13.5495	13.3683	0.00422683	
364.378	0.0037905	0.00452945	0.00139276	0.00590625	0.000124444	50.0755	13.511	0.00422683	
364.386	0.000333224	0.00582685	0.00139276	0.00583637	0.000153759	86.727	13.6728	0.00422683	
364.394	-0.00319075	0.00479474	0.00139276	0.00575938	0.000193542	123.643	13.8556	0.00422683	
364.402	-0.00535109	0.0018911	0.00139276	0.00567542	0.000247885	160.536	14.0605	0.00422683	
364.41	-0.00532391	-0.00168304	0.00139276	0.0055836	0.000323576	197.543	14.2918	0.00422683	
364.418	-0.00317199	-0.00447334	0.00139276	0.00548382	0.000430125	234.66	14.5518	0.00422683	
364.426	0.000176198	-0.0053727	0.00139276	0.00537559	0.000582327	271.878	14.8448	0.00422683	
364.434	0.00332311	-0.0040753	0.00139276	0.00525844	0.000802832	309.195	15.1755	0.00422683	
364.442	0.00499217	-0.00118921	0.00139276	0.00513186	0.00112681	346.601	15.5498	0.00422683	
364.45	0.0045543	0.00205048	0.00139276	0.00499461	0.00161226	24.2386	15.9771	0.00422683	
364.458	0.00228985	0.00427271	0.00139276	0.00484763	0.00234088	61.812	16.4615	0.00422683	
364.466	-0.000771181	0.00462574	0.00139276	0.00468959	0.0034523	99.465	17.0163	0.00422683	
364.474	-0.00331604	0.00307128	0.00139276	0.00451983	0.0051655	137.194	17.6554	0.00422683	
364.482	-0.00432175	0.000378067	0.00139276	0.00433825	0.00781933	175	18.3944	0.00422683	
364.49	-0.00348005	-0.00225022	0.00139276	0.00414418	0.0119523	212.887	19.2558	0.00422683	
364.498	-0.00129095	-0.00371979	0.00139276	0.00393744	0.0183861	250.861	20.2668	0.00422683	
364.506	0.00121501	-0.00351278	0.00139276	0.00371697	0.0284055	289.08	21.469	0.00422683	
364.514	0.00293137	-0.00188407	0.00139276	0.00348463	0.0437226	327.27	22.9004	0.00422683	
364.522	0.00322414	0.000316452	0.00139276	0.00323963	0.0668536	5.60568	24.6322	0.00422683	
364.53	0.00214092	0.00207678	0.00139276	0.00298271	0.100944	44.1288	26.754	0.00422683	
364.538	0.000335353	0.00269382	0.00139276	0.00271462	0.149648	82.9038	29.3962	0.00422683	
364.546	-0.00129199	0.00206582	0.00139276	0.00243657	0.216474	122.022	32.7508	0.00422683	
364.554	-0.00204117	0.000677631	0.00139276	0.00215071	0.303528	161.635	37.1038	0.00422683	
364.562	-0.00172136	-0.000700486	0.00139276	0.00185843	0.410557	202.143	42.9392	0.00422683	
364.57	-0.000694712	-0.00140353	0.00139276	0.00156606	0.53144	243.666	50.9557	0.00422683	
364.578	0.000376798	-0.00122264	0.00139276	0.00127938	0.655795	287.128	62.3733	0.00422683	
364.586	0.000908847	-0.000442693	0.00139276	0.00101093	0.768415	334.03	78.9367	0.00422683	
364.594	0.000700483	0.00035764	0.00139276	0.000786501	0.852616	27.0472	101.461	0.00422683	
364.602	1.33232e-05	0.000656891	0.00139276	0.000657026	0.894697	88.8381	121.456	0.00422683	
364.61	-0.000612541	0.000291004	0.00139276	0.000678151	0.888215	154.589	117.672	0.00422683	
364.618	-0.000692912	-0.000464714	0.00139276	0.000834317	0.835752	213.848	95.6464	0.00422683	
364.626	-9.90849e-05	-0.00105494	0.00139276	0.00105959	0.748718	264.634	75.3119	0.00422683	
364.634	0.000848238	-0.000999699	0.00139276	0.00131107	0.642065	310.314	60.8659	0.00422683	
364.642	0.00155582	-0.000186161	0.00139276	0.00156692	0.531069	353.177	50.9275	0.00422683	
364.65	0.00149756	0.00102721	0.00139276	0.00181599	0.427394	34.4471	43.9426	0.00422683	
364.658	0.00053896	0.00197933	0.00139276	0.0020514	0.337999	74.768	38.9001	0.00422683	
364.666	-0.000941143	0.00206401	0.00139276	0.00226846	0.26543	114.512	35.1779	0.00422683	
364.674	-0.00221582	0.00107802	0.00139276	0.00246414	0.209064	154.057	32.3843	0.00422683	
364.682	-0.00256386	-0.000603774	0.00139276	0.002634	0.16724	193.251	30.2959	0.00422683	
364.69	-0.00169578	-0.00219867	0.00139276	0.00277665	0.137068	232.358	28.7394	0.00422683	
364.698	7.40696e-05	-0.00288974	0.00139276	0.00289069	0.116035	271.468	27.6057	0.00422683	
364.706	0.00193824	-0.00225701	0.00139276	0.00297504	0.102142	310.655	26.823	0.00422683	
364.714	0.00298343	-0.000526464	0.00139276	0.00302952	0.0938815	349.992	26.3406	0.00422683	
364.722	0.00265722	0.00150711	0.00139276	0.00305486	0.0902235	29.5609	26.1221	0.00422683	
364.73	0.00106445	0.00286106	0.00139276	0.00305265	0.0905381	69.5924	26.141	0.00422683	
364.738	-0.00102883	0.00284562	0.00139276	0.00302589	0.0944147	109.877	26.3722	0.00422683	
364.746	-0.00259688	0.00145933	0.00139276	0.00297883	0.101549	150.666	26.7889	0.00422683	
364.754	-0.00285319	-0.000610052	0.00139276	0.00291768	0.11144	192.069	27.3503	0.00422683	
364.762	-0.00166788	-0.00231165	0.00139276	0.00285054	0.123138	234.189	27.9945	0.00422683	
364.77	0.000345085	-0.00276618	0.00139276	0.00278762	0.134929	277.111	28.6264	0.00422683	
364.778	0.00213085	-0.00172403	0.00139276	0.00274095	0.144208	321.024	29.1138	0.00422683	
364.786	0.00271163	0.000261848	0.00139276	0.00272424	0.147642	5.51566	29.2923	0.00422683	
364.794	0.00174786	0.00212336	0.00139276	0.00275022	0.142328	50.5402	29.0157	0.00422683	
364.802	-0.00028368	0.0028147	0.00139276	0.00282896	0.12709	95.7551	28.208	0.00422683	
364.81	-0.00229718	0.00187572	0.00139276	0.0029657	0.103613	140.767	26.9075	0.00422683	
364.818	-0.00314707	-0.000287987	0.00139276	0.00316022	0.0762108	185.229	25.2512	0.00422683	
364.826	-0.00223947	-0.00256789	0.00139276	0.00340724	0.0501661	228.908	23.4205	0.00422683	
364.834	0.000120622	-0.00369768	0.00139276	0.00369965	0.0293618	271.868	21.5695	0.00422683	
364.842	0.00278597	-0.00290509	0.00139276	0.00402507	0.0153597	313.801	19.8256	0.00422683	
364.85	0.00435743	-0.000385894	0.00139276	0.00437449	0.00720825	354.939	18.242	0.00422683	
364.858	0.00386266	0.00274333	0.00139276	0.00473772	0.00307123	35.383	16.8434	0.00422683	
364.866	0.00130134	0.00493738	0.00139276	0.00510599	0.00120641	75.2344	15.6286	0.00422683	
364.874	-0.00227597	0.00497454	0.00139276	0.00547047	0.000446649	114.585	14.5873	0.00422683	
364.882	-0.00521268	0.00259691	0.00139276	0.00582374	0.000159706	153.518	13.7024	0.00422683	
364.89	-0.00601952	-0.00130665	0.00139276	0.0061597	5.65768e-05	192.247	12.9551	0.00422683	
364.898	-0.00411204	-0.00499422	0.00139276	0.00646925	2.06548e-05	230.533	12.3352	0.00422683	
364.906	-0.000168113	-0.0067458	0.00139276	0.00674789	7.99374e-06	268.572	11.8258	0.00422683	
364.914	0.0041482	-0.00562641	0.00139276	0.00699028	3.38823e-06	306.4	11.4158	0.00422683	
364.922	0.00691492	-0.00197624	0.00139276	0.00719177	1.62214e-06	344.05	11.0959	0.00422683	
364.93	0.00683444	0.00269873	0.00139276	0.00734797	9.03367e-07	21.5477	10.8601	0.00422683	
364.938	0.00384983	0.00638486	0.00139276	0.00745571	5.98839e-07	58.9116	10.7031	0.00422683	
364.946	-0.000824685	0.00746623	0.00139276	0.00751164	4.82616e-07	96.3031	10.6234	0.00422683	
364.954	-0.00516748	0.00545439	0.00139276	0.00751353	4.79096e-07	133.453	10.6208	0.00422683	
364.962	-0.00735756	0.0012293	0.00139276	0.00745955	5.90064e-07	170.515	10.6976	0.00422683	
364.97	-0.00651877	-0.00339319	0.00139276	0.00734902	8.99785e-07	207.498	10.8585	0.00422683	
364.978	-0.00310144	-0.00647713	0.00139276	0.00718137	1.68588e-06	244.414	11.112	0.00422683	
364.986	0.00135911	-0.00682321	0.00139276	0.00695725	3.81543e-06	281.265	11.47	0.00422683	
364.994	0.00496686	-0.00446269	0.00139276	0.00667722	1.02085e-05	318.061	11.951	0.00422683	
365.002	0.00631713	-0.000559033	0.00139276	0.00634182	3.1461e-05	354.943	12.5831	0.00422683	
365.01	0.00507087	0.00312375	0.00139276	0.0059558	0.000106952	31.6338	13.3986	0.00422683	
365.018	0.00204345	0.00512863	0.00139276	0.00552074	0.000387363	68.2757	14.4545	0.00422683	
365.026	-0.00129284	0.00487168	0.00139276	0.0050403	0.00143254	104.863	15.8323	0.00422683	
365.034	-0.00353071	0.00281943	0.00139276	0.00451831	0.00518384	141.391	17.6613	0.00422683	
365.042	-0.00395645	0.00014877	0.00139276	0.00395925	0.0175878	177.847	20.1552	0.00422683	
365.05	-0.00278573	-0.00189317	0.00139276	0.00336815	0.0537111	214.2	23.6924	0.00422683	
365.058	-0.000915845	-0.00259071	0.00139276	0.00274783	0.142811	250.531	29.0409	0.00422683	
365.066	0.000596271	-0.00202275	0.00139276	0.0021088	0.317819	286.425	37.8411	0.00422683	
365.074	0.0011408	-0.000903296	0.00139276	0.00145512	0.579395	321.627	54.8406	0.00422683	
365.082	0.000790515	-7.70175e-05	0.00139276	0.000794258	0.849925	354.435	100.47	0.00422683	
365.09	0.000164663	-1.46652e-05	0.00139276	0.000165315	0.99298	354.911	482.711	0.00422683	
365.098	-1.92786e-05	-0.000558999	0.00139276	0.000559331	0.922525	268.025	142.669	0.00422683	
365.106	0.000571199	-0.00106525	0.00139276	0.00120873	0.686194	298.201	66.0192	0.00422683	
365.114	0.00164966	-0.000837519	0.00139276	0.00185009	0.413844	333.083	43.1328	0.00422683	
365.122	0.00243974	0.000379527	0.00139276	0.00246908	0.207755	8.8421	32.3195	0.00422683	
365.13	0.00216489	0.00216503	0.00139276	0.00306172	0.0892536	45.0019	26.0636	0.00422683	
365.138	0.000543534	0.00358172	0.00139276	0.00362273	0.0339496	81.3711	22.0275	0.00422683	
365.146	-0.00193852	0.00366597	0.00139276	0.00414695	0.0118817	117.869	19.2429	0.00422683	
365.154	-0.00417787	0.00199543	0.00139276	0.00462994	0.00398412	154.47	17.2355	0.00422683	
365.162	-0.00497215	-0.000980073	0.00139276	0.00506782	0.00133342	191.151	15.7463	0.00422683	
365.17	-0.00364908	-0.00405943	0.00139276	0.00545846	0.00046202	228.047	14.6194	0.00422683	
365.178	-0.000517327	-0.00577295	0.00139276	0.00579609	0.000173498	264.879	13.7678	0.00422683	
365.186	0.00320297	-0.00516779	0.00139276	0.00607989	7.27773e-05	301.79	13.1252	0.00422683	
365.194	0.00588119	-0.00228266	0.00139276	0.00630864	3.50555e-05	338.787	12.6492	0.00422683	
365.202	0.00623441	0.00177319	0.00139276	0.00648167	1.98159e-05	15.8768	12.3116	0.00422683	
365.21	0.00396448	0.005275	0.00139276	0.00659869	1.33556e-05	53.0729	12.0932	0.00422683	
365.218	-4.50795e-05	0.00665998	0.00139276	0.00666013	1.08261e-05	90.3878	11.9817	0.00422683	
365.226	-0.00410366	0.00525578	0.00139276	0.00666808	1.05346e-05	127.982	11.9674	0.00422683	
365.234	-0.00641574	0.00164831	0.00139276	0.00662409	1.2248e-05	165.591	12.0468	0.00422683	
365.242	-0.00599521	-0.00259228	0.00139276	0.00653165	1.67576e-05	203.383	12.2174	0.00422683	
365.25	-0.00306239	-0.00561369	0.00139276	0.00639467	2.645e-05	241.387	12.4791	0.00422683	
365.258	0.00104077	-0.00612968	0.00139276	0.00621741	4.70629e-05	279.636	12.8348	0.00422683	
365.266	0.00447543	-0.00400502	0.00139276	0.0060058	9.16717e-05	318.175	13.2871	0.00422683	
365.274	0.00575807	-0.000296801	0.00139276	0.00576571	0.000189934	357.049	13.8403	0.00422683	
365.282	0.00442602	0.00327122	0.00139276	0.00550368	0.000406596	36.4677	14.4993	0.00422683	
365.29	0.00124834	0.00507847	0.00139276	0.00522965	0.000867819	76.1899	15.2591	0.00422683	
365.298	-0.00220387	0.00443406	0.00139276	0.00495156	0.00180042	116.429	16.116	0.00422683	
365.306	-0.00431496	0.00180967	0.00139276	0.00467908	0.003541	157.247	17.0545	0.00422683	
365.314	-0.00418944	-0.00141718	0.00139276	0.00442265	0.00646248	198.689	18.0434	0.00422683	
365.322	-0.00204728	-0.00365888	0.00139276	0.0041927	0.0107688	240.771	19.0329	0.00422683	
365.33	0.000930535	-0.00388927	0.00139276	0.00399904	0.0162091	283.455	19.9546	0.00422683	
365.338	0.00322078	-0.00210747	0.00139276	0.00384901	0.0219567	326.802	20.7325	0.00422683	
365.346	0.00368847	0.000670368	0.00139276	0.0037489	0.0267126	10.3009	21.2861	0.00422683	
365.354	0.00218019	0.002988	0.00139276	0.00369883	0.0294073	53.8838	21.5742	0.00422683	
365.362	-0.000469944	0.00366519	0.00139276	0.00369519	0.0296123	97.3065	21.5955	0.00422683	
365.37	-0.00287256	0.00237999	0.00139276	0.00373041	0.0276817	140.357	21.3916	0.00422683	
365.378	-0.00378942	-0.00019142	0.00139276	0.00379425	0.0244578	182.892	21.0317	0.00422683	
365.386	-0.00274778	-0.00273278	0.00139276	0.00387536	0.0208346	224.843	20.5915	0.00422683	
365.394	-0.000251627	-0.00395468	0.00139276	0.00396268	0.017465	266.359	20.1378	0.00422683	
365.402	0.00244381	-0.00322374	0.00139276	0.00404533	0.0147256	307.165	19.7263	0.00422683	
365.41	0.00401673	-0.000892019	0.00139276	0.00411458	0.0127296	347.479	19.3943	0.00422683	
365.418	0.003697	0.00191451	0.00139276	0.00416331	0.0114725	27.3776	19.1673	0.00422683	
365.426	0.00163974	0.00385101	0.00139276	0.00418557	0.010936	66.9359	19.0654	0.00422683	
365.434	-0.00116745	0.00401064	0.00139276	0.0041771	0.0111374	106.23	19.104	0.00422683	
365.442	-0.00340085	0.00235194	0.00139276	0.0041349	0.0121913	145.333	19.299	0.00422683	
365.45	-0.00404435	-0.000316049	0.00139276	0.00405668	0.0143808	184.468	19.6711	0.00422683	
365.458	-0.00286419	-0.00270968	0.00139276	0.00394284	0.0181856	223.412	20.2391	0.00422683	
365.466	-0.000501707	-0.00375987	0.00139276	0.0037932	0.0245082	262.4	21.0375	0.00422683	
365.474	0.0018872	-0.0030769	0.00139276	0.00360955	0.034794	301.523	22.1079	0.00422683	
365.482	0.00320783	-0.00111076	0.00139276	0.00339469	0.0512823	340.901	23.5071	0.00422683	
365.49	0.0029494	0.0011136	0.00139276	0.00315263	0.0771585	20.6849	25.312	0.00422683	
365.498	0.00139702	0.0025288	0.00139276	0.00288903	0.116323	61.0819	27.6216	0.00422683	
365.506	-0.000566697	0.00254847	0.00139276	0.00261072	0.172587	102.537	30.5661	0.00422683	
365.514	-0.00191262	0.00133241	0.00139276	0.00233097	0.246468	145.137	34.2344	0.00422683	
365.522	-0.00203607	-0.000343425	0.00139276	0.00206483	0.333216	189.574	38.647	0.00422683	
365.53	-0.00101411	-0.00152924	0.00139276	0.00183493	0.419843	236.45	43.489	0.00422683	
365.538	0.000463695	-0.00160643	0.00139276	0.00167202	0.486458	286.101	47.7265	0.00422683	
365.546	0.00149033	-0.000604777	0.00139276	0.00160836	0.513357	337.913	49.6153	0.00422683	
365.554	0.00144039	0.000830219	0.00139276	0.00166252	0.490444	29.9585	47.999	0.00422683	
365.562	0.000307786	0.00180068	0.00139276	0.0018268	0.42308	80.3003	43.6827	0.00422683	
365.57	-0.00126432	0.00164146	0.00139276	0.00207193	0.330703	127.605	38.5146	0.00422683	
365.578	-0.00234636	0.00031969	0.00139276	0.00236804	0.235648	172.241	33.6985	0.00422683	
365.586	-0.00221	-0.00153545	0.00139276	0.00269104	0.154645	214.79	29.6537	0.00422683	
365.594	-0.000741029	-0.00293151	0.00139276	0.00302372	0.0947349	255.814	26.3911	0.00422683	
365.602	0.00145622	-0.00302103	0.00139276	0.00335368	0.055074	295.735	23.7946	0.00422683	
365.61	0.00332434	-0.00156005	0.00139276	0.00367219	0.0309344	334.86	21.7308	0.00422683	
365.618	0.00386282	0.000930418	0.00139276	0.0039733	0.0170897	13.5426	20.0839	0.00422683	
365.626	0.00263718	0.00333214	0.00139276	0.00424946	0.00951768	51.6406	18.7787	0.00422683	
365.634	4.62984e-05	0.00449765	0.00139276	0.00449789	0.00543584	89.4102	17.7415	0.00422683	
365.642	-0.00283308	0.00376896	0.00139276	0.00471502	0.0032459	126.932	16.9245	0.00422683	
365.65	-0.00471503	0.00132831	0.00139276	0.00489856	0.00205974	164.267	16.2904	0.00422683	
365.658	-0.00469649	-0.00184635	0.00139276	0.00504639	0.00141004	201.462	15.8132	0.00422683	
365.666	-0.00269014	-0.00440015	0.00139276	0.00515734	0.00105318	238.559	15.473	0.00422683	
365.674	0.00052272	-0.00520485	0.00139276	0.00523103	0.000864577	275.735	15.255	0.00422683	
365.682	0.00357408	-0.00386805	0.00139276	0.00526648	0.000785497	312.738	15.1523	0.00422683	
365.69	0.00518048	-0.000937851	0.00139276	0.00526468	0.000789344	349.739	15.1575	0.00422683	
365.698	0.00466626	0.00235392	0.00139276	0.00522636	0.000875529	26.7689	15.2686	0.00422683	
365.706	0.00227046	0.00462608	0.00139276	0.00515322	0.00106479	63.8585	15.4854	0.00422683	
365.714	-0.000966566	0.00495321	0.00139276	0.00504664	0.00140914	101.042	15.8124	0.00422683	
365.722	-0.00366904	0.00326227	0.00139276	0.0049096	0.00200302	138.359	16.2537	0.00422683	
365.73	-0.0047326	0.000331291	0.00139276	0.00474418	0.00302312	175.996	16.8205	0.00422683	
365.738	-0.00378879	-0.00252892	0.00139276	0.00455526	0.00475474	213.722	17.5181	0.00422683	
365.746	-0.00136198	-0.00412775	0.00139276	0.00434665	0.00767374	251.739	18.3588	0.00422683	
365.754	0.00141867	-0.00387145	0.00139276	0.0041232	0.0124988	290.125	19.3538	0.00422683	
365.762	0.0033337	-0.00200588	0.00139276	0.00389065	0.0202065	328.965	20.5106	0.00422683	
365.77	0.00361711	0.000531506	0.00139276	0.00365595	0.031898	8.35934	21.8273	0.00422683	
365.778	0.00226699	0.00256876	0.00139276	0.00342605	0.048532	48.5708	23.292	0.00422683	
365.786	3.38959e-05	0.00321179	0.00139276	0.00321197	0.0700008	89.3953	24.8444	0.00422683	
365.794	-0.00198546	0.00227959	0.00139276	0.00302301	0.0948402	131.055	26.3974	0.00422683	
365.802	-0.00285208	0.000322165	0.00139276	0.00287022	0.119616	173.555	27.8025	0.00422683	
365.81	-0.00221354	-0.0016544	0.00139276	0.00276348	0.139672	216.774	28.8765	0.00422683	
365.818	-0.000449678	-0.00267353	0.00139276	0.00271109	0.150388	260.452	29.4345	0.00422683	
365.826	0.00152732	-0.00224651	0.00139276	0.00271653	0.149248	304.21	29.3755	0.00422683	
365.834	0.00271582	-0.000586934	0.00139276	0.00277852	0.136702	347.805	28.7202	0.00422683	
365.842	0.00248841	0.0014698	0.00139276	0.00289007	0.116142	30.5685	27.6116	0.00422683	
365.85	0.000915814	0.00290024	0.00139276	0.0030414	0.0921521	72.4754	26.2377	0.00422683	
365.858	-0.00128315	0.00295528	0.00139276	0.00322183	0.0688661	113.47	24.7684	0.00422683	
365.866	-0.00306364	0.00152164	0.00139276	0.00342071	0.0489911	153.588	23.3283	0.00422683	
365.874	-0.00353682	-0.000811331	0.00139276	0.00362868	0.0335737	192.92	21.9913	0.00422683	
365.882	-0.00238529	-0.00300642	0.00139276	0.00383773	0.0224529	231.572	20.7934	0.00422683	
365.89	-1.47472e-05	-0.00404225	0.00139276	0.00404227	0.0148197	269.791	19.7412	0.00422683	
365.898	0.00257101	-0.00336511	0.00139276	0.00423486	0.00982635	307.381	18.8434	0.00422683	
365.906	0.00425261	-0.00117411	0.00139276	0.00441171	0.00662544	344.566	18.0881	0.00422683	
365.914	0.00425425	0.00166833	0.00139276	0.00456968	0.00459614	21.4129	17.4628	0.00422683	
365.922	0.00249514	0.00398928	0.00139276	0.00470532	0.00332323	57.9756	16.9594	0.00422683	
365.93	-0.000360882	0.00480276	0.00139276	0.0048163	0.00253088	94.2972	16.5686	0.00422683	
365.938	-0.00317706	0.00373133	0.00139276	0.00490067	0.00204879	130.413	16.2834	0.00422683	
365.946	-0.00481965	0.00115784	0.00139276	0.00495677	0.00177659	166.492	16.0991	0.00422683	
365.954	-0.00461122	-0.00188938	0.00139276	0.00498328	0.00165992	202.281	16.0134	0.00422683	
365.962	-0.00264349	-0.00422001	0.00139276	0.00497961	0.00167565	237.936	16.0252	0.00422683	
365.97	0.000299732	-0.00493622	0.00139276	0.00494531	0.00182934	273.475	16.1364	0.00422683	
365.978	0.00306483	-0.00379713	0.00139276	0.00487968	0.00216009	308.909	16.3534	0.00422683	
365.986	0.00460376	-0.00129892	0.00139276	0.00478349	0.00274492	344.244	16.6823	0.00422683	
365.994	0.00438982	0.00155361	0.00139276	0.00465663	0.00373754	19.4895	17.1367	0.00422683	
366.002	0.00259496	0.00367574	0.00139276	0.00449944	0.00541636	54.7791	17.7354	0.00422683	
366.01	1.14469e-05	0.00431381	0.00139276	0.00431382	0.00825717	89.848	18.4985	0.00422683	
366.018	-0.00234147	0.00336615	0.00139276	0.00410042	0.0131173	124.822	19.4613	0.00422683	
366.026	-0.00362087	0.00133989	0.00139276	0.00386083	0.021447	159.693	20.669	0.00422683	
366.034	-0.00348275	-0.000897289	0.00139276	0.00359648	0.0356485	194.447	22.1882	0.00422683	
366.042	-0.00216897	-0.00249999	0.00139276	0.00330974	0.0593915	229.055	24.1105	0.00422683	
366.05	-0.000341296	-0.00298302	0.00139276	0.00300248	0.0979124	263.473	26.5778	0.00422683	
366.058	0.00124662	-0.00236811	0.00139276	0.00267619	0.157855	297.763	29.8183	0.00422683	
366.066	0.00205379	-0.00111284	0.00139276	0.00233591	0.24501	331.549	34.1621	0.00422683	
366.074	0.00197735	0.00016452	0.00139276	0.00198418	0.362477	4.75617	40.2178	0.00422683	
366.082	0.00129785	0.000977817	0.00139276	0.00162498	0.506299	36.9948	49.1081	0.00422683	
366.09	0.000485646	0.00116809	0.00139276	0.00126502	0.662001	67.4243	63.0815	0.00422683	
366.098	-6.36442e-05	0.000913758	0.00139276	0.000915972	0.805524	93.9843	87.12	0.00422683	
366.106	-0.000217511	0.000570271	0.00139276	0.000610345	0.908445	110.878	130.745	0.00422683	
366.114	-0.000130911	0.000435487	0.00139276	0.000454737	0.948094	106.731	175.485	0.00422683	
366.122	-0.000110004	0.000572847	0.00139276	0.000583314	0.916032	100.87	136.804	0.00422683	
366.13	-0.000388347	0.000780345	0.00139276	0.000871638	0.822149	116.458	91.5512	0.00422683	
366.138	-0.000954851	0.000729995	0.00139276	0.00120193	0.6891	142.602	66.3928	0.00422683	
366.146	-0.00152663	0.000188977	0.00139276	0.00153828	0.543382	172.943	51.8756	0.00422683	
366.154	-0.00168948	-0.0007969	0.00139276	0.00186799	0.406804	205.253	42.7194	0.00422683	
366.162	-0.00113756	-0.0018652	0.00139276	0.00218472	0.292208	238.622	36.5262	0.00422683	
366.17	0.000120012	-0.00248243	0.00139276	0.00248533	0.203487	272.768	32.1081	0.00422683	
366.178	0.00167222	-0.0022016	0.00139276	0.00276466	0.139436	307.218	28.8641	0.00422683	
366.186	0.00287315	-0.000934668	0.00139276	0.00302135	0.0950851	341.98	26.4118	0.00422683	
366.194	0.0031114	0.000950329	0.00139276	0.0032533	0.0653422	16.9845	24.5288	0.00422683	
366.202	0.00212068	0.00273256	0.00139276	0.00345892	0.0457813	52.1857	23.0706	0.00422683	
366.21	0.000154396	0.00363388	0.00139276	0.00363716	0.0330449	87.5671	21.9401	0.00422683	
366.218	-0.00206843	0.00317219	0.00139276	0.00378698	0.0248082	123.106	21.0721	0.00422683	
366.226	-0.00364714	0.00140443	0.00139276	0.0039082	0.0195059	158.939	20.4185	0.00422683	
366.234	-0.00386718	-0.00102114	0.00139276	0.00399973	0.0161861	194.792	19.9512	0.00422683	
366.242	-0.00256746	-0.00314832	0.00139276	0.00406248	0.0142072	230.803	19.643	0.00422683	
366.25	-0.000215303	-0.00409144	0.00139276	0.0040971	0.0132096	266.988	19.4771	0.00422683	
366.258	0.00225674	-0.0034284	0.00139276	0.00410448	0.0130049	303.355	19.442	0.00422683	
366.266	0.00383788	-0.00140266	0.00139276	0.00408617	0.0135176	339.924	19.5291	0.00422683	
366.274	0.0038731	0.00116321	0.00139276	0.004044	0.0147665	16.7166	19.7328	0.00422683	
366.282	0.00234512	0.0032161	0.00139276	0.00398032	0.0168456	53.9012	20.0485	0.00422683	
366.29	-8.33231e-05	0.00389711	0.00139276	0.003898	0.0199103	91.2248	20.4719	0.00422683	
366.298	-0.00238471	0.00295926	0.00139276	0.00380053	0.024159	128.863	20.9969	0.00422683	
366.306	-0.00359489	0.000839666	0.00139276	0.00369165	0.0298124	166.853	21.6162	0.00422683	
366.314	-0.00323469	-0.00152426	0.00139276	0.00357584	0.0370357	205.231	22.3163	0.00422683	
366.322	-0.00151405	-0.0031087	0.00139276	0.0034578	0.0458733	244.032	23.0781	0.00422683	
366.33	0.000768011	-0.00325341	0.00139276	0.00334283	0.0561154	283.282	23.8718	0.00422683	
366.338	0.00258949	-0.00194117	0.00139276	0.00323629	0.0672277	323.144	24.6577	0.00422683	
366.346	0.00313912	0.000180828	0.00139276	0.00314432	0.078206	3.29686	25.3789	0.00422683	
366.354	0.00221567	0.00212792	0.00139276	0.00307201	0.0878137	43.8426	25.9763	0.00422683	
366.362	0.000279698	0.00301068	0.00139276	0.00302365	0.0947459	84.6924	26.3918	0.00422683	
366.37	-0.00175282	0.00243767	0.00139276	0.00300244	0.0979193	125.718	26.5782	0.00422683	
366.378	-0.00292988	0.000688724	0.00139276	0.00300974	0.0968173	166.772	26.5137	0.00422683	
366.386	-0.00269613	-0.00141538	0.00139276	0.00304506	0.0916248	207.698	26.2062	0.00422683	
366.394	-0.00113803	-0.00289048	0.00139276	0.00310645	0.0831271	248.51	25.6883	0.00422683	
366.402	0.00102774	-0.00301963	0.00139276	0.00318974	0.0726167	288.796	25.0176	0.00422683	
366.41	0.0028097	-0.0017119	0.00139276	0.00329014	0.061405	328.647	24.2541	0.00422683	
366.418	0.0033694	0.000475417	0.00139276	0.00340277	0.0505612	8.03133	23.4513	0.00422683	
366.426	0.00240436	0.00257408	0.00139276	0.00352233	0.0408444	46.9524	22.6553	0.00422683	
366.434	0.000290152	0.00363249	0.00139276	0.00364406	0.0326199	85.4331	21.8985	0.00422683	
366.442	-0.00207737	0.0031381	0.00139276	0.00376339	0.0259734	123.504	21.2041	0.00422683	
366.45	-0.0036732	0.00124012	0.00139276	0.0038769	0.0207706	161.345	20.5833	0.00422683	
366.458	-0.00376994	-0.00127677	0.00139276	0.00398027	0.016847	198.71	20.0487	0.00422683	
366.466	-0.00228971	-0.00336625	0.00139276	0.00407117	0.0139508	235.777	19.6011	0.00422683	
366.474	0.000186892	-0.00414294	0.00139276	0.00414716	0.0118765	272.583	19.242	0.00422683	
366.482	0.00265601	-0.00326182	0.00139276	0.00420641	0.010454	309.155	18.9709	0.00422683	
366.49	0.00411257	-0.00106201	0.00139276	0.00424748	0.00955898	345.521	18.7875	0.00422683	
366.498	0.00396676	0.00157865	0.00139276	0.00426935	0.00911091	21.7011	18.6912	0.00422683	
366.506	0.00227269	0.00361643	0.00139276	0.00427126	0.0090726	57.8533	18.6829	0.00422683	
366.514	-0.000275779	0.0042439	0.00139276	0.00425285	0.00944728	93.718	18.7638	0.00422683	
366.522	-0.00267762	0.00325461	0.00139276	0.00421451	0.0102717	129.445	18.9344	0.00422683	
366.53	-0.00401548	0.00107258	0.00139276	0.00415626	0.0116473	165.045	19.1998	0.00422683	
366.538	-0.00381971	-0.00143012	0.00139276	0.00407866	0.013733	200.526	19.5651	0.00422683	
366.546	-0.0022335	-0.00329781	0.00139276	0.00398297	0.0167541	235.892	20.0352	0.00422683	
366.554	7.74285e-05	-0.00386887	0.00139276	0.00386965	0.0210735	271.147	20.6219	0.00422683	
366.562	0.00222073	-0.00300954	0.00139276	0.00374019	0.0271657	306.423	21.3357	0.00422683	
366.57	0.00340983	-0.00114416	0.00139276	0.00359667	0.0356362	341.451	22.187	0.00422683	
366.578	0.00330114	0.00096903	0.00139276	0.00344043	0.047312	16.3593	23.1946	0.00422683	
366.586	0.00205408	0.00254897	0.00139276	0.0032736	0.0631477	51.1365	24.3766	0.00422683	
366.594	0.000228469	0.00308949	0.00139276	0.00309793	0.0842673	85.7707	25.759	0.00422683	
366.602	-0.00146875	0.00251912	0.00139276	0.00291602	0.111718	120.244	27.3659	0.00422683	
366.61	-0.00246459	0.00117389	0.00139276	0.00272988	0.146477	154.531	29.2319	0.00422683	
366.618	-0.0025122	-0.000385656	0.00139276	0.00254162	0.189173	188.728	31.397	0.00422683	
366.626	-0.00173545	-0.00159226	0.00139276	0.00235523	0.239352	222.536	33.8819	0.00422683	
366.634	-0.000524086	-0.00210849	0.00139276	0.00217264	0.296198	256.041	36.7292	0.00422683	
366.642	0.000656351	-0.00188605	0.00139276	0.00199699	0.357744	289.188	39.9599	0.00422683	
366.65	0.0014415	-0.00112966	0.00139276	0.00183141	0.421244	321.915	43.5727	0.00422683	
366.658	0.00167022	-0.000170718	0.00139276	0.00167892	0.483565	354.164	47.5301	0.00422683	
366.666	0.00138795	0.000673856	0.00139276	0.00154288	0.5414	25.8967	51.7209	0.00422683	
366.674	0.000771947	0.00119913	0.00139276	0.00142612	0.592007	57.2284	55.9557	0.00422683	
366.682	4.66917e-05	0.00133151	0.00139276	0.00133233	0.632832	87.9916	59.8947	0.00422683	
366.69	-0.000601947	0.00111058	0.00139276	0.00126322	0.662779	118.458	63.1714	0.00422683	
366.698	-0.00104439	0.000630456	0.00139276	0.00121993	0.681399	148.882	65.413	0.00422683	
366.706	-0.00120232	8.97769e-06	0.00139276	0.00120235	0.68892	179.572	66.3695	0.00422683	
366.714	-0.00103817	-0.000619679	0.00139276	0.00120904	0.68606	210.833	66.0021	0.00422683	
366.722	-0.000564062	-0.00110244	0.00139276	0.00123836	0.673489	242.903	64.4396	0.00422683	
366.73	0.000135142	-0.0012809	0.00139276	0.00128801	0.652064	276.023	61.9558	0.00422683	
366.738	0.000870982	-0.00103958	0.00139276	0.00135622	0.62244	309.957	58.8395	0.00422683	
366.746	0.00139138	-0.000378916	0.00139276	0.00144205	0.585075	344.766	55.3374	0.00422683	
366.754	0.00144905	0.000536562	0.00139276	0.0015452	0.540402	20.3188	51.6433	0.00422683	
366.762	0.000920535	0.00138844	0.00139276	0.00166588	0.489035	56.4556	47.9024	0.00422683	
366.77	-9.56097e-05	0.00180199	0.00139276	0.00180453	0.431991	93.0371	44.2218	0.00422683	
366.778	-0.00126269	0.0015019	0.00139276	0.00196216	0.370687	130.055	40.6691	0.00422683	
366.786	-0.00208419	0.000477159	0.00139276	0.00213811	0.307784	167.105	37.3224	0.00422683	
366.794	-0.00212713	-0.000957216	0.00139276	0.00233259	0.24599	204.228	34.2107	0.00422683	
366.802	-0.00122052	-0.00223356	0.00139276	0.00254528	0.188268	241.346	31.3519	0.00422683	
366.81	0.000405743	-0.00274546	0.00139276	0.00277528	0.137337	278.407	28.7536	0.00422683	
366.818	0.00215024	-0.00212203	0.00139276	0.00302102	0.0951353	315.378	26.4148	0.00422683	
366.826	0.0032506	-0.00044343	0.00139276	0.0032807	0.0623946	352.232	24.3239	0.00422683	
366.834	0.00310471	0.00172816	0.00139276	0.00355327	0.0386035	29.1015	22.458	0.00422683	
366.842	0.00157745	0.00349456	0.00139276	0.0038341	0.0226148	65.7055	20.8131	0.00422683	
366.85	-0.000869681	0.00402878	0.00139276	0.00412158	0.0125419	102.181	19.3614	0.00422683	
366.858	-0.00330684	0.00292148	0.00139276	0.00441251	0.00661352	138.54	18.0848	0.00422683	
366.866	-0.00468444	0.000427628	0.00139276	0.00470391	0.00333459	174.784	16.9645	0.00422683	
366.874	-0.00428306	-0.00256571	0.00139276	0.00499274	0.00162003	210.923	15.9831	0.00422683	
366.882	-0.00206445	-0.00485511	0.00139276	0.0052758	0.000765867	246.964	15.1256	0.00422683	
366.89	0.00125327	-0.00540687	0.00139276	0.00555022	0.00035611	283.05	14.3777	0.00422683	
366.898	0.00438023	-0.00381905	0.00139276	0.00581133	0.00016576	318.915	13.7317	0.00422683	
366.906	0.00603062	-0.000559223	0.00139276	0.0060565	7.83026e-05	354.702	13.1758	0.00422683	
366.914	0.00541814	0.00318091	0.00139276	0.00628286	3.81144e-05	30.4166	12.7011	0.00422683	
366.922	0.00263246	0.00592986	0.00139276	0.00648792	1.94065e-05	66.062	12.2997	0.00422683	
366.93	-0.00134572	0.00653074	0.00139276	0.00666795	1.05392e-05	101.643	11.9676	0.00422683	
366.938	-0.00500201	0.00463812	0.00139276	0.00682146	6.18022e-06	137.162	11.6983	0.00422683	
366.946	-0.00689015	0.000875844	0.00139276	0.0069456	3.97819e-06	172.756	11.4892	0.00422683	
366.954	-0.0062057	-0.00332131	0.00139276	0.0070386	2.84512e-06	208.156	11.3374	0.00422683	
366.962	-0.0031675	-0.00635251	0.00139276	0.00709842	2.28788e-06	243.498	11.2419	0.00422683	
366.97	0.00108766	-0.00704084	0.00139276	0.00712436	2.08034e-06	278.782	11.2009	0.00422683	
366.978	0.0049429	-0.00511755	0.00139276	0.00711489	2.15391e-06	314.005	11.2158	0.00422683	
366.986	0.00694394	-0.00132874	0.00139276	0.00706993	2.53876e-06	349.167	11.2872	0.00422683	
366.994	0.00637179	0.00287229	0.00139276	0.00698926	3.4007e-06	24.265	11.4174	0.00422683	
367.002	0.0034955	0.00591679	0.00139276	0.00687219	5.16701e-06	59.4264	11.6119	0.00422683	
367.01	-0.000513104	0.00670119	0.00139276	0.00672081	8.78174e-06	94.3785	11.8735	0.00422683	
367.018	-0.00413498	0.00506115	0.00139276	0.00653554	1.65392e-05	129.249	12.2101	0.00422683	
367.026	-0.00607384	0.00173851	0.00139276	0.00631775	3.40315e-05	164.027	12.631	0.00422683	
367.034	-0.00574914	-0.00194626	0.00139276	0.00606964	7.51509e-05	198.703	13.1473	0.00422683	
367.042	-0.00346545	-0.00464233	0.00139276	0.00579314	0.000175029	233.259	13.7748	0.00422683	
367.05	-0.000222445	-0.00548641	0.00139276	0.00549092	0.000421578	267.678	14.533	0.00422683	
367.058	0.00274185	-0.00437668	0.00139276	0.0051646	0.00103304	302.066	15.4512	0.00422683	
367.066	0.00440779	-0.00195062	0.00139276	0.00482012	0.00250698	336.129	16.5555	0.00422683	
367.074	0.00439267	0.000771015	0.00139276	0.00445982	0.0059352	9.95531	17.893	0.00422683	
367.082	0.0029655	0.00281332	0.00139276	0.00408766	0.0134752	43.4914	19.522	0.00422683	
367.09	0.000855776	0.00360839	0.00139276	0.00370848	0.0288708	76.6581	21.5181	0.00422683	
367.098	-0.00110222	0.00313833	0.00139276	0.00332626	0.0577369	109.352	23.9907	0.00422683	
367.106	-0.00230407	0.00183792	0.00139276	0.00294732	0.106556	141.421	27.0753	0.00422683	
367.114	-0.00255533	0.000324048	0.00139276	0.00257579	0.180837	172.773	30.9806	0.00422683	
367.122	-0.00204768	-0.0008632	0.00139276	0.00222219	0.280033	202.858	35.9103	0.00422683	
367.13	-0.00118303	-0.00147948	0.00139276	0.00189431	0.396551	231.353	42.1258	0.00422683	
367.138	-0.000342515	-0.00156759	0.00139276	0.00160458	0.514971	257.675	49.7324	0.00422683	
367.146	0.000266057	-0.00134333	0.00139276	0.00136943	0.616692	281.203	58.2721	0.00422683	
367.154	0.000635465	-0.00102725	0.00139276	0.00120791	0.686543	301.741	66.0638	0.00422683	
367.162	0.000873246	-0.000724803	0.00139276	0.00113486	0.71751	320.307	70.3168	0.00422683	
367.17	0.00107419	-0.000407274	0.00139276	0.00114881	0.711641	339.236	69.4628	0.00422683	
367.178	0.00122758	7.93463e-06	0.00139276	0.00122761	0.678107	0.370333	65.004	0.00422683	
367.186	0.00122393	0.000553593	0.00139276	0.0013433	0.628061	24.3377	59.4055	0.00422683	
367.194	0.000931415	0.00113931	0.00139276	0.00147159	0.57224	50.7332	54.2268	0.00422683	
367.202	0.000307568	0.00156659	0.00139276	0.00159649	0.518417	78.8924	49.9842	0.00422683	
367.21	-0.000535369	0.00162227	0.00139276	0.00170833	0.471308	108.264	46.712	0.00422683	
367.218	-0.00134731	0.00119524	0.00139276	0.00180106	0.433385	138.423	44.3069	0.00422683	
367.226	-0.00183849	0.000351309	0.00139276	0.00187176	0.405329	169.182	42.6334	0.00422683	
367.234	-0.00180219	-0.000658718	0.00139276	0.0019188	0.38712	200.078	41.5882	0.00422683	
367.242	-0.00122094	-0.00151053	0.00139276	0.00194226	0.378186	231.052	41.0859	0.00422683	
