363.25	0.0142855	0.00913579	0.00894445	0.0169569	0.16579	32.5996	30.2224	0.0271451	
363.258	0.0102802	0.0113336	0.00894445	0.0153014	0.231477	47.7902	33.4923	0.0271451	
363.266	0.00665788	0.0112676	0.00894445	0.0130876	0.342838	59.4217	39.1575	0.0271451	
363.274	0.00456657	0.00978291	0.00894445	0.0107962	0.48265	64.9773	47.4683	0.0271451	
363.282	0.00442265	0.00821223	0.00894445	0.00932741	0.580578	61.6956	54.9434	0.0271451	
363.29	0.00576469	0.00786864	0.00894445	0.00975434	0.551758	53.7729	52.5386	0.0271451	
363.298	0.0074185	0.00954311	0.00894445	0.0120874	0.40127	52.1397	42.3978	0.0271451	
363.306	0.00791811	0.0131798	0.00894445	0.0153754	0.228216	59.0035	33.3311	0.0271451	
363.314	0.0060404	0.0178421	0.00894445	0.0188368	0.108873	71.2966	27.2062	0.0271451	
363.322	0.00127249	0.0219844	0.00894445	0.0220212	0.0482811	86.6873	23.2721	0.0271451	
363.33	-0.00594651	0.0239419	0.00894445	0.0246693	0.022294	103.948	20.774	0.0271451	
363.338	-0.0142925	0.0224771	0.00894445	0.0266363	0.011865	122.451	19.2399	0.0271451	
363.346	-0.0219127	0.0172055	0.00894445	0.0278603	0.00782021	141.862	18.3946	0.0271451	
363.354	-0.0269578	0.00876168	0.00894445	0.0283459	0.00659387	161.995	18.0795	0.0271451	
363.362	-0.0281191	-0.00134607	0.00894445	0.0281513	0.00706298	182.741	18.2045	0.0271451	
363.37	-0.025004	-0.0111427	0.00894445	0.0273744	0.00924836	204.019	18.7211	0.0271451	
363.378	-0.018237	-0.0187241	0.00894445	0.0261377	0.0139859	225.755	19.6069	0.0271451	
363.386	-0.00926399	-0.0227577	0.00894445	0.024571	0.0229788	247.85	20.8571	0.0271451	
363.394	6.59592e-05	-0.0227953	0.00894445	0.0227954	0.038869	270.166	22.4817	0.0271451	
363.402	0.00800396	-0.0193176	0.00894445	0.0209101	0.0650496	292.506	24.5086	0.0271451	
363.41	0.0133329	-0.0135154	0.00894445	0.018985	0.105125	314.611	26.9939	0.0271451	
363.418	0.015605	-0.00689652	0.00894445	0.0170611	0.16216	336.157	30.038	0.0271451	
363.426	0.0151351	-0.000854774	0.00894445	0.0151592	0.23783	356.768	33.8065	0.0271451	
363.434	0.0127794	0.003666	0.00894445	0.0132949	0.331322	16.0064	38.5472	0.0271451	
363.442	0.0095987	0.00632218	0.00894445	0.0114937	0.437962	33.3709	44.5879	0.0271451	
363.45	0.00652536	0.00731707	0.00894445	0.00980408	0.548414	48.2735	52.2721	0.0271451	
363.458	0.00414182	0.00719513	0.00894445	0.00830208	0.650014	60.0734	61.729	0.0271451	
363.466	0.00262132	0.00657974	0.00894445	0.00708267	0.730874	68.278	72.3568	0.0271451	
363.474	0.00181925	0.005956	0.00894445	0.00622765	0.784752	73.0148	82.291	0.0271451	
363.482	0.00144942	0.00556782	0.00894445	0.00575338	0.813121	75.4085	89.0744	0.0271451	
363.49	0.00125714	0.00544412	0.00894445	0.00558738	0.822744	76.9973	91.7208	0.0271451	
363.498	0.00111548	0.00551419	0.00894445	0.00562589	0.820527	78.5638	91.0931	0.0271451	
363.506	0.00101381	0.00573888	0.00894445	0.00582774	0.808756	79.9817	87.9379	0.0271451	
363.514	0.000960391	0.00618439	0.00894445	0.00625852	0.782864	81.1729	81.8851	0.0271451	
363.522	0.000861447	0.00699713	0.00894445	0.00704995	0.732989	82.9814	72.6926	0.0271451	
363.53	0.000451101	0.00828801	0.00894445	0.00830027	0.650136	86.8846	61.7425	0.0271451	
363.538	-0.000674921	0.00998108	0.00894445	0.0100039	0.535016	93.8685	51.2281	0.0271451	
363.546	-0.00291508	0.0117053	0.00894445	0.0120628	0.40276	103.984	42.4841	0.0271451	
363.554	-0.0064532	0.0127989	0.00894445	0.0143337	0.276914	116.757	35.7534	0.0271451	
363.562	-0.0110681	0.0124547	0.00894445	0.016662	0.176386	131.626	30.7573	0.0271451	
363.57	-0.0160511	0.0099788	0.00894445	0.0189001	0.107259	148.131	27.1151	0.0271451	
363.578	-0.0202904	0.00508175	0.00894445	0.020917	0.0649325	165.939	24.5006	0.0271451	
363.586	-0.0225249	-0.00190208	0.00894445	0.022605	0.0410263	184.827	22.671	0.0271451	
363.594	-0.0217076	-0.00996188	0.00894445	0.0238843	0.0282905	204.651	21.4567	0.0271451	
363.602	-0.0173688	-0.0175701	0.00894445	0.0247059	0.0220434	225.33	20.7432	0.0271451	
363.61	-0.0098575	-0.0230321	0.00894445	0.0250529	0.0197885	246.83	20.4559	0.0271451	
363.618	-0.000368884	-0.0249368	0.00894445	0.0249395	0.0205024	269.152	20.5489	0.0271451	
363.626	0.00927604	-0.0225776	0.00894445	0.0244088	0.0241482	292.335	20.9956	0.0271451	
363.634	0.0170525	-0.0162132	0.00894445	0.0235299	0.0314231	316.445	21.7799	0.0271451	
363.642	0.0212459	-0.00707785	0.00894445	0.0223939	0.0435364	341.575	22.8848	0.0271451	
363.65	0.0209133	0.00287737	0.00894445	0.0211103	0.0617182	7.83389	24.2762	0.0271451	
363.658	0.0161576	0.0114495	0.00894445	0.019803	0.0862164	35.3218	25.8789	0.0271451	
363.666	0.00813195	0.0167317	0.00894445	0.0186031	0.114992	64.0792	27.548	0.0271451	
363.674	-0.00123292	0.0175944	0.00894445	0.0176375	0.143104	94.0084	29.0562	0.0271451	
363.682	-0.00970548	0.0139672	0.00894445	0.0170082	0.163993	124.794	30.1312	0.0271451	
363.69	-0.0153057	0.00684713	0.00894445	0.0167675	0.172543	155.898	30.5639	0.0271451	
363.698	-0.016785	-0.00196588	0.00894445	0.0168997	0.167808	186.68	30.3247	0.0271451	
363.706	-0.0139089	-0.0103286	0.00894445	0.0173245	0.153234	216.597	29.5812	0.0271451	
363.714	-0.00747749	-0.0162845	0.00894445	0.0179192	0.13442	245.336	28.5994	0.0271451	
363.722	0.000912205	-0.0185251	0.00894445	0.0185475	0.116487	272.819	27.6306	0.0271451	
363.73	0.00928607	-0.0166679	0.00894445	0.0190801	0.102773	299.123	26.8593	0.0271451	
363.738	0.0157807	-0.0112953	0.00894445	0.0194066	0.0950123	324.406	26.4075	0.0271451	
363.746	0.019073	-0.00375754	0.00894445	0.0194396	0.0942534	348.855	26.3626	0.0271451	
363.754	0.0186518	0.00419212	0.00894445	0.0191171	0.101869	12.6671	26.8073	0.0271451	
363.762	0.0148786	0.0108301	0.00894445	0.0184028	0.120444	36.0508	27.8478	0.0271451	
363.77	0.00884056	0.0148552	0.00894445	0.0172868	0.15449	59.2425	29.6457	0.0271451	
363.778	0.0020488	0.0156529	0.00894445	0.0157864	0.21066	82.543	32.4633	0.0271451	
363.786	-0.00393551	0.0133826	0.00894445	0.0139493	0.296385	106.387	36.7387	0.0271451	
363.794	-0.00785672	0.00888408	0.00894445	0.0118598	0.415174	131.488	43.2115	0.0271451	
363.802	-0.0090247	0.00343967	0.00894445	0.00965798	0.558246	159.136	53.0628	0.0271451	
363.81	-0.00743126	-0.00154328	0.00894445	0.00758981	0.697663	191.732	67.522	0.0271451	
363.818	-0.00370931	-0.00485618	0.00894445	0.00611077	0.791857	232.626	83.865	0.0271451	
363.826	0.00104522	-0.00574976	0.00894445	0.00584399	0.807798	280.303	87.6934	0.0271451	
363.834	0.00554292	-0.00408086	0.00894445	0.00688312	0.743716	323.638	74.4545	0.0271451	
363.842	0.00860082	-0.000320525	0.00894445	0.00860679	0.629417	357.866	59.5436	0.0271451	
363.85	0.00940845	0.00457303	0.00894445	0.010461	0.504635	25.9223	48.9897	0.0271451	
363.858	0.00770439	0.00938609	0.00894445	0.0121432	0.397896	50.6198	42.2031	0.0271451	
363.866	0.00382644	0.0129339	0.00894445	0.0134881	0.320778	73.5194	37.995	0.0271451	
363.874	-0.00137489	0.0143353	0.00894445	0.0144011	0.273585	95.4784	35.5862	0.0271451	
363.882	-0.00674044	0.0132145	0.00894445	0.0148343	0.252765	117.025	34.5469	0.0271451	
363.89	-0.0110773	0.00978393	0.00894445	0.0147794	0.255345	138.548	34.6752	0.0271451	
363.898	-0.0134397	0.00478656	0.00894445	0.0142666	0.280258	160.397	35.9216	0.0271451	
363.906	-0.0133478	-0.000689063	0.00894445	0.0133656	0.327439	182.955	38.3431	0.0271451	
363.914	-0.0108894	-0.00547509	0.00894445	0.0121884	0.39517	206.693	42.0466	0.0271451	
363.922	-0.00667827	-0.0086041	0.00894445	0.0108917	0.476443	232.182	47.0521	0.0271451	
363.93	-0.00168257	-0.0095292	0.00894445	0.0096766	0.556991	259.987	52.9607	0.0271451	
363.938	0.00302901	-0.00822683	0.00894445	0.00876674	0.61858	290.213	58.4572	0.0271451	
363.946	0.00655175	-0.00515825	0.00894445	0.00833865	0.647547	321.786	61.4583	0.0271451	
363.954	0.00834542	-0.00110629	0.00894445	0.00841843	0.642159	352.449	60.8759	0.0271451	
363.962	0.00831712	0.00305858	0.00894445	0.00886168	0.612143	20.1907	57.8309	0.0271451	
363.97	0.00677018	0.00660873	0.00894445	0.00946101	0.571541	44.3086	54.1675	0.0271451	
363.978	0.00424582	0.00911604	0.00894445	0.0100563	0.531511	65.0261	50.961	0.0271451	
363.986	0.00131857	0.0104913	0.00894445	0.0105738	0.497203	82.8365	48.4668	0.0271451	
363.994	-0.00158059	0.010905	0.00894445	0.0110189	0.468217	98.2471	46.5091	0.0271451	
364.002	-0.0042524	0.0106305	0.00894445	0.0114495	0.440749	111.802	44.7601	0.0271451	
364.01	-0.00670333	0.00987794	0.00894445	0.0119377	0.410393	124.161	42.9295	0.0271451	
364.018	-0.00902476	0.00868872	0.00894445	0.0125276	0.374997	136.087	40.9081	0.0271451	
364.026	-0.0112353	0.00693628	0.00894445	0.0132039	0.336351	148.31	38.8127	0.0271451	
364.034	-0.0131605	0.00443423	0.00894445	0.0138875	0.299591	161.38	36.9023	0.0271451	
364.042	-0.014413	0.00110734	0.00894445	0.0144554	0.270916	175.607	35.4523	0.0271451	
364.05	-0.0144945	-0.00285043	0.00894445	0.0147721	0.255692	191.126	34.6924	0.0271451	
364.058	-0.0129945	-0.00690879	0.00894445	0.0147169	0.258302	207.998	34.8224	0.0271451	
364.066	-0.00981197	-0.0102738	0.00894445	0.0142065	0.28327	226.317	36.0735	0.0271451	
364.074	-0.00530798	-0.0120967	0.00894445	0.01321	0.336013	246.308	38.7948	0.0271451	
364.082	-0.000313052	-0.0117598	0.00894445	0.011764	0.421091	268.475	43.5635	0.0271451	
364.09	0.0040418	-0.00913974	0.00894445	0.00999355	0.535707	293.856	51.281	0.0271451	
364.098	0.00663608	-0.00474368	0.00894445	0.0081572	0.659774	324.442	62.8254	0.0271451	
364.106	0.00672011	0.000351906	0.00894445	0.00672931	0.753511	2.99762	76.1562	0.0271451	
364.114	0.00420188	0.00476631	0.00894445	0.00635401	0.776993	48.6013	80.6544	0.0271451	
364.122	-0.000250683	0.00721627	0.00894445	0.00722062	0.721917	91.9896	70.9744	0.0271451	
364.13	-0.00534919	0.00693023	0.00894445	0.00875453	0.619407	127.663	58.5387	0.0271451	
364.138	-0.00954342	0.00393397	0.00894445	0.0103225	0.513796	157.598	49.6471	0.0271451	
364.146	-0.0114977	-0.000902042	0.00894445	0.011533	0.43549	184.486	44.4358	0.0271451	
364.154	-0.0105335	-0.00609017	0.00894445	0.0121673	0.396437	210.035	42.1193	0.0271451	
364.162	-0.0068863	-0.00997275	0.00894445	0.0121193	0.399339	235.374	42.2863	0.0271451	
364.17	-0.00167739	-0.011254	0.00894445	0.0113783	0.445245	261.523	45.04	0.0271451	
364.178	0.00340939	-0.0094438	0.00894445	0.0100404	0.532574	289.851	51.0418	0.0271451	
364.186	0.00665444	-0.00505933	0.00894445	0.00835932	0.646151	322.755	61.3063	0.0271451	
364.194	0.00686827	0.000496157	0.00894445	0.00688617	0.74352	4.13181	74.4215	0.0271451	
364.202	0.00380958	0.00535337	0.00894445	0.0065705	0.763524	54.5635	77.997	0.0271451	
364.21	-0.00169106	0.00776977	0.00894445	0.00795167	0.673568	102.279	64.4493	0.0271451	
364.218	-0.00795523	0.00670507	0.00894445	0.010404	0.508396	139.874	49.2578	0.0271451	
364.226	-0.0129675	0.00218757	0.00894445	0.0131507	0.339312	170.425	38.9698	0.0271451	
364.234	-0.0150131	-0.0046573	0.00894445	0.0157189	0.21348	197.235	32.6028	0.0271451	
364.242	-0.0132353	-0.0119358	0.00894445	0.0178224	0.137359	222.045	28.7548	0.0271451	
364.25	-0.00792531	-0.0175723	0.00894445	0.0192768	0.0980405	245.724	26.5853	0.0271451	
364.258	-0.000442882	-0.0199641	0.00894445	0.019969	0.0827304	268.729	25.6637	0.0271451	
364.266	0.00721143	-0.0184897	0.00894445	0.0198462	0.0852982	291.307	25.8225	0.0271451	
364.274	0.013036	-0.0136973	0.00894445	0.018909	0.107034	313.583	27.1024	0.0271451	
364.282	0.0156676	-0.00711057	0.00894445	0.0172056	0.157216	335.59	29.7856	0.0271451	
364.29	0.0148069	-0.000711455	0.00894445	0.014824	0.253247	357.249	34.5709	0.0271451	
364.298	0.0112854	0.00372628	0.00894445	0.0118846	0.413646	18.2725	43.1211	0.0271451	
364.306	0.00674907	0.00522729	0.00894445	0.00853666	0.634164	37.7585	60.0328	0.0271451	
364.314	0.00306662	0.00392767	0.00894445	0.00498305	0.856256	52.0182	102.844	0.0271451	
364.322	0.00166241	0.00100145	0.00894445	0.00194075	0.976735	31.0652	264.063	0.0271451	
364.33	0.00300499	-0.00177631	0.00894445	0.00349074	0.926673	329.412	146.811	0.0271451	
364.338	0.00642971	-0.0026819	0.00894445	0.00696662	0.73836	337.359	73.5621	0.0271451	
364.346	0.0103611	-0.00068646	0.00894445	0.0103838	0.509732	356.209	49.3537	0.0271451	
364.354	0.0128639	0.00413346	0.00894445	0.0135117	0.319503	17.8134	37.9286	0.0271451	
364.362	0.0123373	0.0105654	0.00894445	0.016243	0.192259	40.5759	31.5507	0.0271451	
364.37	0.0081145	0.0166285	0.00894445	0.0185027	0.117701	63.9882	27.6975	0.0271451	
364.378	0.000759218	0.0202218	0.00894445	0.020236	0.0773627	87.8499	25.3251	0.0271451	
364.386	-0.00804883	0.0198364	0.00894445	0.0214072	0.0570366	112.085	23.9396	0.0271451	
364.394	-0.0160092	0.0150927	0.00894445	0.0220019	0.0485379	136.688	23.2925	0.0271451	
364.402	-0.0209169	0.00691685	0.00894445	0.0220308	0.0481534	161.702	23.2619	0.0271451	
364.41	-0.0213631	-0.00270519	0.00894445	0.0215336	0.0551336	187.217	23.799	0.0271451	
364.418	-0.0171898	-0.0113205	0.00894445	0.0205826	0.0708166	213.367	24.8987	0.0271451	
364.426	-0.00954687	-0.0167543	0.00894445	0.0192834	0.097884	240.325	26.5762	0.0271451	
364.434	-0.000534388	-0.0177642	0.00894445	0.0177722	0.138901	268.277	28.836	0.0271451	
364.442	0.00744908	-0.0143906	0.00894445	0.0162043	0.193776	297.368	31.6262	0.0271451	
364.45	0.0124364	-0.00789608	0.00894445	0.0147313	0.257621	327.588	34.7885	0.0271451	
364.458	0.0134604	-0.000320651	0.00894445	0.0134642	0.322072	358.635	38.0624	0.0271451	
364.466	0.0107812	0.0061891	0.00894445	0.0124314	0.380665	29.8585	41.2245	0.0271451	
364.474	0.00570912	0.0100503	0.00894445	0.0115587	0.433882	60.401	44.3373	0.0271451	
364.482	9.72619e-05	0.0106919	0.00894445	0.0106923	0.489434	89.4788	47.9297	0.0271451	
364.49	-0.00431144	0.00864073	0.00894445	0.00965664	0.558336	116.518	53.0701	0.0271451	
364.498	-0.0064573	0.00523322	0.00894445	0.00831164	0.649369	140.978	61.658	0.0271451	
364.506	-0.00626426	0.00206756	0.00894445	0.00659665	0.761882	161.734	77.6878	0.0271451	
364.514	-0.00457567	0.00039835	0.00894445	0.00459298	0.87648	175.024	111.579	0.0271451	
364.522	-0.00276302	0.000687773	0.00894445	0.00284733	0.950594	166.022	179.986	0.0271451	
364.53	-0.00215818	0.00246741	0.00894445	0.00327809	0.935046	131.175	156.335	0.0271451	
364.538	-0.00351793	0.00455089	0.00894445	0.00575208	0.813197	127.705	89.0947	0.0271451	
364.546	-0.00671331	0.00551283	0.00894445	0.00868676	0.624	140.608	58.9954	0.0271451	
364.554	-0.010753	0.00425682	0.00894445	0.011565	0.433487	158.403	44.3131	0.0271451	
364.562	-0.0141297	0.000465828	0.00894445	0.0141374	0.286758	178.112	36.2499	0.0271451	
364.57	-0.0153636	-0.00522673	0.00894445	0.0162283	0.192833	198.788	31.5793	0.0271451	
364.578	-0.0135491	-0.0114074	0.00894445	0.0177118	0.140775	220.095	28.9344	0.0271451	
364.586	-0.00871105	-0.0163353	0.00894445	0.0185128	0.117427	241.931	27.6824	0.0271451	
364.594	-0.00184382	-0.0185198	0.00894445	0.0186114	0.114772	264.314	27.5358	0.0271451	
364.602	0.00538021	-0.0172231	0.00894445	0.0180439	0.130706	287.348	28.4018	0.0271451	
364.61	0.011134	-0.0127151	0.00894445	0.0169009	0.167768	311.207	30.3227	0.0271451	
364.618	0.0140119	-0.00619561	0.00894445	0.0153205	0.230631	336.147	33.4505	0.0271451	
364.626	0.0134645	0.000587751	0.00894445	0.0134773	0.32136	2.49948	38.0253	0.0271451	
364.634	0.00994903	0.00589419	0.00894445	0.0115639	0.433551	30.6441	44.317	0.0271451	
364.642	0.00475078	0.0085293	0.00894445	0.00976314	0.551166	60.8824	52.4912	0.0271451	
364.65	-0.000457502	0.00819191	0.00894445	0.00820467	0.656579	93.1965	62.4619	0.0271451	
364.658	-0.00416536	0.00551946	0.00894445	0.00691481	0.741686	127.041	74.1132	0.0271451	
364.666	-0.0054992	0.00182717	0.00894445	0.0057948	0.810694	161.62	88.4377	0.0271451	
364.674	-0.0044687	-0.00136194	0.00894445	0.00467163	0.872498	196.95	109.7	0.0271451	
364.682	-0.00191368	-0.00283363	0.00894445	0.0034193	0.929536	235.967	149.878	0.0271451	
364.69	0.000818111	-0.00207478	0.00894445	0.00223025	0.969392	291.52	229.786	0.0271451	
364.698	0.00234476	0.000580596	0.00894445	0.00241557	0.96419	13.9075	212.156	0.0271451	
364.706	0.00171448	0.00408648	0.00894445	0.00443156	0.884496	67.2395	115.643	0.0271451	
364.714	-0.0012883	0.00704265	0.00894445	0.00715952	0.725892	100.366	71.5802	0.0271451	
364.722	-0.00608303	0.00814817	0.00894445	0.0101684	0.524034	126.743	50.3993	0.0271451	
364.73	-0.011482	0.00660168	0.00894445	0.0132446	0.334096	150.103	38.6935	0.0271451	
364.738	-0.0160513	0.0023287	0.00894445	0.0162194	0.193184	171.745	31.5967	0.0271451	
364.746	-0.0185186	-0.00401845	0.00894445	0.0189496	0.106011	192.243	27.0443	0.0271451	
364.754	-0.018102	-0.0112655	0.00894445	0.0213212	0.0583612	211.896	24.0361	0.0271451	
364.762	-0.0146719	-0.0180417	0.00894445	0.0232544	0.0340591	230.881	22.038	0.0271451	
364.77	-0.00872362	-0.0231148	0.00894445	0.0247062	0.0220415	249.323	20.7429	0.0271451	
364.778	-0.00119855	-0.0256415	0.00894445	0.0256695	0.0162755	267.324	19.9645	0.0271451	
364.786	0.00676541	-0.0252778	0.00894445	0.0261675	0.0138504	284.984	19.5846	0.0271451	
364.794	0.01407	-0.0221558	0.00894445	0.0262458	0.0134994	302.418	19.5261	0.0271451	
364.802	0.0198195	-0.0167695	0.00894445	0.0259621	0.0148091	319.765	19.7395	0.0271451	
364.81	0.0233923	-0.00983571	0.00894445	0.025376	0.0178728	337.195	20.1954	0.0271451	
364.818	0.0244457	-0.00217863	0.00894445	0.0245425	0.0231803	354.907	20.8813	0.0271451	
364.826	0.0228945	0.00533996	0.00894445	0.023509	0.0316169	13.1291	21.7993	0.0271451	
364.834	0.0189042	0.011862	0.00894445	0.0223176	0.0444739	32.1073	22.963	0.0271451	
364.842	0.0129083	0.0165802	0.00894445	0.0210126	0.063327	52.098	24.3892	0.0271451	
364.85	0.00562922	0.0188246	0.00894445	0.0196483	0.0895694	73.3515	26.0827	0.0271451	
364.858	-0.00193893	0.0181923	0.00894445	0.0182954	0.12345	96.0836	28.0114	0.0271451	
364.866	-0.00862841	0.0146937	0.00894445	0.0170398	0.162897	120.422	30.0755	0.0271451	
364.874	-0.0132901	0.00885409	0.00894445	0.0159694	0.203148	146.328	32.0913	0.0271451	
364.882	-0.0150515	0.00170946	0.00894445	0.0151483	0.238322	173.52	33.8308	0.0271451	
364.89	-0.0135713	-0.00534502	0.00894445	0.0145859	0.264574	201.497	35.1351	0.0271451	
364.898	-0.00920092	-0.0108434	0.00894445	0.014221	0.282541	229.685	36.0368	0.0271451	
364.906	-0.00297784	-0.0136118	0.00894445	0.0139337	0.29719	257.66	36.7798	0.0271451	
364.914	0.00357992	-0.0131012	0.00894445	0.0135815	0.315746	285.283	37.7335	0.0271451	
364.922	0.00884354	-0.0095804	0.00894445	0.0130381	0.345622	312.71	39.3063	0.0271451	
364.93	0.0115116	-0.00410877	0.00894445	0.0122229	0.393095	340.357	41.9279	0.0271451	
364.938	0.0109868	0.00172419	0.00894445	0.0111213	0.461632	8.91884	46.0809	0.0271451	
364.946	0.0075688	0.00623244	0.00894445	0.0098046	0.548379	39.4694	52.2693	0.0271451	
364.954	0.00239015	0.00811705	0.00894445	0.00846164	0.639238	73.5924	60.565	0.0271451	
364.962	-0.0028982	0.00685302	0.00894445	0.00744066	0.707507	112.924	68.8755	0.0271451	
364.97	-0.00660597	0.00285571	0.00894445	0.0071968	0.723468	156.622	71.2093	0.0271451	
364.978	-0.00750434	-0.0026314	0.00894445	0.00795232	0.673525	199.323	64.444	0.0271451	
364.986	-0.00519484	-0.00789914	0.00894445	0.00945425	0.571998	236.669	54.2063	0.0271451	
364.994	-0.000231401	-0.0112771	0.00894445	0.0112794	0.451523	268.824	45.4348	0.0271451	
365.002	0.00604277	-0.0116258	0.00894445	0.0131024	0.34201	297.464	39.1134	0.0271451	
365.01	0.0118923	-0.00866661	0.00894445	0.0147152	0.258386	323.917	34.8266	0.0271451	
365.018	0.0156965	-0.00305101	0.00894445	0.0159903	0.202303	349	32.0495	0.0271451	
365.026	0.0164099	0.00384676	0.00894445	0.0168548	0.169407	13.1929	30.4056	0.0271451	
365.034	0.0138386	0.0103414	0.00894445	0.0172758	0.154858	36.7701	29.6647	0.0271451	
365.042	0.00865583	0.0149209	0.00894445	0.0172499	0.155725	59.8814	29.7092	0.0271451	
365.05	0.00216574	0.0166551	0.00894445	0.0167953	0.17154	82.5911	30.5133	0.0271451	
365.058	-0.0040993	0.0154084	0.00894445	0.0159443	0.204165	104.898	32.1418	0.0271451	
365.066	-0.00881636	0.0118098	0.00894445	0.0147377	0.257319	126.742	34.7734	0.0271451	
365.074	-0.0112109	0.00700558	0.00894445	0.0132198	0.335469	147.999	38.766	0.0271451	
365.082	-0.0112057	0.0022902	0.00894445	0.0114373	0.441513	168.449	44.8075	0.0271451	
365.09	-0.00935464	-0.00126386	0.00894445	0.00943963	0.572986	187.694	54.2902	0.0271451	
365.098	-0.00660693	-0.00306666	0.00894445	0.00728396	0.717784	204.899	70.3573	0.0271451	
365.106	-0.00399296	-0.0030998	0.00894445	0.00505495	0.852402	217.823	101.382	0.0271451	
365.114	-0.00233622	-0.00183273	0.00894445	0.00296931	0.946388	218.114	172.592	0.0271451	
365.122	-0.00207155	-1.99503e-05	0.00894445	0.00207165	0.973534	180.552	247.377	0.0271451	
365.13	-0.00320278	0.00153888	0.00894445	0.0035533	0.924124	154.336	144.226	0.0271451	
365.138	-0.00538139	0.00219757	0.00894445	0.0058128	0.809636	157.787	88.164	0.0271451	
365.146	-0.0080524	0.00157316	0.00894445	0.00820463	0.656582	168.946	62.4622	0.0271451	
365.154	-0.0106037	-0.000438372	0.00894445	0.0106127	0.494649	182.367	48.2892	0.0271451	
365.162	-0.0124719	-0.00370991	0.00894445	0.013012	0.347093	196.566	39.385	0.0271451	
365.17	-0.0131922	-0.00794829	0.00894445	0.0154016	0.22707	211.069	33.2744	0.0271451	
365.178	-0.012408	-0.012739	0.00894445	0.0177832	0.138563	225.754	28.8182	0.0271451	
365.186	-0.00987951	-0.0175593	0.00894445	0.0201478	0.0791039	240.636	25.436	0.0271451	
365.194	-0.0055187	-0.021778	0.00894445	0.0224663	0.042661	255.78	22.811	0.0271451	
365.202	0.000541117	-0.0246787	0.00894445	0.0246847	0.0221885	271.256	20.761	0.0271451	
365.21	0.00786702	-0.0255411	0.00894445	0.0267253	0.0115183	287.12	19.1758	0.0271451	
365.218	0.0156866	-0.0237862	0.00894445	0.0284931	0.00625806	303.404	17.9861	0.0271451	
365.226	0.0229349	-0.0191608	0.00894445	0.0298856	0.00376524	320.123	17.1481	0.0271451	
365.234	0.028413	-0.0119	0.00894445	0.0308044	0.0026573	337.275	16.6366	0.0271451	
365.242	0.0310407	-0.00279799	0.00894445	0.0311666	0.00230949	354.849	16.4432	0.0271451	
365.25	0.0301427	0.00686603	0.00894445	0.0309148	0.00254652	12.8321	16.5772	0.0271451	
365.258	0.0256791	0.0155576	0.00894445	0.0300242	0.00357474	31.2094	17.0689	0.0271451	
365.266	0.0183358	0.0218277	0.00894445	0.0285071	0.0062269	49.9689	17.9773	0.0271451	
365.274	0.00942228	0.0246749	0.00894445	0.0264127	0.0127783	69.1003	19.4028	0.0271451	
365.282	0.000585043	0.0238174	0.00894445	0.0238246	0.0287988	88.5929	21.5105	0.0271451	
365.29	-0.00659253	0.0197846	0.00894445	0.0208541	0.0660091	108.429	24.5746	0.0271451	
365.298	-0.0109921	0.0137851	0.00894445	0.017631	0.143309	128.568	29.0669	0.0271451	
365.306	-0.0122405	0.00737963	0.00894445	0.014293	0.27894	148.915	35.8553	0.0271451	
365.314	-0.0107802	0.00205163	0.00894445	0.0109737	0.471137	169.225	46.7007	0.0271451	
365.322	-0.00770155	-0.0011974	0.00894445	0.00779408	0.684096	188.837	65.7524	0.0271451	
365.33	-0.00438854	-0.00210211	0.00894445	0.00486602	0.862446	205.594	105.318	0.0271451	
365.338	-0.00208528	-0.0011597	0.00894445	0.00238606	0.965044	209.08	214.781	0.0271451	
365.346	-0.00151958	0.000578102	0.00894445	0.00162583	0.983616	159.171	315.211	0.0271451	
365.354	-0.00270028	0.00187894	0.00894445	0.00328967	0.934602	145.169	155.785	0.0271451	
365.362	-0.0049489	0.00174867	0.00894445	0.00524876	0.84183	160.539	97.6382	0.0271451	
365.37	-0.0071504	-0.000238519	0.00894445	0.00715437	0.726226	181.911	71.6316	0.0271451	
365.378	-0.00813795	-0.00380115	0.00894445	0.00898193	0.603989	205.037	57.0567	0.0271451	
365.386	-0.00708625	-0.00804178	0.00894445	0.0107184	0.487725	228.614	47.8128	0.0271451	
365.394	-0.00378851	-0.0117328	0.00894445	0.0123293	0.38673	252.105	41.5661	0.0271451	
365.402	0.00126576	-0.0137006	0.00894445	0.0137589	0.30632	275.278	37.2471	0.0271451	
365.41	0.00702914	-0.0131852	0.00894445	0.0149419	0.247755	298.062	34.2982	0.0271451	
365.418	0.0121988	-0.010066	0.00894445	0.0158157	0.209447	320.472	32.4033	0.0271451	
365.426	0.0155831	-0.00489116	0.00894445	0.0163327	0.188782	342.574	31.3775	0.0271451	
365.434	0.0164189	0.00128398	0.00894445	0.0164691	0.183577	4.47151	31.1177	0.0271451	
365.442	0.0145507	0.00718977	0.00894445	0.0162301	0.192764	26.2948	31.5758	0.0271451	
365.45	0.0104316	0.0116694	0.00894445	0.0156523	0.216286	48.2056	32.7415	0.0271451	
365.458	0.00496514	0.0139445	0.00894445	0.0148021	0.254275	70.4011	34.622	0.0271451	
365.466	-0.000748278	0.0137528	0.00894445	0.0137732	0.305569	93.1143	37.2085	0.0271451	
365.474	-0.00567705	0.0113389	0.00894445	0.0126806	0.366062	116.596	40.4143	0.0271451	
365.482	-0.00906263	0.00732586	0.00894445	0.0116533	0.427965	141.049	43.9772	0.0271451	
365.49	-0.0105204	0.00252615	0.00894445	0.0108194	0.48114	166.498	47.3666	0.0271451	
365.498	-0.0100353	-0.00224567	0.00894445	0.0102835	0.516383	192.614	49.8353	0.0271451	
365.506	-0.00788235	-0.00630967	0.00894445	0.0100967	0.528813	218.677	50.7571	0.0271451	
365.514	-0.00451759	-0.00918949	0.00894445	0.0102399	0.519276	243.821	50.0473	0.0271451	
365.522	-0.000477569	-0.0106233	0.00894445	0.0106341	0.493248	267.426	48.1922	0.0271451	
365.53	0.00369138	-0.0105436	0.00894445	0.0111711	0.458436	289.295	45.8753	0.0271451	
365.538	0.00747694	-0.0090517	0.00894445	0.0117404	0.422548	309.558	43.6508	0.0271451	
365.546	0.0104343	-0.00640026	0.00894445	0.0122408	0.392019	328.476	41.8665	0.0271451	
365.554	0.012226	-0.00297856	0.00894445	0.0125836	0.371717	346.308	40.7261	0.0271451	
365.562	0.0126733	0.000717194	0.00894445	0.0126935	0.365315	3.23898	40.3733	0.0271451	
365.57	0.0118057	0.0041448	0.00894445	0.0125121	0.375906	19.3455	40.9587	0.0271451	
365.578	0.00988345	0.00681108	0.00894445	0.0120031	0.406398	34.5723	42.6957	0.0271451	
365.586	0.00736763	0.00838325	0.00894445	0.0111607	0.459106	48.6893	45.9183	0.0271451	
365.594	0.0048272	0.00878193	0.00894445	0.0100212	0.533858	61.2035	51.1396	0.0271451	
365.602	0.00279829	0.00821686	0.00894445	0.00868028	0.624439	71.1935	59.0395	0.0271451	
365.61	0.00163376	0.00713996	0.00894445	0.0073245	0.715132	77.1115	69.9678	0.0271451	
365.618	0.00139406	0.00611771	0.00894445	0.00627454	0.781882	77.163	81.676	0.0271451	
365.626	0.00182289	0.00565593	0.00894445	0.00594243	0.801962	72.136	86.2406	0.0271451	
365.634	0.00242539	0.00603291	0.00894445	0.00650219	0.767797	68.0986	78.8164	0.0271451	
365.642	0.00263059	0.00719967	0.00894445	0.0076652	0.692667	69.9289	66.8579	0.0271451	
365.65	0.00198712	0.00878724	0.00894445	0.00900912	0.602145	77.2576	56.8845	0.0271451	
365.658	0.000324895	0.0102242	0.00894445	0.0102294	0.519976	88.1799	50.0989	0.0271451	
365.666	-0.00217576	0.0109277	0.00894445	0.0111422	0.460289	101.261	45.9943	0.0271451	
365.674	-0.00503532	0.0105025	0.00894445	0.0116472	0.428345	115.615	44.0002	0.0271451	
365.682	-0.00763081	0.00887651	0.00894445	0.0117056	0.424709	130.684	43.7806	0.0271451	
365.69	-0.00940138	0.00632344	0.00894445	0.0113301	0.4483	146.075	45.2315	0.0271451	
365.698	-0.0100288	0.00336395	0.00894445	0.010578	0.49693	161.457	48.4478	0.0271451	
365.706	-0.00952646	0.000581764	0.00894445	0.00954421	0.56592	176.505	53.6953	0.0271451	
365.714	-0.00820398	-0.00157473	0.00894445	0.00835375	0.646527	190.866	61.3472	0.0271451	
365.722	-0.00652333	-0.00292924	0.00894445	0.00715082	0.726457	204.182	71.6672	0.0271451	
365.73	-0.00490389	-0.0035994	0.00894445	0.00608307	0.79353	216.278	84.2468	0.0271451	
365.738	-0.00355672	-0.0038955	0.00894445	0.00527496	0.840381	227.603	97.1532	0.0271451	
365.746	-0.00241762	-0.00413803	0.00894445	0.00479252	0.866281	239.705	106.933	0.0271451	
365.754	-0.00121052	-0.00447099	0.00894445	0.00463196	0.874512	254.85	110.64	0.0271451	
365.762	0.00038027	-0.0047535	0.00894445	0.00476869	0.867516	274.574	107.468	0.0271451	
365.77	0.00249792	-0.00458472	0.00894445	0.00522104	0.843358	298.583	98.1565	0.0271451	
365.778	0.00495203	-0.00346476	0.00894445	0.00604377	0.795897	325.021	84.7946	0.0271451	
365.786	0.00718672	-0.00103787	0.00894445	0.00726127	0.719265	351.782	70.5771	0.0271451	
365.794	0.00841024	0.00267567	0.00894445	0.00882561	0.614589	17.6482	58.0673	0.0271451	
365.802	0.00785614	0.00715794	0.00894445	0.010628	0.493644	42.3375	48.2196	0.0271451	
365.81	0.00509001	0.0114479	0.00894445	0.0125284	0.374946	66.0289	40.9053	0.0271451	
365.818	0.000248933	0.0143764	0.00894445	0.0143785	0.274698	89.008	35.642	0.0271451	
365.826	-0.00588595	0.0149177	0.00894445	0.0160369	0.200424	111.532	31.9563	0.0271451	
365.834	-0.0120306	0.0125434	0.00894445	0.0173802	0.151392	133.805	29.4863	0.0271451	
365.842	-0.0167264	0.00745353	0.00894445	0.018312	0.122982	155.982	27.9861	0.0271451	
365.85	-0.0187589	0.000593486	0.00894445	0.0187683	0.110641	178.188	27.3056	0.0271451	
365.858	-0.0175332	-0.00656564	0.00894445	0.0187222	0.111843	200.529	27.3728	0.0271451	
365.866	-0.0132767	-0.012425	0.00894445	0.0181839	0.126629	223.102	28.1832	0.0271451	
365.874	-0.00699589	-0.0157115	0.00894445	0.0171986	0.157453	245.998	29.7977	0.0271451	
365.882	-0.000191105	-0.0158404	0.00894445	0.0158415	0.208378	269.309	32.3503	0.0271451	
365.89	0.00558014	-0.0130679	0.00894445	0.0142094	0.283122	293.123	36.0661	0.0271451	
365.898	0.00915224	-0.00838221	0.00894445	0.0124107	0.381892	317.515	41.2934	0.0271451	
365.906	0.0100655	-0.00317056	0.00894445	0.010553	0.498569	342.516	48.5623	0.0271451	
365.914	0.0086446	0.00122452	0.00894445	0.00873089	0.621009	8.06242	58.6972	0.0271451	
365.922	0.00582185	0.00391022	0.00894445	0.00701311	0.735367	33.8871	73.0744	0.0271451	
365.93	0.0027731	0.0046747	0.00894445	0.00543533	0.831407	59.323	94.2866	0.0271451	
365.938	0.000498006	0.00397281	0.00894445	0.0040039	0.904664	82.855	127.995	0.0271451	
365.946	-0.000506992	0.00268156	0.00894445	0.00272907	0.95452	100.706	187.785	0.0271451	
365.954	-0.000371279	0.00172219	0.00894445	0.00176175	0.980789	102.166	290.892	0.0271451	
365.962	0.000267794	0.00169095	0.00894445	0.00171202	0.981849	81.0009	299.341	0.0271451	
365.97	0.000570865	0.0026347	0.00894445	0.00269583	0.955596	77.7746	190.101	0.0271451	
365.978	-0.000129784	0.00405105	0.00894445	0.00405313	0.902425	91.835	126.44	0.0271451	
365.986	-0.00203264	0.00510865	0.00894445	0.00549817	0.827845	111.697	93.2091	0.0271451	
365.994	-0.00475912	0.00500013	0.00894445	0.00690294	0.742447	133.585	74.2408	0.0271451	
366.002	-0.00747699	0.00329122	0.00894445	0.0081693	0.65896	156.242	62.7324	0.0271451	
366.01	-0.00920882	0.000130326	0.00894445	0.00920974	0.588546	179.189	55.6454	0.0271451	
366.018	-0.00920878	-0.00376416	0.00894445	0.00994839	0.53873	202.233	51.5138	0.0271451	
366.026	-0.0072639	-0.00733821	0.00894445	0.0103254	0.513601	225.292	49.6329	0.0271451	
366.034	-0.00380298	-0.00957318	0.00894445	0.0103009	0.515225	248.334	49.7509	0.0271451	
366.042	0.000232475	-0.00985523	0.00894445	0.00985797	0.544794	271.351	51.9863	0.0271451	
366.05	0.00371139	-0.00820356	0.00894445	0.00900404	0.60249	294.343	56.9166	0.0271451	
366.058	0.00571252	-0.0052687	0.00894445	0.00777123	0.685618	317.314	65.9457	0.0271451	
366.066	0.00585095	-0.00209733	0.00894445	0.0062155	0.785494	340.279	82.4518	0.0271451	
366.074	0.00440774	0.000251398	0.00894445	0.00441491	0.885311	3.26436	116.079	0.0271451	
366.082	0.00221051	0.00109538	0.00894445	0.00246703	0.962677	26.36	207.732	0.0271451	
366.09	0.000306398	0.00037678	0.00894445	0.000485637	0.998527	50.8819	1055.27	0.0271451	
366.098	-0.000451104	-0.00133041	0.00894445	0.00140481	0.987742	251.27	364.804	0.0271451	
366.106	0.000256246	-0.00306097	0.00894445	0.00307168	0.942737	274.785	166.84	0.0271451	
366.114	0.00207685	-0.0038609	0.00894445	0.00438404	0.886815	298.277	116.896	0.0271451	
366.122	0.00412265	-0.00319968	0.00894445	0.00521864	0.84349	322.184	98.2017	0.0271451	
366.13	0.00533092	-0.00123008	0.00894445	0.005471	0.829389	347.007	93.672	0.0271451	
366.138	0.00492523	0.00121685	0.00894445	0.00507333	0.851411	13.8779	101.014	0.0271451	
366.146	0.00280043	0.00291852	0.00894445	0.00404477	0.902807	46.1829	126.702	0.0271451	
366.154	-0.000325463	0.00274025	0.00894445	0.00275951	0.953524	96.7734	185.714	0.0271451	
366.162	-0.00307284	0.000139219	0.00894445	0.003076	0.942581	177.406	166.606	0.0271451	
366.17	-0.00384472	-0.004497	0.00894445	0.00591649	0.803505	229.471	86.6188	0.0271451	
366.178	-0.00141619	-0.00982091	0.00894445	0.00992249	0.540466	261.794	51.6482	0.0271451	
366.186	0.00453161	-0.0138473	0.00894445	0.01457	0.265345	288.121	35.1737	0.0271451	
366.194	0.0131296	-0.014548	0.00894445	0.0195967	0.09071	312.066	26.1513	0.0271451	
366.202	0.022414	-0.0105376	0.00894445	0.0247675	0.0216279	334.82	20.6916	0.0271451	
366.21	0.0297978	-0.00162634	0.00894445	0.0298422	0.00382673	356.876	17.173	0.0271451	
366.218	0.0327951	0.0109566	0.00894445	0.0345769	0.000568804	18.4742	14.8214	0.0271451	
366.226	0.029782	0.0247665	0.00894445	0.0387343	8.46661e-05	39.7467	13.2306	0.0271451	
366.234	0.0205546	0.0367362	0.00894445	0.0420956	1.54979e-05	60.7722	12.1742	0.0271451	
366.242	0.00649622	0.0439963	0.00894445	0.0444734	4.28131e-06	81.6008	11.5233	0.0271451	
366.25	-0.00971328	0.0446793	0.00894445	0.0457229	2.1167e-06	102.265	11.2084	0.0271451	
366.258	-0.0247757	0.0384631	0.00894445	0.045752	2.08185e-06	122.787	11.2012	0.0271451	
366.266	-0.0356445	0.0266854	0.00894445	0.0445269	4.15575e-06	143.179	11.5094	0.0271451	
366.274	-0.040332	0.0119881	0.00894445	0.0420759	1.56591e-05	163.446	12.1799	0.0271451	
366.282	-0.0384138	-0.00240374	0.00894445	0.038489	9.53092e-05	183.581	13.315	0.0271451	
366.29	-0.0310863	-0.0135549	0.00894445	0.033913	0.000755767	203.559	15.1116	0.0271451	
366.298	-0.0207655	-0.0195856	0.00894445	0.0285447	0.0061439	223.325	17.9536	0.0271451	
366.306	-0.0103587	-0.0201091	0.00894445	0.0226203	0.0408491	242.746	22.6557	0.0271451	
366.314	-0.00243135	-0.0162233	0.00894445	0.0164045	0.18603	261.477	31.2403	0.0271451	
366.322	0.00147971	-0.0100757	0.00894445	0.0101837	0.523011	278.355	50.3233	0.0271451	
366.33	0.00121029	-0.00415203	0.00894445	0.00432483	0.889677	286.251	118.497	0.0271451	
366.338	-0.0021152	-0.000513337	0.00894445	0.0021766	0.970825	193.641	235.45	0.0271451	
366.346	-0.00654735	-0.000214371	0.00894445	0.00655086	0.764754	181.875	78.2308	0.0271451	
366.354	-0.00999271	-0.00306989	0.00894445	0.0104536	0.505118	197.078	49.024	0.0271451	
366.362	-0.0108908	-0.00781976	0.00894445	0.0134074	0.325158	215.679	38.2236	0.0271451	
366.37	-0.00867849	-0.012619	0.00894445	0.0153152	0.230868	235.482	33.4622	0.0271451	
366.378	-0.00390905	-0.0156812	0.00894445	0.0161611	0.195476	256.002	31.7107	0.0271451	
366.386	0.00199211	-0.0158659	0.00894445	0.0159905	0.202294	277.157	32.049	0.0271451	
366.394	0.00723888	-0.0130262	0.00894445	0.0149024	0.249584	299.062	34.389	0.0271451	
366.402	0.0102876	-0.00801984	0.00894445	0.0130443	0.345275	322.061	39.2877	0.0271451	
366.41	0.0103361	-0.00239573	0.00894445	0.0106101	0.494821	346.95	48.3011	0.0271451	
366.418	0.007564	0.00213082	0.00894445	0.00785841	0.679804	15.7328	65.2142	0.0271451	
366.426	0.00304969	0.00423743	0.00894445	0.00522077	0.843373	54.2573	98.1615	0.0271451	
366.434	-0.00159857	0.00341031	0.00894445	0.00376638	0.91516	115.115	136.067	0.0271451	
366.442	-0.00476882	8.93867e-05	0.00894445	0.00476965	0.867466	178.926	107.446	0.0271451	
366.45	-0.00535753	-0.00449328	0.00894445	0.00699233	0.736705	219.986	73.2916	0.0271451	
366.458	-0.00310663	-0.0087206	0.00894445	0.00925743	0.585316	250.392	55.3587	0.0271451	
366.466	0.00133485	-0.011107	0.00894445	0.0111869	0.457425	276.853	45.8105	0.0271451	
366.474	0.00663471	-0.0107591	0.00894445	0.0126403	0.368406	301.661	40.5433	0.0271451	
366.482	0.0112082	-0.00763766	0.00894445	0.0135631	0.316734	325.728	37.7847	0.0271451	
366.49	0.0137142	-0.00254625	0.00894445	0.0139486	0.296422	349.482	36.7406	0.0271451	
366.498	0.0134597	0.00314242	0.00894445	0.0138217	0.303025	13.1414	37.078	0.0271451	
366.506	0.0105896	0.00792805	0.00894445	0.0132285	0.334987	36.8209	38.7405	0.0271451	
366.514	0.00600849	0.0106495	0.00894445	0.0122276	0.392813	60.5681	41.9118	0.0271451	
366.522	0.00106672	0.0108292	0.00894445	0.0108816	0.477098	84.3743	47.0958	0.0271451	
366.53	-0.00288401	0.00879052	0.00894445	0.00925153	0.585716	108.164	55.394	0.0271451	
366.538	-0.00492156	0.0055153	0.00894445	0.00739191	0.710712	131.744	69.3298	0.0271451	
366.546	-0.00483389	0.00229366	0.00894445	0.00535046	0.836178	154.616	95.7823	0.0271451	
366.554	-0.00316158	0.000280352	0.00894445	0.00317399	0.93898	174.933	161.462	0.0271451	
366.562	-0.00099107	0.000102341	0.00894445	0.00099634	0.993815	174.104	514.362	0.0271451	
366.57	0.000433552	0.00164442	0.00894445	0.00170062	0.982087	75.2301	301.349	0.0271451	
366.578	0.000154413	0.00408343	0.00894445	0.00408635	0.900901	87.8344	125.413	0.0271451	
366.586	-0.00214477	0.00616265	0.00894445	0.0065252	0.76636	109.189	78.5385	0.0271451	
366.594	-0.00598957	0.00662143	0.00894445	0.00892851	0.607612	132.132	57.3981	0.0271451	
366.602	-0.0102261	0.00464402	0.00894445	0.0112312	0.4546	155.575	45.6301	0.0271451	
366.61	-0.0133645	0.000182553	0.00894445	0.0133658	0.327432	179.217	38.3427	0.0271451	
366.618	-0.0140538	-0.00595482	0.00894445	0.0152633	0.233168	202.963	33.5759	0.0271451	
366.626	-0.0115396	-0.0122886	0.00894445	0.0168574	0.169312	226.8	30.4008	0.0271451	
366.634	-0.00596092	-0.017079	0.00894445	0.0180894	0.129369	250.76	28.3304	0.0271451	
366.642	0.00161669	-0.0188441	0.00894445	0.0189134	0.106924	274.904	27.0961	0.0271451	
366.65	0.00945193	-0.0168288	0.00894445	0.0193015	0.0974588	299.321	26.5513	0.0271451	
366.658	0.0155987	-0.0112775	0.00894445	0.0192484	0.0987137	324.134	26.6246	0.0271451	
366.666	0.0184612	-0.0034199	0.00894445	0.0187753	0.110458	349.505	27.2953	0.0271451	
366.674	0.0172693	0.00483748	0.00894445	0.017934	0.133975	15.6486	28.5758	0.0271451	
366.682	0.0123257	0.01143	0.00894445	0.0168098	0.171019	42.8408	30.487	0.0271451	
366.69	0.00494796	0.0147148	0.00894445	0.0155244	0.221743	71.4144	33.0112	0.0271451	
366.698	-0.00288774	0.0139397	0.00894445	0.0142357	0.281804	101.704	35.9996	0.0271451	
366.706	-0.00909882	0.00946095	0.00894445	0.0131262	0.340677	133.882	39.0424	0.0271451	
366.714	-0.0120835	0.00263965	0.00894445	0.0123685	0.384395	167.677	41.4343	0.0271451	
366.722	-0.0111692	-0.00455275	0.00894445	0.0120615	0.402842	202.177	42.4889	0.0271451	
366.73	-0.0067879	-0.0101054	0.00894445	0.0121735	0.396064	236.11	42.0978	0.0271451	
366.738	-0.000326889	-0.0125443	0.00894445	0.0125486	0.373763	268.507	40.8395	0.0271451	
366.746	0.0062985	-0.0113423	0.00894445	0.0129737	0.349258	299.044	39.5013	0.0271451	
366.754	0.0112202	-0.00704044	0.00894445	0.0132462	0.33401	327.893	38.6889	0.0271451	
366.762	0.0131651	-0.00105003	0.00894445	0.0132069	0.336184	355.44	38.8039	0.0271451	
366.77	0.0118101	0.00480235	0.00894445	0.0127492	0.362098	22.1282	40.1971	0.0271451	
366.778	0.0078404	0.00884168	0.00894445	0.0118172	0.417797	48.4349	43.3671	0.0271451	
366.786	0.00269914	0.010049	0.00894445	0.0104052	0.50832	74.9653	49.2524	0.0271451	
366.794	-0.00188787	0.00834975	0.00894445	0.00856051	0.63255	102.74	59.8655	0.0271451	
366.802	-0.00446074	0.0046028	0.00894445	0.00640967	0.773551	134.102	79.954	0.0271451	
366.81	-0.00427621	0.000300328	0.00894445	0.00428675	0.891503	175.983	119.55	0.0271451	
366.818	-0.00152384	-0.00292065	0.00894445	0.00329428	0.934425	242.447	155.567	0.0271451	
366.826	0.00275319	-0.00379931	0.00894445	0.004692	0.871458	305.929	109.224	0.0271451	
366.834	0.00699954	-0.00184269	0.00894445	0.00723803	0.720782	345.251	70.8037	0.0271451	
366.842	0.00963871	0.00252886	0.00894445	0.00996493	0.537622	14.7011	51.4283	0.0271451	
366.85	0.00955788	0.00811883	0.00894445	0.0125407	0.374228	40.3458	40.8654	0.0271451	
366.858	0.00643922	0.0133224	0.00894445	0.014797	0.254517	64.2038	34.634	0.0271451	
366.866	0.000843521	0.0166045	0.00894445	0.0166259	0.177717	87.0918	30.8241	0.0271451	
366.874	-0.00596729	0.0169388	0.00894445	0.0179592	0.133222	109.407	28.5358	0.0271451	
366.882	-0.0124021	0.0140804	0.00894445	0.0187635	0.110765	131.374	27.3125	0.0271451	
366.89	-0.0169855	0.00860131	0.00894445	0.0190392	0.10378	153.143	26.9171	0.0271451	
366.898	-0.0187409	0.00169601	0.00894445	0.0188175	0.10937	174.829	27.2342	0.0271451	
366.906	-0.0174061	-0.00516787	0.00894445	0.018157	0.127402	196.536	28.2248	0.0271451	
366.914	-0.0134371	-0.010639	0.00894445	0.017139	0.159481	218.371	29.9014	0.0271451	
366.922	-0.00782176	-0.0137974	0.00894445	0.0158603	0.207605	240.451	32.3121	0.0271451	
366.93	-0.00178004	-0.0143166	0.00894445	0.0144268	0.272319	262.913	35.5227	0.0271451	
366.938	0.00354809	-0.0124501	0.00894445	0.0129458	0.350842	285.907	39.5865	0.0271451	
366.946	0.00734003	-0.00887683	0.00894445	0.0115184	0.436407	309.587	44.4921	0.0271451	
366.954	0.00920207	-0.00447481	0.00894445	0.0102324	0.519774	334.067	50.084	0.0271451	
366.962	0.00915354	-0.000101922	0.00894445	0.00915411	0.592316	359.362	55.9835	0.0271451	
366.97	0.00752191	0.00355796	0.00894445	0.00832095	0.648741	25.3147	61.589	0.0271451	
366.978	0.00480603	0.00606185	0.00894445	0.00773589	0.68797	51.5915	66.247	0.0271451	
366.986	0.00155842	0.00720191	0.00894445	0.0073686	0.712242	77.7901	69.5491	0.0271451	
366.994	-0.0016875	0.00696377	0.00894445	0.00716532	0.725515	103.622	71.5222	0.0271451	
367.002	-0.0044492	0.00548676	0.00894445	0.00706399	0.732082	129.038	72.5481	0.0271451	
367.01	-0.00631145	0.0030461	0.00894445	0.00700807	0.735691	154.237	73.127	0.0271451	
367.018	-0.00695597	5.13555e-05	0.00894445	0.00695616	0.739032	179.577	73.6727	0.0271451	
367.026	-0.00621785	-0.00296445	0.00894445	0.00688837	0.74338	205.49	74.3978	0.0271451	
367.034	-0.00415702	-0.00539515	0.00894445	0.00681091	0.748326	232.385	75.2439	0.0271451	
367.042	-0.00111077	-0.00666558	0.00894445	0.0067575	0.751723	260.539	75.8386	0.0271451	
367.05	0.00231379	-0.00637615	0.00894445	0.00678298	0.750104	289.945	75.5537	0.0271451	
367.058	0.00533444	-0.00444567	0.00894445	0.00694408	0.739808	320.193	73.8009	0.0271451	
367.066	0.00717124	-0.00119565	0.00894445	0.00727023	0.718681	350.534	70.4901	0.0271451	
367.074	0.00726496	0.00267266	0.00894445	0.00774098	0.687631	20.1977	66.2034	0.0271451	
367.082	0.0054681	0.00622562	0.00894445	0.00828604	0.651096	48.7064	61.8485	0.0271451	
367.09	0.00213596	0.00854164	0.00894445	0.00880466	0.61601	75.9603	58.2055	0.0271451	
367.098	-0.00192954	0.00898426	0.00894445	0.00918913	0.589943	102.121	55.7701	0.0271451	
367.106	-0.00568448	0.0074146	0.00894445	0.00934289	0.57953	127.476	54.8523	0.0271451	
367.114	-0.00814351	0.0042642	0.00894445	0.00919239	0.589722	152.362	55.7504	0.0271451	
367.122	-0.00868444	0.000430155	0.00894445	0.00869509	0.623436	177.164	58.9389	0.0271451	
367.13	-0.00725432	-0.00298698	0.00894445	0.0078452	0.680686	202.379	65.3239	0.0271451	
367.138	-0.00440046	-0.00502508	0.00894445	0.00667948	0.756665	228.791	76.7245	0.0271451	
367.146	-0.00110528	-0.0051714	0.00894445	0.0052882	0.839646	257.936	96.91	0.0271451	
367.154	0.00152935	-0.00353539	0.00894445	0.003852	0.911436	293.393	133.042	0.0271451	
367.162	0.00264795	-0.000817934	0.00894445	0.0027714	0.953132	342.834	184.917	0.0271451	
367.17	0.00193409	0.00192101	0.00894445	0.00272598	0.95462	44.8056	187.998	0.0271451	
367.178	-0.000273353	0.00362439	0.00894445	0.00363469	0.920752	94.3131	140.997	0.0271451	
367.186	-0.00308714	0.00360976	0.00894445	0.00474982	0.86849	130.538	107.894	0.0271451	
367.194	-0.00537292	0.00182232	0.00894445	0.00567354	0.81777	161.265	90.3279	0.0271451	
367.202	-0.0061474	-0.00112236	0.00894445	0.00624902	0.783445	190.347	82.0095	0.0271451	
367.21	-0.00493932	-0.00412851	0.00894445	0.0064375	0.771824	219.89	79.6084	0.0271451	
367.218	-0.0019871	-0.0059858	0.00894445	0.00630701	0.779888	251.635	81.2555	0.0271451	
367.226	0.0018003	-0.00579136	0.00894445	0.00606473	0.794636	287.268	84.5016	0.0271451	
367.234	0.00511456	-0.003286	0.00894445	0.00607919	0.793764	327.28	84.3006	0.0271451	
367.242	0.00666697	0.0010118	0.00894445	0.00674331	0.752624	8.6295	75.9982	0.0271451	
