1388620500	750	743.023	1221.75
1388706900	681	703.657	1211.25
1388793300	720	696.715	1219.91
1388879700	376	365.315	611.06
1388966100	367	362.071	598.091
1389052500	795	737.968	1209.77
1389138900	730	710.213	1204.59
1389225300	771	742.946	1209.6
1389311700	716	725.199	1203.58
1389398100	693	703.571	1205.67
1389484500	694	686.546	1202.32
1389570900	771	717.22	1206.02
1389657300	723	715.354	1190.79
1389743700	715	733.402	1212
1389830100	727	753.393	1239.68
1389916500	735	753.838	1232.22
1390002900	782	743.638	1247.45
1390089300	715	749.778	1252.52
1390175700	668	659.246	1082.73
1390262100	782	775.723	1241.27
1390348500	753	771.421	1237.41
1390434900	728	722.392	1158.83
1390521300	549	563.886	951.115
1390607700	658	653.514	1204.28
1390694100	665	673.5	1167.17
1390780500	691	716.392	1195.52
1390866900	670	672.401	1137.9
1390953300	651	640.341	1119.89
1391039700	743	726.132	1219.38
1391126100	761	741.353	1222.74
1391212500	771	734.611	1218.92
1391298900	746	731.236	1207.9
1391385300	751	715.755	1186.93
1391471700	706	726.816	1210.76
1391558100	739	742.093	1196.82
1391644500	504	503.324	845.544
1391730900	664	640.786	1087.54
1391817300	742	741.201	1209.89
1391903700	733	726.062	1207.48
1391990100	694	692.126	1172.36
1392076500	565	606.469	1024.12
1392162900	703	695.424	1173.49
1392249300	694	694.3	1188.52
1392335700	601	616.819	1154.12
1392422100	333	294.468	544.785
1392508500	270	278.617	501.531
1392594900	303	271.596	489.39
1392681300	517	498.057	870.394
1392767700	618	548.292	934.603
1392854100	581	519.817	892.383
1392940500	560	545.489	941.572
1393026900	598	606.843	1069.66
1393113300	719	691.111	1198.64
1393199700	695	677.407	1136.13
1393286100	579	632.336	1183.27
1393372500	538	541.898	1015.98
1393458900	646	629.239	1129.5
1393545300	737	655.621	1126.21
1393631700	410	394.003	691.666
1393718100	703	637.096	1155.62
1393804500	660	653.234	1166.58
1393890900	697	668.525	1169.64
1393977300	679	680.685	1167.95
1394063700	641	656.308	1169.95
1394150100	677	666.421	1178.5
1394236500	723	669.448	1160.13
1394322900	786	700.076	1171.08
1394409300	595	636.07	1098.4
1394495700	679	655.011	1143.62
1394582100	673	642.207	1105.99
1394668500	667	669.867	1146.61
1394754900	698	667.528	1170.48
1394841300	683	681.621	1171.67
1394927700	684	695.931	1162.96
1395014100	722	692.194	1166.44
1395100500	565	626.507	1132.1
1395186900	668	653.97	1178.43
1395273300	753	703.944	1218.89
1395359700	707	718.475	1209.75
1395446100	659	667.965	1249.89
1395532500	757	698.928	1264.41
1395618900	710	723.897	1254.63
1395705300	715	699.996	1254.58
1395791700	730	689.278	1270.39
1395878100	626	707.341	1261.81
1395964500	688	675.434	1163.8
1396050900	719	718.073	1202.73
1396137300	763	710.726	1166.19
1396223700	708	706.175	1241.2
1396310100	629	695.872	1253.99
1396396500	685	669.211	1252.39
1396482900	671	661.268	1181.58
1396569300	710	711.913	1245.31
1396655700	690	735.028	1278.54
1396742100	700	737.116	1272.63
1396828500	515	516.57	891.565
1396914900	678	731.437	1275.5
1397001300	504	511.558	900.708
1397087700	693	718.65	1262.92
1397174100	654	705.48	1291.15
1397260500	717	728.518	1300.93
1397346900	638	680.029	1306.1
1397433300	590	592.477	1121.96
1397519700	512	511.717	930.192
1397606100	71	57.7914	103.026
1397692500	587	549.651	1007.99
1397778900	683	685.69	1276.22
1397865300	696	687.26	1271.19
1397951700	641	663.625	1246.89
1398038100	668	681.835	1256.4
1398124500	636	681.207	1260.03
1398210900	298	317.58	575.077
1398297300	660	680.421	1222.43
1398383700	596	640.011	1153.04
1398470100	717	718.875	1268.05
1398556500	763	728.038	1268.33
1398642900	656	686.779	1272.22
1398729300	632	680.681	1284.01
1398815700	659	686.673	1256.29
1398902100	688	749.977	1299.95
1398988500	663	740.733	1291.48
1399074900	678	709.135	1254.22
1399161300	673	722.672	1281.18
1399247700	680	719.263	1280.82
1399334100	682	674.192	1224.22
1399420500	756	706.492	1285.25
1399506900	723	692.623	1270.22
1399593300	650	712.408	1286.58
1399679700	682	714.059	1269.62
1399766100	650	653.145	1180.84
1399852500	728	692.225	1282.11
1399938900	670	671.794	1221.31
1400025300	736	703.828	1240.24
1400111700	711	698.555	1254.18
1400198100	559	569.38	1030.79
1400284500	665	650.874	1207.52
1400370900	652	666.519	1266.75
1400457300	687	677.927	1280.49
1400543700	661	665.33	1242.58
1400630100	706	690.702	1250.12
1400716500	622	672.467	1258.73
1400802900	647	624.648	1267.63
1400889300	631	628.222	1252.13
1400975700	653	663.331	1249.53
1401062100	623	598.802	1145.34
1401148500	660	651.515	1243.77
1401234900	638	642.592	1202.56
1401321300	759	743.495	1279.95
1401407700	731	725.23	1300.75
1401494100	688	694.763	1314.24
1401580500	657	696.17	1320.89
1401666900	719	714.466	1313.23
1401753300	733	792.386	1336.75
1401839700	745	783.265	1328.19
1401926100	713	738.017	1327.41
1402012500	683	711.081	1324.73
1402098900	672	731.693	1329.92
1402185300	691	720.6	1322.72
1402271700	702	732.878	1312.34
1402358100	755	707.481	1324.7
1402444500	733	775.426	1322.16
1402530900	721	730.403	1258.19
1402617300	635	685.152	1322.58
1402703700	664	636.813	1265
1402790100	733	682.204	1302.71
1402876500	681	690.455	1302.87
1402962900	686	664.875	1303.32
1403049300	625	654.506	1302.33
1403135700	661	636.993	1292.6
1403222100	671	662.544	1281.73
1403308500	726	697.772	1286.39
1403394900	743	718.224	1283.6
1403481300	674	632.836	1185.45
1403567700	671	670.15	1283.85
1403654100	679	679.798	1292.13
1403740500	664	671.737	1305.47
1403826900	634	637.006	1297.53
1403913300	659	635.091	1312.75
1403999700	625	653.414	1307.84
1404086100	676	664.736	1280.87
1404172500	640	695.035	1294.37
1404258900	681	705.137	1283.96
1404345300	671	680.497	1285.22
1404431700	695	685.299	1286.19
1404518100	643	680.23	1271.57
1404604500	655	653.85	1289.47
1404690900	671	668.658	1280.37
1404777300	639	644.643	1279.24
1404863700	684	648.251	1285.1
1404950100	623	652.853	1279.68
1405036500	695	643.083	1245.28
1405122900	674	669.748	1265.96
1405209300	683	671.237	1275.76
1405295700	706	689.136	1272.18
1405382100	706	690.531	1262.23
1405468500	597	648.407	1201.35
1405554900	662	662.487	1255.96
1405641300	648	625.552	1252
1405727700	643	642.54	1247.44
1405814100	683	621.476	1154.89
1405900500	632	536.373	973.925
1405986900	678	672.263	1241.96
1406073300	629	610.526	1190.37
1406159700	591	572.012	1184.32
1406246100	662	638.511	1252.32
1406332500	616	646.444	1232.75
1406418900	574	621.942	1240.9
1406505300	660	645.528	1213.26
1406591700	672	690.82	1224.37
1406678100	597	660.87	1213.96
1406764500	683	670.846	1221.45
1406850900	703	698.482	1229.25
1406937300	665	731.72	1241.69
1407023700	691	719.735	1248.43
1407110100	620	653.249	1251.09
1407196500	663	661.96	1266.66
1407282900	687	715.701	1238.76
1407369300	616	631.105	1244.23
1407455700	630	615.514	1249.48
1407542100	653	652.041	1249.15
1407628500	737	697.151	1249.05
1407714900	628	666.471	1250.41
1407801300	644	648.356	1253.68
1407887700	630	610.907	1262.39
1407974100	651	639.695	1275.43
1408060500	714	676.567	1280.05
1408146900	714	679.227	1274.01
1408233300	690	683.287	1263.4
1408319700	653	694.463	1256.41
1408406100	751	706.138	1253.27
1408492500	708	706.708	1257.47
1408578900	758	721.1	1263.82
1408665300	719	714.065	1276.22
1408751700	672	691.364	1209.65
1408838100	601	647.83	1159.65
1408924500	647	680.067	1274.7
1409010900	656	647.694	1272.71
1409097300	698	664.993	1279.83
1409183700	697	681.505	1286.72
1409270100	647	704.932	1297.96
1409356500	733	733.798	1297.34
1409442900	689	708.294	1289.89
1409529300	733	740.691	1312.14
1409615700	719	735.952	1311.35
1409702100	690	737.049	1311.79
1409788500	718	734.572	1305.24
1409874900	608	647.684	1155.61
1409961300	653	712.473	1320.62
1410047700	661	720.553	1314.01
1410134100	717	730.977	1305.4
1410220500	721	754.173	1310.28
1410306900	668	675.478	1245.86
1410393300	662	694.116	1318.48
1410479700	663	715.761	1316.24
1410566100	689	731.91	1330.33
1410652500	673	689.348	1265.17
1410738900	626	652.022	1221.1
1410825300	735	727.122	1311.6
1410911700	689	744.361	1332.27
1410998100	606	693.654	1240.87
1411084500	675	682.279	1221.35
1411170900	688	723.815	1329.74
1411257300	685	733.219	1327.75
1411343700	796	775.382	1332.31
1411430100	650	682.538	1266.17
1411516500	692	731.182	1322.57
1411602900	721	756.505	1325.67
1411689300	670	715.678	1321.77
1411775700	678	720.508	1329.79
1411862100	704	774.813	1325.62
1411948500	751	765.597	1328.92
1412034900	746	739.792	1319.32
1412121300	720	700.54	1276.13
1412207700	696	721.507	1322.28
1412294100	660	735.799	1301.71
1412380500	647	741.831	1290.34
1412466900	692	682.167	1215.06
1412553300	621	612.022	1102.65
1412639700	786	735.032	1297.8
1412726100	750	784.582	1347.48
1412812500	722	771.042	1336.44
1412898900	691	727.814	1351.97
1412985300	585	603.215	1122.8
1413071700	324	329.077	600.197
1413158100	300	334.695	599.713
1413244500	319	339.499	597.946
1413330900	573	599.431	1036.32
1413417300	729	787.697	1362.23
1413503700	762	778.863	1358.33
1413590100	745	800.178	1356.6
1413676500	705	756.782	1360.38
1413762900	638	720.188	1296.94
1413849300	740	778.062	1365
1413935700	716	795.233	1351.73
1414022100	758	784.389	1352.23
1414108500	700	787.156	1348.32
1414194900	743	799.049	1363.84
1414281300	764	817.159	1348.05
1414367700	744	810.582	1350.8
1414454100	737	792.433	1361.65
1414540500	779	820.293	1362.16
1414626900	735	792.78	1364.62
1414713300	698	779.962	1365.35
1414799700	619	732.746	1362.36
1414886100	583	685.497	1337.52
1414972500	702	714.405	1334.7
1415058900	697	749.925	1351.65
1415145300	735	772.354	1356.18
1415231700	701	752.976	1308.66
1415318100	745	762.034	1314.94
1415404500	710	773.798	1348.5
1415490900	711	768.36	1333.38
1415577300	717	752.705	1285.21
1415663700	768	794.831	1348.98
1415750100	724	768.139	1336.05
1415836500	604	648.906	1178.78
1415922900	726	770.103	1354.95
1416009300	754	800.44	1354.61
1416095700	761	793.15	1360.01
1416182100	753	796.887	1352.91
1416268500	717	731.264	1193.82
1416354900	742	797.829	1320.6
1416441300	666	770.038	1340.75
1416527700	575	554.536	989.839
1416614100	690	743.207	1319.69
1416700500	716	776.613	1319.85
1416786900	739	793.142	1317.33
1416873300	617	683.484	1203.19
1416959700	718	725.113	1266.72
1417046100	755	745.448	1289.27
1417132500	787	765.129	1298.66
1417218900	770	789.584	1311.07
1417305300	604	665.42	1229.94
1417391700	497	510.527	965.14
1417478100	667	729.654	1306.58
1417564500	739	767.321	1306.83
1417650900	753	783.429	1307.22
1417737300	774	796.382	1303.76
1417823700	775	794.721	1292.37
1417910100	743	764.66	1306.05
1417996500	768	768.26	1306.79
1418082900	776	797.888	1308.38
1418169300	708	703.877	1161.8
1418255700	732	750.32	1296.73
1418342100	686	703.879	1219.21
1418428500	513	581.989	1008.49
1418514900	760	744.92	1282.72
1418601300	681	701.488	1193.4
1418687700	556	582.576	1007.8
1418774100	550	596.453	1064.06
1418860500	670	697.907	1217.89
1418946900	750	736.624	1220.34
1419033300	770	784.35	1283.41
1419119700	691	729.449	1286.81
1419206100	583	581.003	1056.69
1419292500	571	621.342	1131.86
1419378900	660	685.426	1166.26
1419465300	672	655.278	1097.6
1419551700	719	650.326	1094.56
1419638100	721	710.93	1197.37
1419724500	743	744.987	1248.83
1419810900	640	698.882	1159.42
1419897300	782	768.432	1267.15
1419983700	594	628.844	1049
1420070100	717	740.302	1234.71
1420156500	682	721.412	1268.56
1420242900	706	728.932	1256.1
1420329300	761	743.394	1265.47
1420415700	785	759.849	1261.3
1420502100	797	752.414	1231.04
1420588500	791	756.347	1261.84
1420674900	720	758.551	1282.41
1420761300	770	766.752	1280.29
1420847700	758	768.409	1286.19
1420934100	725	700.256	1173.74
1421020500	637	580.732	979.642
1421106900	667	686.947	1151.38
1421193300	647	704.745	1177.68
1421279700	566	599.98	1025.47
1421366100	703	743.598	1257.59
1421452500	421	394.621	652.066
1421538900	0	0	0
1421625300	0	0	0
1421711700	0	0	0
1421798100	0	0	0
1421884500	0	0	0
1421970900	0	0	0
1422057300	0	0	0
1422143700	0	0	0
1422230100	0	0	0
1422316500	0	0	0
1422402900	0	0	0
1422489300	0	0	0
1422575700	0	0	0
1422662100	0	0	0
1422748500	0	0	0
1422834900	0	0	0
1422921300	0	0	0
1423007700	0	0	0
1423094100	0	0	0
1423180500	0	0	0
1423266900	0	0	0
1423353300	0	0	0
1423439700	0	0	0
1423526100	0	0	0
1423612500	0	0	0
1423698900	0	0	0
1423785300	0	0	0
1423871700	0	0	0
1423958100	232	270.703	469.675
1424044500	736	708.785	1200.53
1424130900	649	630.651	1070.59
1424217300	760	735.248	1224.63
1424303700	713	701.75	1235.42
1424390100	693	693.427	1221.45
1424476500	605	636.006	1159.59
1424562900	678	683.446	1199.5
1424649300	690	701.343	1213.67
1424735700	744	718.03	1208.06
1424822100	618	584.357	1016
1424908500	645	638.167	1174.79
1424994900	605	566.045	998.004
1425081300	686	656.51	1169.7
1425167700	751	679.577	1174.17
1425254100	718	682.523	1165.4
1425340500	539	496.017	853.171
1425426900	383	363.982	630.251
1425513300	0	0	0
1425599700	0	0	0
1425686100	0	0	0
1425772500	0	0	0
1425858900	0	0	0
1425945300	0	0	0
1426031700	1	4.21618	7.11181
1426118100	789	731.137	1195.18
1426204500	536	480.178	792.312
1426290900	693	682.908	1173.91
1426377300	699	659.367	1165.45
1426463700	686	688.619	1185.42
1426550100	684	652.192	1101.84
1426636500	592	569.193	965.911
1426722900	686	673.913	1124.96
1426809300	311	295.619	493.736
1426895700	469	461.161	826.306
1426982100	642	636.271	1152.33
1427068500	2	0	0
1427154900	375	374.684	668.853
1427241300	543	527.391	983.222
1427327700	552	511.341	959.449
1427414100	584	534.691	974.181
1427500500	678	624.99	1118.37
1427586900	662	658.194	1158.66
1427673300	706	665.103	1158.74
1427759700	718	639.917	1162.68
1427846100	692	646.181	1150.22
1427932500	671	664.463	1148.12
1428018900	751	681.54	1156.25
1428105300	684	666.314	1155.52
1428191700	663	658.121	1148.71
1428278100	679	639.308	1153.97
1428364500	708	669.956	1171.04
1428450900	677	664.201	1152.61
1428537300	679	649.013	1131.6
1428623700	699	656.155	1153.24
1428710100	710	649.988	1150.27
1428796500	745	655.485	1140.27
1428882900	683	629.743	1068.51
1428969300	670	639.539	1102.45
1429055700	650	630.723	1111.87
1429142100	682	642.873	1131.93
1429228500	662	633.547	1136.11
1429314900	631	566.806	1031.58
1429401300	788	681.085	1143.4
1429487700	688	652.86	1155.02
1429574100	652	629.912	1173.32
1429660500	706	659.094	1221.94
1429746900	674	686.48	1257.92
1429833300	701	680.196	1236.24
1429919700	694	691.114	1261.77
1430006100	750	700.941	1249.74
1430092500	696	707.492	1253.91
1430178900	735	698.497	1258.31
1430265300	640	706.045	1269.98
1430351700	669	708.307	1270.62
1430438100	686	670.051	1191.27
1430524500	728	745.783	1290.13
1430610900	693	706.069	1275.83
1430697300	737	677.05	1256.9
1430783700	689	679.668	1268.29
1430870100	633	668.49	1282.2
1430956500	626	664.899	1295.37
1431042900	715	701.214	1300.85
1431129300	733	728.005	1309.13
1431215700	695	697.829	1303.19
1431302100	639	697.925	1293.91
1431388500	722	693.012	1273.57
1431474900	673	699.771	1291.31
1431561300	654	712.203	1293.22
1431647700	701	729.955	1304.82
1431734100	711	704.773	1273.44
1431820500	697	668.45	1190.18
1431906900	661	665.195	1199.36
1431993300	707	698.233	1284.12
1432079700	647	658.348	1192.45
1432166100	721	726.756	1262.75
1432252500	658	712.83	1274.74
1432338900	599	698.962	1278.8
1432425300	658	669.284	1279.88
1432511700	671	645.987	1267.12
1432598100	670	661.379	1273.92
1432684500	655	655.004	1267.98
1432770900	724	664.85	1270.95
1432857300	734	712.685	1274.11
1432943700	690	700.094	1283.12
1433030100	667	681.133	1280.07
1433116500	694	678.106	1260.4
1433202900	743	712.651	1268.89
1433289300	574	618.802	1075.55
1433375700	706	702.851	1267.54
1433462100	761	725.313	1258
1433548500	745	757.817	1288.8
1433634900	678	721.397	1282.39
1433721300	703	690.738	1289.77
1433807700	679	703.58	1288.57
1433894100	687	683.957	1276.06
1433980500	702	666.761	1273.07
1434066900	666	645.389	1255.87
1434153300	598	595.969	1111.18
1434239700	0	0	0
1434326100	0	0	0
1434412500	519	560.143	1040.21
1434498900	674	682.676	1256.78
1434585300	308	324.521	640.17
1434671700	643	635.303	1291.5
1434758100	744	711.363	1295
1434844500	662	686.403	1297.33
1434930900	687	674.535	1293.57
1435017300	624	632.484	1293.01
1435103700	638	628.127	1285.9
1435190100	744	659.493	1268.83
1435276500	612	651.549	1268.35
1435362900	695	656.064	1270.04
1435449300	616	638.728	1223.98
1435535700	656	670.297	1271.4
1435622100	725	695.669	1271.28
1435708500	661	679.734	1273.27
1435794900	640	685.909	1290.22
1435881300	626	664.287	1285.36
1435967700	633	629.62	1278.46
1436054100	668	662.776	1272.26
1436140500	733	707.8	1272.85
1436226900	643	669.764	1272.92
1436313300	656	648.344	1216.11
1436399700	557	597.529	1065.83
1436486100	696	710.67	1276.44
1436572500	678	674.269	1274.32
1436658900	660	705.489	1262.8
1436745300	682	673.744	1208.28
1436831700	658	655.015	1226.27
1436918100	643	648.634	1260.95
1437004500	623	667.7	1274.32
1437090900	636	661.546	1273.89
1437177300	708	708.261	1273.17
1437263700	629	642.859	1220.6
1437350100	629	644.065	1271.94
1437436500	648	625.407	1263.05
1437522900	640	650.415	1262.86
1437609300	646	634.849	1249.99
1437695700	645	649.326	1261.68
1437782100	642	659.735	1253.65
1437868500	790	693.898	1257.56
1437954900	592	601.321	1016.44
1438041300	670	691.531	1206.9
1438127700	707	667.948	1256.9
1438214100	715	656.623	1253.15
1438300500	684	691.934	1247.84
1438386900	644	679.904	1245.35
1438473300	676	693.742	1226.86
1438559700	614	631.448	1141.82
1438646100	693	649.203	1222.18
1438732500	659	682.397	1225.64
1438818900	706	723.984	1224.06
1438905300	749	679.845	1197.59
1438991700	607	567.244	1037.37
1439078100	480	441.127	818.792
1439164500	336	304.171	562.309
1439250900	0	0	0
1439337300	3	8.75835	17.1889
1439423700	488	457.278	912.686
1439510100	542	483.401	963.228
1439596500	663	612.497	1146.38
1439682900	556	607.896	1152.35
1439769300	589	539.065	1027.87
1439855700	644	609.023	1113.63
1439942100	573	624.657	1172.39
1440028500	676	651.229	1206.24
1440114900	728	660.913	1186.39
1440201300	665	682.18	1204.18
1440287700	631	660.163	1207.15
1440374100	598	635.86	1199.22
1440460500	706	681.948	1188.32
1440546900	718	678.426	1197.16
1440633300	611	624.854	1145.66
1440719700	710	679.568	1204.53
1440806100	722	704.623	1203.19
1440892500	514	521.905	906.368
1440978900	439	415.277	742.523
1441065300	403	453.966	865.874
1441151700	585	545.051	1044.16
1441238100	580	615.877	1175.63
1441324500	643	631.285	1186.54
1441410900	658	631.451	1192.55
1441497300	564	528.009	948.862
1441583700	397	368.05	628.522
1441670100	70	107.198	191.74
1441756500	0	0	0
1441842900	624	633.752	1167.37
1441929300	623	626.021	1195.6
1442015700	685	637.818	1199.3
1442102100	642	637.763	1195.05
1442188500	652	656.617	1190.08
1442274900	692	688.414	1198.53
1442361300	731	664.618	1192.24
1442447700	660	657.217	1190.66
1442534100	654	647.656	1189.31
1442620500	658	645.572	1191.38
1442706900	695	660.172	1194.01
1442793300	700	676.023	1189.69
1442879700	104	110.2	198.102
1442966100	435	454.818	824.516
1443052500	567	549.536	986.353
1443138900	561	556.303	1033.2
1443225300	661	652.741	1212.83
1443311700	668	668.267	1225.52
1443398100	728	703.1	1231.07
1443484500	683	697.281	1219.93
1443570900	658	691.145	1235.09
1443657300	760	728.438	1252.92
1443743700	545	551.269	1024.01
1443830100	443	420.108	808.96
1443916500	303	294.038	545.54
1444002900	311	277.044	499.147
1444089300	277	289.135	521.672
1444175700	516	486.105	895.484
1444262100	593	602.828	1125.52
1444348500	589	566.304	1097.05
1444434900	523	501.686	1010.12
1444521300	421	435.184	883.161
1444607700	530	546.329	1067.4
1444694100	619	627.229	1124.51
1444780500	451	449.131	775.419
1444866900	692	670.334	1191.59
1444953300	637	684.749	1264.08
1445039700	602	670.909	1272.63
1445126100	665	690.161	1277.94
1445212500	727	741.357	1278.05
1445298900	699	700.713	1252
1445385300	556	600.391	1073.18
1445471700	681	710.241	1283.14
1445558100	608	695.742	1301.9
1445644500	614	626.738	1196.05
1445730900	634	635.525	1182.99
1445817300	618	682.566	1232.07
1445903700	678	714.829	1267.71
1445990100	697	679.372	1190.76
1446076500	666	699.627	1213.11
1446162900	694	696.213	1250.64
1446249300	541	571.591	1059.2
1446335700	526	529.369	980.635
1446422100	522	549.039	985.828
1446508500	470	467.062	818.135
1446594900	507	504.099	944.112
1446681300	659	668.922	1248.73
1446767700	704	681.363	1245.5
1446854100	682	716.734	1261.34
1446940500	751	733.33	1264.65
1447026900	626	612.943	1038.54
1447113300	591	619.726	1098.24
1447199700	671	697.115	1265.31
1447286100	701	699.87	1208.52
1447372500	734	721.241	1260.6
1447458900	732	736.692	1266.85
1447545300	773	752.073	1259.84
1447631700	791	750.777	1258.74
1447718100	651	708.841	1189.07
1447804500	642	659.747	1143.64
1447890900	666	719.388	1247.16
1447977300	699	697.169	1257.62
1448063700	720	731.775	1261.15
1448150100	668	722.904	1264.16
1448236500	683	732.114	1266.25
1448322900	580	612.242	1049.27
1448409300	736	745.638	1260.74
1448495700	561	523.057	890.348
1448582100	686	720.18	1266.94
1448668500	574	588.455	1044.13
1448754900	656	639.33	1145.01
1448841300	563	571.686	1007.17
1448927700	553	565.743	957.642
1449014100	543	527.805	931.862
1449100500	607	631.149	1119.22
1449186900	687	707.978	1223.02
1449273300	538	545.054	954.842
1449359700	684	686.403	1218.43
1449446100	717	717.753	1216.78
1449532500	649	610.337	1020.52
1449618900	618	654.687	1129.16
1449705300	711	710.365	1205.61
1449791700	717	722.905	1211.33
1449878100	550	579.224	948.067
1449964500	727	713.005	1193.2
1450050900	696	710.47	1179.37
1450137300	351	352.965	594.587
1450223700	678	671.979	1145.84
1450310100	714	731.03	1211.82
1450396500	688	718.822	1234.45
1450482900	704	697.941	1241.4
1450569300	708	722.71	1244.99
1450655700	665	699.299	1174.09
1450742100	669	674.947	1115.9
1450828500	712	677.154	1114.03
1450914900	709	701.789	1183.74
1451001300	740	721.901	1207.12
1451087700	648	620.984	1036.36
1451174100	704	726.614	1186.87
1451260500	773	737.961	1192.42
1451346900	338	313.516	507.44
1451433300	0	0	0
1451519700	0	0	0
1451606100	0	0	0
1451692500	0	0	0
1451778900	0	0	0
1451865300	0	0	0
1451951700	557	537.185	924.751
1452038100	563	557.143	998.933
1452124500	629	599.371	1042.7
1452210900	335	357.489	608.333
1452297300	544	536.463	924.812
1452383700	577	542.426	953.979
1452470100	642	663.952	1117.21
1452556500	716	693.183	1135.97
1452642900	673	670.389	1140.23
1452729300	679	688.004	1167.62
1452815700	654	702.797	1180.09
1452902100	334	352.477	592.631
1452988500	711	709.094	1178.17
1453074900	709	689.883	1176.45
1453161300	708	709.854	1180.62
1453247700	714	723.47	1181.78
1453334100	641	677.25	1125.7
1453420500	660	682.471	1117.2
1453506900	778	693.067	1153.32
1453593300	485	426.468	697.356
1453679700	505	463.504	787.275
1453766100	686	586.628	1024.08
1453852500	593	515.159	885.995
1453938900	646	640.381	1081.67
1454025300	563	565.935	961.787
1454111700	329	294.253	501.973
1454198100	530	497.494	887.615
1454284500	614	569.207	1001.14
1454370900	607	569.795	983.451
1454457300	527	543.797	926.117
1454543700	712	670.714	1107.88
1454630100	659	623.889	1054.67
1454716500	502	495.911	848.487
1454802900	537	523.071	877.919
1454889300	586	578.48	975.635
1454975700	688	640.967	1078.36
1455062100	697	646	1087.7
1455148500	447	445.477	753.515
1455234900	661	664.296	1089.68
1455321300	688	683.048	1114.44
1455407700	658	639.719	1085.5
1455494100	709	665.139	1112.11
1455580500	697	671.412	1090.34
1455666900	700	690.803	1115.8
1455753300	739	670.837	1131.44
1455839700	676	657.451	1110.52
1455926100	685	662.864	1152.61
1456012500	367	345.858	575.974
1456098900	658	671.293	1085.7
1456185300	638	599.653	999.483
1456271700	669	644.65	1084.22
1456358100	736	682.689	1153.41
1456444500	716	720.654	1197.66
1456530900	629	710.727	1210.41
1456617300	345	354.358	601.599
1456703700	652	671.393	1169.67
1456790100	668	668.329	1149.42
1456876500	651	681.922	1194.01
1456962900	336	346.106	594.525
1457049300	726	673.784	1149.96
1457135700	353	343.696	588.919
1457222100	605	644.657	1119.05
1457308500	547	540.284	930.422
1457394900	624	663.228	1174.08
1457481300	688	681.289	1183.23
1457567700	641	660.12	1193
1457654100	649	643.408	1167.77
1457740500	635	665.155	1177.24
1457826900	685	678.341	1188.34
1457913300	741	671.291	1152.22
1457999700	657	651.226	1107.5
1458086100	677	684.104	1173.63
1458172500	701	709.933	1185.41
1458258900	517	539.585	912.016
1458345300	311	304.701	554.287
1458431700	300	293.202	523.076
1458518100	69	65.7883	116.628
1458604500	363	327.134	564.458
1458690900	302	307.01	531.985
1458777300	710	701.632	1208
1458863700	275	322.809	587.768
1458950100	183	190.538	351.468
1459036500	273	283.325	505.09
1459122900	321	309.403	538.684
1459209300	337	307.314	534.837
1459295700	361	350.223	597.153
1459382100	583	624.669	1054.7
1459468500	576	548.031	975.248
1459554900	304	280.835	492.253
1459641300	246	266.802	470.817
1459727700	407	460.205	813.99
1459814100	615	665.726	1202.45
1459900500	674	677.912	1213.12
1459986900	649	697.013	1199.38
1460073300	664	691.112	1211.15
1460159700	510	523.914	943.792
1460246100	659	652.683	1213.07
1460332500	630	623.559	1201.57
1460418900	626	623.653	1192.66
1460505300	661	636.021	1178.02
1460591700	667	678.489	1177.61
1460678100	671	681.085	1176.88
1460764500	643	669.691	1176.31
1460850900	679	653.829	1175.59
1460937300	575	537.766	991.691
1461023700	532	486.768	895.639
1461110100	596	585.047	1050.05
1461196500	675	676.126	1185.75
1461282900	663	662.961	1206.6
1461369300	705	694.657	1203.64
1461455700	679	672.184	1194.18
1461542100	519	564.038	1095.67
1461628500	0	0	0
1461714900	296	291.554	582.679
1461801300	614	605.318	1172.65
1461887700	606	615.286	1175.77
1461974100	602	588.847	1154.04
1462060500	638	613.425	1138.83
1462146900	597	622.125	1131.26
1462233300	594	583.291	1108.88
1462319700	524	485.253	904.105
1462406100	599	587.114	1071.29
1462492500	625	613.925	1134.33
1462578900	497	461.731	861.744
1462665300	535	493.396	906.642
1462751700	527	482.51	885.235
1462838100	534	483.574	889.278
1462924500	153	135.998	252.801
1463010900	0	0	0
1463097300	0	0	0
1463183700	0	0	0
1463270100	0	0	0
1463356500	0	0	0
1463442900	0	0	0
1463529300	0	0	0
1463615700	0	0	0
1463702100	0	0	0
1463788500	0	0	0
1463874900	0	0	0
1463961300	140	130.101	249.035
1464047700	201	165.993	313.839
1464134100	201	201.734	373.603
1464220500	550	525.095	1009.32
1464306900	563	510.634	1005.68
1464393300	481	395.7	772.152
1464479700	155	152.429	296.751
1464566100	209	167.839	321.316
1464652500	181	168.168	310.619
1464738900	206	178.133	335.579
1464825300	276	255.776	472.924
1464911700	602	559.62	1069.27
1464998100	182	186.162	349.575
1465084500	371	353.191	679.276
1465170900	211	189.618	364.293
1465257300	246	205.258	403.656
1465343700	282	267.864	543.183
1465430100	221	221.448	430.042
1465516500	348	357.544	717.642
1465602900	535	527.194	1085.06
1465689300	562	549.516	1098.35
1465775700	636	574.626	1097.85
1465862100	607	588.58	1097.84
1465948500	584	569.959	1097.06
1466034900	587	540.135	1088.15
1466121300	531	554.457	1108.63
1466207700	604	567.229	1111.01
1466294100	583	566.49	1108.74
1466380500	562	560.339	1105.4
1466466900	564	553.158	1097.19
1466553300	567	567.478	1099.55
1466639700	622	579.768	1106.02
1466726100	581	562.2	1075
1466812500	530	520.991	1058.42
1466898900	582	515.147	1054.42
1466985300	603	529.535	1051.62
1467071700	2	0	0
1467158100	634	567.524	1060.18
1467244500	615	581.416	1082.2
1467330900	604	579.017	1115.21
1467417300	573	578.427	1104.91
1467503700	597	585.802	1114.46
1467590100	573	554.251	1073.36
1467676500	593	571.683	1111.8
1467762900	585	596.869	1140.57
1467849300	597	594.778	1141.78
1467935700	617	600.678	1141.78
1468022100	644	616.171	1142.69
1468108500	655	617.182	1142.81
1468194900	590	633.597	1141.62
1468281300	408	417.884	789.768
1468367700	564	571.341	1053.84
1468454100	623	643.778	1160.34
1468540500	602	615.405	1162.24
1468626900	516	557.918	1129.08
1468713300	541	577.51	1159.06
1468799700	588	602.453	1159.23
1468886100	598	582.769	1161.39
1468972500	624	602.507	1175.41
1469058900	673	631.942	1183.42
1469145300	642	627.375	1188.76
1469231700	630	657.34	1193.26
1469318100	634	636.851	1179.17
1469404500	618	630.943	1174.17
1469490900	572	596.209	1160.11
1469577300	568	581.456	1142.34
1469663700	589	594.98	1157.47
1469750100	645	607.434	1158.54
1469836500	626	618.541	1156.12
1469922900	627	625.939	1153.42
1470009300	639	609.24	1153.03
1470095700	652	583.852	1140.55
1470182100	657	609.88	1154.97
1470268500	657	633.681	1158.23
1470354900	619	626.928	1143.94
1470441300	663	616.516	1156.97
1470527700	640	609.789	1156.95
1470614100	640	630.096	1157.46
1470700500	625	597.274	1150.71
1470786900	639	600.073	1151.37
1470873300	660	617.371	1143.82
1470959700	645	633.818	1153.44
1471046100	669	664.047	1153.96
1471132500	702	656.115	1152.44
1471218900	652	657.159	1136.1
1471305300	669	668.347	1140.5
1471391700	604	635.554	1127.87
1471478100	487	481.471	889.683
1471564500	597	583.696	1094.44
1471650900	556	589.288	1140.8
1471737300	568	548.895	1139.51
1471823700	600	585.054	1132.24
1471910100	656	597.504	1104.52
1471996500	685	618.53	1112.77
1472082900	670	643.615	1108.93
1472169300	701	640.764	1095.02
1472255700	610	593.066	1091.51
1472342100	564	584.875	1094.95
1472428500	607	560.493	1093.35
1472514900	671	581.962	1094.18
1472601300	605	617.814	1088.47
1472687700	591	562.177	1087.7
1472774100	553	538.547	1077.88
1472860500	515	529.278	1096.59
1472946900	499	523.021	1096.46
1473033300	528	528.744	1093.84
1473119700	563	537.451	1093.59
1473206100	592	569.435	1093.38
1473292500	641	601.736	1099.19
1473378900	644	620.476	1097.56
1473465300	696	608.274	1093.85
1473551700	658	604.081	1094.12
1473638100	616	615.381	1088.02
1473724500	505	474.87	861.137
1473810900	402	355.033	675.906
1473897300	589	548.979	1022.74
1473983700	629	611.555	1076.63
1474070100	631	615.132	1085.79
1474156500	589	584.902	1079.97
1474242900	577	566.447	1081
1474329300	663	588.375	1079.6
1474415700	678	613.761	1067.73
1474502100	629	613.197	1076.63
1474588500	600	560.748	1070.24
1474674900	572	539.679	1065.78
1474761300	585	574.616	1067.02
1474847700	647	594.594	1057.68
1474934100	650	605.82	1064.65
1475020500	598	595.743	1059.66
1475106900	587	561.17	1017.2
1475193300	626	568.846	1023.58
1475279700	605	556.959	1021.02
1475366100	622	560.773	1019.6
1475452500	650	563.165	1019.13
1475538900	620	594.823	1025.5
1475625300	565	553.602	1025.8
1475711700	517	532.611	986.352
1475798100	633	568.696	1025.04
1475884500	552	556.473	1019.38
1475970900	609	563.961	1016.02
1476057300	612	556.469	1016.72
1476143700	625	578.614	1022.37
1476230100	620	595.286	1017
1476316500	600	593.233	1018.58
1476402900	609	567.205	1013.55
1476489300	547	577.762	1005.45
1476575700	437	411.982	717.187
1476662100	567	524.093	928.968
1476748500	409	395.176	730.405
1476834900	350	337.92	632.708
1476921300	450	390.325	754.532
1477007700	569	547.603	1024.83
1477094100	602	594.191	1059.42
1477180500	444	420.81	734.265
1477266900	512	506.695	912.617
1477353300	507	562.841	1052.6
1477439700	572	561.498	1050.07
1477526100	593	569.875	1047.56
1477612500	0	0	0
1477698900	676	603.692	1045.1
1477785300	635	612.353	1051.3
1477871700	500	499.092	872.193
1477958100	601	602.542	1042.83
1478044500	555	559.024	1037.38
1478130900	591	589.545	1031.32
1478217300	606	593.981	1025.85
1478303700	603	590.744	1025.89
1478390100	639	606.637	1018.5
1478476500	638	590.187	1026.4
1478562900	596	586.017	1024.56
1478649300	690	599.249	1014.16
1478735700	593	584.922	1009.02
1478822100	634	583.355	1009.54
1478908500	631	580.906	1017.13
1478994900	619	595.804	1017.87
1479081300	624	602.078	1024.98
1479167700	643	610.56	1015
1479254100	612	587.215	1002.92
1479340500	582	536.37	1000.64
1479426900	576	547.566	995.962
1479513300	622	587.882	1004.04
1479599700	439	381.927	647.26
1479686100	1	0	0
1479772500	588	519.598	959.005
1479858900	591	563.035	977.015
1479945300	462	455.11	780.697
1480031700	417	346.012	595.706
1480118100	493	431.478	731.693
1480204500	426	369.319	625.326
1480290900	0	0	0
1480377300	0	0	0
1480463700	583	528.558	928.069
1480550100	626	589.816	997.349
1480636500	640	568.429	967.432
1480722900	633	568.465	966.102
1480809300	625	609.491	1015.34
1480895700	441	412.077	688.767
1480982100	644	591.297	1017.63
1481068500	616	594.093	1026.33
1481154900	532	544.031	948.571
1481241300	639	595.648	1040.58
1481327700	671	617.53	1045.08
1481414100	692	613.762	1045.25
1481500500	628	631.655	1036.43
1481586900	663	617.588	1032.14
1481673300	643	582.356	1039.99
1481759700	629	609.278	1048.27
1481846100	663	632.563	1047.83
1481932500	674	642.906	1060.7
1482018900	650	604.343	1019.11
1482105300	613	624.671	1062.59
1482191700	635	588.534	977.846
1482278100	705	641.627	1045.81
1482364500	688	624.934	1060.13
1482450900	620	628.665	1077.12
1482537300	622	611.252	1024.75
1482623700	616	586.248	942.215
1482710100	678	641.264	1074
1482796500	588	585.073	1048.94
1482882900	602	558.317	972.951
1482969300	681	666.365	1117.17
1483055700	704	692.369	1124.49
1483142100	733	694.002	1132.45
1483228500	651	650.001	1073.26
1483314900	629	644.086	1108.63
1483401300	692	673.633	1107.98
1483487700	659	673.578	1119.82
1483574100	713	673.737	1146.47
1483660500	674	671.218	1160.16
1483746900	673	706.087	1173.12
1483833300	643	646.969	1064.34
1483919700	338	361.194	585.944
1484006100	709	702.925	1176.97
1484092500	667	698.928	1191.16
1484178900	685	710.328	1188.26
1484265300	730	727.155	1191.73
1484351700	698	710.715	1196.01
1484438100	564	577.24	958.35
1484524500	553	566.288	950.434
1484610900	672	713.254	1191.14
1484697300	692	717.924	1191.91
1484783700	679	707.408	1194.61
1484870100	707	679.16	1139.18
1484956500	741	710.871	1177.18
1485042900	624	605.904	1020.5
1485129300	718	664.607	1114.88
1485215700	675	603.787	1005.48
1485302100	621	651.826	1114.22
1485388500	622	655.414	1148.67
1485474900	694	675.294	1178.73
1485561300	724	711.92	1192.98
1485647700	759	734.029	1195.81
1485734100	737	738.166	1191.05
1485820500	745	710.24	1190.7
1485906900	528	505.343	869.519
1485993300	668	671.725	1143.93
1486079700	625	669.312	1115.45
1486166100	546	546.011	924.225
1486252500	411	390.107	702.111
1486338900	641	645.931	1147.94
1486425300	668	683.328	1155.65
1486511700	604	628.921	1045.52
1486598100	645	635.434	1066.8
1486684500	583	582.104	1007.83
1486770900	635	666.444	1164.97
1486857300	705	684.313	1165.27
1486943700	554	559.053	961.283
1487030100	533	515.406	881.957
1487116500	451	483.585	835.64
1487202900	501	483.416	837.755
1487289300	598	575.096	959.619
1487375700	668	668.551	1111.9
1487462100	733	668.06	1133.23
1487548500	690	684.629	1145.69
1487634900	706	687.676	1151.86
1487721300	662	652.607	1094.39
1487807700	648	688.375	1137.73
1487894100	762	689.313	1126.82
1487980500	467	444.004	750.219
1488066900	426	415.576	706.724
1488153300	361	359.976	611.479
1488239700	384	361.529	611.247
1488326100	359	317.08	520.317
1488412500	599	577.381	948.729
1488498900	658	653.586	1120.92
1488585300	663	641.08	1126.61
1488671700	631	648.517	1124.28
1488758100	655	633.592	1090.83
1488844500	697	643.126	1112.06
1488930900	699	658.161	1101.11
1489017300	690	669.112	1103.75
1489103700	616	630.161	1098.55
1489190100	681	624.191	1107.3
1489276500	598	613.268	1104.18
1489362900	642	620.741	1111.59
1489449300	704	663.314	1128.94
1489535700	614	626.509	1066.77
1489622100	658	612.651	1110.81
1489708500	619	604.412	1117.66
1489794900	688	626.753	1119.8
1489881300	675	635.699	1113.17
1489967700	554	517.212	913.824
1490054100	614	600.324	1073.2
1490140500	269	266.647	473.639
1490226900	420	401.576	709.891
1490313300	667	651.254	1122.65
1490399700	436	429.286	748.423
1490486100	578	625.193	1074.37
1490572500	587	591.647	1022.17
1490658900	638	614.774	1060.5
1490745300	648	634.796	1117.21
1490831700	638	649.414	1126.78
1490918100	612	636.248	1124.55
1491004500	408	390.736	694.976
1491090900	378	388.783	678.912
1491177300	536	518.369	926.492
1491263700	591	601.543	1044.77
1491350100	637	632.563	1107.9
1491436500	598	597.298	1055.3
1491522900	696	649.401	1092.39
1491609300	607	611.537	1101
1491695700	583	595.293	1106.73
1491782100	557	587.187	1098.59
1491868500	353	317.166	568.744
1491954900	590	579.454	1073.33
1492041300	580	520.676	955.322
1492127700	612	615.789	1095.31
1492214100	589	584.438	1045.23
1492300500	596	583.254	1092.93
1492386900	538	571.829	1071.22
1492473300	596	570.051	1050.56
1492559700	611	582.418	1041.05
1492646100	608	584.933	1038.38
1492732500	617	590.93	1050.82
1492818900	611	578.751	1051.43
1492905300	645	588.013	1048.47
1492991700	585	533.035	950.081
1493078100	504	537.209	952.674
1493164500	655	572.806	1052.49
1493250900	640	578.63	1084.31
1493337300	652	607.702	1096.44
1493423700	507	506.582	922.446
1493510100	669	589.3	1081.56
1493596500	679	602.705	1091.09
1493682900	648	610.946	1069.51
1493769300	628	604.767	1091.55
1493855700	627	588.658	1092.81
1493942100	638	609.14	1096.53
1494028500	684	642.509	1119.86
1494114900	626	655.574	1123.06
1494201300	554	522.764	928.772
1494287700	576	598.446	1115.15
1494374100	578	594.28	1119.79
1494460500	583	611.305	1121.39
1494546900	635	619.906	1103.98
1494633300	561	620.134	1108.94
1494719700	644	619.096	1111.06
1494806100	610	595.803	1106.1
1494892500	624	596.132	1121.27
1494978900	638	626.291	1136.65
1495065300	425	423.756	760.755
1495151700	571	526.459	971.957
1495238100	599	620.191	1141.67
1495324500	637	640.018	1147.78
1495410900	655	643.76	1145.25
1495497300	615	618.329	1147.15
1495583700	620	610.11	1139.77
1495670100	602	618.011	1140.07
1495756500	583	595.501	1136.02
1495842900	545	567.31	1143.28
1495929300	545	558.814	1143.4
1496015700	595	536.703	1060.9
1496102100	576	574.236	1144.35
1496188500	620	585.761	1146.75
1496274900	321	321.04	610.272
1496361300	589	601.725	1162.55
1496447700	681	652.425	1176.85
1496534100	611	647.011	1166.93
1496620500	560	599.887	1155.03
1496706900	558	581.953	1137.49
1496793300	532	550.798	1037.19
1496879700	621	632.843	1149.29
1496966100	587	627.051	1176.21
1497052500	600	639.305	1175.95
1497138900	606	634.488	1166.4
1497225300	599	604.672	1162.46
1497311700	661	618.149	1158.19
1497398100	634	608.575	1160.64
1497484500	658	664.249	1158.99
1497570900	671	696.502	1162.7
1497657300	673	672.572	1165.38
1497743700	605	614.846	1165.62
1497830100	562	564.529	1164.53
1497916500	584	582.298	1169.48
1498002900	646	638.028	1170.09
1498089300	548	546.155	930.236
1498175700	401	417.773	737.481
1498262100	393	403.518	738.181
1498348500	423	403.327	738.241
1498434900	428	408.765	736.096
1498521300	253	257.454	474.286
1498607700	0	0	0
1498694100	248	286.547	556.084
1498780500	560	616.678	1173.73
1498866900	562	612.882	1183.4
1498953300	636	628.039	1197.01
1499039700	675	643.152	1192.67
1499126100	631	656.847	1190.97
1499212500	640	632.555	1195.54
1499298900	581	625.751	1194.95
1499385300	631	613.477	1188
1499471700	531	604.672	1185.35
1499558100	638	649.199	1183.19
1499644500	590	619.433	1183.83
1499730900	603	593.081	1181.15
1499817300	590	609.527	1179.93
1499903700	651	672.06	1182.92
1499990100	581	646.608	1180.29
1500076500	597	655.852	1180.92
1500162900	569	586.955	1172.38
1500249300	514	543.375	1169
1500335700	605	578.142	1167.31
1500422100	620	613.756	1171.11
1500508500	618	626.001	1166.18
1500594900	610	627.464	1167.79
1500681300	678	622.701	1152.73
1500767700	651	666.152	1158.34
1500854100	597	606.937	1153.58
1500940500	560	590.312	1151.43
1501026900	608	596.62	1149.95
1501113300	591	605.01	1147.15
1501199700	624	631.409	1150.57
1501286100	617	631.548	1154.37
1501372500	578	587.393	1154.69
1501458900	498	559.112	1148.34
1501545300	594	582.187	1143.37
1501631700	608	579.846	1142.15
1501718100	574	576.648	1132.86
1501804500	548	502.193	972.076
1501890900	637	605.094	1132.89
1501977300	421	419.132	765.244
1502063700	277	280.464	512.858
1502150100	307	313.284	562.322
1502236500	413	416.734	754.142
1502322900	661	650.498	1159.52
1502409300	585	634.786	1154.45
1502495700	619	616.052	1157.04
1502582100	590	604.256	1139.16
1502668500	637	623.284	1114.6
1502754900	559	626.216	1134.71
1502841300	606	596.376	1144.93
1502927700	664	623.511	1163.55
1503014100	672	670.882	1174.57
1503100500	664	634.86	1125.07
1503186900	585	581.666	1127.91
1503273300	569	577.16	1128.82
1503359700	652	636.455	1126
1503446100	631	622.91	1067.78
1503532500	453	390.199	711.799
1503618900	523	465.539	826.071
1503705300	622	562.173	1061.26
1503791700	638	597.477	1105.76
1503878100	669	615.246	1096.39
1503964500	601	567.25	1048.64
1504050900	581	551.916	1093.76
1504137300	582	577.007	1102.86
1504223700	669	622.725	1113.2
1504310100	620	633.97	1113.67
1504396500	466	446.818	847.257
1504482900	505	488.444	950.678
1504569300	638	576.92	1125.03
1504655700	650	613.157	1140.49
1504742100	668	611.228	1147.02
1504828500	702	639.141	1157.36
1504914900	673	641.25	1170.31
1505001300	628	609.795	1172.82
1505087700	664	616.609	1166.04
1505174100	615	607.445	1154.3
1505260500	639	626.642	1182.09
1505346900	683	661.753	1189.17
1505433300	622	603.033	1162.57
1505519700	602	590.028	1178.02
1505606100	633	617.804	1167.8
1505692500	670	656.282	1179.97
1505778900	723	678.125	1169.53
1505865300	678	623	1069.83
1505951700	650	613.762	1171.55
1506038100	617	622.883	1167.52
1506124500	641	607.92	1120.21
1506210900	658	655.849	1168.35
1506297300	680	646.978	1168.42
1506383700	691	636.656	1170.18
1506470100	627	613.987	1171.96
1506556500	654	629.789	1178.6
1506642900	602	607.465	1099.52
1506729300	755	686.533	1193.67
1506815700	612	647.01	1147.92
1506902100	655	670.919	1198.21
1506988500	691	705.592	1217.17
1507074900	757	732.43	1237.45
1507161300	720	732.879	1260.82
1507247700	704	709.627	1253.01
1507334100	592	606.011	1106.16
1507420500	593	596.653	1039.29
1507506900	647	643.015	1154.43
1507593300	608	635.686	1139.86
1507679700	656	652.655	1200
1507766100	594	632.238	1253.73
1507852500	474	480.644	956.072
1507938900	579	539.116	1028.01
1508025300	636	633.852	1161.4
1508111700	334	303.73	533.863
1508198100	436	459.025	799.428
1508284500	758	733.457	1236.1
1508370900	716	699.26	1236.14
1508457300	723	705.551	1241.75
1508543700	685	686.571	1246.34
1508630100	645	656.257	1244.42
1508716500	683	689.434	1238.47
1508802900	726	715.739	1236.03
1508889300	734	703.387	1240.18
1508975700	732	718.369	1244.04
1509062100	700	703.525	1237.16
1509148500	701	720.969	1244.38
1509234900	717	728.753	1239.49
1509321300	692	691.917	1239.42
1509407700	678	702.306	1254.85
1509494100	720	737.626	1265.8
1509580500	768	740.304	1271.06
1509666900	702	719.425	1272.97
1509753300	680	725.284	1291.08
1509839700	682	734.112	1294.44
1509926100	693	737.49	1286.41
1510012500	662	696.769	1233.23
1510098900	577	577.376	1018.8
1510185300	703	703.184	1235.99
1510271700	688	730.453	1291.76
1510358100	717	740.174	1295.1
1510444500	731	745.41	1272.01
1510530900	764	762.881	1269.23
1510617300	610	665.011	1108.12
1510703700	756	765.873	1261.49
1510790100	655	723.832	1260.83
1510876500	755	742.474	1255.96
1510962900	679	722.616	1267.59
1511049300	678	710.981	1212.7
1511135700	672	688.244	1165.04
1511222100	674	701.457	1253.51
1511308500	634	721.698	1268.69
1511394900	742	751.18	1270.27
1511481300	704	726.384	1257.38
1511567700	640	715.73	1260.38
1511654100	694	727.616	1255.11
1511740500	733	745.822	1260.88
1511826900	682	688.109	1245.28
1511913300	721	739.176	1260.56
1511999700	713	743.021	1260.97
1512086100	604	656.741	1106.22
1512172500	665	740.08	1285.74
1512258900	432	433.535	766.565
1512345300	443	409.652	740.513
1512431700	608	655.009	1166.31
1512518100	657	686.919	1168.73
1512604500	728	748.048	1267.99
1512690900	419	427.002	718.543
1512777300	394	356.675	593.835
1512863700	722	713.909	1217.17
1512950100	743	713.234	1220.46
1513036500	697	724.239	1220.45
1513122900	679	709.572	1195.22
1513209300	702	729.671	1253.61
1513295700	723	746.882	1257.54
1513382100	757	750.798	1232.99
1513468500	528	494.375	811.329
1513554900	665	686.379	1232.26
1513641300	793	749.029	1278.09
1513727700	758	744.141	1233.34
1513814100	772	777.384	1280.28
1513900500	738	747.607	1262.16
1513986900	768	757.488	1283.85
1514073300	696	725.582	1282.48
1514159700	787	758.616	1280.24
1514246100	667	696.638	1161.38
1514332500	582	579.588	999.049
1514418900	734	752.603	1267.92
1514505300	718	733.912	1218.74
1514591700	797	768.766	1252.81
1514678100	623	678.406	1135.15
1514764500	432	450.895	785.751
1514850900	669	699.515	1182.11
1514937300	658	697.049	1180.85
1515023700	741	775.239	1267.59
1515110100	744	757.4	1240.38
1515196500	764	715.542	1246.64
1515282900	681	662.2	1158.4
1515369300	680	673.965	1147.53
1515455700	563	543.916	920.902
1515542100	485	447.176	757.261
1515628500	566	589.973	998.703
1515714900	636	617.129	1022.56
1515801300	767	754.216	1238.28
1515887700	622	629.786	1094.56
1515974100	610	594.809	1020.79
1516060500	722	700.663	1194.03
1516146900	602	597.894	1033.77
1516233300	644	687.658	1186.32
1516319700	739	717.876	1235.37
1516406100	736	735.425	1239.16
1516492500	754	746.896	1230.07
1516578900	609	566.027	947.093
1516665300	565	586.862	976.167
1516751700	664	680.007	1146.62
1516838100	688	695.108	1208.56
1516924500	581	564.976	969.525
1517010900	668	726.749	1216.3
1517097300	689	699.616	1193.57
1517183700	737	684.561	1154.52
1517270100	634	628.621	1037.47
1517356500	676	661.978	1122.33
1517442900	625	651.236	1119.77
1517529300	696	622.193	1055.98
1517615700	746	727.648	1205.43
1517702100	740	689.064	1129.35
1517788500	645	626.955	1035.77
1517874900	738	733.235	1203.28
1517961300	748	725.82	1182.74
1518047700	658	693.575	1159.4
1518134100	685	672.346	1112.77
1518220500	670	694.512	1201.56
1518306900	648	676.596	1226.97
1518393300	686	661.365	1228.15
1518479700	705	703.177	1228.88
1518566100	668	691.281	1181.12
1518652500	753	725.885	1216.86
1518738900	645	641.476	1081.78
1518825300	682	658.113	1112.98
1518911700	598	585.511	970.394
1518998100	714	673.437	1109.72
1519084500	571	565.239	961.592
1519170900	666	706.024	1243.97
1519257300	700	723.967	1251.34
1519343700	465	453.798	786.214
1519430100	578	573.07	1025.83
1519516500	563	513.904	914.207
1519602900	686	704.189	1221.83
1519689300	521	512.079	877.967
1519775700	455	469.153	827.058
1519862100	674	692.189	1199.02
1519948500	730	733.076	1262.98
1520034900	750	747.399	1264.13
1520121300	644	657.097	1106.18
1520207700	662	667.677	1153.5
1520294100	688	703.017	1264.72
1520380500	731	708.609	1248.09
1520466900	714	722.321	1218.42
1520553300	612	648.46	1093.35
1520639700	754	762.204	1250.27
1520726100	729	709.353	1234.97
1520812500	695	710.518	1243.28
1520898900	707	729.181	1256.96
1520985300	692	682.665	1185.94
1521071700	743	720.895	1253.67
1521158100	713	722.822	1258.74
1521244500	728	767.536	1264.43
1521330900	740	750.954	1260.88
1521417300	738	714.746	1262.29
1521503700	728	724.891	1272.14
1521590100	682	673.123	1246.51
1521676500	735	719.565	1254.1
1521762900	760	766.925	1268.29
1521849300	742	737.224	1262.28
1521935700	650	671.335	1258.98
1522022100	664	694.263	1259.78
1522108500	680	706.127	1267.68
1522194900	743	724.918	1264.82
1522281300	723	731.625	1268.72
1522367700	724	700.278	1231.46
1522454100	657	693.82	1206.77
1522540500	700	730.589	1271.61
1522626900	664	707.057	1256.08
1522713300	701	718.076	1254.17
1522799700	746	725.901	1250.28
1522886100	719	730.104	1243.25
1522972500	532	585.301	1052.58
1523058900	435	483.216	858.244
1523145300	649	686.062	1212.88
1523231700	713	691.831	1214.94
1523318100	719	726.613	1207.05
1523404500	701	725.622	1206.89
1523490900	641	679.646	1207.55
1523577300	494	493.671	949.885
1523663700	676	638.145	1194.78
1523750100	678	650.308	1200.54
1523836500	702	661.696	1198.5
1523922900	704	678.507	1205.98
1524009300	696	656.128	1200.58
1524095700	690	673.716	1199.01
1524182100	711	661.166	1160.38
1524268500	705	705.937	1233.64
1524354900	688	699.933	1207.74
1524441300	712	686.966	1224.48
1524527700	653	696.147	1254.52
1524614100	655	708.421	1273.45
1524700500	744	725.339	1278.39
1524786900	796	750.726	1272.1
1524873300	653	701.327	1277.01
1524959700	731	686.239	1259.22
1525046100	708	699.227	1277.6
1525132500	662	670.948	1267.85
1525218900	684	702.485	1274.93
1525305300	673	716.668	1280.51
1525391700	672	718.534	1277
1525478100	694	689.278	1270.54
1525564500	724	693.551	1272.07
1525650900	681	701.462	1262.71
1525737300	689	662.519	1203.77
1525823700	657	696.902	1256.19
1525910100	526	572.815	1039.25
1525996500	639	668.026	1240.74
1526082900	698	666.562	1234.07
1526169300	732	679.14	1230.22
1526255700	712	700.274	1221.58
1526342100	635	683.664	1229.46
1526428500	616	636.335	1223.83
1526514900	701	656.524	1217.66
1526601300	690	657.015	1215.02
1526687700	620	617.44	1214.26
1526774100	356	315.382	614.741
1526860500	719	651.552	1214.7
1526946900	654	615.738	1193.82
1527033300	650	614.487	1186.57
1527119700	646	633.708	1227.35
1527206100	695	651.465	1247.73
1527292500	690	650.348	1197.64
1527378900	682	686.075	1242.5
1527465300	692	703.567	1241.89
1527551700	707	699.886	1231.55
1527638100	613	667.707	1213.86
1527724500	582	624.152	1201.84
1527810900	579	584.124	1204.04
1527897300	617	581.977	1204.86
1527983700	297	296.643	609.772
1528070100	604	588.907	1197.41
1528156500	574	569.097	1179.05
1528242900	652	604.77	1168.33
1528329300	636	595.753	1155.38
1528415700	658	644.117	1180.14
1528502100	705	699.454	1237.18
1528588500	716	714.747	1244.58
1528674900	665	688.259	1242.45
1528761300	608	639.587	1243.74
1528847700	616	614.617	1244.64
1528934100	636	597.431	1243.88
1529020500	592	599.415	1244.12
1529106900	659	613.877	1250.08
1529193300	643	644.141	1259.83
1529279700	704	658.035	1263.59
1529366100	693	675.223	1260.86
1529452500	696	680.925	1260.04
1529538900	730	688.285	1262.43
1529625300	663	664.484	1262.29
1529711700	698	699.598	1263.48
1529798100	269	331.137	629.649
1529884500	638	652.677	1242.6
1529970900	343	347.423	629.51
1530057300	676	720.504	1226.66
1530143700	572	564.514	987.581
1530230100	468	474.817	870.856
1530316500	593	539.278	990.711
1530402900	478	470.9	860.387
1530489300	667	660.663	1225.66
1530575700	502	500.33	1002.08
1530662100	631	615.042	1210.78
1530748500	579	612.279	1184.53
1530834900	631	618.267	1181.74
1530921300	618	607.27	1175.66
1531007700	551	575.617	1148.37
1531094100	536	540.412	1136.09
1531180500	584	552.767	1134.53
1531266900	676	590.226	1136.21
1531353300	639	625.792	1192.5
1531439700	662	661.371	1194.56
1531526100	713	682.489	1184.46
1531612500	707	672.46	1196.87
1531698900	598	610.43	1190
1531785300	648	610.57	1193.32
1531871700	642	629.151	1196.8
1531958100	617	600.81	1171.59
1532044500	579	569.389	1155.57
1532130900	632	596.055	1165.85
1532217300	662	654.823	1171.69
1532303700	638	589.199	1165.27
1532390100	575	559.284	1162.26
1532476500	546	571.95	1175.74
1532562900	624	585.057	1179.53
1532649300	643	604.461	1179.54
1532735700	645	629.944	1214.04
1532822100	672	634.754	1216.37
1532908500	691	628.971	1216.33
1532994900	600	607.013	1215.91
1533081300	635	620.315	1229.96
1533167700	673	622.313	1229.21
1533254100	631	657.782	1239.64
1533340500	668	639.459	1241.95
1533426900	527	525.608	1006.15
1533513300	573	556.265	1005.67
1533599700	670	660.469	1145.68
1533686100	604	635.58	1250.46
1533772500	663	616.022	1262.39
1533858900	653	646.989	1271.23
1533945300	741	672.968	1275.52
1534031700	662	692.685	1277.56
1534118100	633	683.693	1278.97
1534204500	627	650.158	1282.32
1534290900	649	651.385	1280.34
1534377300	711	682.009	1289.77
1534463700	776	699.404	1297.73
1534550100	705	724.506	1293.33
1534636500	601	630.701	1291.32
1534722900	549	600.609	1292.12
1534809300	633	633.99	1290.31
1534895700	686	681.432	1292.19
1534982100	739	742.06	1291.2
1535068500	668	677.43	1289.44
1535154900	598	644.631	1291.03
1535241300	701	673.744	1293.27
1535327700	343	358.372	661.931
1535414100	706	727.238	1297.03
1535500500	685	726.871	1295.09
1535586900	706	707.43	1296.5
1535673300	592	663.863	1288.67
1535759700	615	650.071	1296.38
1535846100	640	648.233	1284.36
1535932500	678	680.649	1281.97
1536018900	174	152.489	293.774
1536105300	722	726.865	1287.84
1536191700	710	744.324	1300.56
1536278100	622	702.602	1297.02
1536364500	646	675.32	1283.41
1536450900	626	685.172	1293.47
1536537300	628	687.175	1285.13
1536623700	658	703.228	1291.88
1536710100	682	720.212	1289.23
1536796500	638	684.355	1288.89
1536882900	678	697.846	1279.44
1536969300	716	727.624	1282.05
1537055700	602	679.689	1226.74
1537142100	472	442.238	788.82
1537228500	659	710.652	1221.72
1537314900	691	707.692	1274.13
1537401300	666	712.728	1276.2
1537487700	729	732.77	1268.23
1537574100	720	661.759	1109.16
1537660500	690	713.292	1218.04
1537746900	650	682.191	1225.19
1537833300	661	679.43	1242.09
1537919700	757	704.792	1259.87
1538006100	684	698	1265.93
1538092500	689	722.675	1266.46
1538178900	681	729.041	1263.55
1538265300	671	726.255	1263.4
1538351700	640	691.32	1255.42
1538438100	681	678.88	1267.71
1538524500	631	678.36	1266.6
1538610900	637	670.408	1268.75
1538697300	648	680.736	1284.05
1538783700	743	718.853	1287.6
1538870100	740	713.346	1230.57
1538956500	762	728.924	1224.36
1539042900	703	716.759	1262.61
1539129300	632	676.922	1260.26
1539215700	659	661.901	1253.6
1539302100	633	690.776	1273.89
1539388500	697	698.133	1267.69
1539474900	695	685.284	1266.03
1539561300	711	717.754	1259.63
1539647700	719	726.004	1213.55
1539734100	685	732.597	1248.86
1539820500	669	717.97	1259.07
1539906900	642	683.147	1256.54
1539993300	676	688.963	1261.83
1540079700	673	712.11	1256
1540166100	682	708.361	1256.27
1540252500	673	697.477	1263.02
1540338900	682	692.759	1264.17
1540425300	653	713.643	1264.67
1540511700	672	703.766	1263.71
1540598100	723	719.89	1272.19
1540684500	664	721.811	1266.6
1540770900	540	575.594	994.133
1540857300	715	731.152	1262.9
1540943700	609	656.613	1153.98
1541030100	655	661.775	1199.46
1541116500	696	746.007	1271.97
1541202900	663	753.472	1283.52
1541289300	718	737.079	1265.07
1541375700	767	731.838	1241.86
1541462100	667	681.439	1207.68
1541548500	615	705.441	1280.6
1541634900	698	739.507	1288.99
1541721300	704	737.128	1232.46
1541807700	762	771.966	1288.74
1541894100	651	663.524	1117.96
1541980500	634	733.789	1275.44
1542066900	624	700.743	1269.16
1542153300	717	705.614	1264.4
1542239700	730	734.603	1263.4
1542326100	674	723.54	1268.78
1542412500	679	743.563	1267.72
1542498900	704	711.13	1269.22
1542585300	677	725.159	1268.5
1542671700	692	731.155	1234.3
1542758100	712	720.256	1206
1542844500	716	712.119	1178.74
1542930900	648	690.365	1225.66
1543017300	661	688.565	1221.84
1543103700	731	723.846	1251.32
1543190100	660	718.05	1245.95
1543276500	655	656.665	1141.22
1543362900	580	619.821	1072.8
1543449300	704	719.89	1245.27
1543535700	688	712.542	1222.55
1543622100	616	613.03	1105.71
1543708500	601	644.235	1221.13
1543794900	764	694.514	1231.27
1543881300	682	700.456	1201.16
1543967700	579	559.546	995.93
1544054100	643	640.029	1198.43
1544140500	605	659.125	1212.94
1544226900	707	700.206	1217.39
1544313300	673	703.136	1189.03
1544399700	346	356.405	605.052
1544486100	693	712.528	1182.61
1544572500	653	687.689	1186.41
1544658900	723	715.047	1220.33
1544745300	753	719.862	1211.58
1544831700	653	656.968	1155.55
1544918100	0	0	0
1545004500	397	384.945	652.701
1545090900	660	661.426	1178
1545177300	700	683.544	1179.47
1545263700	741	693.356	1163.72
1545350100	670	652.309	1147.47
1545436500	672	681.885	1155.92
1545522900	655	667.425	1118.29
1545609300	243	223.977	377.675
1545695700	324	293.928	496.246
1545782100	273	286.64	470.676
1545868500	625	665.488	1077.94
1545954900	662	621.536	1027.51
1546041300	715	681.125	1118.45
1546127700	704	677.462	1136.4
1546214100	740	675.483	1162.05
1546300500	755	700.567	1154.51
1546386900	740	705.969	1157.8
1546473300	700	679.144	1160.77
1546559700	662	618.941	1039.9
1546646100	763	725.501	1193.1
1546732500	750	681.827	1110.49
1546818900	726	714.632	1184.51
1546905300	757	723.447	1200.05
1546991700	719	748.066	1244.23
1547078100	656	723.001	1259.46
1547164500	713	699.41	1276.14
1547250900	683	744.793	1275.03
1547337300	664	704.085	1206.95
1547423700	657	719.253	1263.55
1547510100	704	721.099	1263.67
1547596500	765	747.924	1255.26
1547682900	717	720.417	1239.05
1547769300	656	671.357	1246.48
1547855700	694	696.607	1239.9
1547942100	800	725.335	1229.01
1548028500	750	738.877	1223.52
1548114900	641	707.084	1182.04
1548201300	663	653.093	1078.75
1548287700	766	738.449	1220.83
1548374100	797	746.015	1207.54
1548460500	718	742.058	1219.74
1548546900	749	724.372	1219.98
1548633300	669	645.472	1063.09
1548719700	739	740.242	1212.23
1548806100	740	734.357	1208.81
1548892500	748	719.59	1206.22
1548978900	714	718.535	1212.26
1549065300	577	607.431	1056.4
1549151700	672	643.124	1174.62
1549238100	673	666.749	1214.77
1549324500	629	682.779	1197.55
1549410900	781	723.245	1199.98
1549497300	670	639.442	1041.64
1549583700	702	708.55	1183.74
1549670100	732	704.07	1182.62
1549756500	698	683.876	1130.64
1549842900	723	711.817	1186.55
1549929300	613	622.483	1193.34
1550015700	630	646.846	1189.3
1550102100	689	681.546	1190.55
1550188500	701	690.656	1191.8
1550274900	789	694.372	1186.56
1550361300	698	712.831	1186.85
1550447700	702	652.49	1075.25
1550534100	756	695.034	1153.09
1550620500	724	702.913	1178.12
1550706900	737	714.288	1173.58
1550793300	704	705.708	1175.37
1550879700	697	690.973	1176.98
1550966100	703	699.637	1176.19
1551052500	679	672.698	1170.7
1551138900	661	646.183	1174.19
1551225300	660	672.196	1187.11
1551311700	718	669.864	1170.14
1551398100	755	695.105	1164.25
1551484500	723	688.92	1169.32
1551570900	705	688.015	1178.75
1551657300	691	678.175	1131.48
1551743700	688	677.266	1163.96
1551830100	657	661.899	1160.35
1551916500	797	698.39	1167.32
1552002900	686	675.988	1159.57
1552089300	587	617.073	1155.61
1552175700	583	613.367	1158.36
1552262100	608	635.242	1159.69
1552348500	722	658.29	1153.36
1552434900	692	661.677	1153.36
1552521300	691	678.558	1172.12
1552607700	703	677.88	1183.4
1552694100	681	666.492	1188.24
1552780500	602	585.629	1077.45
1552866900	579	557.606	977.767
1552953300	661	654.084	1159.59
1553039700	582	584.925	1110.6
1553126100	630	652.623	1219.78
1553212500	675	693.031	1232.6
1553298900	743	713.203	1259.46
1553385300	695	711.712	1264.08
1553471700	657	688.929	1266.35
1553558100	709	678.196	1265.96
1553644500	700	682.478	1277.52
1553730900	684	699.018	1280.77
1553817300	727	714.467	1277.54
1553903700	714	725.426	1262.06
1553990100	705	727.95	1260.62
1554076500	645	687.81	1203.81
1554162900	731	726.663	1268.58
1554249300	694	719.856	1261.54
1554335700	724	680.945	1129.9
1554422100	642	695.916	1251.97
1554508500	632	674.704	1249.44
1554594900	688	685.868	1249.21
1554681300	752	694.03	1246.15
1554767700	688	711.222	1245.05
1554854100	732	696.026	1230.56
1554940500	670	672.817	1234.18
1555026900	618	686.122	1241.19
1555113300	770	729.493	1249.49
1555199700	708	711.044	1255.83
1555286100	662	681.517	1260.09
1555372500	653	677.626	1270.95
1555458900	682	690.063	1231.87
1555545300	732	718.786	1256.91
1555631700	669	708.435	1233.09
1555718100	692	722.136	1265.99
1555804500	654	697.809	1276.39
1555890900	679	688.463	1274.26
1555977300	693	704.77	1275.89
1556063700	665	699.839	1261.78
1556150100	638	678.91	1253.63
1556236500	622	681.235	1265.08
1556322900	652	687.396	1270.75
1556409300	700	702.043	1269.33
1556495700	697	720.361	1268.97
1556582100	629	696.892	1274.81
1556668500	663	692.048	1269.86
1556754900	713	758.02	1269.72
1556841300	690	756.839	1262.01
1556927700	665	725.399	1257.57
1557014100	690	714.021	1252.67
1557100500	624	678.524	1252.8
1557186900	731	663.811	1230
1557273300	680	698.274	1251.26
1557359700	706	714.533	1252.35
1557446100	667	690.929	1242.9
1557532500	599	664.689	1250.79
1557618900	611	604.347	1124.27
1557705300	655	668.674	1243.81
1557791700	647	632.997	1243.48
1557878100	653	648.803	1244.86
1557964500	688	672.324	1245.16
1558050900	724	696.943	1248.3
1558137300	689	708.768	1250.01
1558223700	628	658.462	1249.5
1558310100	620	657.269	1237.86
1558396500	311	319.894	627.719
1558482900	62	65.3844	138.816
1558569300	275	258.066	536.395
1558655700	532	475.717	933.085
1558742100	661	659.464	1226.96
1558828500	673	671.357	1213.91
1558914900	621	601.502	1122.24
1559001300	653	654.962	1223.7
1559087700	674	663.322	1240.81
1559174100	591	672.21	1249.04
1559260500	650	664.835	1249.65
1559346900	305	677.246	1250.49
1559433300	643	663.437	1248.92
1559519700	583	607.669	1197.68
1559606100	603	605.624	1164.99
1559692500	680	696.175	1225.06
1559778900	690	707.388	1237.66
1559865300	670	658.8	1241.11
1559951700	633	635.134	1239.59
1560038100	684	653.559	1235.66
1560124500	652	696.607	1235.93
1560210900	687	677.687	1245.07
1560297300	696	689.438	1256.11
1560383700	639	682.25	1259.97
1560470100	593	668.522	1259.61
1560556500	650	645.516	1262.51
1560642900	551	616.847	1263.18
1560729300	598	627.249	1256.82
1560815700	622	648.761	1248.9
1560902100	619	646.806	1243.69
1560988500	646	637.74	1239.63
1561074900	702	658.541	1226.35
1561161300	701	659.912	1235.84
1561247700	701	655.878	1232.14
1561334100	675	680.443	1230.66
1561420500	601	656.904	1228.37
1561506900	658	661.878	1235
1561593300	696	708.48	1234.54
1561679700	657	700.23	1232.29
1561766100	646	694.253	1248.25
1561852500	637	659.857	1251.56
1561938900	591	615.713	1251.79
1562025300	718	704.161	1259.57
1562111700	670	705.634	1265.94
1562198100	695	681.46	1265.97
1562284500	602	629.323	1256.29
1562370900	615	606.372	1239.77
1562457300	629	643.089	1268.17
1562543700	702	680.725	1259.74
1562630100	651	685.259	1257.82
1562716500	649	655.231	1260.45
1562802900	617	667.105	1257.02
1562889300	688	683.249	1279.29
1562975700	641	650.521	1248.1
1563062100	712	644.859	1232.06
1563148500	664	638.978	1236.04
1563234900	612	622.95	1232.84
1563321300	678	656.587	1229.92
1563407700	665	682.968	1234.56
1563494100	620	620.938	1234.53
1563580500	690	679.832	1236.64
1563666900	713	724.363	1210.62
1563753300	634	646.53	1196.3
1563839700	605	591.664	1184.34
1563926100	579	566.556	1178.79
1564012500	588	570.603	1177.54
1564098900	622	598.324	1177.12
1564185300	579	586.29	1173.64
1564271700	633	590.289	1158.9
1564358100	682	629.827	1158.98
1564444500	649	636.097	1158.59
1564530900	706	660.765	1169
1564617300	636	650.942	1182.39
1564703700	538	575.926	1175.85
1564790100	573	581.732	1210.89
1564876500	623	605.175	1210.17
1564962900	658	636.461	1212.5
1565049300	741	692.439	1204.33
1565135700	634	650.483	1201.04
1565222100	575	587.546	1201.25
1565308500	588	575.387	1200.96
1565394900	647	609.825	1200.05
1565481300	724	651.189	1186.89
1565567700	592	616.952	1186.79
1565654100	581	574.246	1184.56
1565740500	584	576.405	1184.89
1565826900	683	615.644	1180.92
1565913300	701	626.609	1175.94
1565999700	670	646.026	1174.29
1566086100	673	630.684	1175.76
1566172500	576	588.438	1177.81
1566258900	613	602.239	1178.12
1566345300	663	614.477	1192.44
1566431700	600	617.574	1193.04
1566518100	643	616.638	1191.92
1566604500	677	662.03	1213.68
1566690900	662	680.366	1217.34
1566777300	641	667.074	1217.8
1566863700	671	675.168	1223.13
1566950100	691	691.967	1228.39
1567036500	700	699.649	1208.29
1567122900	645	660.251	1212.4
1567209300	631	633.744	1219.98
1567295700	676	628.598	1219.38
1567382100	642	632.776	1220.52
1567468500	564	609.729	1227.25
1567554900	619	615.422	1227.3
1567641300	632	613.723	1217.44
1567727700	648	651.381	1227.39
1567814100	614	660.963	1230.8
1567900500	630	666.622	1229.65
1567986900	654	684.378	1230.01
1568073300	637	655.691	1239.19
1568159700	615	655.325	1244.94
1568246100	647	646.871	1241.36
1568332500	634	656.726	1239.6
1568418900	652	684.163	1245.83
1568505300	741	720.574	1246.44
1568591700	653	680.441	1245.15
1568678100	608	649.61	1247.77
1568764500	681	691.243	1246.57
1568850900	712	736.174	1249.78
1568937300	669	672.869	1253.77
1569023700	596	654.332	1248.58
1569110100	627	653.092	1249.91
1569196500	645	659.916	1237.53
1569282900	669	652.658	1224.76
1569369300	660	655.925	1228.54
1569455700	628	674.931	1218.15
1569542100	669	693.839	1214.62
1569628500	718	700.718	1222.36
1569714900	735	702.245	1218.91
1569801300	704	735.574	1220.16
1569887700	678	705.767	1236.07
1569974100	626	659.82	1236.46
1570060500	634	655.52	1241.8
1570146900	575	642.382	1232.44
1570233300	597	619.903	1185.94
1570319700	627	656.211	1226.89
1570406100	643	706.384	1230.03
1570492500	635	694.006	1239.88
1570578900	629	696.11	1243.12
1570665300	699	707.995	1241.92
1570751700	690	729.566	1230.98
1570838100	679	718.96	1222.68
1570924500	669	702.869	1224.98
1571010900	609	646.726	1229.09
1571097300	593	607.154	1235.78
1571183700	602	635.036	1232.22
1571270100	664	645.077	1219.45
1571356500	648	667.259	1226
1571442900	629	665.14	1222.25
1571529300	717	685.96	1204.03
1571615700	642	686.94	1216.43
1571702100	645	669.736	1206.28
1571788500	620	666.386	1217.15
1571874900	669	686.032	1215.17
1571961300	685	686.964	1210.53
1572047700	711	708.336	1208.28
1572134100	681	712.72	1200.77
1572220500	674	702.002	1203.85
1572306900	660	699.286	1203.94
1572393300	654	648.311	1136.59
1572479700	645	670.687	1203.89
1572566100	710	710.145	1211.97
1572652500	637	679.185	1190.68
1572738900	658	665.469	1190.37
1572825300	699	704.161	1181.31
1572911700	640	692.63	1198.18
1572998100	679	687.882	1208.96
1573084500	637	701.114	1212.04
1573170900	693	709.211	1232.18
1573257300	684	691.675	1203.07
1573343700	595	571.253	987.925
1573430100	582	573.027	970.459
1573516500	676	712.885	1199.56
1573602900	722	710.801	1209.88
1573689300	690	700.019	1197.33
1573775700	663	698.22	1202.84
1573862100	704	718.815	1199.64
1573948500	714	713.597	1200.31
1574034900	691	712.132	1204.06
1574121300	625	687.822	1204.15
1574207700	637	708.923	1202.96
1574294100	703	713.559	1204.69
1574380500	716	698.404	1201.58
1574466900	664	692.516	1203.86
1574553300	725	719.568	1201.61
1574639700	749	719.358	1199.33
1574726100	686	691.029	1202.66
1574812500	659	682.318	1207.07
1574898900	670	699.764	1211.46
1574985300	703	738.34	1221.88
1575071700	677	724.98	1228.5
1575158100	674	703.137	1228.97
1575244500	691	697.796	1214.66
1575330900	696	731.613	1229.65
1575417300	631	701.957	1223.08
1575503700	683	682.491	1217.11
1575590100	730	708.452	1210.64
1575676500	700	695.383	1204.09
1575762900	717	704.704	1198.19
1575849300	644	710.569	1204.81
1575935700	390	410.098	683.268
1576022100	323	336.173	560.453
1576108500	327	340.572	575.699
1576194900	373	404.928	707.921
1576281300	661	650.729	1104.07
1576367700	650	683.959	1188.49
1576454100	705	682.165	1195.02
1576540500	686	699.554	1192.86
1576626900	755	724.765	1195.27
1576713300	718	739.808	1214.44
1576799700	715	725.929	1224.61
1576886100	668	705.61	1223.95
1576972500	563	619.573	1071.91
1577058900	709	718.535	1215.09
1577145300	726	743.409	1207.93
1577231700	733	723.524	1202.24
1577318100	666	689.61	1196.95
1577404500	737	721.854	1200.76
1577490900	638	685.545	1135.4
1577577300	717	700.795	1185.26
1577663700	673	675.52	1111.23
1577750100	621	635.035	1056.86
1577836500	733	684.092	1149.99
