1388671419	710	721.187	1218.61
1388757861	714	707.598	1212.33
1388844303	670	646.805	1105.84
1388930745	63	59.065	109.307
1389017187	768	708.992	1209.68
1389103629	711	705.108	1205.61
1389190071	691	706.757	1207.41
1389276512	699	708.565	1205.52
1389362954	721	702.408	1203.82
1389449396	675	693.884	1204.17
1389535838	739	699.76	1206.15
1389622280	722	704.936	1210.48
1389708722	704	696.722	1198.15
1389795164	660	708.53	1220.66
1389881605	742	719.713	1229.93
1389968047	739	727.982	1243.94
1390054489	732	729.635	1252.28
1390140931	634	633.351	1090.49
1390227373	720	733.291	1240.23
1390313815	720	733.845	1238.94
1390400257	733	730.108	1230.08
1390486698	550	574.495	968.212
1390573140	637	661.971	1136.7
1390659582	729	684.851	1171.92
1390746024	686	690.03	1176.91
1390832466	620	673.612	1143.97
1390918908	682	645.76	1110.67
1391005350	718	713.857	1222.45
1391091791	739	717.54	1220.88
1391178233	724	716.296	1217.97
1391264675	748	717.932	1217.15
1391351117	752	715.357	1204.48
1391437559	660	702.026	1186.71
1391524001	698	720.648	1215.16
1391610443	632	620.876	1047.02
1391696884	506	511.798	872.54
1391783326	702	711.714	1206.09
1391869768	702	741.564	1208.24
1391956210	713	706.292	1206.35
1392042652	511	584.215	997.646
1392129094	667	691.94	1182.12
1392215536	709	684.242	1174.25
1392301977	669	695.61	1200.03
1392388419	419	436.01	768.418
1392474861	284	293.965	505.726
1392561303	263	289.919	496.308
1392647745	362	383.746	647.978
1392734187	581	590.935	1012.46
1392820629	515	485.093	827.835
1392907070	548	593.267	1011.68
1392993512	543	542.624	931.708
1393079954	699	698.674	1199.26
1393166396	753	706.518	1198.91
1393252838	616	657.814	1128.53
1393339280	565	603.913	1042.02
1393425722	657	656.668	1128.38
1393512164	661	656.526	1122.51
1393598605	479	451.617	782.133
1393685047	661	623.981	1058.45
1393771489	707	672.749	1157.98
1393857931	704	682.838	1170.01
1393944373	666	685.008	1167.27
1394030815	669	682.279	1165.85
1394117257	661	685.22	1177.82
1394203698	721	675.457	1159.89
1394290140	737	689.612	1176.08
1394376582	658	677.681	1154.88
1394463024	613	640.78	1090.37
1394549466	646	648.525	1105.46
1394635908	693	670.951	1141.95
1394722350	651	686.553	1170.69
1394808791	711	690.644	1171.48
1394895233	648	691.926	1169.24
1394981675	697	690.703	1159.49
1395068117	645	670.108	1141.86
1395154559	636	675.141	1152.47
1395241001	740	717.693	1219.46
1395327443	766	717.497	1212.27
1395413884	697	719.689	1230.49
1395500326	784	731.482	1262.18
1395586768	800	733.763	1257.78
1395673210	752	730.504	1253.5
1395759652	793	728.104	1263.7
1395846094	741	738.731	1271.92
1395932536	744	736.343	1253.76
1396018977	685	683.075	1157.59
1396105419	710	673.948	1125.58
1396191861	717	738.857	1239.95
1396278303	762	739.673	1259.45
1396364745	692	716.599	1238.77
1396451187	774	731.91	1252.92
1396537629	689	693.624	1183.64
1396624070	738	739.435	1262.66
1396710512	726	746.927	1276.75
1396796954	535	525.409	894.245
1396883396	704	753.758	1267.51
1396969838	500	537.497	906.049
1397056280	748	741.768	1255.24
1397142722	735	757.109	1290.52
1397229163	796	766.584	1297.42
1397315605	743	760.03	1305.07
1397402047	764	731.298	1255.72
1397488489	554	546.107	932.53
1397574931	266	260.233	434.237
1397661373	333	323.544	556.593
1397747815	792	746.669	1270.81
1397834256	756	754.507	1275.03
1397920698	789	727.973	1243.66
1398007140	724	743.431	1268.09
1398093582	736	730.931	1255.87
1398180024	572	599.716	1011.94
1398266466	439	447.415	782.557
1398352908	742	740.252	1275.26
1398439349	677	673.775	1149.01
1398525791	802	748.822	1263.18
1398612233	772	745.559	1270.18
1398698675	686	746.436	1274.67
1398785117	796	769.377	1303.74
1398871559	728	741.472	1254.55
1398958001	726	773.373	1293.8
1399044442	752	766.299	1289.57
1399130884	750	739.93	1253.09
1399217326	713	750.868	1276.98
1399303768	745	751.982	1284.09
1399390210	782	719.147	1225.25
1399476652	753	737.229	1268.35
1399563094	749	776.02	1286.13
1399649535	703	742.05	1270.94
1399735977	705	691.583	1180.82
1399822419	777	752.345	1282.63
1399908861	789	754.973	1277.87
1399995303	740	707.164	1198.34
1400081745	760	736.85	1246.89
1400168187	745	746.825	1272.43
1400254628	601	559.386	957.47
1400341070	719	746.342	1269.78
1400427512	790	758.854	1278.55
1400513954	750	741.234	1251.01
1400600396	752	748.562	1250.75
1400686838	753	748.49	1256.09
1400773280	698	738.306	1265.3
1400859721	786	734.943	1255.07
1400946163	783	743.235	1253.18
1401032605	696	693.703	1179.86
1401119047	765	719.875	1220.35
1401205489	757	733.155	1244.64
1401291931	764	727.067	1211.82
1401378373	808	778.826	1298.37
1401464814	799	776.449	1312.08
1401551256	782	778.593	1316.46
1401637698	818	786.059	1318.03
1401724140	820	797.571	1328.74
1401810582	793	807.365	1329.84
1401897024	798	800.854	1326.83
1401983466	755	793.741	1323.83
1402069907	809	807.566	1329.91
1402156349	779	799.226	1325.63
1402242791	778	793.984	1321.41
1402329233	806	774.302	1314.13
1402415675	868	795.913	1324.6
1402502117	723	765.045	1263.07
1402588559	773	787.791	1316.98
1402675001	773	748.234	1269.16
1402761442	825	774.144	1306.27
1402847884	836	766.63	1301.99
1402934326	765	759.3	1302.9
1403020768	778	757	1301.98
1403107210	760	750.064	1295.62
1403193652	827	761.746	1294.97
1403280094	815	759.716	1276.21
1403366535	814	772.37	1287.98
1403452977	738	728.779	1226.35
1403539419	759	732.358	1238.25
1403625861	781	765.996	1295.07
1403712303	745	764.712	1292.32
1403798745	780	760.988	1298.55
1403885187	806	763.758	1315.16
1403971628	793	763.499	1307.6
1404058070	830	756.664	1281.32
1404144512	774	775.444	1299.22
1404230954	782	774.931	1289.13
1404317396	774	769.595	1280.47
1404403838	782	771.237	1287.94
1404490280	777	769.171	1287.33
1404576721	734	750.692	1272.51
1404663163	777	756.865	1285.98
1404749605	723	745.81	1274.73
1404836047	831	754.538	1285.08
1404922489	781	747.881	1280.34
1405008931	728	742.805	1259.61
1405095373	827	748.15	1253.67
1405181814	762	756.198	1276.07
1405268256	793	757.002	1272.09
1405354698	789	761.808	1268.75
1405441140	656	711.001	1202.33
1405527582	705	740.044	1254.67
1405614024	815	727.794	1252.21
1405700466	762	728.95	1250.37
1405786907	743	725.237	1227.57
1405873349	648	590.215	988.151
1405959791	732	685.43	1153.69
1406046233	757	722.017	1217.26
1406132675	711	713.805	1212.54
1406219117	758	705.332	1196.67
1406305559	745	741.961	1252.39
1406392000	679	723.59	1226.03
1406478442	760	730.676	1230.85
1406564884	758	719.312	1210.18
1406651326	652	718.186	1218.97
1406737768	694	716.8	1216.43
1406824210	768	726.995	1226.55
1406910652	713	735.254	1241.13
1406997093	683	745.858	1243.76
1407083535	693	744.251	1251.6
1407169977	757	742.821	1260.32
1407256419	759	778.864	1248.15
1407342861	706	730.096	1241.69
1407429303	745	724.932	1249.03
1407515745	761	734.62	1249.35
1407602186	783	744.491	1248.94
1407688628	677	739.11	1249.81
1407775070	721	740.603	1251.85
1407861512	742	732.975	1259.3
1407947954	727	744.234	1269.65
1408034396	817	761.622	1281.52
1408120838	796	752.169	1275.91
1408207279	770	739.961	1269.77
1408293721	734	729.51	1256.86
1408380163	761	733.944	1255.02
1408466605	770	737.559	1255.62
1408553047	828	745.434	1259.75
1408639489	755	751.435	1271.8
1408725931	756	759.076	1276.51
1408812372	631	653.913	1092.43
1408898814	746	758.455	1276.94
1408985256	773	746.764	1272.68
1409071698	786	755.274	1282.3
1409158140	749	759.03	1279.75
1409244582	793	771.274	1299.14
1409331024	824	766.131	1288.67
1409417465	757	765.011	1290.85
1409503907	828	778.213	1312.15
1409590349	794	784.752	1310.14
1409676791	807	781.323	1313.72
1409763233	792	772.774	1307.35
1409849675	661	679.081	1148.48
1409936117	760	784.42	1322.41
1410022558	792	779.764	1317.39
1410109000	783	774.185	1309.91
1410195442	785	778.896	1304.97
1410281884	785	781.072	1308.44
1410368326	768	743.934	1254.89
1410454768	743	778.972	1311.66
1410541210	792	790.37	1329.48
1410627651	762	756.401	1291.03
1410714093	692	709.587	1222.99
1410800535	791	753.288	1284.79
1410886977	801	785.302	1332.05
1410973419	677	732.768	1244.85
1411059861	741	728.63	1238.76
1411146303	771	766.407	1308.19
1411232745	756	775.128	1329.51
1411319186	845	788.587	1329.73
1411405628	774	792.709	1336.18
1411492070	766	745.624	1257.33
1411578512	775	787.52	1322.84
1411664954	791	787.451	1325
1411751396	776	785.364	1327.24
1411837838	791	789.308	1325.71
1411924279	766	786.464	1327.64
1412010721	797	782.745	1324.54
1412097163	760	747.836	1274.02
1412183605	786	773.787	1326.33
1412270047	721	762.387	1303.3
1412356489	708	763.636	1292.83
1412442931	755	761.562	1285.61
1412529372	615	641.282	1090.95
1412615814	789	721.637	1232.61
1412702256	828	787.593	1337.63
1412788698	792	800.06	1347.36
1412875140	777	792.902	1339.57
1412961582	791	785.443	1329.07
1413048024	363	353.355	600.919
1413134465	360	351.302	600.125
1413220907	329	349.86	597.021
1413307349	504	489.704	836.169
1413393791	791	800.615	1353.61
1413480233	808	802.49	1361.73
1413566675	797	804.115	1352.96
1413653117	774	802.141	1361.6
1413739558	752	759.305	1298.16
1413826000	796	795.306	1361.94
1413912442	821	792.956	1354.18
1413998884	772	788.219	1354.13
1414085326	763	782.801	1348.72
1414171768	772	788.987	1359.94
1414258210	826	792.728	1354.47
1414344651	776	790.954	1342.5
1414431093	766	799.526	1361.46
1414517535	844	806.149	1362.32
1414603977	793	809.592	1366.37
1414690419	787	809.904	1367
1414776861	726	801.619	1362.58
1414863303	718	785.063	1340.68
1414949744	782	823.163	1338.94
1415036186	834	794.629	1346.6
1415122628	818	798.501	1351.83
1415209070	825	800.486	1357.06
1415295512	748	746.219	1269.63
1415381954	780	788.131	1347.97
1415468396	771	779.487	1334.89
1415554837	758	754.662	1285.21
1415641279	787	793.095	1348.89
1415727721	784	782.483	1336.08
1415814163	681	687.74	1178.66
1415900605	803	787.608	1350.18
1415987047	826	790.284	1354.75
1416073489	794	789.052	1361.72
1416159930	801	785.849	1355.14
1416246372	718	710.346	1210.95
1416332814	767	772.669	1304.02
1416419256	700	789.154	1340.57
1416505698	673	652.091	1117.1
1416592140	715	707.974	1199.31
1416678582	760	777.082	1321.12
1416765023	739	781.824	1317.34
1416851465	675	719.227	1222.43
1416937907	750	731.822	1245.55
1417024349	780	754.783	1290.25
1417110791	840	762.88	1301.03
1417197233	792	775.774	1309.81
1417283675	740	779.571	1317.81
1417370116	556	558.676	961.427
1417456558	736	715.827	1223.62
1417543000	775	769.466	1314.18
1417629442	750	764.174	1302.22
1417715884	777	767.006	1305.74
1417802326	759	759.95	1290.16
1417888768	768	768.683	1306.82
1417975209	771	765.42	1306.51
1418061651	822	770.305	1307.9
1418148093	715	707.169	1197.09
1418234535	748	736.131	1259.72
1418320977	719	712.514	1221.56
1418407419	568	594.27	1016.25
1418493861	748	746.214	1279.13
1418580302	724	702.559	1195.85
1418666744	627	623.861	1064.13
1418753186	536	586.796	1006.32
1418839628	689	710.676	1219.38
1418926070	748	715.466	1219.55
1419012512	736	764.611	1283.03
1419098954	724	767.226	1288.04
1419185395	723	686.102	1162.23
1419271837	604	610.224	1048.69
1419358279	714	700.434	1194.8
1419444721	631	641.673	1089.07
1419531163	715	644.657	1094.73
1419617605	713	675.098	1155.83
1419704047	765	731.108	1249.28
1419790488	656	682.361	1162.34
1419876930	720	744.033	1266.33
1419963372	644	665.246	1132.71
1420049814	687	685.899	1151.11
1420136256	709	744.544	1268.2
1420222698	716	736.854	1256.31
1420309140	766	737.883	1265.04
1420395582	762	737.823	1263.2
1420482023	758	727.721	1237.4
1420568465	774	732.389	1250.17
1420654907	741	750.449	1282.45
1420741349	775	754.419	1284.92
1420827791	741	748.98	1280.38
1420914233	728	726.034	1240.03
1421000675	602	578.963	992.721
1421087116	645	632.397	1081.99
1421173558	652	688.494	1171.48
1421260000	612	620.752	1068.85
1421346442	678	704.333	1208.75
1421432884	604	556.981	946.321
1421519326	0	0	0
1421605768	0	0	0
1421692209	0	0	0
1421778651	0	0	0
1421865093	0	0	0
1421951535	0	0	0
1422037977	0	0	0
1422124419	0	0	0
1422210861	0	0	0
1422297302	0	0	0
1422383744	0	0	0
1422470186	0	0	0
1422556628	0	0	0
1422643070	0	0	0
1422729512	0	0	0
1422815954	0	0	0
1422902395	0	0	0
1422988837	0	0	0
1423075279	0	0	0
1423161721	0	0	0
1423248163	0	0	0
1423334605	0	0	0
1423421047	0	0	0
1423507488	0	0	0
1423593930	0	0	0
1423680372	0	0	0
1423766814	0	0	0
1423853256	0	0	0
1423939698	90	130.709	203.382
1424026140	746	698.587	1200.15
1424112581	644	624.747	1075.36
1424199023	761	719.42	1225.85
1424285465	736	725.968	1233.3
1424371907	746	719.948	1223.77
1424458349	678	690.423	1184.7
1424544791	698	692.159	1181.96
1424631233	690	703.376	1209.84
1424717674	734	704.18	1208.22
1424804116	587	594.641	1016.56
1424890558	670	684.472	1181.66
1424977000	639	610.428	1046.97
1425063442	639	654.475	1122.22
1425149884	709	686.833	1174.62
1425236326	696	683.067	1166.76
1425322767	557	509.862	867.704
1425409209	492	492.099	851.361
1425495651	0	0	0
1425582093	0	0	0
1425668535	0	0	0
1425754977	0	0	0
1425841419	0	0	0
1425927860	0	0	0
1426014302	0	0	0
1426100744	581	569.018	969.294
1426187186	478	462.394	789.052
1426273628	687	690.139	1177.97
1426360070	677	679.536	1165.78
1426446512	681	691.397	1182.27
1426532953	685	664.657	1136.9
1426619395	532	553.251	954.455
1426705837	621	641.915	1103.24
1426792279	417	420.385	723.551
1426878721	331	343.82	596.218
1426965163	660	670.017	1154.34
1427051605	148	133.254	228.075
1427138046	240	254.738	439.37
1427224488	558	576.63	993.019
1427310930	567	564.796	973.023
1427397372	584	555.374	954.841
1427483814	720	678.138	1167.62
1427570256	624	644.758	1110.96
1427656698	722	677.411	1158.69
1427743139	724	680.725	1165.32
1427829581	703	672.151	1150.44
1427916023	658	678.67	1156.05
1428002465	717	673.048	1146.81
1428088907	675	679.712	1155.85
1428175349	672	675.391	1149.44
1428261791	651	670.033	1152.67
1428348232	717	683.642	1168.29
1428434674	668	679.757	1155.15
1428521116	670	675.935	1150.2
1428607558	663	661.616	1136.86
1428694000	663	666.731	1149.28
1428780442	706	663.232	1140.99
1428866884	666	657.94	1120.72
1428953325	626	616.488	1055.54
1429039767	654	654.844	1118.04
1429126209	620	659.621	1123.9
1429212651	669	669.603	1134.31
1429299093	607	606.194	1031.39
1429385535	713	682.094	1141.59
1429471977	717	683.088	1153.46
1429558419	688	684.147	1168.81
1429644860	756	706.821	1212.62
1429731302	752	731.399	1253.45
1429817744	780	739.335	1261.19
1429904186	750	717.517	1236.38
1429990628	748	736.277	1255.32
1430077070	788	728.062	1248.6
1430163512	776	730.032	1256.13
1430249953	711	741.942	1270.54
1430336395	728	740.478	1266.89
1430422837	737	730.358	1188.32
1430509279	758	768.195	1293.12
1430595721	772	761.558	1277.88
1430682163	819	745.887	1257.05
1430768605	765	750.848	1268.6
1430855046	729	749.913	1278.79
1430941488	765	756.455	1293.45
1431027930	837	770.34	1300.71
1431114372	824	776.569	1306.97
1431200814	805	765.987	1305.91
1431287256	728	755.265	1294.33
1431373698	764	754.304	1283.1
1431460139	819	757.537	1281.28
1431546581	767	759.837	1304.83
1431633023	790	773.267	1293.06
1431719465	790	759.708	1291.5
1431805907	787	704.604	1191.23
1431892349	722	716.2	1222.75
1431978791	751	725.957	1244.65
1432065232	718	716.025	1220.01
1432151674	767	737.641	1236.57
1432238116	754	752.715	1274.28
1432324558	674	757.954	1277.65
1432411000	748	759.012	1279.98
1432497442	796	748.686	1267.9
1432583884	774	753.677	1273.82
1432670325	781	745.387	1270.19
1432756767	802	746.727	1272.34
1432843209	793	755.168	1270.73
1432929651	792	758.785	1281.45
1433016093	742	760.059	1281.68
1433102535	759	756.02	1275.83
1433188977	780	740.934	1253.97
1433275418	662	660.682	1116.02
1433361860	715	725.149	1226.88
1433448302	822	741.919	1256.16
1433534744	769	767.11	1288.52
1433621186	757	765.166	1286.72
1433707628	766	762.027	1285.25
1433794070	787	768.694	1288.36
1433880511	817	758.04	1276.21
1433966953	795	757.825	1277.49
1434053395	812	738.501	1256.24
1434139837	766	756.147	1268.03
1434226279	24	18.6528	35.3736
1434312721	0	0	0
1434399163	478	509.24	850.334
1434485604	759	748.974	1251.03
1434572046	491	488.525	835.794
1434658488	689	643.716	1094.38
1434744930	877	771.845	1294.19
1434831372	776	764.098	1298.57
1434917814	792	763.794	1293.5
1435004256	725	754.52	1293.1
1435090697	785	762.54	1290.16
1435177139	865	756.989	1267.49
1435263581	744	748.917	1269.26
1435350023	779	746.536	1270.82
1435436465	738	721.029	1222.73
1435522907	757	755.206	1271.76
1435609349	826	751.465	1270.91
1435695790	717	749.257	1272.66
1435782232	717	763.011	1287.51
1435868674	759	761.586	1286.87
1435955116	742	754.313	1279.31
1436041558	762	764.522	1273.4
1436128000	833	764.669	1272.76
1436214442	731	753.789	1272.38
1436300883	789	753.728	1272.28
1436387325	572	601.856	1009.66
1436473767	751	758.361	1276.15
1436560209	747	755.997	1274.58
1436646651	777	763.876	1267.16
1436733093	712	733.9	1210.63
1436819535	717	734.859	1226.04
1436905976	737	742.701	1254.73
1436992418	756	753.481	1273.71
1437078860	758	751.494	1274.24
1437165302	798	759.802	1273.11
1437251744	728	726.389	1220.56
1437338186	712	753.287	1272.45
1437424628	765	740.193	1263.97
1437511069	775	748.009	1262.88
1437597511	770	737.158	1250.06
1437683953	771	740.206	1262.71
1437770395	735	744.535	1261.36
1437856837	840	744.999	1249.31
1437943279	688	630.417	1049.17
1438029721	672	698.364	1174.21
1438116163	751	776.752	1257.2
1438202604	804	741.709	1253.52
1438289046	783	745.496	1248.79
1438375488	719	739.226	1246.05
1438461930	705	736.448	1228.3
1438548372	684	684.168	1151.05
1438634814	732	718.963	1214.15
1438721256	696	729.89	1224.93
1438807697	750	742.056	1224.01
1438894139	744	733.012	1206.15
1438980581	683	647.194	1077.92
1439067023	475	495.252	822.759
1439153465	451	388.77	662.946
1439239907	0	0	0
1439326349	0	0	0
1439412790	454	495.654	832.04
1439499232	523	553.014	935.56
1439585674	699	669.593	1122.05
1439672116	636	691.529	1172.76
1439758558	603	606.31	1028.76
1439845000	658	646.076	1094.3
1439931442	641	684.147	1170.44
1440017883	726	706.225	1205.54
1440104325	734	700.682	1186.63
1440190767	712	721.976	1204.3
1440277209	695	714.916	1207.84
1440363651	650	704.641	1198.69
1440450093	727	707.498	1190.87
1440536535	707	714.35	1195.46
1440622976	661	675.853	1145.63
1440709418	742	709.398	1203.06
1440795860	712	715.017	1204.33
1440882302	557	553.377	940.547
1440968744	446	450.706	768.56
1441055186	410	486.541	839.862
1441141628	625	598.148	1024.67
1441228069	643	675.187	1162.05
1441314511	688	692.351	1188.24
1441400953	712	692.121	1191.38
1441487395	605	558.559	949.506
1441573837	444	454.179	760.895
1441660279	74	114.006	191.74
1441746721	0	0	0
1441833162	597	618.109	1036.38
1441919604	665	704.963	1193.33
1442006046	740	705.292	1199.6
1442092488	716	700.889	1195.42
1442178930	714	700.899	1190.01
1442265372	702	715.631	1197.96
1442351814	717	714.388	1196.6
1442438255	697	708.454	1188.12
1442524697	717	705.108	1188.6
1442611139	714	701.254	1191.03
1442697581	733	703.472	1193.72
1442784023	713	708.24	1191.2
1442870465	195	193.411	321.06
1442956907	396	411.907	702.085
1443043348	609	604.184	1014.46
1443129790	571	594.677	1004.03
1443216232	673	712.614	1209.41
1443302674	718	722.679	1225.4
1443389116	741	729.358	1230.26
1443475558	698	723.594	1220.19
1443562000	694	729.591	1233.86
1443648441	772	747.862	1252.33
1443734883	636	625.012	1053.12
1443821325	515	499.441	849.757
1443907767	337	323.148	546.3
1443994209	334	297.581	500.844
1444080651	297	309.418	522.011
1444167093	505	492.235	837.615
1444253534	653	661.621	1119.75
1444339976	655	662.914	1125.25
1444426418	585	588.3	1010.22
1444512860	467	514.709	885.54
1444599302	581	618.932	1060.25
1444685744	628	659.681	1105.34
1444772186	434	463.158	770.335
1444858627	749	712.668	1186.61
1444945069	714	745.066	1262.02
1445031511	687	745.225	1274.16
1445117953	739	744.732	1275.05
1445204395	773	757.348	1279
1445290837	714	748.64	1256.09
1445377279	631	638.013	1074.55
1445463720	730	755.932	1279.18
1445550162	738	760.555	1298.98
1445636604	731	722.703	1226.2
1445723046	716	697.106	1180.42
1445809488	679	738.266	1207.63
1445895930	719	741.665	1265.2
1445982372	765	697.052	1189.96
1446068813	694	711.155	1212.79
1446155255	773	735.793	1260.01
1446241697	597	620.301	1060.71
1446328139	585	578.567	995.803
1446414581	598	577.235	986.076
1446501023	490	481.829	819.206
1446587465	543	536.586	920.857
1446673906	737	723.161	1249.46
1446760348	740	723.671	1245.49
1446846790	745	736.862	1259.56
1446933232	786	745.922	1264.74
1447019674	647	613.906	1039.16
1447106116	631	644.137	1098.58
1447192558	742	734.035	1265.1
1447279000	707	711.416	1208.3
1447365441	799	743.819	1261.63
1447451883	723	743.655	1265.68
1447538325	786	744.501	1260.6
1447624767	774	743.655	1258.92
1447711209	676	709.425	1193.99
1447797651	658	676.933	1139.15
1447884093	714	745.144	1247.74
1447970534	755	739.433	1256.32
1448056976	766	750.084	1261.12
1448143418	740	748.273	1263.62
1448229860	751	747.451	1266.58
1448316302	584	623.565	1049.98
1448402744	735	750.329	1261.04
1448489186	576	527.418	890.508
1448575627	734	745.492	1266.32
1448662069	592	611.416	1044.53
1448748511	688	667.874	1145.85
1448834953	631	596.824	1028.03
1448921395	578	563.393	958.035
1449007837	551	534.108	912.828
1449094279	638	655.169	1118.68
1449180720	710	716.6	1224.72
1449267162	553	556.098	954.629
1449353604	709	705.41	1218.98
1449440046	729	711.383	1216.14
1449526488	649	614.389	1042.09
1449612930	596	652.154	1108.88
1449699372	682	705.496	1206.41
1449785813	693	710.283	1210.36
1449872255	550	559.44	948.626
1449958697	720	708.362	1193.33
1450045139	672	700.398	1180.25
1450131581	374	394.373	670.824
1450218023	634	628.678	1071.26
1450304465	708	716.729	1210.88
1450390906	705	726.628	1232.36
1450477348	727	725.838	1241.47
1450563790	743	730.011	1244.53
1450650232	674	697.194	1181.59
1450736674	680	661.843	1117.11
1450823116	704	660.748	1113.47
1450909558	692	691.231	1178.42
1450995999	716	706.443	1207.28
1451082441	635	607.038	1037
1451168883	674	698.128	1187.21
1451255325	721	701.662	1192
1451341767	354	343.345	578.033
1451428209	0	0	0
1451514651	0	0	0
1451601092	0	0	0
1451687534	0	0	0
1451773976	0	0	0
1451860418	0	0	0
1451946860	521	495.149	861.475
1452033302	581	577.317	999.256
1452119744	605	603.589	1042.67
1452206185	360	379.097	641.771
1452292627	515	531.338	913.089
1452379069	542	542.575	933.742
1452465511	618	652.342	1116.85
1452551953	640	668.218	1134.94
1452638395	654	666.036	1140.48
1452724837	643	680.137	1165.88
1452811278	643	690.635	1179.62
1452897720	385	388.733	650.06
1452984162	633	645.131	1120.76
1453070604	703	683.037	1176.43
1453157046	681	685.518	1180.65
1453243488	674	687.873	1181.92
1453329930	624	652.573	1125.64
1453416371	634	652.658	1117.98
1453502813	751	697.426	1153.49
1453589255	461	413.16	713.274
1453675697	452	465.9	786.276
1453762139	667	599.13	1013.7
1453848581	570	521.62	895.66
1453935023	608	631.036	1070.46
1454021464	572	562.968	961.708
1454107906	334	306.119	548.234
1454194348	494	497.579	841.706
1454280790	569	579.485	1012.55
1454367232	572	566.412	972.224
1454453674	517	542.291	926.382
1454540116	645	650.472	1107.22
1454626557	605	616.815	1054.75
1454712999	482	497.438	863.328
1454799441	481	507.472	864.062
1454885883	528	570.874	975.592
1454972325	660	627.779	1078.6
1455058767	665	630.664	1086.91
1455145209	424	440.139	757.109
1455231650	562	637.393	1087.7
1455318092	643	656.04	1113.61
1455404534	622	635.81	1087.33
1455490976	660	650.641	1110.29
1455577418	646	644.308	1093.73
1455663860	643	661.908	1112.18
1455750302	695	664.684	1130.73
1455836743	645	649.123	1112.87
1455923185	676	670.627	1149.67
1456009627	383	351.694	611.99
1456096069	562	622.907	1049.86
1456182511	580	581.94	999.468
1456268953	652	634.302	1102.77
1456355395	715	670.717	1136.4
1456441837	714	707.318	1194.52
1456528278	654	712.539	1210.53
1456614720	384	368.48	634.975
1456701162	678	668.189	1139.97
1456787604	690	667.2	1149.77
1456874046	675	688.987	1190.1
1456960488	362	360.798	625.612
1457046930	712	657.928	1123
1457133371	385	356.231	615.877
1457219813	606	637.255	1090.71
1457306255	545	544.227	930.033
1457392697	661	686.522	1176.67
1457479139	698	687.809	1180.23
1457565581	680	690.308	1193.17
1457652023	667	680.406	1170.42
1457738464	674	679.274	1174.66
1457824906	695	688.943	1188.51
1457911348	729	672.083	1155.86
1457997790	657	643.503	1104.71
1458084232	685	680.041	1172.86
1458170674	660	695.211	1185.59
1458257116	498	534.837	912.374
1458343557	326	319.126	553.978
1458429999	345	318.488	544.176
1458516441	55	53.4231	95.8014
1458602883	364	329.137	564.372
1458689325	329	318.242	544.511
1458775767	738	694.343	1195.3
1458862209	316	353.126	606.747
1458948650	208	200.513	351.468
1459035092	294	279.459	488.922
1459121534	327	313.593	538.537
1459207976	352	311.334	534.732
1459294418	399	363.03	613.574
1459380860	588	608.887	1044.14
1459467302	597	564.555	970.089
1459553743	309	296.601	492.085
1459640185	268	283.909	483.333
1459726627	426	463.508	801.726
1459813069	660	700.6	1202.5
1459899511	716	713.87	1212.82
1459985953	709	710.142	1199.54
1460072395	715	710.271	1210.89
1460158836	544	552.769	943.763
1460245278	707	707.469	1213.24
1460331720	708	696.882	1201.57
1460418162	699	694.043	1192.82
1460504604	730	692.44	1177.95
1460591046	713	696.834	1177.62
1460677488	709	702.027	1176.89
1460763929	694	702.873	1176.39
1460850371	716	694.212	1175.58
1460936813	592	585.162	992.441
1461023255	533	530.805	896.373
1461109697	634	617.387	1048.55
1461196139	697	731.258	1185.57
1461282581	717	712.047	1206.6
1461369022	747	720.095	1203.64
1461455464	697	715.604	1194.18
1461541906	589	632.699	1095.67
1461628348	0	11.7971	0
1461714790	346	337.984	582.679
1461801232	706	690.245	1172.65
1461887674	669	688.396	1175.77
1461974115	690	670.115	1154.01
1462060557	718	674.461	1138.82
1462146999	649	664.449	1131.2
1462233441	665	640.738	1108.13
1462319883	520	530.365	904.126
1462406325	620	630.301	1072.14
1462492767	661	661.185	1133.5
1462579208	497	503.217	861.642
1462665650	522	533.615	906.849
1462752092	498	521.089	885.067
1462838534	507	520.438	889.335
1462924976	164	136.625	246.63
1463011418	0	0	0
1463097860	0	0	0
1463184301	0	0	0
1463270743	0	0	0
1463357185	0	0	0
1463443627	0	0	0
1463530069	0	0	0
1463616511	0	0	0
1463702953	0	0	0
1463789394	0	0	0
1463875836	0	0	0
1463962278	130	145.098	249.035
1464048720	202	195.509	323.242
1464135162	208	224.006	378.059
1464221604	572	588.086	1009.52
1464308046	546	583.217	1005.5
1464394487	483	435.452	755.653
1464480929	163	173.42	296.751
1464567371	221	196.409	329.03
1464653813	180	177.459	302.906
1464740255	190	197.884	335.579
1464826697	300	296.152	490.648
1464913139	677	635.58	1070.17
1464999580	203	193.549	329.811
1465086022	399	401.825	682.133
1465172464	227	225.309	382.353
1465258906	251	233.764	405.408
1465345348	322	308.993	543.468
1465431790	239	235.802	407.088
1465518232	415	432.887	740.742
1465604674	655	629.81	1084.79
1465691115	689	640.585	1098.31
1465777557	721	648.638	1097.97
1465863999	664	644.029	1097.96
1465950441	638	639.107	1096.85
1466036883	653	631.607	1088.4
1466123325	604	645.973	1108.75
1466209767	670	650.917	1111.03
1466296208	626	646.243	1108.56
1466382650	639	645.775	1105.2
1466469092	651	642.088	1097.21
1466555534	641	645.899	1099.64
1466641976	656	654.503	1105.86
1466728418	637	636.385	1073.99
1466814860	617	617.361	1058.21
1466901301	643	613.705	1054.44
1466987743	628	596.492	1018.72
1467074185	21	12.9789	29.2347
1467160627	674	633.003	1064.33
1467247069	629	640.189	1082.99
1467333511	664	656.584	1115.82
1467419953	656	651.789	1105.06
1467506394	677	658.388	1114.19
1467592836	622	632.431	1072.4
1467679278	667	654.749	1113.16
1467765720	712	670.303	1141.33
1467852162	693	672.303	1141.73
1467938604	701	676.808	1141.74
1468025046	725	679.562	1142.73
1468111487	718	682.791	1142.85
1468197929	655	685.438	1141.54
1468284371	430	467.159	780.801
1468370813	628	635.105	1060.38
1468457255	702	699.646	1163.73
1468543697	670	689.932	1162.14
1468630139	620	663.491	1128.91
1468716580	667	684.161	1158.76
1468803022	688	685.804	1159.3
1468889464	695	680.641	1161.77
1468975906	728	725.04	1176.19
1469062348	762	695.424	1183.55
1469148790	729	702.029	1189
1469235232	735	709.136	1193.39
1469321673	708	697.478	1178.4
1469408115	727	699.23	1174.02
1469494557	665	676.063	1147.69
1469580999	716	678.3	1154.77
1469667441	657	683.643	1156.73
1469753883	720	688.923	1158.7
1469840325	696	689.768	1155.92
1469926766	699	685.482	1152.93
1470013208	710	675.948	1153.53
1470099650	751	667.527	1140.37
1470186092	736	682.888	1155.19
1470272534	716	686.566	1157.64
1470358976	667	680.192	1144.6
1470445418	728	682.71	1156.7
1470531859	718	678.225	1157.15
1470618301	699	679.958	1157.4
1470704743	701	670.804	1150.3
1470791185	712	672.812	1151.69
1470877627	749	675.166	1143.45
1470964069	703	679.328	1153.66
1471050511	684	682.802	1154.2
1471136952	677	681.303	1151.91
1471223394	658	673.945	1136.01
1471309836	690	680.982	1140.47
1471396278	615	659.828	1113.81
1471482720	517	523.914	889.485
1471569162	647	655.428	1108.34
1471655604	668	670.713	1140.81
1471742045	665	659.685	1139.58
1471828487	683	660.7	1131.08
1471914929	703	649.413	1104.71
1472001371	697	658.617	1112.41
1472087813	688	655.417	1108.43
1472174255	646	648.758	1094.01
1472260697	625	645.268	1092.05
1472347138	630	644.653	1094.78
1472433580	625	637.633	1093.3
1472520022	723	641.428	1093.9
1472606464	604	642.144	1087.83
1472692906	642	638.292	1087.95
1472779348	594	626.265	1078.21
1472865790	574	630.324	1097.04
1472952231	582	631.808	1096.02
1473038673	574	635.069	1094.1
1473125115	643	638.088	1093.46
1473211557	655	641.776	1093.37
1473297999	681	644.943	1099.49
1473384441	664	644.706	1097.65
1473470883	698	640.556	1093.89
1473557324	631	641.373	1093.46
1473643766	611	645.627	1087.82
1473730208	500	493.056	833.7
1473816650	388	394.662	675.929
1473903092	598	615.66	1050.5
1473989534	624	633.34	1077.14
1474075976	624	643.211	1085.17
1474162418	622	629.92	1080.05
1474248859	611	625.343	1081.18
1474335301	714	630.951	1079.56
1474421743	637	627.801	1067.97
1474508185	619	631.732	1076.11
1474594627	625	614.403	1069.44
1474681069	613	618.48	1066.08
1474767511	635	622.745	1066.75
1474853952	613	623.111	1057.36
1474940394	655	626.503	1065.36
1475026836	589	619.169	1058.81
1475113278	594	590.966	1014.65
1475199720	625	604.727	1023.66
1475286162	623	598.637	1020.88
1475372604	608	597.346	1019.63
1475459045	615	593.953	1019.21
1475545487	562	604.007	1025.51
1475631929	580	596.814	1025.85
1475718371	535	578.319	986.386
1475804813	637	606.531	1024.81
1475891255	583	600.464	1019.01
1475977697	600	599.2	1015.92
1476064138	610	597.276	1016.8
1476150580	612	602.65	1023
1476237022	596	602.743	1016.37
1476323464	588	604.965	1018.57
1476409906	582	599.366	1013.01
1476496348	517	596.82	1005.48
1476582790	420	431.383	717.69
1476669231	544	576.658	928.617
1476755673	397	408.115	698.992
1476842115	354	372.177	632.304
1476928557	461	458.145	779.89
1477014999	604	608.29	1035.54
1477101441	603	627.407	1060.15
1477187883	451	417.936	730.065
1477274324	507	551.69	916.823
1477360766	541	616.044	1052.24
1477447208	583	610.038	1049.02
1477533650	563	539.92	953.668
1477620092	60	63.8868	91.1722
1477706534	637	615.062	1048.79
1477792976	616	617.162	1051.18
1477879417	508	516.349	872.015
1477965859	598	621.351	1041.59
1478052301	587	610.365	1037.55
1478138743	572	601.188	1030.35
1478225185	573	593.729	1025.61
1478311627	568	595.771	1026.05
1478398069	602	596.315	1018.45
1478484510	616	598.334	1026.14
1478570952	592	597.782	1024.1
1478657394	599	595.255	1013.4
1478743836	569	593.399	1009.02
1478830278	625	591.379	1009.1
1478916720	595	598.995	1018.34
1479003162	570	602.639	1018.6
1479089603	580	605.982	1024.38
1479176045	605	601.044	1013.9
1479262487	565	589.552	1002.8
1479348929	556	581.639	1000.59
1479435371	593	580.089	995.944
1479521813	620	590.694	1004
1479608255	321	318.049	546.175
1479694696	38	54.61	87.9493
1479781138	596	564.021	968.511
1479867580	566	574.148	977.853
1479954022	402	434.579	739.833
1480040464	370	353.463	600.653
1480126906	508	456.663	769.909
1480213348	313	304.66	521.338
1480299789	0	0	0
1480386231	16	19.5909	30.4917
1480472673	599	582.689	1001.47
1480559115	587	583.175	997.131
1480645557	581	566.343	969.602
1480731999	580	562.425	966.471
1480818441	588	598.126	1015.12
1480904882	412	407.323	688.267
1480991324	599	599.257	1019.25
1481077766	554	604.023	1026.01
1481164208	545	555.197	950.484
1481250650	598	610.731	1041.63
1481337092	627	613.804	1044.68
1481423534	650	610.968	1044.95
1481509975	564	610.119	1035.05
1481596417	600	607.08	1032.23
1481682859	617	606.028	1041.21
1481769301	603	611.816	1048.85
1481855743	625	613.119	1048.12
1481942185	590	622.892	1062.72
1482028627	595	597.22	1018.84
1482115068	594	620.678	1062.18
1482201510	600	572.8	973.711
1482287952	634	619.154	1049.42
1482374394	639	622.116	1060
1482460836	596	634.281	1080.15
1482547278	591	594.666	1008.55
1482633720	539	560.603	943.022
1482720161	644	646.31	1090.58
1482806603	598	611.418	1043.99
1482893045	613	569.892	978.652
1482979487	679	654.921	1120.25
1483065929	680	659.94	1125.08
1483152371	651	667.294	1133.02
1483238813	609	625.673	1068.21
1483325255	627	647.9	1110.42
1483411696	656	653.434	1109.76
1483498138	634	662.036	1120.66
1483584580	682	676.488	1149.06
1483671022	690	680.419	1161.22
1483757464	687	689.87	1174.64
1483843906	608	623.061	1063.85
1483930348	341	344.39	583.465
1484016789	686	693.867	1180.77
1484103231	677	698.179	1193.46
1484189673	674	691.892	1187.06
1484276115	732	696.502	1193.1
1484362557	683	729.138	1195.6
1484448999	512	524.727	902.617
1484535441	573	594.047	1004.75
1484621882	638	695.554	1192.19
1484708324	683	696.522	1192.33
1484794766	680	695.807	1193.6
1484881208	683	658.029	1138.47
1484967650	692	679.844	1176.66
1485054092	628	592.458	1019.87
1485140534	656	613.869	1063.48
1485226975	635	600.199	1026.42
1485313417	634	665.944	1145.75
1485399859	654	658.72	1147.72
1485486301	734	679.424	1181.68
1485572743	700	692.128	1192.77
1485659185	737	699.689	1196.08
1485745627	705	697.372	1190.26
1485832068	738	695.738	1190.78
1485918510	499	493.083	845.871
1486004952	668	684.462	1165.63
1486091394	632	660.252	1115.38
1486177836	532	543.637	922.717
1486264278	421	409.405	700.019
1486350720	704	671.611	1149.74
1486437161	651	679.947	1155.87
1486523603	591	615.371	1045.02
1486610045	613	626.167	1066.88
1486696487	604	587.333	1008.12
1486782929	665	680.361	1166.96
1486869371	717	677.734	1163
1486955813	551	556.724	960.415
1487042254	501	500.478	858.977
1487128696	419	459.795	794.438
1487215138	501	507.265	866.664
1487301580	574	574.035	972.43
1487388022	661	670.527	1133.06
1487474464	707	662.044	1133.64
1487560906	625	666.118	1147.03
1487647347	710	666.449	1151.37
1487733789	645	631.935	1093.62
1487820231	621	660.477	1138.54
1487906673	698	654.447	1125.16
1487993115	404	398.072	688.377
1488079557	428	412.041	706.638
1488165999	327	356.758	611.308
1488252440	356	354.806	608.576
1488338882	302	289.795	490.872
1488425324	597	621.049	1041.72
1488511766	648	656.969	1122.46
1488598208	653	661.63	1126.79
1488684650	639	661.139	1124.77
1488771092	660	639.252	1088.47
1488857533	658	648.097	1111.51
1488943975	678	649.06	1098.2
1489030417	642	656.979	1106.41
1489116859	605	644.94	1096.26
1489203301	691	655.55	1109.28
1489289743	630	644.264	1104.64
1489376185	687	649.891	1112.15
1489462626	672	664.157	1130.05
1489549068	605	626.417	1065.93
1489635510	695	642.844	1109.65
1489721952	640	649.357	1119.03
1489808394	701	652.627	1119.45
1489894836	665	648.726	1112.34
1489981278	540	529.67	912.227
1490067719	609	623.325	1074.44
1490154161	236	236.417	407.472
1490240603	477	447.837	776.94
1490327045	698	658.62	1127.17
1490413487	435	439.375	746.835
1490499929	585	632.337	1074.17
1490586371	574	594.075	1013.96
1490672812	648	622.927	1068.24
1490759254	641	652.483	1117.29
1490845696	642	663.411	1128.03
1490932138	611	658.977	1116.29
1491018580	413	385.952	673.019
1491105022	388	392.139	668.749
1491191464	537	550.301	938.962
1491277905	604	631.756	1069.78
1491364347	647	651.504	1109.46
1491450789	572	617.993	1050.61
1491537231	673	653.337	1094.93
1491623673	598	653.504	1103.2
1491710115	661	649.864	1106.51
1491796557	581	644.61	1097.17
1491882998	366	324.989	555.167
1491969440	591	625.825	1077.39
1492055882	592	589.323	962.887
1492142324	642	644.399	1096.69
1492228766	602	611.384	1045.26
1492315208	618	631.156	1090.2
1492401650	579	621.528	1067.75
1492488092	595	610.663	1047.18
1492574533	651	613.426	1041.07
1492660975	618	610.364	1037.1
1492747417	644	620.474	1054.25
1492833859	596	616.204	1050.82
1492920301	627	614.328	1047.67
1493006743	540	559.919	949.608
1493093185	525	567.151	952.258
1493179626	639	622.278	1055.47
1493266068	703	641.277	1090.26
1493352510	585	540.47	922.368
1493438952	641	634.571	1086.21
1493525394	709	637.603	1092.14
1493611836	719	637.962	1086.68
1493698278	660	634.834	1072.78
1493784719	611	636.55	1093.02
1493871161	648	641.607	1090.65
1493957603	697	651.512	1100.12
1494044045	706	671.575	1124.39
1494130487	649	670.348	1122.49
1494216929	531	545.419	927.292
1494303371	624	653.082	1114.67
1494389812	640	656.751	1121.36
1494476254	637	663.366	1119.3
1494562696	648	655.751	1101.71
1494649138	596	657.154	1111.58
1494735580	691	658.881	1110.57
1494822022	653	649.429	1106.7
1494908464	679	664.862	1124.29
1494994905	705	680.088	1138.75
1495081347	372	403.372	678.412
1495167789	643	626.135	1053.66
1495254231	672	680.874	1143.03
1495340673	680	682.739	1148.71
1495427115	656	680.52	1144.89
1495513557	667	679.567	1146.52
1495599998	684	679.086	1138.85
1495686440	672	677.305	1139.36
1495772882	642	670.116	1136.62
1495859324	651	666.446	1144.2
1495945766	669	672.27	1143.29
1496032208	664	625.042	1061.95
1496118650	681	668.652	1143.94
1496205091	709	670.734	1147.48
1496291533	339	356.536	611.109
1496377975	700	689.084	1165.47
1496464417	719	701.495	1176.29
1496550859	653	693.187	1166.63
1496637301	657	682.253	1151.99
1496723743	663	675.212	1134.92
1496810184	599	619.763	1032.97
1496896626	700	690.56	1159.14
1496983068	701	688.242	1179.73
1497069510	663	690.068	1173.88
1497155952	654	689.386	1165.14
1497242394	700	689.06	1161.04
1497328836	770	691.354	1158.82
1497415277	729	690.002	1160.86
1497501719	698	689.279	1158.05
1497588161	682	698.878	1164.25
1497674603	694	703.487	1165.45
1497761045	698	689.928	1166.35
1497847487	707	684.151	1164.95
1497933929	711	692.375	1169.31
1498020370	736	696.944	1169.34
1498106812	478	509.87	843.356
1498193254	415	440.93	735.615
1498279696	436	440.333	740.139
1498366138	452	443.66	737.195
1498452580	436	438.737	735.95
1498539022	183	194.409	320.998
1498625463	0	0	0
1498711905	371	459.248	791.59
1498798347	691	692.882	1185.46
1498884789	646	690.366	1186.19
1498971231	759	702.342	1195.48
1499057673	766	708.957	1192.99
1499144115	696	710.767	1190.31
1499230556	713	709.762	1196.13
1499316998	691	704.892	1194.38
1499403440	702	695.477	1186.7
1499489882	662	695.616	1185.37
1499576324	713	696.779	1182.47
1499662766	692	693.135	1184.4
1499749208	706	726.923	1180.43
1499835649	717	706.461	1179.43
1499922091	692	706.597	1184.07
1500008533	674	698.715	1179.78
1500094975	657	710.473	1179.42
1500181417	665	690.636	1171.65
1500267859	674	681.751	1168.18
1500354301	744	680.811	1167.31
1500440742	714	685.841	1171.32
1500527184	693	685.193	1165.57
1500613626	708	684.297	1167.73
1500700068	753	687.461	1152.92
1500786510	648	690.488	1155.91
1500872952	672	680.726	1152.24
1500959394	662	677.689	1150.77
1501045835	683	676.76	1148.45
1501132277	696	681.621	1147.98
1501218719	682	687.15	1151.69
1501305161	666	679.126	1154.99
1501391603	689	671.724	1154.68
1501478045	582	672.891	1145.85
1501564487	680	678.002	1143.25
1501650929	727	668.958	1141.92
1501737370	562	568.787	970.201
1501823812	707	666.767	1133.33
1501910254	704	674.752	1133.27
1501996696	298	292.72	509.358
1502083138	463	462.875	762.972
1502169580	188	176.592	311.127
1502256022	593	615.462	1018.51
1502342463	682	693.281	1159.29
1502428905	630	688.335	1156.32
1502515347	707	690.834	1156.2
1502601789	653	672.9	1129.8
1502688231	657	662.996	1115.21
1502774673	598	673.751	1137.56
1502861115	695	672.081	1147.68
1502947556	725	689.562	1169.12
1503033998	716	697.293	1165.21
1503120440	649	669.411	1123.04
1503206882	641	660.827	1127.17
1503293324	672	664.81	1129.98
1503379766	665	668.499	1112.81
1503466208	553	588.208	983.884
1503552649	442	428.649	711.832
1503639091	534	530.146	889.549
1503725533	629	644.43	1089.51
1503811975	715	660.033	1106.31
1503898417	665	654.184	1094.93
1503984859	596	619.795	1045.79
1504071301	630	641.409	1095.55
1504157742	652	655.416	1106.19
1504244184	679	665.612	1114.31
1504330626	617	638.991	1080.73
1504417068	445	470.713	797.084
1504503510	586	600.048	1029.25
1504589952	685	665.716	1135.76
1504676394	659	680.12	1143.18
1504762835	682	678.39	1148.82
1504849277	697	690.869	1158.68
1504935719	674	695.595	1172.49
1505022161	719	695.716	1172.08
1505108603	679	689.708	1166.92
1505195045	625	678.388	1154.65
1505281487	723	698.737	1186.27
1505367928	672	692.909	1175.95
1505454370	684	679.205	1172.55
1505540812	655	676.026	1167.07
1505627254	681	689.802	1180.14
1505713696	699	691.993	1177.21
1505800138	724	693.514	1168.13
1505886580	648	631.384	1072.59
1505973021	687	679.197	1169.16
1506059463	683	682.695	1168.51
1506145905	662	653.049	1119.51
1506232347	679	689.481	1168.84
1506318789	707	681.557	1167.54
1506405231	682	685.576	1172.23
1506491673	649	686.151	1173.43
1506578114	664	654.505	1115.29
1506664556	657	685.469	1162.14
1506750998	761	719.558	1203.06
1506837440	632	687.18	1145.39
1506923882	678	712.752	1200.28
1507010324	718	726.346	1221.31
1507096766	749	748.323	1243.54
1507183207	754	764.878	1264.11
1507269649	737	738.228	1250.86
1507356091	572	584.251	989.601
1507442533	651	663.893	1130.94
1507528975	643	707.892	1151.38
1507615417	646	674.073	1139.31
1507701859	697	728.569	1229.53
1507788300	688	734.568	1253.18
1507874742	563	557.775	956.333
1507961184	679	599.488	1027.12
1508047626	691	680.882	1161.19
1508134068	138	108.06	208.624
1508220510	620	678.575	1120.14
1508306952	751	731.535	1238.15
1508393393	729	723.711	1233.94
1508479835	754	741.724	1245.55
1508566277	740	731.713	1246.86
1508652719	749	724.144	1242.35
1508739161	754	730.775	1238.94
1508825603	724	727.767	1235.52
1508912045	784	730.766	1240.24
1508998486	754	734.16	1243.78
1509084928	709	728.647	1237.99
1509171370	758	744.933	1244.54
1509257812	710	737.8	1238.38
1509344254	702	735.228	1241.96
1509430696	773	741.95	1257.1
1509517138	735	753.644	1269.58
1509603579	769	757.939	1272.82
1509690021	735	757.347	1275.57
1509776463	752	762.694	1292.9
1509862905	740	763.335	1294.56
1509949347	761	749.247	1283.33
1510035789	690	702.77	1208.52
1510122231	607	599.647	1019.35
1510208673	752	749.923	1263.53
1510295114	727	754.949	1291.51
1510381556	741	754.65	1290.12
1510467998	787	746.495	1270.39
1510554440	735	744.712	1271.05
1510640882	597	651.533	1104.03
1510727324	749	746.533	1260.17
1510813766	722	740.438	1261.81
1510900207	756	742.381	1255.88
1510986649	714	747.462	1269.23
1511073091	678	698.674	1184.5
1511159533	679	700.565	1182.15
1511245975	702	741.087	1264.83
1511332417	714	744.169	1268.79
1511418859	741	748.989	1267.9
1511505300	704	737.876	1256.6
1511591742	746	734.411	1258.14
1511678184	729	738.499	1258.21
1511764626	708	734.855	1261.62
1511851068	761	727.513	1243.78
1511937510	720	740.109	1261.99
1512023952	759	741.843	1264.56
1512110393	577	648.714	1109.41
1512196835	620	668.33	1134.82
1512283277	442	455.407	780.878
1512369719	483	465.176	800.19
1512456161	619	668.354	1140.99
1512542603	723	743.035	1269.91
1512629045	724	738.899	1262.43
1512715486	417	406.556	690.799
1512801928	365	358.882	612.928
1512888370	700	712.413	1222.17
1512974812	755	710.798	1223.91
1513061254	653	689.52	1169.79
1513147696	717	727.452	1242.8
1513234138	711	731.284	1257.01
1513320579	720	724.118	1238.35
1513407021	775	743.439	1252.85
1513493463	448	461.048	787.294
1513579905	767	736.716	1259.44
1513666347	825	751.921	1285.93
1513752789	728	725.396	1235.32
1513839231	747	749.404	1277.15
1513925672	747	740.162	1257.5
1514012114	770	752.716	1286.47
1514098556	733	751.296	1282.54
1514184998	795	749.448	1277.41
1514271440	647	682.369	1160.17
1514357882	596	581.366	998.51
1514444324	714	740.092	1271.19
1514530765	742	714.808	1223.67
1514617207	704	719.758	1224.01
1514703649	470	524.771	876.51
1514790091	567	596.832	1041.68
1514876533	697	697.429	1179.18
1514962975	667	703.025	1208.69
1515049417	694	731.872	1237.56
1515135858	757	748.459	1269.58
1515222300	724	737.313	1218.5
1515308742	665	666.959	1149.72
1515395184	710	688.999	1183.34
1515481626	459	458.368	791.948
1515568068	478	488.795	836.198
1515654510	598	592.827	1016.82
1515740951	610	612.804	1048.52
1515827393	695	704.439	1211.07
1515913835	606	623.306	1068.08
1516000277	644	599.702	1020.91
1516086719	700	672.477	1178.68
1516173161	657	655.532	1100.62
1516259603	690	689.875	1187.59
1516346044	726	716.372	1234.06
1516432486	741	723.473	1238.59
1516518928	651	658.03	1120.53
1516605370	527	536.216	911.653
1516691812	624	649.819	1095.45
1516778254	628	682.213	1167.54
1516864696	701	681.419	1164.86
1516951137	558	595.561	1013.58
1517037579	680	712.854	1212.27
1517124021	698	695.956	1190.52
1517210463	710	681.248	1155.14
1517296905	607	598.428	1012.47
1517383347	626	669.511	1151.04
1517469789	649	649.167	1118.9
1517556230	643	612.045	1053.81
1517642672	732	702.702	1203.97
1517729114	685	658.874	1131.91
1517815556	580	601.069	1035.75
1517901998	733	705.756	1205.86
1517988440	649	689.531	1179.66
1518074882	638	683.631	1162.8
1518161323	623	657.209	1115.2
1518247765	666	705.271	1202.54
1518334207	708	712.875	1227.72
1518420649	748	712.788	1229.2
1518507091	727	715.836	1228.58
1518593533	701	685.529	1177.22
1518679975	741	705.234	1210.92
1518766416	627	624.543	1074.5
1518852858	656	645.847	1113.45
1518939300	542	560.391	952.958
1519025742	602	624.981	1062.68
1519112184	575	615.028	1040.59
1519198626	732	730.068	1254.99
1519285068	726	699.429	1207.13
1519371510	515	485.145	824.953
1519457951	610	593.777	1022.78
1519544393	533	530.183	915.118
1519630835	729	708.469	1218.3
1519717277	455	460.671	789.754
1519803719	545	538.476	923.631
1519890161	684	699.696	1201.67
1519976603	743	737.097	1268.73
1520063044	747	739.605	1264.68
1520149486	640	627.832	1072.01
1520235928	679	688.716	1185.56
1520322370	760	735.899	1265.69
1520408812	763	729.603	1248.32
1520495254	697	715.274	1216.65
1520581696	605	642.117	1090.44
1520668137	776	739.169	1250.23
1520754579	697	720.928	1230.79
1520841021	779	738.703	1248.46
1520927463	664	711.331	1204.99
1521013905	768	735.077	1238.83
1521100347	751	740.118	1255
1521186789	731	748.205	1258.73
1521273230	749	751.743	1266.04
1521359672	727	745.399	1259.78
1521446114	770	743.844	1264.38
1521532556	742	742.835	1267.07
1521618998	758	729.198	1242.91
1521705440	801	750.268	1261.69
1521791882	789	754.873	1269.28
1521878323	710	738.565	1260.38
1521964765	733	731.118	1258.68
1522051207	760	739.925	1259.6
1522137649	755	743.757	1268.32
1522224091	771	743.777	1267.91
1522310533	753	740.025	1267.14
1522396975	715	699.362	1198.63
1522483416	703	724.215	1240.97
1522569858	733	737.538	1267.67
1522656300	694	730.74	1255.24
1522742742	756	735.91	1253.67
1522829184	734	734.314	1247.66
1522915626	693	760.851	1241.55
1523002068	363	398.204	680.116
1523088509	683	721.494	1221.54
1523174951	660	712.492	1213.38
1523261393	716	713.928	1212.56
1523347835	703	714.046	1202.83
1523434277	647	718.848	1210.05
1523520719	650	703.975	1206.68
1523607161	552	548.957	942.818
1523693602	765	699.552	1200.27
1523780044	720	696.162	1199.52
1523866486	724	701.989	1199.31
1523952928	709	706.174	1206.99
1524039370	716	698.974	1198.67
1524125812	716	705.369	1202.74
1524212254	739	683.588	1167.21
1524298695	707	717.901	1223.56
1524385137	723	716.046	1214.75
1524471579	765	720.256	1233.33
1524558021	687	736.951	1260.94
1524644463	734	746.427	1279.52
1524730905	836	755.889	1277.26
1524817347	762	748.585	1271.34
1524903788	746	748.719	1277.98
1524990230	765	740.987	1255.76
1525076672	754	746.238	1277.18
1525163114	754	746.245	1269.98
1525249556	755	751.863	1277.38
1525335998	713	753.226	1279.85
1525422440	737	747.787	1273.49
1525508881	774	742.768	1272.28
1525595323	749	741.524	1268.67
1525681765	717	739.571	1262.4
1525768207	746	736.459	1258.8
1525854649	700	737.71	1255.83
1525941091	569	730.773	1248.49
1526027533	696	723.776	1237.13
1526113974	767	726.131	1232.53
1526200416	741	728.331	1225.95
1526286858	764	727.828	1223.55
1526373300	672	724.454	1228.89
1526459742	689	718.009	1223.33
1526546184	762	721.456	1215.25
1526632626	723	715.06	1215.22
1526719067	675	708.498	1213.89
1526805509	432	717.463	1213.26
1526891951	738	712.563	1211.23
1526978393	705	695.455	1186.29
1527064835	746	702.55	1197.66
1527151277	711	724.03	1237.24
1527237719	770	738.169	1252.42
1527324160	758	713.892	1193.14
1527410602	682	734.905	1242.15
1527497044	742	741.458	1241.37
1527583486	692	726.174	1222.08
1527669928	650	714.549	1212.64
1527756370	646	714.097	1212.95
1527842812	704	706.433	1203.37
1527929253	646	706.38	1205.34
1528015695	379	702.66	1200.18
1528102137	684	699.577	1194.48
1528188579	710	691.903	1168.41
1528275021	693	692.972	1166.86
1528361463	690	682.241	1157.48
1528447905	742	718.049	1203.74
1528534347	733	751.466	1244.4
1528620788	716	755.691	1244.17
1528707230	722	750.158	1245.06
1528793672	720	733.103	1239.93
1528880114	712	732.517	1246.76
1528966556	754	728.763	1242.97
1529052998	775	728.716	1245.65
1529139440	790	732.94	1252.43
1529225881	759	737.454	1263.05
1529312323	808	740.906	1261.83
1529398765	789	747.625	1261.06
1529485207	795	743.296	1260.49
1529571649	742	741.435	1263.08
1529658091	785	751.415	1262.46
1529744533	697	747.223	1262.28
1529830974	338	737.119	1250.83
1529917416	692	736.837	1242.65
1530003858	418	739.215	1241.87
1530090300	674	722.992	1218.01
1530176742	377	727.824	1226.77
1530263184	737	734.239	1237.94
1530349626	400	734.346	1227.04
1530436067	686	735.152	1226.08
1530522509	594	614.448	1032.92
1530608951	676	728.521	1189.98
1530695393	703	723.606	1204.55
1530781835	712	707.894	1176.95
1530868277	656	705.207	1182.7
1530954719	657	686.891	1164.94
1531041160	623	665.126	1144.12
1531127602	653	655.98	1130.46
1531214044	714	673.07	1138.71
1531300486	737	686.866	1155.67
1531386928	676	706.618	1194.08
1531473370	737	696.002	1180.3
1531559812	704	713.604	1201.08
1531646253	698	706.091	1190.66
1531732695	692	706.777	1194.35
1531819137	718	709.655	1193.37
1531905579	673	710.29	1193.82
1531992021	653	691.696	1162.02
1532078463	700	681.063	1155.88
1532164905	720	697.974	1169.53
1532251346	670	696.339	1170.77
1532337788	664	676.496	1162.12
1532424230	640	682.432	1166.9
1532510672	665	689.592	1178.55
1532597114	731	693.013	1179.45
1532683556	708	707.779	1191.81
1532769998	746	718.817	1217.09
1532856439	734	722.52	1216.15
1532942881	734	718.211	1214.97
1533029323	690	719.835	1219.67
1533115765	742	732.59	1233.29
1533202207	743	729.377	1228.89
1533288649	703	734.061	1237.18
1533375091	701	681.718	1155.75
1533461532	612	597.045	1003.94
1533547974	662	628.634	1053.64
1533634416	665	711.513	1190.62
1533720858	754	733.508	1260.75
1533807300	777	741.258	1265.06
1533893742	825	754.432	1275.08
1533980184	807	756.933	1274.3
1534066625	701	758.122	1280.12
1534153067	698	758.174	1278.84
1534239509	732	748.863	1282.08
1534325951	811	754.224	1284.34
1534412393	890	761.953	1293.77
1534498835	822	764.848	1295.5
1534585277	758	758.182	1291.97
1534671718	674	747.809	1292.34
1534758160	792	752.954	1290.65
1534844602	772	761.432	1291.44
1534931044	832	771.03	1293.47
1535017486	746	773.924	1287.79
1535103928	740	756.835	1290.86
1535190370	745	752.94	1290.92
1535276811	779	721.583	1237.32
1535363253	421	426.657	720.669
1535449695	773	766.994	1296.13
1535536137	764	769.807	1295.32
1535622579	725	759.678	1288.46
1535709021	747	762.847	1298.01
1535795463	717	756.277	1291.37
1535881904	790	753.347	1282.77
1535968346	658	609.088	1041.2
1536054788	314	313.124	533.124
1536141230	802	772.078	1296.65
1536227672	754	765.413	1298.35
1536314114	722	760.239	1298.11
1536400556	788	750.023	1283.22
1536486997	699	753.683	1289.31
1536573439	775	748.61	1285.49
1536659881	775	761.171	1291.81
1536746323	704	753.127	1289.2
1536832765	749	753.956	1286.91
1536919207	785	753.558	1279.48
1537005649	694	726.564	1228.14
1537092091	602	636.583	1071.22
1537178532	541	552.326	936.638
1537264974	769	769.141	1283.17
1537351416	730	758.905	1271.95
1537437858	757	753.729	1270.79
1537524300	780	725.82	1222.6
1537610742	667	671.033	1127.56
1537697184	706	728.034	1226.95
1537783625	655	722.869	1230.79
1537870067	780	740.805	1250.68
1537956509	745	746.438	1264.41
1538042951	738	749.514	1265.65
1538129393	768	755.025	1265.11
1538215835	715	757.341	1263.33
1538302277	710	784.757	1259.48
1538388718	708	744.536	1259.59
1538475160	749	750.997	1269.28
1538561602	725	743.24	1266.35
1538648044	716	741.947	1273.91
1538734486	797	752.829	1287.61
1538820928	812	759.704	1287.95
1538907370	754	703.729	1185.67
1538993811	794	749.314	1259.26
1539080253	709	745.758	1261.06
1539166695	733	737.579	1260.23
1539253137	745	741.279	1259.26
1539339579	729	750.843	1272.92
1539426021	771	738.872	1265.64
1539512463	763	740.566	1263.84
1539598904	764	745.619	1257.82
1539685346	663	719.424	1207.12
1539771788	744	747.958	1255.28
1539858230	653	738.872	1259.94
1539944672	724	731.914	1255.99
1540031114	709	740.763	1262.46
1540117556	712	738.046	1255.1
1540203997	717	738.218	1258.44
1540290439	722	738.125	1262.99
1540376881	715	745.239	1265.57
1540463323	710	737.958	1263.03
1540549765	760	742.14	1268.24
1540636207	744	745.025	1267.69
1540722649	531	587.185	1005.97
1540809090	718	744.709	1254.46
1540895532	751	748.326	1265.44
1540981974	617	638.977	1095.94
1541068416	741	741.711	1258.65
1541154858	684	762.179	1278.23
1541241300	711	757.998	1283.58
1541327742	741	743.374	1256.58
1541414183	757	718.378	1223.94
1541500625	681	711.708	1229.52
1541587067	700	745.095	1285.92
1541673509	783	757.146	1285.12
1541759951	755	730.92	1237.53
1541846393	757	765.916	1288.81
1541932835	602	655.961	1111.92
1542019276	703	752.426	1273.36
1542105718	713	747.54	1267.74
1542192160	729	744.059	1260.52
1542278602	712	749.943	1267.39
1542365044	749	747.108	1268.89
1542451486	687	751.407	1268.79
1542537928	766	742.378	1268.1
1542624369	736	745.054	1267.02
1542710811	702	722.834	1233.5
1542797253	720	700.682	1189.69
1542883695	661	695.643	1184.94
1542970137	710	718.266	1228.47
1543056579	711	716.069	1223.48
1543143021	730	733.558	1249.11
1543229462	653	665.895	1140.79
1543315904	690	727.138	1243.35
1543402346	588	627.162	1074.12
1543488788	737	728.326	1242.83
1543575230	636	645.835	1105.2
1543661672	677	702.874	1209.34
1543748114	730	717.115	1231.78
1543834555	763	717.805	1222.75
1543920997	531	581.263	991.716
1544007439	705	703.087	1200.86
1544093881	663	692.771	1200.33
1544180323	692	704.634	1218.64
1544266765	688	711.477	1211.57
1544353207	638	699.814	1191.8
1544439648	337	351.994	601.928
1544526090	642	681.434	1163.61
1544612532	681	708.473	1213.25
1544698974	697	721.385	1215.17
1544785416	724	715.503	1210.22
1544871858	348	353.607	594.324
1544958300	47	34.5557	73.7633
1545044741	633	660.06	1131.57
1545131183	680	683.926	1177.13
1545217625	716	687.901	1170.59
1545304067	713	682.128	1157.83
1545390509	669	682.221	1163
1545476951	669	665.056	1135.12
1545563393	552	568.245	960.662
1545649834	0	0	0
1545736276	546	532.749	929.423
1545822718	288	330.915	560.229
1545909160	603	639.33	1083.43
1545995602	588	622.918	1014.8
1546082044	670	663.092	1122.76
1546168486	701	683.175	1165.11
1546254928	702	680.38	1158.77
1546341369	713	677.358	1154.7
1546427811	650	676.429	1156.72
1546514253	700	686.587	1171.1
1546600695	642	612.944	1045.76
1546687137	666	657.067	1117.95
1546773579	712	698.938	1183.04
1546860021	712	709.318	1192.72
1546946462	709	723.853	1217.48
1547032904	725	738.146	1246.01
1547119346	688	745.454	1277.01
1547205788	783	747.693	1276.16
1547292230	709	708.778	1214.3
1547378672	688	733.553	1261.85
1547465114	683	735.808	1263.33
1547551555	755	737.447	1260.63
1547637997	775	732.594	1246.82
1547724439	689	715.574	1241.36
1547810881	738	719.132	1243.42
1547897323	776	718.95	1236.89
1547983765	754	717.583	1223.51
1548070207	694	716.601	1225.84
1548156648	635	688.315	1175.25
1548243090	645	626.857	1083.25
1548329532	711	712.539	1221.52
1548415974	741	706.268	1207.4
1548502416	693	705.996	1219.07
1548588858	662	645.741	1113.23
1548675300	680	682.149	1167.8
1548761741	665	705.925	1207.08
1548848183	697	704.566	1207.88
1548934625	702	705.834	1208.85
1549021067	684	4.86475	16.791
1549107509	605	0	0
1549193951	689	0	0
1549280393	698	0	0
1549366834	687	0	0
1549453276	657	0	0
1549539718	654	0	0
1549626160	691	0	0
1549712602	694	0	0
1549799044	658	0	0
1549885486	678	0	0
1549971927	643	0	0
1550058369	690	0	0
1550144811	695	0	0
1550231253	744	0	0
1550317695	697	0	0
1550404137	668	0	0
1550490579	317	0	0
