363.25	0.000104696	0.00210703	0.00135967	0.00210963	0.300081	87.1554	36.9274	0.00412639	
363.27	-0.00232014	0.000158176	0.00135967	0.00232553	0.231615	176.1	33.4991	0.00412639	
363.29	-0.00027892	-0.00244138	0.00135967	0.00245726	0.195326	263.482	31.7032	0.00412639	
363.31	0.00247328	-0.000461712	0.00135967	0.00251601	0.180487	349.426	30.963	0.00412639	
363.33	0.000695375	0.00242035	0.00135967	0.00251826	0.179934	73.9704	30.9353	0.00412639	
363.35	-0.00228876	0.000964863	0.00135967	0.00248383	0.188513	157.141	31.3641	0.00412639	
363.37	-0.00125353	-0.00208675	0.00135967	0.00243431	0.20135	239.006	32.0022	0.00412639	
363.39	0.00182549	-0.00154504	0.00135967	0.00239156	0.212902	319.756	32.5742	0.00412639	
363.41	0.00182463	0.00152026	0.00135967	0.00237496	0.217507	39.8006	32.8018	0.00412639	
363.43	-0.0011912	0.00207932	0.00135967	0.00239636	0.211584	119.808	32.509	0.00412639	
363.45	-0.00229741	-0.000863387	0.00135967	0.00245429	0.196099	200.597	31.7416	0.00412639	
363.47	0.000565711	-0.00246734	0.00135967	0.00253136	0.176744	282.914	30.7752	0.00412639	
363.49	0.00257643	0.000328587	0.00135967	0.0025973	0.161294	7.26801	29.9939	0.00412639	
363.51	-0.000180541	0.00261017	0.00135967	0.0026164	0.157007	93.9568	29.7749	0.00412639	
363.53	-0.00255221	-0.000144165	0.00135967	0.00255628	0.170785	183.233	30.4752	0.00412639	
363.55	0.000232079	-0.00238573	0.00135967	0.00239699	0.21141	275.556	32.5004	0.00412639	
363.57	0.00209584	0.00044367	0.00135967	0.00214229	0.289021	11.9525	36.3645	0.00412639	
363.59	-0.00076333	0.00167299	0.00135967	0.00183891	0.400682	114.526	42.3638	0.00412639	
363.61	-0.00111668	-0.00116075	0.00135967	0.00161069	0.49576	226.108	48.3664	0.00412639	
363.63	0.00159347	-0.000438801	0.00135967	0.00165278	0.47768	344.604	47.1346	0.00412639	
363.65	-0.00033423	0.0020116	0.00135967	0.00203918	0.324768	99.4336	38.2032	0.00412639	
363.67	-0.0023641	-0.00116115	0.00135967	0.00263387	0.153162	206.158	29.5775	0.00412639	
363.69	0.00198785	-0.00260579	0.00135967	0.00327745	0.0547369	307.339	23.7694	0.00412639	
363.71	0.00270401	0.00275172	0.00135967	0.00385793	0.0178555	45.5011	20.193	0.00412639	
363.73	-0.00338793	0.00264384	0.00135967	0.00429744	0.00677253	142.033	18.1278	0.00412639	
363.75	-0.00243104	-0.00383699	0.00135967	0.00454229	0.00377152	237.643	17.1506	0.00412639	
363.77	0.00405243	-0.00209189	0.00135967	0.0045605	0.00360618	332.697	17.0821	0.00412639	
363.79	0.00167017	0.0040075	0.00135967	0.0043416	0.00610854	67.3755	17.9434	0.00412639	
363.81	-0.00369975	0.00122124	0.00135967	0.0038961	0.016482	161.733	19.9952	0.00412639	
363.83	-0.000804355	-0.00315259	0.00135967	0.00325359	0.0570937	255.687	23.9438	0.00412639	
363.85	0.00241349	-0.000474206	0.00135967	0.00245963	0.194712	348.884	31.6727	0.00412639	
363.87	0.00027305	0.00154872	0.00135967	0.0015726	0.512285	80.0011	49.5376	0.00412639	
363.89	-0.000635519	0.00022465	0.00135967	0.000674056	0.884366	160.532	115.574	0.00412639	
363.91	-0.000331019	0.000247531	0.00135967	0.000413334	0.954844	143.211	188.475	0.00412639	
363.93	-0.00103037	-0.000572473	0.00135967	0.00117872	0.686757	209.057	66.0912	0.00412639	
363.95	0.000911001	-0.00166019	0.00135967	0.00189371	0.379115	298.755	41.1378	0.00412639	
363.97	0.00210772	0.00129641	0.00135967	0.0024745	0.190886	31.5947	31.4823	0.00412639	
363.99	-0.00167423	0.00237015	0.00135967	0.00290184	0.102544	125.237	26.8462	0.00412639	
364.01	-0.00247019	-0.00199414	0.00135967	0.00317465	0.0654922	218.913	24.5391	0.00412639	
364.03	0.00221747	-0.00245157	0.00135967	0.00330565	0.0520563	312.13	23.5666	0.00412639	
364.05	0.0023716	0.00232267	0.00135967	0.00331953	0.0507779	44.4028	23.4681	0.00412639	
364.07	-0.0023079	0.002292	0.00135967	0.00325264	0.0571895	135.198	23.9508	0.00412639	
364.09	-0.00226941	-0.00219028	0.00135967	0.00315397	0.0678517	223.983	24.7	0.00412639	
364.11	0.00200215	-0.00234718	0.00135967	0.0030851	0.0762134	310.464	25.2514	0.00412639	
364.13	0.00254936	0.00178499	0.00135967	0.00311214	0.0728364	34.9986	25.032	0.00412639	
364.15	-0.00158204	0.00287806	0.00135967	0.00328422	0.0540838	118.797	23.7205	0.00412639	
364.17	-0.00331421	-0.00143097	0.00135967	0.00360994	0.0294648	203.353	21.5802	0.00412639	
364.19	0.00135789	-0.00382148	0.00135967	0.00405557	0.0116967	289.562	19.2089	0.00412639	
364.21	0.00435271	0.00137348	0.00135967	0.00456426	0.00357288	17.5128	17.0681	0.00412639	
364.23	-0.00147201	0.00485735	0.00135967	0.0050755	0.000942212	106.859	15.3489	0.00412639	
364.25	-0.00528907	-0.0016333	0.00135967	0.00553552	0.000251649	197.161	14.0733	0.00412639	
364.27	0.00182693	-0.00561185	0.00135967	0.00590174	8.10601e-05	288.033	13.2	0.00412639	
364.29	0.00580394	0.00201817	0.00135967	0.00614482	3.67163e-05	19.1738	12.6779	0.00412639	
364.31	-0.00217427	0.00585908	0.00135967	0.00624951	2.58492e-05	110.36	12.4655	0.00412639	
364.33	-0.00578498	-0.00227002	0.00135967	0.00621441	2.90952e-05	201.425	12.5359	0.00412639	
364.35	0.0022916	-0.00559957	0.00135967	0.00605034	5.01408e-05	292.257	12.8758	0.00412639	
364.37	0.005326	0.00223809	0.00135967	0.00577714	0.000120153	22.7931	13.4847	0.00412639	
364.39	-0.00212039	0.00498731	0.00135967	0.00541935	0.00035504	113.033	14.375	0.00412639	
364.41	-0.00460197	-0.00195795	0.00135967	0.00500117	0.00115379	203.048	15.577	0.00412639	
364.43	0.0017739	-0.00418109	0.00135967	0.00454183	0.00377579	292.99	17.1524	0.00412639	
364.45	0.00372787	0.00158969	0.00135967	0.00405267	0.0117712	23.0951	19.2227	0.00412639	
364.47	-0.0014203	0.00323922	0.00135967	0.00353692	0.0339314	113.676	22.0257	0.00412639	
364.49	-0.00270925	-0.00127093	0.00135967	0.00299254	0.0887383	205.132	26.0324	0.00412639	
364.51	0.0011359	-0.00213381	0.00135967	0.00241731	0.205889	298.028	32.2271	0.00412639	
364.53	0.00151501	0.00100005	0.00135967	0.00181531	0.410136	33.4285	42.9145	0.00412639	
364.55	-0.000842227	0.000864868	0.00135967	0.0012072	0.674249	134.24	64.5318	0.00412639	
364.57	-0.000207068	-0.000640425	0.00135967	0.000673069	0.884684	252.082	115.743	0.00412639	
364.59	0.000377405	0.000423546	0.00135967	0.000567297	0.916639	48.297	137.323	0.00412639	
364.61	-0.000983887	4.58448e-05	0.00135967	0.000984955	0.769215	177.332	79.0931	0.00412639	
364.63	0.000348095	-0.00142753	0.00135967	0.00146935	0.557704	283.704	53.0186	0.00412639	
364.65	0.00171083	0.000783505	0.00135967	0.00188171	0.383791	24.6062	41.4002	0.00412639	
364.67	-0.00122612	0.00179932	0.00135967	0.00217737	0.277415	124.272	35.7785	0.00412639	
364.69	-0.00167315	-0.00163226	0.00135967	0.00233746	0.228157	224.291	33.3281	0.00412639	
364.71	0.00195468	-0.00133079	0.00135967	0.00236469	0.22039	325.752	32.9443	0.00412639	
364.73	0.000790265	0.00214946	0.00135967	0.00229013	0.242078	69.8137	34.0168	0.00412639	
364.75	-0.00218278	8.77447e-05	0.00135967	0.00218454	0.275077	177.698	35.6611	0.00412639	
364.77	0.000726361	-0.00203639	0.00135967	0.00216206	0.282445	289.631	36.0319	0.00412639	
364.79	0.00171104	0.00159306	0.00135967	0.00233784	0.228046	42.9549	33.3227	0.00412639	
364.81	-0.00245132	0.00122711	0.00135967	0.00274131	0.131013	153.408	28.4182	0.00412639	
364.83	-0.000622511	-0.00324449	0.00135967	0.00330367	0.052241	259.139	23.5808	0.00412639	
364.85	0.00392556	5.18033e-05	0.00135967	0.0039259	0.0154749	0.756056	19.8434	0.00412639	
364.87	-0.000738018	0.00446055	0.00135967	0.00452119	0.00397177	99.3947	17.2307	0.00412639	
364.89	-0.00482977	-0.00137823	0.00135967	0.00502257	0.00108875	195.927	15.5106	0.00412639	
364.91	0.0019208	-0.0050269	0.00135967	0.00538138	0.000396689	290.912	14.4764	0.00412639	
364.93	0.00505635	0.00232534	0.00135967	0.00556541	0.000230046	24.697	13.9977	0.00412639	
364.95	-0.00256559	0.00492971	0.00135967	0.00555737	0.000235681	117.494	14.018	0.00412639	
364.97	-0.00466215	-0.00263019	0.00135967	0.0053529	0.000430882	209.43	14.5534	0.00412639	
364.99	0.00252111	-0.00426944	0.00135967	0.00495824	0.00129523	300.562	15.7118	0.00412639	
365.01	0.00376645	0.00225073	0.00135967	0.0043877	0.00547864	30.8614	17.7549	0.00412639	
365.03	-0.00183795	0.00316712	0.00135967	0.00366179	0.0266083	120.128	21.2746	0.00412639	
365.05	-0.00248601	-0.00130453	0.00135967	0.00280749	0.118625	207.688	27.7483	0.00412639	
365.07	0.000672204	-0.00174076	0.00135967	0.00186604	0.389936	291.114	41.7479	0.00412639	
365.09	0.000954813	-3.87908e-05	0.00135967	0.000955601	0.781158	357.674	81.5227	0.00412639	
365.11	0.000809635	0.000159508	0.00135967	0.000825198	0.831793	11.1452	94.4054	0.00412639	
365.13	0.000605288	0.00162148	0.00135967	0.00173078	0.444773	69.5298	45.0105	0.00412639	
365.15	-0.00245323	0.00129248	0.00135967	0.00277287	0.124989	152.218	28.0947	0.00412639	
365.17	-0.00185117	-0.00327918	0.00135967	0.00376562	0.021599	240.554	20.688	0.00412639	
365.19	0.00406754	-0.00223197	0.00135967	0.00463968	0.00296131	331.245	16.7906	0.00412639	
365.21	0.00239348	0.00478026	0.00135967	0.00534599	0.000439585	63.4028	14.5723	0.00412639	
365.23	-0.00537474	0.00230885	0.00135967	0.00584967	9.56505e-05	156.753	13.3175	0.00412639	
365.25	-0.00197149	-0.00580745	0.00135967	0.00613296	3.81905e-05	251.249	12.7024	0.00412639	
365.27	0.00603891	-0.00139867	0.00135967	0.00619876	3.06649e-05	346.96	12.5675	0.00412639	
365.29	0.000632166	0.00603947	0.00135967	0.00607246	4.66328e-05	84.0245	12.8289	0.00412639	
365.31	-0.00579474	-0.000264207	0.00135967	0.00580076	0.000111587	182.611	13.4298	0.00412639	
365.33	0.00121037	-0.00530976	0.00135967	0.00544596	0.000328332	282.841	14.3047	0.00412639	
365.35	0.00461088	0.00211818	0.00135967	0.00507414	0.000945729	24.6734	15.353	0.00412639	
365.37	-0.00290115	0.0037449	0.00135967	0.00473719	0.00231253	127.765	16.445	0.00412639	
365.39	-0.00277516	-0.00348424	0.00135967	0.00445437	0.0046712	231.463	17.4891	0.00412639	
365.41	0.00381238	-0.00177516	0.00135967	0.0042054	0.00836903	335.032	18.5245	0.00412639	
365.43	0.000820298	0.00385655	0.00135967	0.00394282	0.0149274	77.992	19.7582	0.00412639	
365.45	-0.00361647	-2.08838e-05	0.00135967	0.00361653	0.0290876	180.331	21.5409	0.00412639	
365.47	0.000694839	-0.0031196	0.00135967	0.00319605	0.063122	282.557	24.3748	0.00412639	
365.49	0.00241671	0.00116912	0.00135967	0.00268465	0.142372	25.8161	29.018	0.00412639	
365.51	-0.00143559	0.0015747	0.00135967	0.00213087	0.292859	132.354	36.5593	0.00412639	
365.53	-0.000667827	-0.00151016	0.00135967	0.00165123	0.47834	246.144	47.1787	0.00412639	
365.55	0.00142907	0.000231329	0.00135967	0.00144767	0.567325	9.1949	53.8126	0.00412639	
365.57	-0.00105982	0.00124239	0.00135967	0.00163302	0.486141	130.466	47.7049	0.00412639	
365.59	-0.00100562	-0.00177019	0.00135967	0.00203589	0.325947	240.4	38.2649	0.00412639	
365.61	0.0023335	-0.000770803	0.00135967	0.00245751	0.195262	341.721	31.7	0.00412639	
365.63	0.000578626	0.00273936	0.00135967	0.0027998	0.120017	78.0729	27.8245	0.00412639	
365.65	-0.00299331	0.000452551	0.00135967	0.00302733	0.0838517	171.403	25.7333	0.00412639	
365.67	-0.000396048	-0.00311227	0.00135967	0.00313737	0.0697959	262.748	24.8307	0.00412639	
365.69	0.00311906	-0.000393204	0.00135967	0.00314375	0.0690436	352.815	24.7803	0.00412639	
365.71	0.000412552	0.00303712	0.00135967	0.00306501	0.0788038	82.2645	25.4169	0.00412639	
365.73	-0.00288633	0.000413412	0.00135967	0.00291579	0.100318	171.849	26.7177	0.00412639	
365.75	-0.000353639	-0.00268068	0.00135967	0.00270391	0.138432	262.485	28.8113	0.00412639	
365.77	0.00242799	-0.000197493	0.00135967	0.002436	0.2009	355.35	31.9799	0.00412639	
365.79	-7.76896e-05	0.00213145	0.00135967	0.00213286	0.292187	92.0875	36.5251	0.00412639	
365.81	-0.00179267	-0.000477043	0.00135967	0.00185505	0.394271	194.902	41.9951	0.00412639	
365.83	0.000986621	-0.00141508	0.00135967	0.00172507	0.447151	304.885	45.1593	0.00412639	
365.85	0.00100712	0.0015749	0.00135967	0.00186938	0.38862	57.4017	41.6732	0.00412639	
365.87	-0.00219697	0.000584151	0.00135967	0.0022733	0.24716	165.11	34.2687	0.00412639	
365.89	-0.000168689	-0.00280071	0.00135967	0.00280579	0.118933	266.553	27.7651	0.00412639	
365.91	0.00333382	0.000211263	0.00135967	0.0033405	0.0488956	3.62597	23.3208	0.00412639	
365.93	-0.000525596	0.00375052	0.00135967	0.00378717	0.0206686	97.9774	20.5703	0.00412639	
365.95	-0.00401712	-0.00074658	0.00135967	0.00408591	0.0109408	190.528	19.0663	0.00412639	
365.97	0.000853619	-0.00411533	0.00135967	0.00420293	0.00841625	281.718	18.5355	0.00412639	
365.99	0.00404325	0.000837353	0.00135967	0.00412904	0.00994088	11.7005	18.8671	0.00412639	
366.01	-0.000702241	0.00381396	0.00135967	0.00387807	0.0171188	100.433	20.0881	0.00412639	
366.03	-0.00345216	-0.000467047	0.00135967	0.00348361	0.0375457	187.705	22.3628	0.00412639	
366.05	0.000162967	-0.00298967	0.00135967	0.00299411	0.0885129	273.12	26.0188	0.00412639	
366.07	0.0024606	-0.000170401	0.00135967	0.00246649	0.19294	356.038	31.5846	0.00412639	
366.09	0.000490671	0.00189707	0.00135967	0.00195949	0.353996	75.4984	39.7568	0.00412639	
366.11	-0.00132617	0.000758981	0.00135967	0.001528	0.531811	150.217	50.9838	0.00412639	
366.13	-0.000945982	-0.000768513	0.00135967	0.00121881	0.669136	219.09	63.9175	0.00412639	
366.15	0.000238342	-0.00103649	0.00135967	0.00106355	0.736441	282.95	73.2485	0.00412639	
366.17	0.00103205	-0.000254991	0.00135967	0.00106309	0.736635	346.122	73.2801	0.00412639	
366.19	0.000704812	0.000950864	0.00135967	0.0011836	0.684621	53.4529	65.8189	0.00412639	
366.21	-0.000825169	0.0011048	0.00135967	0.00137894	0.597932	126.756	56.4948	0.00412639	
366.23	-0.00144718	-0.000696384	0.00135967	0.00160602	0.49778	205.697	48.5071	0.00412639	
366.25	0.000608785	-0.00172199	0.00135967	0.00182644	0.405666	289.47	42.6531	0.00412639	
366.27	0.00191752	0.000602715	0.00135967	0.00201001	0.335308	17.449	38.7575	0.00412639	
366.29	-0.000708353	0.00202202	0.00135967	0.00214251	0.288947	109.306	36.3607	0.00412639	
366.31	-0.00202621	-0.000940997	0.00135967	0.00223405	0.259274	204.911	34.8708	0.00412639	
366.33	0.00129854	-0.00192605	0.00135967	0.0023229	0.232382	303.988	33.537	0.00412639	
366.35	0.00172528	0.00176144	0.00135967	0.00246562	0.193166	45.5942	31.5958	0.00412639	
366.37	-0.00229519	0.0014369	0.00135967	0.00270787	0.137632	147.951	28.7692	0.00412639	
366.39	-0.00108331	-0.00285469	0.00135967	0.00305333	0.0803421	249.219	25.5142	0.00412639	
366.41	0.00339001	-0.000694941	0.00135967	0.00346051	0.0392105	348.415	22.512	0.00412639	
366.43	0.000307321	0.0038525	0.00135967	0.00386473	0.0176035	85.4391	20.1574	0.00412639	
366.45	-0.0042004	-4.27841e-05	0.00135967	0.00420062	0.00846053	180.584	18.5456	0.00412639	
366.47	0.000321761	-0.00440337	0.00135967	0.00441511	0.00513246	274.179	17.6446	0.00412639	
366.49	0.00444523	0.000503257	0.00135967	0.00447362	0.004459	6.45912	17.4139	0.00412639	
366.51	-0.000571364	0.00432479	0.00135967	0.00436237	0.00581704	97.526	17.858	0.00412639	
366.53	-0.00405503	-0.000522343	0.00135967	0.00408853	0.0108776	187.34	19.0541	0.00412639	
366.55	0.00036462	-0.00366061	0.00135967	0.00367872	0.0257285	275.688	21.1767	0.00412639	
366.57	0.00317465	0.000117057	0.00135967	0.00317681	0.0652504	2.11167	24.5225	0.00412639	
366.59	0.000194197	0.00263494	0.00135967	0.00264209	0.151376	85.7849	29.4855	0.00412639	
366.61	-0.00208035	0.000539744	0.00135967	0.00214923	0.286701	165.455	36.247	0.00412639	
366.63	-0.000891215	-0.00154772	0.00135967	0.00178597	0.422025	240.066	43.6194	0.00412639	
366.65	0.0010694	-0.0012251	0.00135967	0.00162618	0.489081	311.118	47.9055	0.00412639	
366.67	0.00152556	0.000671607	0.00135967	0.00166685	0.471685	23.7609	46.7369	0.00412639	
366.69	-0.000373416	0.00178588	0.00135967	0.0018245	0.406443	101.81	42.6984	0.00412639	
366.71	-0.00200839	-0.000186221	0.00135967	0.002017	0.332765	185.297	38.6232	0.00412639	
366.73	0.000113571	-0.00220301	0.00135967	0.00220594	0.268178	272.951	35.3152	0.00412639	
366.75	0.00238476	0.000151202	0.00135967	0.00238955	0.213456	3.62788	32.6015	0.00412639	
366.77	-0.000287277	0.00257073	0.00135967	0.00258674	0.163701	96.3763	30.1164	0.00412639	
366.79	-0.00277696	-0.000502899	0.00135967	0.00282213	0.116011	190.265	27.6044	0.00412639	
366.81	0.000773023	-0.00301578	0.00135967	0.00311328	0.0726971	284.377	25.0228	0.00412639	
366.83	0.00329392	0.00106793	0.00135967	0.00346271	0.0390491	17.9633	22.4977	0.00412639	
366.85	-0.00135534	0.00361143	0.00135967	0.00385738	0.0178761	110.571	20.1959	0.00412639	
366.87	-0.00396158	-0.00160313	0.00135967	0.00427366	0.00715635	202.032	18.2287	0.00412639	
366.89	0.00178256	-0.00433144	0.00135967	0.00468389	0.0026489	292.369	16.6321	0.00412639	
366.91	0.00470287	0.00187147	0.00135967	0.00506156	0.000978911	21.6997	15.3911	0.00412639	
366.93	-0.00185735	0.00505389	0.00135967	0.00538438	0.000393236	110.179	14.4684	0.00412639	
366.95	-0.00535993	-0.00173932	0.00135967	0.00563507	0.000186283	197.978	13.8247	0.00412639	
366.97	0.00152907	-0.00559512	0.00135967	0.0058003	0.000111749	285.285	13.4309	0.00412639	
366.99	0.00573364	0.00125002	0.00135967	0.00586832	9.0159e-05	12.2989	13.2752	0.00412639	
367.01	-0.000934903	0.00575104	0.00135967	0.00582654	0.000102899	99.2334	13.3704	0.00412639	
367.03	-0.00562595	-0.00062184	0.00135967	0.00566021	0.000172513	186.307	13.7633	0.00412639	
367.05	0.00034941	-0.00534208	0.00135967	0.0053535	0.000430138	273.742	14.5518	0.00412639	
367.07	0.00489065	0.000151386	0.00135967	0.004893	0.00154115	1.77298	15.9214	0.00412639	
367.09	-5.19531e-05	0.00427293	0.00135967	0.00427324	0.00716323	90.6966	18.2304	0.00412639	
367.11	-0.00350264	-6.21532e-05	0.00135967	0.0035032	0.0361815	181.017	22.2377	0.00412639	
367.13	0.000178206	-0.00260777	0.00135967	0.00261385	0.157575	273.909	29.8039	0.00412639	
367.15	0.00163108	0.000382018	0.00135967	0.00167522	0.468127	13.1817	46.5032	0.00412639	
367.17	-0.000643879	0.00062902	0.00135967	0.000900137	0.803209	135.669	86.5459	0.00412639	
367.19	0.000331444	-0.000926931	0.00135967	0.000984407	0.76944	289.676	79.1372	0.00412639	
367.21	0.00119271	0.00117802	0.00135967	0.00167639	0.467632	44.6449	46.4707	0.00412639	
367.23	-0.00184006	0.00140684	0.00135967	0.00231625	0.234328	142.6	33.6333	0.00412639	
