1388620500	523	518.844	6108.75
1388706900	463	488.822	6056.26
1388793300	489	479.93	6099.54
1388879700	250	251.821	3055.3
1388966100	262	250.349	2990.45
1389052500	539	510.173	6048.86
1389138900	501	490.534	6022.93
1389225300	536	514.539	6048.01
1389311700	511	502.129	6017.91
1389398100	474	483.204	6028.33
1389484500	461	468.863	6011.6
1389570900	527	493.29	6030.11
1389657300	501	492.199	5953.94
1389743700	487	504.079	6059.98
1389830100	539	518.548	6198.4
1389916500	504	521.781	6161.08
1390002900	560	513.265	6237.23
1390089300	508	515.543	6262.61
1390175700	499	456.655	5413.65
1390262100	561	541.478	6206.38
1390348500	536	538.37	6187.07
1390434900	520	504.968	5794.17
1390521300	377	392.392	4755.57
1390607700	460	448.545	6021.41
1390694100	467	466.109	5835.83
1390780500	469	496.66	5977.62
1390866900	456	465.923	5689.51
1390953300	472	440.907	5599.44
1391039700	510	502.857	6096.88
1391126100	529	514.063	6113.7
1391212500	537	509.416	6094.58
1391298900	518	510.858	6039.5
1391385300	513	499.933	5934.66
1391471700	496	506.516	6053.8
1391558100	519	519.031	5984.08
1391644500	349	349.499	4227.72
1391730900	463	446.042	5437.7
1391817300	485	515.421	6049.45
1391903700	511	503.288	6037.41
1391990100	474	478.889	5861.81
1392076500	381	419.597	5120.58
1392162900	509	479.871	5867.46
1392249300	483	477.673	5942.6
1392335700	403	422.144	5770.62
1392422100	203	201.672	2723.92
1392508500	169	191.869	2507.65
1392594900	179	187.529	2446.95
1392681300	327	343.523	4351.97
1392767700	401	378.831	4673.01
1392854100	374	359.172	4461.92
1392940500	362	377.801	4707.86
1393026900	408	418.631	5348.28
1393113300	527	477.354	5993.2
1393199700	482	471.149	5680.64
1393286100	397	433.636	5916.35
1393372500	362	372.057	5079.89
1393458900	407	433.203	5647.49
1393545300	492	454.258	5631.05
1393631700	275	273.851	3458.33
1393718100	477	438.847	5778.08
1393804500	431	448.858	5832.9
1393890900	463	462.087	5848.22
1393977300	453	471.532	5839.76
1394063700	424	452.895	5849.73
1394150100	462	457.967	5892.52
1394236500	520	461.213	5800.62
1394322900	508	486.103	5855.38
1394409300	403	440.413	5492.02
1394495700	452	453.925	5718.1
1394582100	459	445.01	5529.95
1394668500	452	464.188	5733.05
1394754900	460	463.219	5852.39
1394841300	481	474.043	5858.34
1394927700	477	487.578	5814.78
1395014100	487	482.981	5832.2
1395100500	397	432.783	5660.5
1395186900	475	453.841	5892.14
1395273300	525	489.153	6094.45
1395359700	514	501.194	6048.74
1395446100	464	458.382	6249.44
1395532500	537	480.449	6322.03
1395618900	513	499.212	6273.17
1395705300	520	480.084	6272.92
1395791700	504	470.256	6351.97
1395878100	428	487.897	6309.05
1395964500	496	468.733	5819
1396050900	502	501.142	6013.67
1396137300	552	501.018	5830.95
1396223700	490	493.957	6205.99
1396310100	444	479.589	6269.93
1396396500	488	458.423	6261.93
1396482900	481	457.164	5907.88
1396569300	471	492.924	6226.53
1396655700	495	508.061	6392.7
1396742100	500	509.63	6363.13
1396828500	366	360.384	4457.83
1396914900	486	512.864	6377.48
1397001300	370	356.206	4503.54
1397087700	511	500.311	6314.61
1397174100	488	488.764	6455.75
1397260500	542	506.743	6504.65
1397346900	469	466.586	6530.51
1397433300	431	408.677	5609.81
1397519700	368	354.725	4650.96
1397606100	47	40.2329	515.128
1397692500	416	382.425	5039.94
1397778900	488	476.986	6381.08
1397865300	493	478.079	6355.93
1397951700	473	458.577	6234.44
1398038100	496	471.813	6282
1398124500	458	468.344	6300.16
1398210900	222	219.878	2875.39
1398297300	458	467.196	6112.14
1398383700	415	440.586	5765.18
1398470100	510	499.146	6340.24
1398556500	546	508.713	6341.65
1398642900	473	474.002	6361.11
1398729300	453	473.075	6420.06
1398815700	478	477.976	6281.44
1398902100	475	525.803	6499.76
1398988500	445	521.06	6457.42
1399074900	462	495.356	6271.12
1399161300	485	503.177	6405.92
1399247700	476	497.754	6404.11
1399334100	496	467.064	6121.1
1399420500	538	490.794	6426.27
1399506900	481	473.406	6351.12
1399593300	451	489.628	6432.92
1399679700	482	493.128	6348.1
1399766100	468	451.761	5904.19
1399852500	537	480.83	6410.56
1399938900	465	468.321	6106.54
1400025300	515	490.534	6201.2
1400111700	483	485.681	6270.9
1400198100	387	394.716	5153.96
1400284500	460	450.709	6037.59
1400370900	489	464.278	6333.76
1400457300	497	474.598	6402.44
1400543700	472	466.276	6212.89
1400630100	492	487.199	6250.61
1400716500	431	470.339	6293.67
1400802900	460	429.059	6338.17
1400889300	447	436.583	6260.62
1400975700	463	464.147	6247.65
1401062100	459	415.849	5726.71
1401148500	462	452.68	6218.83
1401234900	447	448.627	6012.78
1401321300	552	525.631	6399.75
1401407700	528	509.72	6503.77
1401494100	491	485.044	6571.22
1401580500	483	486.904	6604.46
1401666900	522	503.099	6566.15
1401753300	556	560.04	6683.76
1401839700	562	558.469	6640.93
1401926100	520	522.853	6637.07
1402012500	492	503.592	6623.65
1402098900	476	523.02	6649.59
1402185300	514	510.522	6613.61
1402271700	510	514.808	6561.69
1402358100	562	494.558	6623.5
1402444500	518	548.634	6610.78
1402530900	550	519.977	6290.95
1402617300	447	480.155	6612.89
1402703700	479	444.051	6325.02
1402790100	525	477.11	6513.56
1402876500	469	477.347	6514.36
1402962900	475	458.681	6516.61
1403049300	466	447.414	6511.63
1403135700	463	437.791	6462.98
1403222100	471	462.05	6408.64
1403308500	535	491.397	6431.93
1403394900	524	505.692	6417.98
1403481300	465	443.46	5927.23
1403567700	476	467.316	6419.23
1403654100	469	474.622	6460.65
1403740500	490	468.401	6527.33
1403826900	464	439.33	6487.66
1403913300	471	435.539	6563.74
1403999700	439	452.7	6539.22
1404086100	481	464.568	6404.38
1404172500	450	490.197	6471.84
1404258900	505	500.462	6419.82
1404345300	448	479.818	6426.08
1404431700	512	484.555	6430.97
1404518100	466	476.946	6357.87
1404604500	473	454.973	6447.35
1404690900	475	464.43	6401.86
1404777300	460	445.046	6396.18
1404863700	495	449.458	6425.52
1404950100	444	450.641	6398.38
1405036500	494	449.869	6226.39
1405122900	459	471.46	6329.81
1405209300	483	468.267	6378.81
1405295700	493	486.008	6360.88
1405382100	506	485.842	6311.17
1405468500	408	452.172	6006.74
1405554900	479	459.652	6279.8
1405641300	436	429.007	6260.02
1405727700	440	444.098	6237.22
1405814100	453	433.923	5774.47
1405900500	414	377.722	4869.62
1405986900	494	471.175	6209.78
1406073300	418	426.545	5951.83
1406159700	409	396.992	5921.6
1406246100	464	446.349	6261.61
1406332500	455	450.579	6163.73
1406418900	405	434.66	6204.51
1406505300	452	452.593	6066.32
1406591700	469	482.779	6121.83
1406678100	396	458.107	6069.82
1406764500	502	468.226	6107.27
1406850900	490	487.653	6146.27
1406937300	455	512.601	6208.45
1407023700	458	508.176	6242.16
1407110100	430	455.301	6255.47
1407196500	472	463.624	6333.28
1407282900	467	503.567	6193.81
1407369300	421	435.38	6221.15
1407455700	427	422.794	6247.42
1407542100	450	455.047	6245.77
1407628500	511	488.66	6245.24
1407714900	436	465.309	6252.05
1407801300	443	451.246	6268.38
1407887700	428	419.439	6311.96
1407974100	440	445.076	6377.15
1408060500	513	473.803	6400.25
1408146900	518	471.905	6370.03
1408233300	487	469.062	6317
1408319700	445	477.192	6282.07
1408406100	540	488.5	6266.36
1408492500	489	491.142	6287.36
1408578900	551	502.94	6319.1
1408665300	489	497.634	6381.12
1408751700	492	485.694	6048.23
1408838100	451	456.36	5798.27
1408924500	453	474.672	6373.52
1409010900	489	448.695	6363.54
1409097300	487	463.866	6399.16
1409183700	504	476.699	6433.61
1409270100	476	493.531	6489.82
1409356500	530	514.734	6486.72
1409442900	477	493.592	6449.44
1409529300	544	519.923	6560.7
1409615700	542	518.027	6556.75
1409702100	509	516.166	6558.93
1409788500	526	511.509	6526.18
1409874900	450	453.894	5778.03
1409961300	469	498.391	6603.08
1410047700	472	503	6570.05
1410134100	516	510.325	6527
1410220500	528	530.682	6551.41
1410306900	499	474.479	6229.3
1410393300	484	485.137	6592.42
1410479700	473	502.643	6581.19
1410566100	513	510.532	6651.65
1410652500	481	475.574	6325.83
1410738900	433	447.708	6105.49
1410825300	550	505.005	6558.01
1410911700	507	517.339	6661.37
1410998100	435	481.698	6204.37
1411084500	502	473.651	6106.76
1411170900	499	499.639	6648.7
1411257300	494	506.887	6638.74
1411343700	594	542.77	6661.53
1411430100	467	477.822	6330.84
1411516500	517	510.618	6612.86
1411602900	521	531.902	6628.33
1411689300	457	499.914	6608.83
1411775700	498	503.951	6648.96
1411862100	519	543.484	6628.12
1411948500	544	533.006	6644.62
1412034900	541	516.083	6596.6
1412121300	523	484.235	6380.64
1412207700	504	497.489	6611.39
1412294100	468	509.238	6508.53
1412380500	454	517.865	6451.7
1412466900	492	475.747	6075.3
1412553300	421	423.609	5513.25
1412639700	571	509.47	6489.02
1412726100	539	545.668	6737.41
1412812500	538	540.245	6682.2
1412898900	508	506.661	6759.84
1412985300	433	419.468	5614.02
1413071700	226	228.15	3000.98
1413158100	220	231.574	2998.57
1413244500	230	234.72	2989.73
1413330900	404	417.874	5181.6
1413417300	570	548.51	6811.15
1413503700	567	542.508	6791.65
1413590100	553	559.765	6783.02
1413676500	513	524.836	6801.88
1413762900	480	497.405	6484.7
1413849300	558	536.933	6825.01
1413935700	536	549.735	6758.66
1414022100	559	538.712	6761.15
1414108500	514	540.259	6741.61
1414194900	564	549.126	6819.21
1414281300	585	565.967	6740.23
1414367700	554	563.431	6754.01
1414454100	552	549.546	6808.24
1414540500	596	573.391	6810.79
1414626900	522	553.131	6823.12
1414713300	554	543.942	6826.75
1414799700	452	508.52	6811.78
1414886100	418	474.181	6687.59
1414972500	513	498.367	6673.51
1415058900	513	521.508	6758.26
1415145300	551	538.794	6780.89
1415231700	496	523.232	6543.31
1415318100	557	528.233	6574.68
1415404500	524	534.001	6742.49
1415490900	501	530.326	6666.92
1415577300	533	522.388	6426.07
1415663700	553	551.063	6744.91
1415750100	545	530.668	6680.24
1415836500	435	447.379	5893.88
1415922900	533	530.852	6774.76
1416009300	562	551.38	6773.03
1416095700	571	542.92	6800.04
1416182100	544	548.799	6764.57
1416268500	516	509.06	5969.11
1416354900	549	556.105	6603
1416441300	501	534.872	6703.77
1416527700	417	384.934	4949.19
1416614100	507	514.595	6598.44
1416700500	513	540.11	6599.24
1416786900	525	554.22	6586.67
1416873300	450	474.16	6015.97
1416959700	513	502.316	6333.6
1417046100	546	514.941	6446.37
1417132500	556	530.189	6493.3
1417218900	564	553.06	6555.34
1417305300	446	462.691	6149.7
1417391700	355	351.838	4825.7
1417478100	496	503.249	6532.92
1417564500	545	530.638	6534.14
1417650900	525	542.985	6536.11
1417737300	541	552.546	6518.79
1417823700	557	552.319	6461.83
1417910100	542	530.107	6530.25
1417996500	573	531.47	6533.93
1418082900	589	555.261	6541.9
1418169300	503	489.234	5809.02
1418255700	530	517.249	6483.66
1418342100	481	485.575	6096.04
1418428500	359	401.846	5042.46
1418514900	516	513.842	6413.58
1418601300	472	486.892	5967.02
1418687700	402	402.614	5038.99
1418774100	402	410.878	5320.28
1418860500	456	480.776	6089.45
1418946900	533	511.827	6101.68
1419033300	533	550.976	6417.06
1419119700	508	511.003	6434.06
1419206100	430	403.722	5283.45
1419292500	400	427.304	5659.3
1419378900	464	475.379	5831.32
1419465300	467	455.348	5488
1419551700	488	451.213	5472.8
1419638100	507	490.411	5986.83
1419724500	536	515.277	6244.16
1419810900	447	484.799	5797.08
1419897300	525	532.531	6335.77
1419983700	416	438.482	5245.01
1420070100	507	518.212	6173.57
1420156500	496	499.486	6342.81
1420242900	495	504.913	6280.5
1420329300	519	511.25	6327.36
1420415700	539	525.585	6306.48
1420502100	548	521.996	6155.19
1420588500	562	523.182	6309.19
1420674900	521	524.327	6412.03
1420761300	530	531.256	6401.46
1420847700	522	531.011	6430.96
1420934100	506	482.967	5868.69
1421020500	418	400.896	4898.21
1421106900	478	475.836	5756.9
1421193300	477	489.699	5888.4
1421279700	394	410.932	5127.34
1421366100	494	512.202	6287.95
1421452500	300	271.661	3260.33
1421538900	0	0	0
1421625300	0	0	0
1421711700	0	0	0
1421798100	0	0	0
1421884500	0	0	0
1421970900	0	0	0
1422057300	0	0	0
1422143700	0	0	0
1422230100	0	0	0
1422316500	0	0	0
1422402900	0	0	0
1422489300	0	0	0
1422575700	0	0	0
1422662100	0	0	0
1422748500	0	0	0
1422834900	0	0	0
1422921300	0	0	0
1423007700	0	0	0
1423094100	0	0	0
1423180500	0	0	0
1423266900	0	0	0
1423353300	0	0	0
1423439700	0	0	0
1423526100	0	0	0
1423612500	0	0	0
1423698900	0	0	0
1423785300	0	0	0
1423871700	0	0	0
1423958100	163	185.893	2348.38
1424044500	522	487.673	6002.66
1424130900	459	433.591	5352.93
1424217300	522	510.574	6123.15
1424303700	516	487.336	6177.12
1424390100	477	480.966	6107.27
1424476500	433	439.099	5797.96
1424562900	458	471.39	5997.51
1424649300	486	481.833	6068.33
1424735700	499	495.395	6040.31
1424822100	427	403.56	5080.01
1424908500	433	437.196	5873.93
1424994900	401	390.898	4990.02
1425081300	478	451.725	5848.5
1425167700	506	469.583	5870.84
1425254100	486	472.266	5826.98
1425340500	372	343.226	4265.85
1425426900	261	251.546	3151.26
1425513300	0	0	0
1425599700	0	0	0
1425686100	0	0	0
1425772500	0	0	0
1425858900	0	0	0
1425945300	0	0	0
1426031700	1	2.90102	0
1426118100	533	505.089	5975.91
1426204500	357	332.378	3961.56
1426290900	474	471.905	5869.55
1426377300	467	454.493	5827.25
1426463700	457	475.892	5927.11
1426550100	473	449.996	5509.2
1426636500	381	390.676	4829.55
1426722900	459	463.447	5624.79
1426809300	194	203.202	2468.68
1426895700	302	314.866	4131.53
1426982100	434	437.552	5761.64
1427068500	1	0	0
1427154900	245	257.202	3344.26
1427241300	346	361.942	4916.11
1427327700	366	350.966	4797.24
1427414100	385	367.732	4870.9
1427500500	465	428.954	5591.84
1427586900	437	452.18	5793.31
1427673300	484	459.651	5793.72
1427759700	467	441.38	5813.4
1427846100	450	446.734	5751.11
1427932500	435	460.037	5740.62
1428018900	525	472.6	5781.23
1428105300	442	462.477	5777.61
1428191700	439	455.834	5743.57
1428278100	441	439.222	5769.84
1428364500	482	464.047	5855.2
1428450900	453	460.859	5763.05
1428537300	461	449.381	5657.99
1428623700	454	451.533	5766.21
1428710100	473	445.785	5751.33
1428796500	492	450.891	5701.37
1428882900	447	436.084	5342.54
1428969300	436	441.665	5512.23
1429055700	423	436.588	5559.33
1429142100	437	446.301	5659.64
1429228500	433	440.756	5680.53
1429314900	425	395.648	5157.9
1429401300	528	479.408	5717
1429487700	477	454.889	5775.08
1429574100	436	435.035	5866.58
1429660500	487	453.969	6109.7
1429746900	481	473.81	6289.6
1429833300	492	469.946	6181.2
1429919700	479	475.061	6308.88
1430006100	507	485.568	6248.68
1430092500	514	486.947	6269.54
1430178900	530	480.142	6291.53
1430265300	468	487.528	6349.9
1430351700	477	489.196	6353.09
1430438100	515	465.599	5956.33
1430524500	527	522.972	6450.65
1430610900	510	496.1	6379.15
1430697300	526	473.121	6284.5
1430783700	502	474.642	6341.45
1430870100	452	461.606	6410.98
1430956500	457	460.63	6476.88
1431042900	508	490.103	6504.24
1431129300	552	509.474	6545.63
1431215700	505	482.619	6515.97
1431302100	432	481.44	6469.55
1431388500	523	481.991	6367.83
1431474900	502	487.506	6456.55
1431561300	457	494.728	6466.11
1431647700	524	509.43	6524.08
1431734100	542	490.117	6367.19
1431820500	517	466.267	5950.88
1431906900	455	460.265	5996.82
1431993300	516	480.2	6420.62
1432079700	445	458.046	5962.26
1432166100	503	509.486	6313.77
1432252500	462	496.236	6373.72
1432338900	411	489.519	6393.98
1432425300	478	467.969	6399.42
1432511700	479	450.444	6335.59
1432598100	486	461.58	6369.62
1432684500	461	453.731	6339.88
1432770900	521	461.263	6354.76
1432857300	521	499.319	6370.55
1432943700	508	489.215	6415.62
1433030100	486	476.336	6400.33
1433116500	481	473.828	6301.99
1433202900	551	496.885	6344.47
1433289300	407	432.598	5377.77
1433375700	495	489.258	6337.72
1433462100	562	505.319	6289.98
1433548500	545	531.787	6443.98
1433634900	471	505.018	6411.96
1433721300	512	483.684	6448.83
1433807700	497	494.676	6442.83
1433894100	503	478.745	6380.31
1433980500	509	466.296	6365.36
1434066900	486	448.563	6279.33
1434153300	415	419.419	5555.9
1434239700	0	0	0
1434326100	0	0	0
1434412500	358	394.362	5201.03
1434498900	495	480.218	6283.91
1434585300	215	225.029	3200.85
1434671700	448	440.803	6457.48
1434758100	540	499.763	6475.02
1434844500	476	476.692	6486.66
1434930900	479	469.412	6467.86
1435017300	460	436.348	6465.07
1435103700	470	439.344	6429.51
1435190100	545	464.712	6344.14
1435276500	451	452.72	6341.74
1435362900	500	455.239	6350.19
1435449300	437	445.215	6119.88
1435535700	469	469.785	6357.01
1435622100	504	484.437	6356.4
1435708500	468	473.012	6366.33
1435794900	468	479.74	6451.1
1435881300	442	463.444	6426.82
1435967700	449	439.342	6392.28
1436054100	476	470.138	6361.31
1436140500	533	499.394	6364.27
1436226900	453	467.726	6364.62
1436313300	467	453.659	6080.57
1436399700	400	419.63	5329.14
1436486100	505	497.194	6382.21
1436572500	468	472.582	6371.6
1436658900	471	501.251	6314.02
1436745300	475	479.634	6041.42
1436831700	477	461.767	6131.38
1436918100	458	453.48	6304.73
1437004500	465	465.463	6371.62
1437090900	460	461.402	6369.45
1437177300	529	497.699	6365.87
1437263700	450	451.885	6102.99
1437350100	453	448.409	6359.7
1437436500	445	433.434	6315.26
1437522900	459	454.798	6314.32
1437609300	444	441.611	6249.93
1437695700	453	449.495	6308.42
1437782100	453	460.416	6268.24
1437868500	577	488.119	6287.81
1437954900	424	422.885	5082.18
1438041300	492	485.971	6034.48
1438127700	495	466.975	6284.48
1438214100	486	459.112	6265.73
1438300500	474	486.354	6239.18
1438386900	459	476.219	6226.76
1438473300	452	489.423	6134.31
1438559700	433	442.204	5709.11
1438646100	480	453.697	6110.89
1438732500	457	479.609	6128.2
1438818900	496	515.846	6120.31
1438905300	525	485.508	5987.95
1438991700	413	402.866	5186.84
1439078100	310	312.873	4093.96
1439164500	237	214.35	2811.55
1439250900	0	0	0
1439337300	1	6.08087	0
1439423700	303	316.48	4563.43
1439510100	350	336.577	4816.14
1439596500	455	429.966	5731.89
1439682900	382	423.084	5761.73
1439769300	360	375.626	5139.36
1439855700	423	423.072	5568.16
1439942100	382	431.346	5861.94
1440028500	451	450.507	6031.21
1440114900	463	461.113	5931.97
1440201300	441	481.478	6020.92
1440287700	437	460.03	6035.75
1440374100	401	441.879	5996.08
1440460500	489	477.776	5941.61
1440546900	475	476.991	5985.78
1440633300	424	434.49	5728.28
1440719700	470	473.133	6022.67
1440806100	480	492.991	6015.94
1440892500	337	363.043	4531.84
1440978900	290	287.836	3712.61
1441065300	267	310.097	4329.37
1441151700	401	375.601	5220.82
1441238100	387	422.753	5878.17
1441324500	420	434.769	5932.7
1441410900	443	433.586	5962.75
1441497300	391	367.803	4744.31
1441583700	276	259.919	3142.61
1441670100	45	75.1185	958.698
1441756500	0	0	0
1441842900	414	445.478	5836.84
1441929300	410	435.937	5977.99
1442015700	472	442.626	5996.5
1442102100	426	441.602	5975.27
1442188500	442	457.116	5950.4
1442274900	472	484.4	5992.67
1442361300	495	467.207	5961.22
1442447700	464	461.886	5953.28
1442534100	442	452.614	5946.54
1442620500	444	448.57	5956.89
1442706900	502	459.397	5970.06
1442793300	482	473.801	5948.43
1442879700	72	77.1712	990.51
1442966100	315	318.508	4122.58
1443052500	378	385.402	4931.76
1443138900	385	388.472	5166.01
1443225300	449	454.35	6064.15
1443311700	455	464.936	6127.62
1443398100	503	491.723	6155.36
1443484500	476	487.077	6099.66
1443570900	465	482.396	6175.45
1443657300	546	512.281	6264.62
1443743700	381	384.384	5120.06
1443830100	313	290.799	4044.8
1443916500	201	205.373	2727.7
1444002900	206	193.967	2495.73
1444089300	189	202.082	2608.36
1444175700	332	339.386	4477.42
1444262100	411	420.334	5627.6
1444348500	406	392.766	5485.25
1444434900	351	345	5050.59
1444521300	270	298.701	4415.81
1444607700	336	378.319	5336.99
1444694100	421	441.389	5622.53
1444780500	321	318.339	3877.1
1444866900	500	473.193	5957.93
1444953300	461	476.505	6320.38
1445039700	439	463.058	6363.16
1445126100	477	476.895	6389.68
1445212500	532	518.153	6390.27
1445298900	516	491.431	6259.99
1445385300	393	420.229	5365.9
1445471700	486	495.058	6415.71
1445558100	441	481.094	6509.49
1445644500	454	434.489	5980.26
1445730900	462	442.823	5914.93
1445817300	448	473.903	6160.37
1445903700	482	494.504	6338.56
1445990100	517	469.957	5953.8
1446076500	480	484.129	6065.54
1446162900	485	481.323	6253.19
1446249300	391	393.796	5295.98
1446335700	390	365.726	4903.17
1446422100	365	379.708	4929.14
1446508500	329	324.202	4090.68
1446594900	350	344.873	4720.56
1446681300	475	457.983	6243.67
1446767700	483	468.018	6227.5
1446854100	502	495.315	6306.68
1446940500	535	510.33	6323.25
1447026900	440	428.611	5192.69
1447113300	424	428.57	5491.22
1447199700	468	478.384	6326.55
1447286100	503	486.718	6042.6
1447372500	525	501.354	6302.99
1447458900	497	510.85	6334.23
1447545300	542	523.939	6299.18
1447631700	568	522.984	6293.7
1447718100	438	496.52	5945.34
1447804500	456	461.66	5718.2
1447890900	489	505.658	6235.78
1447977300	490	484.054	6288.09
1448063700	543	513.058	6305.76
1448150100	468	504.382	6320.79
1448236500	484	509.644	6331.25
1448322900	428	428.826	5246.37
1448409300	521	522.24	6303.69
1448495700	406	365.036	4451.74
1448582100	466	500.107	6334.69
1448668500	425	406.84	5220.64
1448754900	458	440.223	5725.06
1448841300	423	393.564	5035.83
1448927700	401	392.729	4788.21
1449014100	386	364.01	4659.31
1449100500	436	436.509	5596.11
1449186900	497	489.279	6115.1
1449273300	383	374.973	4774.21
1449359700	478	470.146	6092.13
1449446100	513	496.039	6083.88
1449532500	454	425.257	5102.6
1449618900	428	453.711	5645.78
1449705300	478	490.742	6028.06
1449791700	495	501.003	6056.63
1449878100	380	404.261	4740.33
1449964500	509	498.596	5966
1450050900	488	496.494	5896.83
1450137300	234	245.553	2972.93
1450223700	477	465.722	5729.22
1450310100	505	509.936	6059.1
1450396500	482	499.7	6172.23
1450482900	496	482.004	6206.98
1450569300	512	500.663	6224.93
1450655700	465	486.693	5870.45
1450742100	453	471.152	5579.48
1450828500	507	473.324	5570.17
1450914900	486	485.711	5918.68
1451001300	525	498.951	6035.59
1451087700	436	429.373	5181.81
1451174100	480	504.224	5934.36
1451260500	525	512.397	5962.11
1451346900	235	218.262	2537.2
1451433300	0	0	0
1451519700	0	0	0
1451606100	0	0	0
1451692500	0	0	0
1451778900	0	0	0
1451865300	0	0	0
1451951700	368	369.803	4623.75
1452038100	382	380.93	4994.67
1452124500	423	410.551	5213.49
1452210900	220	247.098	3041.66
1452297300	353	369.831	4624.06
1452383700	370	374.058	4769.9
1452470100	425	458.279	5586.06
1452556500	477	481.587	5679.87
1452642900	465	462.31	5701.15
1452729300	461	474.669	5838.1
1452815700	459	485.868	5900.45
1452902100	243	243.16	2963.15
1452988500	499	489.379	5890.85
1453074900	482	473.586	5882.26
1453161300	484	487.665	5903.11
1453247700	492	497.815	5908.91
1453334100	449	464.624	5628.48
1453420500	474	470.876	5586.02
1453506900	527	475.666	5766.59
1453593300	326	295.455	3486.78
1453679700	331	323.461	3936.38
1453766100	439	406.89	5120.42
1453852500	393	356.359	4429.98
1453938900	417	443.409	5408.35
1454025300	377	391.191	4808.94
1454111700	214	202.836	2509.86
1454198100	346	338.937	4438.07
1454284500	372	387.936	5005.71
1454370900	400	390.572	4917.26
1454457300	350	375.977	4630.59
1454543700	453	464.962	5539.41
1454630100	441	430.912	5273.37
1454716500	327	340.577	4242.43
1454802900	346	360.431	4389.6
1454889300	377	399.752	4878.18
1454975700	470	441.077	5391.79
1455062100	490	443.318	5438.51
1455148500	292	306.942	3767.58
1455234900	427	459.327	5448.42
1455321300	459	474.546	5572.18
1455407700	442	442.382	5427.52
1455494100	447	459.746	5560.56
1455580500	450	467.044	5451.72
1455666900	488	483.258	5579.02
1455753300	490	465.273	5657.2
1455839700	441	453.517	5552.61
1455926100	466	456.544	5763.06
1456012500	256	239.517	2879.87
1456098900	434	464.842	5428.48
1456185300	451	412.639	4997.41
1456271700	466	443.406	5421.11
1456358100	519	471.364	5767.06
1456444500	510	502.668	5988.28
1456530900	454	493.543	6052.04
1456617300	255	246.085	3007.99
1456703700	470	462.166	5848.38
1456790100	470	458.721	5747.1
1456876500	449	466.814	5970.06
1456962900	234	238.427	2972.62
1457049300	502	464.891	5749.78
1457135700	260	236.587	2944.59
1457222100	431	443.632	5595.24
1457308500	401	373.41	4652.11
1457394900	422	457.304	5870.39
1457481300	462	469.133	5916.13
1457567700	448	451.78	5965
1457654100	435	442.139	5838.85
1457740500	431	455.116	5886.22
1457826900	473	465.115	5941.69
1457913300	511	461.565	5761.12
1457999700	445	448.386	5537.51
1458086100	476	469.254	5868.16
1458172500	464	491.619	5927.05
1458258900	467	373.694	4560.08
1458345300	473	207.669	2771.44
1458431700	469	201.301	2615.38
1458518100	447	45.247	583.139
1458604500	531	225.418	2822.29
1458690900	502	210.68	2659.92
1458777300	515	483.421	6040.01
1458863700	395	220.009	2938.84
1458950100	427	130.07	1757.34
1459036500	469	194.703	2525.45
1459122900	478	212.992	2693.42
1459209300	488	211.595	2674.19
1459295700	263	241.795	2985.77
1459382100	421	432.385	5273.5
1459468500	399	378.242	4876.24
1459554900	491	194.992	2461.26
1459641300	445	185.081	2354.09
1459727700	425	318.985	4069.95
1459814100	437	458.327	6012.27
1459900500	484	471.171	6065.61
1459986900	489	486.066	5996.89
1460073300	496	479.026	6055.75
1460159700	348	362.379	4718.96
1460246100	467	449.576	6065.33
1460332500	464	427.456	6007.86
1460418900	429	428.69	5963.29
1460505300	473	441.521	5890.1
1460591700	481	473.399	5888.06
1460678100	480	478.461	5884.38
1460764500	472	470.919	5881.57
1460850900	478	455.497	5877.93
1460937300	382	372.913	4958.45
1461023700	356	338.787	4478.19
1461110100	405	409.327	5250.25
1461196500	473	471.95	5928.73
1461282900	472	461.378	6033.01
1461369300	525	489.238	6018.19
1461455700	500	474.42	5970.89
1461542100	360	393.44	5478.37
1461628500	0	0	0
1461714900	202	199.848	2913.4
1461801300	413	419.32	5863.23
1461887700	421	425.644	5878.86
1461974100	402	404.153	5770.22
1462060500	444	428.451	5694.12
1462146900	409	431.752	5656.32
1462233300	421	400.007	5544.39
1462319700	333	336.01	4520.52
1462406100	409	406.12	5356.45
1462492500	436	424.538	5671.67
1462578900	311	318.665	4308.72
1462665300	334	342.74	4533.21
1462751700	324	335.407	4426.18
1462838100	325	334.272	4446.39
1462924500	105	93.7118	1264.01
1463010900	0	0	0
1463097300	0	0	0
1463183700	0	0	0
1463270100	0	0	0
1463356500	0	0	0
1463442900	0	0	0
1463529300	0	0	0
1463615700	0	0	0
1463702100	0	0	0
1463788500	0	0	0
1463874900	0	0	0
1463961300	259	89.6564	1245.17
1464047700	329	115.25	1569.19
1464134100	361	140.798	1868.01
1464220500	339	361.595	5046.6
1464306900	336	349.986	5028.42
1464393300	401	272.229	3860.76
1464479700	376	105.265	1483.76
1464566100	316	118.895	1606.58
1464652500	314	117.502	1553.1
1464738900	381	125.202	1677.9
1464825300	392	179.599	2364.62
1464911700	393	391.881	5346.37
1464998100	373	131.274	1747.88
1465084500	348	246.599	3396.38
1465170900	379	131.816	1821.47
1465257300	414	139.978	2018.28
1465343700	357	179.722	2715.92
1465430100	384	152.956	2150.21
1465516500	350	245.833	3588.21
1465602900	360	361.409	5425.3
1465689300	405	378.538	5491.73
1465775700	410	400.601	5489.24
1465862100	408	407.808	5489.19
1465948500	385	392.541	5485.32
1466034900	389	370.294	5440.75
1466121300	356	381.508	5543.13
1466207700	422	392.514	5555.05
1466294100	398	390.252	5543.69
1466380500	382	386.718	5526.99
1466466900	383	382.298	5485.97
1466553300	384	393.537	5497.77
1466639700	426	404.934	5530.12
1466726100	379	393.2	5375.02
1466812500	332	359.082	5292.08
1466898900	387	354.185	5272.11
1466985300	383	363.724	5258.1
1467071700	1	0	0
1467158100	427	398.016	5300.91
1467244500	402	405.824	5410.98
1467330900	401	402.256	5576.04
1467417300	404	402.783	5524.57
1467503700	399	408.534	5572.32
1467590100	391	385.798	5366.81
1467676500	407	397.12	5559
1467762900	402	414.086	5702.83
1467849300	427	413.424	5708.9
1467935700	443	420.069	5708.89
1468022100	474	432.106	5713.44
1468108500	459	434.48	5714.04
1468194900	408	447.976	5708.09
1468281300	261	293.702	3948.84
1468367700	386	403.812	5269.19
1468454100	452	456.187	5801.69
1468540500	426	431.064	5811.18
1468626900	368	387.336	5645.4
1468713300	377	402.472	5795.29
1468799700	411	420.788	5796.16
1468886100	427	403.272	5806.94
1468972500	433	420.85	5877.05
1469058900	459	438.583	5917.11
1469145300	455	436.752	5943.81
1469231700	471	460.559	5966.28
1469318100	453	444.955	5895.86
1469404500	438	443.015	5870.84
1469490900	405	415.107	5800.53
1469577300	403	403.163	5711.68
1469663700	401	415.052	5787.34
1469750100	416	425.946	5792.71
1469836500	447	435.012	5780.61
1469922900	439	439.23	5767.08
1470009300	453	422.008	5765.16
1470095700	468	403.362	5702.76
1470182100	469	425.138	5774.85
1470268500	465	443.235	5791.16
1470354900	431	439.287	5719.69
1470441300	453	429.79	5784.87
1470527700	428	422.104	5784.73
1470614100	447	437.237	5787.31
1470700500	426	411.478	5753.54
1470786900	448	413.977	5756.85
1470873300	479	429.874	5719.08
1470959700	449	440.607	5767.21
1471046100	455	463.09	5769.78
1471132500	487	457.657	5762.21
1471218900	449	459.435	5680.51
1471305300	470	469.506	5702.48
1471391700	420	445.25	5639.35
1471478100	333	334.811	4448.41
1471564500	426	406.346	5472.21
1471650900	378	409.68	5704.02
1471737300	380	375.098	5697.56
1471823700	416	403.5	5661.21
1471910100	448	414.576	5522.59
1471996500	460	431.745	5563.84
1472082900	468	448.894	5544.67
1472169300	469	447.752	5475.09
1472255700	404	413.61	5457.55
1472342100	401	406.75	5474.73
1472428500	382	386.312	5466.75
1472514900	443	402.518	5470.91
1472601300	403	430.436	5442.34
1472687700	411	389.852	5438.5
1472774100	373	369.832	5389.41
1472860500	345	359.339	5482.97
1472946900	330	355.867	5482.32
1473033300	324	362.435	5469.21
1473119700	376	370.16	5467.94
1473206100	400	394.561	5466.92
1473292500	435	416.823	5495.96
1473378900	441	430.294	5487.82
1473465300	462	420.723	5469.24
1473551700	408	418.162	5470.61
1473638100	398	430.342	5440.08
1473724500	331	331.563	4305.68
1473810900	251	244.868	3379.53
1473897300	369	380.282	5113.72
1473983700	416	424.511	5383.15
1474070100	436	429.58	5428.94
1474156500	377	403.761	5399.85
1474242900	376	387.183	5405.02
1474329300	444	405.918	5398.02
1474415700	435	425.797	5338.62
1474502100	420	425.303	5383.14
1474588500	376	381.409	5351.18
1474674900	356	369.629	5328.92
1474761300	397	396.061	5335.12
1474847700	420	413.364	5288.4
1474934100	427	420.595	5323.24
1475020500	388	411.71	5298.3
1475106900	377	386.009	5086
1475193300	407	396.375	5117.91
1475279700	373	385.792	5105.08
1475366100	417	388.128	5097.99
1475452500	394	387.629	5095.63
1475538900	391	413.469	5127.49
1475625300	354	380.873	5129
1475711700	344	368.272	4931.76
1475798100	410	397.11	5125.19
1475884500	373	386.88	5096.9
1475970900	379	392.673	5080.1
1476057300	392	385.768	5083.59
1476143700	391	402.148	5111.84
1476230100	390	415.845	5085.02
1476316500	399	415.421	5092.92
1476402900	392	395.519	5067.74
1476489300	362	404.098	5027.26
1476575700	288	291.073	3585.94
1476662100	374	367.442	4644.84
1476748500	251	275.624	3652.02
1476834900	212	235.18	3163.54
1476921300	268	268.916	3772.66
1477007700	353	378.592	5124.16
1477094100	406	414.253	5297.09
1477180500	293	293.169	3671.32
1477266900	341	351.723	4563.09
1477353300	325	389.488	5263
1477439700	376	386.006	5250.34
1477526100	394	389.297	5237.8
1477612500	0	0	0
1477698900	445	417.946	5225.51
1477785300	421	424.261	5256.52
1477871700	313	347.865	4360.97
1477958100	401	423.79	5214.15
1478044500	362	388.307	5186.91
1478130900	385	407.033	5156.59
1478217300	384	407.037	5129.25
1478303700	399	405.232	5129.46
1478390100	415	419.307	5092.5
1478476500	432	407.084	5132.02
1478562900	390	403.754	5122.81
1478649300	440	415.783	5070.78
1478735700	380	405.621	5045.11
1478822100	432	403.895	5047.72
1478908500	409	402.932	5085.64
1478994900	408	415.46	5089.36
1479081300	409	419.895	5124.89
1479167700	419	426.541	5074.98
1479254100	402	407.754	5014.59
1479340500	381	369.069	5003.19
1479426900	371	376.354	4979.81
1479513300	402	407.992	5020.22
1479599700	278	265.642	3236.3
1479686100	1	0	0
1479772500	367	357.08	4795.02
1479858900	375	390.14	4885.08
1479945300	270	315.94	3903.49
1480031700	257	240.103	2978.53
1480118100	310	301.172	3658.47
1480204500	263	256.574	3126.63
1480290900	0	0	0
1480377300	0	0	0
1480463700	388	363.344	4640.34
1480550100	419	407.462	4986.75
1480636500	415	392.493	4837.16
1480722900	410	391.033	4830.51
1480809300	422	422.776	5076.69
1480895700	293	287.586	3443.84
1480982100	434	410.527	5088.17
1481068500	406	412.65	5131.67
1481154900	345	375.995	4742.85
1481241300	412	411.862	5202.92
1481327700	461	428.382	5225.38
1481414100	454	424.139	5226.27
1481500500	380	438.484	5182.17
1481586900	420	429.295	5160.68
1481673300	404	400.703	5199.97
1481759700	414	419.872	5241.33
1481846100	431	436.952	5239.15
1481932500	440	444.883	5303.48
1482018900	431	418.55	5095.53
1482105300	412	431.019	5312.94
1482191700	426	408.354	4889.23
1482278100	459	446.28	5229.04
1482364500	469	433.275	5300.64
1482450900	416	435.751	5385.61
1482537300	398	424.413	5123.75
1482623700	394	410.259	4711.08
1482710100	471	448.571	5369.99
1482796500	399	404.931	5244.7
1482882900	392	384.306	4864.75
1482969300	468	460.006	5585.84
1483055700	498	479.443	5622.45
1483142100	491	481.814	5662.23
1483228500	450	450.185	5366.31
1483314900	433	443.718	5543.15
1483401300	465	467.668	5539.89
1483487700	452	469.241	5599.11
1483574100	462	468.458	5732.35
1483660500	485	464.274	5800.8
1483746900	464	489.555	5865.61
1483833300	454	447.361	5321.69
1483919700	224	251.419	2929.72
1484006100	488	487.665	5884.87
1484092500	480	483.275	5955.81
1484178900	477	489.298	5941.32
1484265300	527	501.886	5958.63
1484351700	492	490.707	5980.04
1484438100	389	400.997	4791.75
1484524500	373	391.478	4752.17
1484610900	454	491.821	5955.7
1484697300	480	495.565	5959.57
1484783700	460	487.544	5973.07
1484870100	510	465.449	5695.92
1484956500	495	486.21	5885.92
1485042900	425	415.932	5102.52
1485129300	480	456.559	5574.41
1485215700	461	416.204	5027.42
1485302100	453	447.239	5571.12
1485388500	434	446.193	5743.34
1485474900	482	459.255	5893.63
1485561300	504	488.361	5964.91
1485647700	552	506.641	5979.07
1485734100	524	510.97	5955.23
1485820500	506	490.103	5953.51
1485906900	382	348.445	4347.59
1485993300	464	464.934	5719.65
1486079700	438	466.743	5577.25
1486166100	356	380.048	4621.12
1486252500	285	269.762	3510.56
1486338900	451	445.36	5739.69
1486425300	441	474.144	5778.27
1486511700	412	436.959	5227.59
1486598100	453	440.576	5333.98
1486684500	411	401.436	5039.16
1486770900	430	458.795	5824.87
1486857300	470	471.685	5826.36
1486943700	381	383.349	4806.42
1487030100	342	354.793	4409.78
1487116500	298	332.824	4178.2
1487202900	323	333.219	4188.77
1487289300	412	399.577	4798.1
1487375700	460	466.388	5559.5
1487462100	505	461.31	5666.14
1487548500	462	470.804	5728.44
1487634900	495	471.293	5759.28
1487721300	464	446.287	5471.97
1487807700	447	472.371	5688.65
1487894100	510	473.943	5634.11
1487980500	329	305.121	3751.09
1488066900	251	286.115	3533.62
1488153300	239	248.346	3057.4
1488239700	244	249.095	3056.24
1488326100	225	220.433	2601.58
1488412500	414	404.297	4743.65
1488498900	459	453.061	5604.58
1488585300	433	443.736	5633.03
1488671700	414	450.117	5621.41
1488758100	440	439.409	5454.16
1488844500	463	443.217	5560.32
1488930900	483	457.574	5505.57
1489017300	459	468.175	5518.75
1489103700	422	438.112	5492.76
1489190100	447	434.542	5536.52
1489276500	407	423.66	5520.9
1489362900	427	428.121	5557.97
1489449300	475	459.759	5644.68
1489535700	420	434.924	5333.86
1489622100	453	420.467	5554.04
1489708500	406	414.367	5588.32
1489794900	455	431.496	5599.01
1489881300	476	438.132	5565.84
1489967700	385	355.379	4569.12
1490054100	428	411.746	5366.01
1490140500	168	183.198	2368.19
1490226900	276	275.71	3549.46
1490313300	453	449.236	5613.26
1490399700	297	297.893	3742.11
1490486100	399	434.366	5371.85
1490572500	394	409.528	5110.86
1490658900	445	424.094	5302.49
1490745300	446	437.439	5586.05
1490831700	438	450.93	5633.91
1490918100	421	440.657	5622.73
1491004500	274	268.993	3474.88
1491090900	237	269.069	3394.56
1491177300	360	358.647	4632.46
1491263700	394	419.436	5223.86
1491350100	434	439.082	5539.49
1491436500	410	414.046	5276.49
1491522900	458	455.692	5461.96
1491609300	416	427.779	5505
1491695700	384	413.354	5533.66
1491782100	376	407.004	5492.97
1491868500	235	219.898	2843.72
1491954900	373	397.514	5366.63
1492041300	372	359.858	4776.61
1492127700	424	427.29	5476.57
1492214100	404	404.625	5226.14
1492300500	410	399.679	5464.62
1492386900	346	392.952	5356.1
1492473300	402	392.846	5252.8
1492559700	393	404.317	5205.24
1492646100	411	406.327	5191.91
1492732500	425	410.79	5254.08
1492818900	393	400.896	5257.14
1492905300	443	406.683	5242.35
1492991700	355	370.674	4750.4
1493078100	309	376.471	4763.37
1493164500	428	399.118	5262.44
1493250900	441	401.63	5421.53
1493337300	448	420.846	5482.22
1493423700	353	349.755	4612.23
1493510100	466	406.375	5407.79
1493596500	474	417.269	5455.46
1493682900	421	425.98	5347.56
1493769300	417	417.685	5457.76
1493855700	400	407.377	5464.07
1493942100	443	425.318	5482.63
1494028500	484	450.855	5599.3
1494114900	447	461.378	5615.3
1494201300	383	364.178	4643.86
1494287700	407	414.202	5575.75
1494374100	397	410.622	5598.93
1494460500	393	426.525	5606.96
1494546900	437	435.016	5519.88
1494633300	381	432.799	5544.72
1494719700	452	432.337	5555.31
1494806100	403	414.184	5530.5
1494892500	447	414.903	5606.33
1494978900	459	439.802	5683.26
1495065300	297	298.707	3803.77
1495151700	376	368.22	4859.78
1495238100	424	435.274	5708.33
1495324500	462	447.934	5738.9
1495410900	462	451.305	5726.24
1495497300	431	432.449	5735.75
1495583700	430	428.544	5698.85
1495670100	435	433.904	5700.34
1495756500	399	415.233	5680.12
1495842900	385	390.793	5716.38
1495929300	371	387.028	5716.98
1496015700	389	373.687	5304.49
1496102100	407	396.733	5721.75
1496188500	421	404.314	5733.75
1496274900	225	222.549	3051.36
1496361300	420	419.062	5812.75
1496447700	504	458.451	5884.24
1496534100	418	453.766	5834.64
1496620500	408	419.2	5775.15
1496706900	400	408.142	5687.47
1496793300	366	390.513	5185.96
1496879700	448	446.578	5746.46
1496966100	416	432.58	5881.05
1497052500	432	442.688	5879.77
1497138900	426	443.472	5832
1497225300	418	421.962	5812.3
1497311700	457	435.334	5790.93
1497398100	483	426.412	5803.18
1497484500	470	465.75	5794.96
1497570900	460	490.806	5813.52
1497657300	488	477.356	5826.92
1497743700	443	431.368	5828.09
1497830100	394	390.923	5822.66
1497916500	411	406.258	5847.38
1498002900	467	448.093	5850.44
1498089300	349	385.489	4651.18
1498175700	282	295.021	3687.4
1498262100	270	283.088	3690.9
1498348500	293	285.381	3691.2
1498434900	286	287.654	3680.48
1498521300	168	180.5	2371.43
1498607700	0	0	0
1498694100	175	199.399	2780.42
1498780500	412	426.77	5868.67
1498866900	386	421.115	5917.02
1498953300	452	435.083	5985.05
1499039700	492	449.348	5963.33
1499126100	456	462.437	5954.87
1499212500	465	443.422	5977.7
1499298900	404	436.708	5974.73
1499385300	426	424.674	5939.98
1499471700	383	418.698	5926.75
1499558100	447	451.52	5915.97
1499644500	431	428.678	5919.12
1499730900	427	412.4	5905.75
1499817300	421	429.95	5899.64
1499903700	465	473.219	5914.59
1499990100	430	451.497	5901.45
1500076500	428	464.497	5904.59
1500162900	400	410.857	5861.92
1500249300	361	374.833	5845
1500335700	420	397.911	5836.57
1500422100	428	424.334	5855.53
1500508500	462	434.026	5830.88
1500594900	417	434.549	5838.94
1500681300	490	435.389	5763.65
1500767700	447	469.617	5791.71
1500854100	411	424.235	5767.91
1500940500	404	410.084	5757.17
1501026900	422	415.568	5749.74
1501113300	409	422.384	5735.74
1501199700	436	443.949	5752.86
1501286100	451	440.341	5771.83
1501372500	400	404.735	5773.43
1501458900	335	385.599	5741.69
1501545300	412	407.734	5716.86
1501631700	434	402.689	5710.74
1501718100	417	398.4	5664.29
1501804500	378	349.133	4860.38
1501890900	424	423.069	5664.46
1501977300	313	294.13	3826.22
1502063700	192	196.275	2564.29
1502150100	217	219.993	2811.61
1502236500	288	292.714	3770.71
1502322900	490	458.647	5797.6
1502409300	425	447.192	5772.26
1502495700	422	432.966	5785.22
1502582100	419	423.407	5695.79
1502668500	440	437.88	5572.99
1502754900	390	437.477	5673.55
1502841300	411	413.114	5724.66
1502927700	469	433.616	5817.75
1503014100	469	470.817	5872.87
1503100500	449	447.192	5625.35
1503186900	377	404.187	5639.55
1503273300	374	399.751	5644.08
1503359700	441	447.872	5629.99
1503446100	378	440.14	5338.88
1503532500	293	275.733	3558.99
1503618900	339	327.9	4130.35
1503705300	403	392.216	5306.28
1503791700	448	419.16	5528.81
1503878100	451	433.16	5481.96
1503964500	402	398.016	5243.19
1504050900	374	381.982	5468.81
1504137300	392	401.983	5514.32
1504223700	455	437.708	5566
1504310100	418	443.707	5568.35
1504396500	283	311.092	4236.28
1504482900	319	337.38	4753.39
1504569300	409	397.902	5625.14
1504655700	457	429.663	5702.43
1504742100	434	426.323	5735.12
1504828500	456	448.275	5786.79
1504914900	432	449.324	5851.57
1505001300	431	426.862	5864.11
1505087700	437	430.896	5830.22
1505174100	393	421.983	5771.52
1505260500	429	434.737	5910.43
1505346900	456	460.941	5945.83
1505433300	395	414.439	5812.86
1505519700	399	403.312	5890.09
1505606100	432	425.533	5838.99
1505692500	449	454.773	5899.84
1505778900	486	473.402	5847.64
1505865300	476	434.98	5349.14
1505951700	437	421.764	5857.77
1506038100	400	429.521	5837.62
1506124500	410	418.695	5601.04
1506210900	411	455.808	5841.76
1506297300	449	447.206	5842.08
1506383700	474	439.551	5850.91
1506470100	422	424.217	5859.79
1506556500	445	435.736	5893.02
1506642900	387	422.206	5497.58
1506729300	531	482.102	5968.37
1506815700	402	457.567	5739.62
1506902100	448	470.236	5991.03
1506988500	477	494.703	6085.85
1507074900	535	515.356	6187.24
1507161300	508	522.431	6304.09
1507247700	504	496.91	6265.03
1507334100	407	418.26	5530.8
1507420500	412	415.915	5196.45
1507506900	443	447.096	5772.14
1507593300	428	443.109	5699.3
1507679700	458	456.351	5999.98
1507766100	421	438.484	6268.67
1507852500	340	331.787	4780.36
1507938900	393	371.417	5140.06
1508025300	423	437.712	5807
1508111700	230	211.456	2669.32
1508198100	302	320.539	3997.14
1508284500	509	511.275	6180.49
1508370900	475	484.505	6180.7
1508457300	515	493.499	6208.74
1508543700	495	478.289	6231.68
1508630100	437	451.36	6222.08
1508716500	491	478.928	6192.36
1508802900	505	497.996	6180.13
1508889300	518	488.693	6200.89
1508975700	503	499.881	6220.2
1509062100	483	488.976	6185.8
1509148500	527	505.323	6221.9
1509234900	510	512.958	6197.43
1509321300	484	483.637	6197.12
1509407700	476	488.511	6274.24
1509494100	514	515.424	6328.98
1509580500	521	518.716	6355.31
1509666900	494	504.165	6364.85
1509753300	492	505.29	6455.38
1509839700	479	511.213	6472.2
1509926100	502	509.493	6432.05
1510012500	465	482.69	6166.17
1510098900	414	401.007	5094
1510185300	512	487.523	6179.96
1510271700	485	504.938	6458.78
1510358100	512	511.507	6475.48
1510444500	524	516.342	6360.04
1510530900	551	528.138	6346.15
1510617300	435	461.646	5540.59
1510703700	535	534.871	6307.44
1510790100	480	501.91	6304.17
1510876500	533	517.01	6279.8
1510962900	491	502.116	6337.94
1511049300	465	494.732	6063.49
1511135700	455	480.229	5825.21
1511222100	476	486.858	6267.53
1511308500	447	498.926	6343.43
1511394900	512	522.645	6351.36
1511481300	489	504.683	6286.88
1511567700	468	494.348	6301.91
1511654100	507	502.737	6275.57
1511740500	504	515.933	6304.42
1511826900	466	473.426	6226.39
1511913300	514	512.277	6302.81
1511999700	507	513.83	6304.83
1512086100	433	455.973	5531.12
1512172500	474	512.567	6428.7
1512258900	310	300.109	3832.82
1512345300	305	281.624	3702.56
1512431700	419	452.515	5831.55
1512518100	449	475.324	5843.63
1512604500	513	516.589	6339.94
1512690900	298	298.446	3592.72
1512777300	264	248.031	2969.17
1512863700	483	492.253	6085.85
1512950100	519	489.624	6102.31
1513036500	502	502.292	6102.27
1513122900	491	491.541	5976.08
1513209300	473	502.265	6268.03
1513295700	523	514.712	6287.68
1513382100	545	522.983	6164.94
1513468500	363	345.187	4056.65
1513554900	463	472.861	6161.3
1513641300	545	518.349	6390.44
1513727700	538	514.637	6166.72
1513814100	531	539.355	6401.39
1513900500	526	518.205	6310.8
1513986900	554	524.873	6419.24
1514073300	478	501.193	6412.42
1514159700	561	525.096	6401.18
1514246100	474	483.555	5806.92
1514332500	384	399.639	4995.24
1514418900	508	518.459	6339.58
1514505300	495	505.703	6093.68
1514591700	566	532.594	6264.05
1514678100	447	469.003	5675.75
1514764500	299	311.342	3928.76
1514850900	446	483.808	5910.53
1514937300	454	482.541	5904.27
1515023700	524	539.809	6337.94
1515110100	505	527.93	6201.9
1515196500	517	492.813	6233.18
1515282900	463	454.545	5791.99
1515369300	450	462.421	5737.65
1515455700	378	375.132	4604.51
1515542100	315	307.855	3786.31
1515628500	397	405.679	4993.51
1515714900	445	424.881	5112.78
1515801300	522	520.958	6191.41
1515887700	433	433.819	5472.81
1515974100	426	410.965	5103.93
1516060500	509	483.651	5970.15
1516146900	417	411.561	5168.87
1516233300	446	472.752	5931.6
1516319700	517	492.754	6176.85
1516406100	528	506.434	6195.82
1516492500	513	517.149	6150.35
1516578900	423	393.301	4735.47
1516665300	364	409.609	4880.84
1516751700	467	471.136	5733.09
1516838100	465	479.534	6042.82
1516924500	415	391.123	4847.62
1517010900	445	504.884	6081.49
1517097300	481	483.672	5967.87
1517183700	506	474.267	5772.58
1517270100	448	439.105	5187.34
1517356500	460	456.85	5611.66
1517442900	417	446.485	5598.85
1517529300	468	427.347	5279.92
1517615700	507	501.877	6027.14
1517702100	514	474.651	5646.77
1517788500	452	430.455	5178.83
1517874900	490	505.342	6016.41
1517961300	502	501.789	5913.72
1518047700	441	480.025	5796.99
1518134100	452	467.751	5563.84
1518220500	464	481.418	6007.8
1518306900	450	466.625	6134.83
1518393300	476	451.992	6140.76
1518479700	489	484.626	6144.38
1518566100	475	475.517	5905.59
1518652500	532	499.955	6084.3
1518738900	442	441.694	5408.88
1518825300	452	450.93	5564.88
1518911700	405	404.715	4851.97
1518998100	454	468.871	5548.59
1519084500	382	393.285	4807.96
1519170900	474	486.427	6219.84
1519257300	473	498.004	6256.72
1519343700	330	312.916	3931.07
1519430100	407	394.093	5129.13
1519516500	403	352.7	4571.03
1519602900	451	483.362	6109.16
1519689300	365	352.992	4389.83
1519775700	312	322.885	4135.29
1519862100	459	477.177	5995.12
1519948500	507	503.407	6314.91
1520034900	536	515.292	6320.64
1520121300	461	454.528	5530.88
1520207700	483	460.236	5767.49
1520294100	477	482.661	6323.61
1520380500	526	488.198	6240.44
1520466900	504	500.839	6092.1
1520553300	434	449.601	5466.74
1520639700	547	531.321	6251.36
1520726100	503	491.682	6174.84
1520812500	474	493.77	6216.41
1520898900	507	508.099	6284.8
1520985300	485	476.949	5929.69
1521071700	517	502.773	6268.34
1521158100	505	504.752	6293.72
1521244500	517	536.786	6322.17
1521330900	516	525.481	6304.4
1521417300	520	495.878	6311.46
1521503700	516	503.552	6360.68
1521590100	487	464.307	6232.56
1521676500	500	503.513	6270.49
1521762900	567	537.208	6341.43
1521849300	513	512.318	6311.4
1521935700	435	460.88	6294.89
1522022100	477	480.926	6298.92
1522108500	485	488.694	6338.42
1522194900	540	502.623	6324.11
1522281300	531	505.543	6343.62
1522367700	505	482.2	6157.31
1522454100	483	478.511	6033.84
1522540500	488	503.548	6358.05
1522626900	464	485.691	6280.38
1522713300	503	497.062	6270.86
1522799700	535	503.077	6251.42
1522886100	517	507.841	6216.24
1522972500	350	404.892	5262.92
1523058900	300	337.051	4291.22
1523145300	442	476.727	6064.42
1523231700	462	478.482	6074.72
1523318100	504	508.024	6035.24
1523404500	485	507.724	6034.45
1523490900	440	472.512	6037.74
1523577300	322	338.231	4749.43
1523663700	475	440.248	5973.92
1523750100	434	446.42	6002.68
1523836500	484	455.807	5992.49
1523922900	477	470.226	6029.9
1524009300	444	451.571	6002.89
1524095700	477	465.933	5995.05
1524182100	493	457.282	5801.9
1524268500	487	488.574	6168.22
1524354900	485	486.588	6038.7
1524441300	517	474.898	6122.42
1524527700	462	480.29	6272.58
1524614100	457	488.714	6367.25
1524700500	534	503.228	6391.94
1524786900	601	523.633	6360.49
1524873300	439	485.451	6385.05
1524959700	531	476.95	6296.1
1525046100	503	484.168	6387.98
1525132500	475	464.414	6339.23
1525218900	496	487.701	6374.64
1525305300	478	497.738	6402.53
1525391700	476	499.169	6384.98
1525478100	497	475.894	6352.68
1525564500	524	478.901	6360.34
1525650900	484	484.88	6313.53
1525737300	502	457.649	6018.86
1525823700	459	483.141	6280.93
1525910100	382	396.804	5196.24
1525996500	452	461.438	6203.72
1526082900	466	462.237	6170.38
1526169300	520	474.18	6151.12
1526255700	489	491.067	6107.88
1526342100	467	477.566	6147.3
1526428500	421	440.68	6119.15
1526514900	491	458.219	6088.31
1526601300	470	458.764	6075.1
1526687700	418	425.817	6071.31
1526774100	243	218.841	3073.7
1526860500	477	454.202	6073.5
1526946900	436	426.604	5969.12
1527033300	417	426.158	5932.86
1527119700	451	437.469	6136.74
1527206100	483	452.217	6238.63
1527292500	476	456.344	5988.21
1527378900	461	480.124	6212.52
1527465300	507	494.503	6209.43
1527551700	486	490.219	6157.75
1527638100	426	465.854	6069.3
1527724500	399	434.884	6009.18
1527810900	389	404.314	6020.2
1527897300	430	403.9	6024.31
1527983700	188	205.101	3048.86
1528070100	415	407.595	5987.03
1528156500	387	395.953	5895.26
1528242900	425	424.895	5841.66
1528329300	422	414.336	5776.9
1528415700	455	451.747	5900.69
1528502100	468	492.861	6185.9
1528588500	489	511.532	6222.88
1528674900	467	489.229	6212.24
1528761300	416	449.602	6218.71
1528847700	438	426.844	6223.2
1528934100	440	414.093	6219.38
1529020500	392	414.395	6220.62
1529106900	462	424.349	6250.4
1529193300	455	444.618	6299.14
1529279700	488	454.682	6317.93
1529366100	508	471.385	6304.31
1529452500	481	474.046	6300.19
1529538900	517	478.802	6312.15
1529625300	462	462.999	6311.45
1529711700	486	491.487	6317.42
1529798100	187	229.502	3148.24
1529884500	450	457.456	6213
1529970900	258	242.906	3147.55
1530057300	479	504.163	6133.3
1530143700	391	394.531	4937.91
1530230100	329	332.128	4354.28
1530316500	408	378.693	4953.56
1530402900	307	332.102	4301.93
1530489300	466	464.405	6128.31
1530575700	341	346.76	5010.42
1530662100	436	433.454	6053.91
1530748500	407	435.148	5922.64
1530834900	433	435.966	5908.7
1530921300	423	425.302	5878.32
1531007700	354	397.672	5741.83
1531094100	343	369.862	5680.45
1531180500	384	382.283	5672.65
1531266900	461	414.48	5681.07
1531353300	436	437.053	5962.48
1531439700	444	460.343	5972.8
1531526100	502	476.605	5922.32
1531612500	490	471.267	5984.36
1531698900	410	425.956	5949.99
1531785300	431	427.734	5966.6
1531871700	425	441.512	5983.99
1531958100	423	422.815	5857.95
1532044500	391	397.324	5777.87
1532130900	421	416.511	5829.26
1532217300	450	462.333	5858.43
1532303700	440	407.149	5826.35
1532390100	381	385.36	5811.29
1532476500	356	395.478	5878.71
1532562900	425	404.683	5897.62
1532649300	419	422.009	5897.71
1532735700	431	440.715	6070.22
1532822100	458	443.025	6081.86
1532908500	471	441.058	6081.67
1532994900	397	421.679	6079.57
1533081300	437	435.094	6149.78
1533167700	475	435.268	6146.07
1533254100	441	461.999	6198.19
1533340500	474	445.279	6209.73
1533426900	365	368.788	5030.77
1533513300	375	389.013	5028.33
1533599700	489	466.506	5728.42
1533686100	408	440.355	6252.3
1533772500	480	423.619	6311.97
1533858900	467	451.269	6356.13
1533945300	525	470.235	6377.6
1534031700	479	484.85	6387.78
1534118100	449	478.732	6394.85
1534204500	426	450.365	6411.59
1534290900	458	450.94	6401.68
1534377300	505	473.354	6448.86
1534463700	570	486.911	6488.65
1534550100	503	503.956	6466.67
1534636500	405	433.597	6456.59
1534722900	396	411.155	6460.59
1534809300	449	440.213	6451.55
1534895700	512	475.85	6460.94
1534982100	538	524.669	6456.02
1535068500	479	474.084	6447.18
1535154900	434	444.85	6455.14
1535241300	511	462.888	6466.35
1535327700	233	248.52	3309.65
1535414100	519	507.011	6485.14
1535500500	486	509.034	6475.47
1535586900	510	493.637	6482.52
1535673300	433	461.014	6443.33
1535759700	425	451.01	6481.91
1535846100	461	448.639	6421.8
1535932500	474	470.238	6409.85
1536018900	127	104.547	1468.87
1536105300	516	509.256	6439.2
1536191700	515	519.568	6502.8
1536278100	450	486.916	6485.1
1536364500	480	466.857	6417.03
1536450900	425	472.583	6467.34
1536537300	455	473.444	6425.63
1536623700	481	487.265	6459.41
1536710100	484	498.822	6446.17
1536796500	474	472.694	6444.47
1536882900	480	483.723	6397.2
1536969300	515	508.399	6410.27
1537055700	435	474.763	6133.72
1537142100	324	308.697	3944.1
1537228500	471	499.422	6108.58
1537314900	514	499.273	6370.66
1537401300	483	498.521	6381.01
1537487700	528	511.891	6341.13
1537574100	527	463.709	5545.82
1537660500	482	499.794	6090.18
1537746900	440	474.008	6125.97
1537833300	460	473.537	6210.45
1537919700	546	491.655	6299.34
1538006100	484	486.468	6329.63
1538092500	489	506.202	6332.32
1538178900	495	514.404	6317.77
1538265300	486	511.868	6317.01
1538351700	440	484.285	6277.1
1538438100	483	473.518	6338.54
1538524500	440	471.643	6332.98
1538610900	449	463.014	6343.77
1538697300	461	468.154	6420.27
1538783700	528	499.008	6438.02
1538870100	538	497.999	6152.87
1538956500	536	510.958	6121.81
1539042900	512	500.711	6313.07
1539129300	456	470.03	6301.3
1539215700	479	457.867	6268
1539302100	449	481.563	6369.43
1539388500	519	483.384	6338.43
1539474900	477	473.32	6330.14
1539561300	510	498.3	6298.13
1539647700	493	509.083	6067.75
1539734100	463	514.814	6244.28
1539820500	464	500.763	6295.34
1539906900	439	470.042	6282.7
1539993300	458	476.225	6309.17
1540079700	474	494.094	6279.99
1540166100	487	491.207	6281.37
1540252500	468	481.913	6315.1
1540338900	489	480.248	6320.85
1540425300	465	493.958	6323.34
1540511700	453	486.367	6318.53
1540598100	510	498.388	6360.97
1540684500	484	499.952	6332.98
1540770900	381	401.399	4970.67
1540857300	505	511.419	6314.5
1540943700	452	455.487	5769.88
1541030100	439	457.846	5997.32
1541116500	517	523.198	6359.83
1541202900	482	526.062	6417.6
1541289300	504	513.502	6325.34
1541375700	545	509.587	6209.29
1541462100	472	468.745	6038.41
1541548500	424	481.773	6403
1541634900	502	511.016	6444.95
1541721300	513	513.584	6162.3
1541807700	526	538.799	6443.7
1541894100	488	463.797	5589.79
1541980500	472	512.218	6377.21
1542066900	432	487.796	6345.81
1542153300	516	491.155	6321.98
1542239700	526	512.425	6316.99
1542326100	476	502.221	6343.89
1542412500	477	519.584	6338.6
1542498900	505	493.106	6346.09
1542585300	494	502.56	6342.52
1542671700	499	506.589	6171.51
1542758100	517	499.165	6030
1542844500	498	495.388	5893.69
1542930900	453	476.169	6128.31
1543017300	475	476.07	6109.19
1543103700	512	501.333	6256.6
1543190100	464	497.033	6229.73
1543276500	453	454.195	5706.12
1543362900	404	427.559	5364.01
1543449300	484	497.78	6226.34
1543535700	477	493.303	6112.74
1543622100	441	423.081	5528.54
1543708500	410	441.738	6105.67
1543794900	503	480.356	6156.37
1543881300	475	486.284	6005.82
1543967700	404	388.02	4979.65
1544054100	443	438.858	5992.12
1544140500	395	449.992	6064.7
1544226900	495	482.013	6086.97
1544313300	444	488.382	5945.15
1544399700	226	247.009	3025.26
1544486100	483	494.277	5913.04
1544572500	432	474.073	5932.06
1544658900	476	497.143	6101.66
1544745300	539	503.924	6057.88
1544831700	432	454.208	5777.73
1544918100	0	0	0
1545004500	270	266.225	3263.51
1545090900	437	454.118	5889.99
1545177300	470	471.992	5897.38
1545263700	527	482.719	5818.61
1545350100	450	451.289	5737.34
1545436500	443	472.497	5779.59
1545522900	462	460.483	5591.45
1545609300	168	154.171	1888.38
1545695700	215	203.779	2481.23
1545782100	189	198.68	2353.38
1545868500	408	463.099	5389.7
1545954900	419	431.226	5137.57
1546041300	480	473.345	5592.24
1546127700	496	471.317	5682.01
1546214100	505	466.912	5810.27
1546300500	514	485.612	5772.54
1546386900	480	488.207	5788.99
1546473300	478	468.674	5803.86
1546559700	464	429.228	5199.51
1546646100	513	502.289	5965.52
1546732500	543	474.011	5552.47
1546818900	486	498.848	5922.55
1546905300	524	507.032	6000.24
1546991700	503	522.387	6221.15
1547078100	482	502.089	6297.3
1547164500	491	482.523	6380.7
1547250900	482	515.552	6375.14
1547337300	485	485.635	6034.77
1547423700	451	494.442	6317.75
1547510100	487	497.368	6318.35
1547596500	537	517.961	6276.28
1547682900	495	496.325	6195.26
1547769300	468	457.647	6232.38
1547855700	486	477.64	6199.49
1547942100	561	500.36	6145.07
1548028500	513	511.618	6117.6
1548114900	430	488.59	5910.19
1548201300	444	450.439	5393.74
1548287700	539	507.509	6104.15
1548374100	561	515.663	6037.68
1548460500	505	510.533	6098.72
1548546900	527	497.224	6099.89
1548633300	453	445.422	5315.45
1548719700	498	511.148	6061.16
1548806100	499	506.731	6044.05
1548892500	513	496.18	6031.08
1548978900	506	494.612	6061.28
1549065300	426	415.207	5282
1549151700	460	435.486	5873.12
1549238100	451	454.547	6073.86
1549324500	439	468.057	5987.75
1549410900	544	498.425	5999.9
1549497300	459	442.765	5208.2
1549583700	445	490.79	5918.68
1549670100	496	486.875	5913.08
1549756500	467	473.659	5653.2
1549842900	485	497.121	5932.74
1549929300	418	424.921	5966.71
1550015700	433	444.047	5946.49
1550102100	452	469.552	5952.74
1550188500	487	474.123	5958.99
1550274900	517	476.71	5932.78
1550361300	457	491.157	5934.24
1550447700	486	451.667	5376.24
1550534100	505	479.969	5765.45
1550620500	492	486.555	5890.58
1550706900	512	495.79	5867.89
1550793300	483	487.494	5876.86
1550879700	480	476.915	5884.9
1550966100	482	487.317	5880.95
1551052500	458	468.227	5853.5
1551138900	437	446.75	5870.95
1551225300	466	464.346	5935.55
1551311700	480	460.648	5850.7
1551398100	500	481.841	5821.23
1551484500	472	475.686	5846.62
1551570900	491	476.114	5893.76
1551657300	477	472.319	5657.38
1551743700	475	469.295	5819.8
1551830100	443	458.616	5801.77
1551916500	526	486.981	5836.59
1552002900	464	466.904	5797.83
1552089300	385	420.155	5778.06
1552175700	406	419.211	5791.79
1552262100	399	438.144	5798.45
1552348500	496	456.016	5766.8
1552434900	461	456.301	5766.8
1552521300	472	471.054	5860.6
1552607700	490	469.222	5917.01
1552694100	448	460.974	5941.19
1552780500	387	405.622	5387.25
1552866900	375	387.545	4888.84
1552953300	446	454.115	5797.97
1553039700	396	401.83	5553.01
1553126100	409	449.793	6098.88
1553212500	475	480.547	6162.99
1553298900	517	493.375	6297.32
1553385300	504	489.968	6320.42
1553471700	479	473.991	6331.77
1553558100	504	466.329	6329.8
1553644500	503	468.484	6387.6
1553730900	479	481.165	6403.87
1553817300	530	492.204	6387.72
1553903700	509	501.519	6310.28
1553990100	503	502.092	6303.08
1554076500	448	474.363	6019.07
1554162900	516	501.911	6342.92
1554249300	491	495.682	6307.68
1554335700	494	474.657	5649.49
1554422100	447	480.652	6259.83
1554508500	451	463.647	6247.21
1554594900	498	471.23	6246.05
1554681300	512	477.875	6230.75
1554767700	487	493.182	6225.25
1554854100	520	481.992	6152.79
1554940500	469	461.832	6170.91
1555026900	420	474.094	6205.96
1555113300	529	509.462	6247.45
1555199700	519	496.461	6279.17
1555286100	482	472.095	6300.47
1555372500	489	466.493	6354.75
1555458900	495	479.953	6159.37
1555545300	510	499.578	6284.54
1555631700	489	492.644	6165.44
1555718100	465	499.893	6329.97
1555804500	475	482.784	6381.95
1555890900	478	476.504	6371.32
1555977300	505	487.894	6379.45
1556063700	473	482.446	6308.92
1556150100	426	468.321	6268.15
1556236500	460	469.747	6325.42
1556322900	482	475.332	6353.75
1556409300	491	489.842	6346.63
1556495700	472	502.55	6344.86
1556582100	444	481.184	6374.06
1556668500	451	480.157	6349.32
1556754900	505	529.006	6348.58
1556841300	497	529.974	6310.06
1556927700	464	506.803	6287.84
1557014100	475	497.042	6263.33
1557100500	441	466.131	6264.02
1557186900	526	458.83	6150.02
1557273300	478	483.083	6256.28
1557359700	485	498.146	6261.73
1557446100	486	483.188	6214.49
1557532500	422	463.184	6253.94
1557618900	428	419.424	5621.34
1557705300	472	461.243	6219.06
1557791700	465	432.404	6217.4
1557878100	447	446.981	6224.32
1557964500	463	466.319	6225.78
1558050900	512	489.243	6241.51
1558137300	480	495.355	6250.04
1558223700	438	456.796	6247.48
1558310100	441	460.412	6189.28
1558396500	217	223.391	3138.6
1558482900	40	45.2106	694.08
1558569300	186	179.377	2681.98
1558655700	362	332.24	4665.43
1558742100	455	463.505	6134.8
1558828500	445	473.859	6069.55
1558914900	386	422.102	5611.19
1559001300	463	460.167	6118.49
1559087700	485	463.955	6204.05
1559174100	425	472.395	6245.22
1559260500	444	466.53	6248.23
1559346900	208	475.411	6252.47
1559433300	450	462.371	6244.62
1559519700	392	420.35	5988.39
1559606100	413	422.289	5824.96
1559692500	484	487.522	6125.31
1559778900	495	495.846	6188.31
1559865300	471	460.014	6205.56
1559951700	458	442.455	6197.94
1560038100	498	458.225	6178.3
1560124500	450	488.063	6179.66
1560210900	474	472.074	6225.33
1560297300	499	487.351	6280.56
1560383700	456	481.363	6299.83
1560470100	436	468.406	6298.07
1560556500	466	450.274	6312.57
1560642900	385	425.494	6315.92
1560729300	416	435.106	6284.11
1560815700	415	455.756	6244.5
1560902100	427	451.625	6218.47
1560988500	462	444.001	6198.15
1561074900	490	463.05	6131.73
1561161300	508	459.052	6179.21
1561247700	504	458.509	6160.68
1561334100	471	478.643	6153.29
1561420500	421	463.604	6141.88
1561506900	464	466.528	6175.02
1561593300	487	502.427	6172.69
1561679700	481	497.249	6161.46
1561766100	467	490.611	6241.23
1561852500	443	464.031	6257.81
1561938900	407	429.895	6258.94
1562025300	498	496.414	6297.83
1562111700	465	496.375	6329.7
1562198100	498	478.764	6329.84
1562284500	426	435.402	6281.43
1562370900	423	418.599	6198.84
1562457300	453	447.995	6340.83
1562543700	507	476.747	6298.72
1562630100	457	478.648	6289.1
1562716500	469	458.035	6302.25
1562802900	456	468.601	6285.1
1562889300	498	478.299	6396.45
1562975700	444	455.638	6240.48
1563062100	496	452.149	6160.32
1563148500	466	445.439	6180.22
1563234900	447	433.455	6164.18
1563321300	476	459.351	6149.6
1563407700	455	477.065	6172.79
1563494100	439	432.033	6172.67
1563580500	470	479.559	6183.18
1563666900	489	516.41	6053.08
1563753300	415	456.899	5981.5
1563839700	393	411.089	5921.69
1563926100	374	390.791	5893.97
1564012500	389	394.992	5887.68
1564098900	403	415.201	5885.59
1564185300	387	404.413	5868.18
1564271700	417	412.024	5794.49
1564358100	480	440.623	5794.91
1564444500	431	441.864	5792.97
1564530900	494	461.08	5845.02
1564617300	412	455.896	5911.94
1564703700	363	397.764	5879.27
1564790100	389	399.756	6054.44
1564876500	424	417.972	6050.85
1564962900	449	443.695	6062.52
1565049300	482	485.093	6021.64
1565135700	419	452.85	6005.22
1565222100	406	406.426	6006.23
1565308500	403	398.781	6004.8
1565394900	445	424.918	6000.27
1565481300	508	456.313	5934.46
1565567700	390	430.497	5933.94
1565654100	374	393.139	5922.82
1565740500	383	397.443	5924.46
1565826900	480	431.242	5904.6
1565913300	447	439.585	5879.68
1565999700	447	455.32	5871.43
1566086100	463	439.043	5878.82
1566172500	405	406.318	5889.07
1566258900	415	417.409	5890.6
1566345300	429	425.809	5962.19
1566431700	418	425.981	5965.21
1566518100	426	423.65	5959.6
1566604500	463	459.948	6068.38
1566690900	465	473.161	6086.7
1566777300	455	464.219	6089.02
1566863700	461	467.235	6115.63
1566950100	482	481.323	6141.97
1567036500	490	487.584	6041.44
1567122900	437	460.459	6062
1567209300	421	440.063	6099.9
1567295700	466	434.732	6096.9
1567382100	449	442.746	6102.6
1567468500	399	423.696	6136.24
1567554900	428	428.268	6136.51
1567641300	434	426.1	6087.2
1567727700	459	455.664	6136.94
1567814100	430	463.305	6153.98
1567900500	437	465.999	6148.27
1567986900	452	481.722	6150.06
1568073300	437	457.468	6195.95
1568159700	418	456.053	6224.68
1568246100	437	448.923	6206.8
1568332500	458	456.142	6198
1568418900	450	479.058	6229.14
1568505300	537	506.703	6232.22
1568591700	447	474.23	6225.75
1568678100	427	448.862	6238.83
1568764500	490	481.981	6232.86
1568850900	506	519.59	6248.89
1568937300	469	469.708	6268.85
1569023700	427	454.521	6242.92
1569110100	452	450.417	6249.56
1569196500	455	456.598	6187.64
1569282900	439	447.231	6123.81
1569369300	462	448.087	6142.71
1569455700	428	463.629	6090.75
1569542100	468	480.069	6073.12
1569628500	492	487.521	6111.79
1569714900	499	488.907	6094.54
1569801300	479	517.536	6100.82
1569887700	467	497.977	6180.38
1569974100	438	461.38	6182.31
1570060500	453	455.586	6209
1570146900	392	445.031	6162.19
1570233300	384	428.388	5929.71
1570319700	430	453.974	6134.44
1570406100	450	490.053	6150.12
1570492500	445	479.351	6199.42
1570578900	437	481.256	6215.61
1570665300	478	492.404	6209.6
1570751700	483	509.611	6154.9
1570838100	494	502.559	6113.39
1570924500	444	489.003	6124.9
1571010900	430	445.189	6145.45
1571097300	399	418.242	6178.91
1571183700	411	439.844	6161.12
1571270100	443	449.168	6097.25
1571356500	440	461.219	6130.01
1571442900	439	456.98	6111.23
1571529300	483	475.337	6020.17
1571615700	422	474.674	6082.16
1571702100	467	462.947	6031.42
1571788500	428	462.011	6085.77
1571874900	453	476.494	6075.83
1571961300	452	476.194	6052.66
1572047700	494	494.393	6041.38
1572134100	477	498.038	6003.87
1572220500	455	491.595	6019.24
1572306900	436	490.712	6019.68
1572393300	439	452.949	5682.96
1572479700	435	464.172	6019.47
1572566100	467	495.685	6059.86
1572652500	435	471.184	5953.39
1572738900	437	461.541	5951.85
1572825300	489	494.178	5906.56
1572911700	434	481.821	5990.92
1572998100	487	476.508	6044.78
1573084500	454	485.154	6060.22
1573170900	480	492.427	6160.91
1573257300	479	479.236	6015.34
1573343700	397	393.375	4939.62
1573430100	392	395.071	4852.3
1573516500	470	493.819	5997.8
1573602900	504	491.827	6049.42
1573689300	501	482.436	5986.64
1573775700	466	481.718	6014.22
1573862100	493	496.656	5998.22
1573948500	477	495.532	6001.56
1574034900	448	491.961	6020.28
1574121300	445	472.847	6020.75
1574207700	446	489.888	6014.82
1574294100	471	492.349	6023.44
1574380500	501	482.141	6007.89
1574466900	455	476.245	6019.28
1574553300	507	499.882	6008.05
1574639700	507	502.901	5996.67
1574726100	479	482.03	6013.29
1574812500	457	473.488	6035.37
1574898900	475	485.765	6057.3
1574985300	469	515.094	6109.38
1575071700	481	503.685	6142.5
1575158100	480	485.075	6144.83
1575244500	455	479.259	6073.28
1575330900	490	506.915	6148.25
1575417300	437	486.694	6115.39
1575503700	471	470.286	6085.53
1575590100	502	490.286	6053.19
1575676500	480	480.663	6020.43
1575762900	500	487.897	5990.93
1575849300	434	491.472	6024.03
1575935700	270	283.601	3416.34
1576022100	215	232.8	2802.26
1576108500	235	236.241	2878.5
1576194900	263	280.986	3539.6
1576281300	453	452.071	5520.35
1576367700	447	473.511	5942.45
1576454100	467	472.321	5975.1
1576540500	456	484.704	5964.28
1576626900	536	503.924	5976.38
1576713300	477	513.81	6072.19
1576799700	515	503.316	6123.05
1576886100	482	486.615	6119.76
1576972500	387	427.402	5359.55
1577058900	508	495.791	6075.44
1577145300	522	516.535	6039.63
1577231700	502	504.138	6011.19
1577318100	462	478.339	5984.77
1577404500	523	500.078	6003.79
1577490900	424	473.569	5676.99
1577577300	491	483.229	5926.28
1577663700	465	466.437	5556.15
1577750100	417	436.721	5284.28
1577836500	495	468.443	5749.97
