1.0010244291664417	2.0468028
1.0024695253834788	2.0497576
0.99926544952172945	2.0432062
1.0016829094516112	2.0481492
1.000038958448515	2.0447878
0.99675653399668529	2.0380762
0.99702424946616076	2.0386236
0.99456042595113787	2.0335858
0.99431726166282365	2.0330886
0.99832947242000829	2.0412924
0.99517547705528904	2.0348434
0.99734400170208159	2.0392774
0.99513400414368597	2.0347586
0.99412623195442555	2.032698
0.99584677090512834	2.036216
0.99396170969660394	2.0323616
0.99373664090038068	2.0319014
0.99481483878858971	2.034106
0.99456776196144501	2.0336008
0.99795112991510105	2.0405188
0.9958566500656753	2.0362362
0.99774797133632847	2.0401034
1.0003000226019786	2.0453216
0.99585821508120749	2.0362394
0.99526722609086376	2.035031
0.99725724115351574	2.0391
0.99675692525056834	2.038077
0.99597627594041717	2.0364808
0.99743369665477031	2.0394608
0.99516178316938237	2.0348154
0.99795983531399886	2.0405366
0.99439062176589511	2.0332386
0.9939859674373529	2.0324112
0.9990920262380685	2.0428516
0.99565384361599447	2.0358215200012207
0.99478686413595179	2.0340488
0.99709174076098651	2.0387616
0.99396004686760099	2.0323582
0.99723063588946849	2.0390456
0.9945355128604333	2.0335348600006104
0.99432557580783841	2.0331056
0.99830071525960428	2.0412336
0.99893394988737309	2.0425283799987793
0.99948112822475956	2.0436472
1.0019510259569138	2.0486974200012207
1.0005713571698723	2.0458764
1.0015643595250477	2.0479068
1.0021569135309236	2.0491184
1.0035501686084569	2.0519672
1.0054477499412388	2.0558472
1.0034361181015485	2.051734
1.0052758916731101	2.0554958
1.0078592432494041	2.060778
1.0065122539435412	2.0580238
1.0084934657938246	2.0620748
1.0073848479162086	2.059808
1.0069388184895341	2.058896
1.0086144610571571	2.0623222
1.0068447219306611	2.0587036
1.0080612280665275	2.061191
1.0098715597833898	2.0648926
1.0084785981462688	2.0620444
1.010828860221737	2.06685
1.0063924324418578	2.0577788
1.006509026099006	2.0580172
1.0084361470999581	2.0619576
1.0071766030369564	2.0593822
1.0080984949988878	2.0612672
1.0103033084433331	2.0657754
1.0090645008361329	2.0632424
1.0121958034756354	2.069645
1.0050625604933783	2.0550596
1.0041446788837481	2.0531828
1.0059983419681579	2.056973
1.003769564223376	2.0524158
1.0043268075663068	2.0535552
1.0077860787732741	2.0606284
1.0029160895563987	2.0506706934000015
1.0053238985248585	2.0555939600006103
1.0052856016163974	2.0555156540000915
1.0073270401549883	2.0596898
1.0086335346839557	2.0623612
1.0073333589057965	2.0597027200012207
1.0068698599926469	2.058755
1.0113732899999981	2.0679632
1.0097108522509279	2.064564
1.0132060210016648	2.0717106
1.0100899772636012	2.0653392
1.0099687863733272	2.0650914
1.010537962959691	2.0662552
1.0104222496237796	2.0660186
1.0093256628030673	2.0637764
1.0101888666825416	2.0655414
1.0087738970144991	2.0626482
1.0092197308142321	2.0635598
1.0068926505313344	2.0588016
1.0085065727989067	2.0621016
1.0091299380480726	2.0633762
1.0098851558558257	2.0649204
1.010010357098401	2.0651764
1.0118843653847293	2.0690082
1.0106569041401375	2.0664984
1.0104729170016343	2.0661222
1.0139089086025603	2.0731478
1.0124091346553672	2.0700812
1.0150852134019435	2.075553
1.0114957524653921	2.0682136
1.012419894137151	2.0701032
1.0150257428117203	2.0754314
1.0135025914450151	2.072317
1.0150495114851154	2.07548
1.0155915937400782	2.0765884
1.0102397296873378	2.0656454
1.012978311241731	2.071245
1.0108995793610979	2.0669946
1.0100542753467731	2.0652662
1.0115101310455941	2.068243
1.0107264495178493	2.0666406
1.0105843265448322	2.06635
1.0132059231881941	2.0717104
1.0118702802449396	2.0689794
1.0130507910235656	2.0713932
1.0094409848850957	2.0640122
1.0106312770107979	2.066446
1.011953519508558	2.0691496
1.0100297241656119	2.065216
1.0109757760548215	2.0671504
1.0115799698637181	2.0683858
1.0090371815349431	2.0631865400024414
1.0125778628924316	2.0704262
1.0093575499945357	2.0638416
1.0072256075858081	2.0594824
1.0094124233516332	2.0639538
1.0073001414505287	2.0596348
1.0077365851570686	2.0605272
1.0103192520390673	2.065808
1.0078163226996277	2.0606902400024414
1.0116717188992928	2.0685734
1.008523210870274	2.0621356199999809
1.0080571199007555	2.0611826
1.0109741132258185	2.067147
1.0074901930242192	2.0600234
1.0049546722351278	2.054839
1.0066389223881779	2.0582828
1.006046368382302	2.0570712
1.0068686862309978	2.0587526
1.0059338828909257	2.0568412
1.0051765034078569	2.0552925800048828
1.0068524491948513	2.0587194
1.0063374612712896	2.0576664
1.008031629712663	2.0611304800048828
1.01031652304383	2.0658024200012207
1.008183886158863	2.0614418
1.0102663153874969	2.0656997599975586
1.0083049009845912	2.0616892399993896
1.0080300255693545	2.0611272
1.0114248963877691	2.0680687200012207
1.00877272325285	2.0626458
1.0079122581505571	2.0608864
1.0083585582271246	2.0617989534000397
1.0060671048381035	2.0571136
1.0095941607803089	2.0643254
1.0072068273994218	2.059444
1.0058159198451868	2.0566
1.0096021814849114	2.0643418
1.007038294789299	2.0590994
1.0071254465917479	2.0592776
1.0083737029778356	2.0618299199951172
1.0071243706435695	2.0592754
1.0080258195901117	2.0611186
1.0043486199702867	2.0535998
1.005084861964712	2.0551052
1.0043141896285785	2.0535294
1.0043392298770936	2.0535806
1.004815278260333	2.0545539800048828
1.0072269769743988	2.0594852
1.0044864391505903	2.0538816
1.0033183506827511	2.0514932
1.0049132971369955	2.0547544
1.0036447542346837	2.0521606
1.0063723806803516	2.0577378
1.0066659189061082	2.058338
1.0071898078555093	2.0594092
1.0092300990421329	2.063581
1.0055992630074491	2.056157
1.0046182917091774	2.0541512
1.0074051931181271	2.0598496
1.0053215705639559	2.0555892
1.0070001475357018	2.0590214
1.0025350604088893	2.0498916
1.0027459951585875	2.0503229
1.0040386490814421	2.052966
1.0024127935704369	2.0496416
1.0038409680570322	2.0525618
1.0055974045515046	2.0561532
1.0012178063981381	2.0471982
1.0011999065329886	2.0471616
0.9993604264018393	2.0434004
1.0005143319164181	2.0457598
1.0014848371733182	2.0477442
0.99755478973157361	2.0397084
0.99871544437563497	2.0420816
1.0021418502564263	2.0490876
1.0008622544319184	2.0464712
1.002646567765558	2.0501196
0.9997162718084713	2.044128
0.99877687123527348	2.0422072
1.0038379358394386	2.0525556
1.0010804762851883	2.0469174
1.001887378730295	2.0485672799987793
1.0039321302117823	2.0527482
1.0025539384087464	2.0499302
1.0037758242855047	2.0524286
1.0012517476724925	2.0472676
1.0025380926264829	2.0498978
1.0046975206204946	2.0543132
1.0039200013414079	2.0527234
1.0037344491873724	2.052344
1.0063768801000066	2.057747
1.006015948392895	2.057009
1.0081827123972139	2.0614394
1.0034056981121415	2.0516718
1.0063824359039519	2.0577583599975586
1.0086893861757608	2.0624754
1.0070815283433758	2.0591878
1.0080554570717526	2.0611792
1.0093223371450614	2.0637696
1.0082604349810836	2.0615983200000048
1.0119378693532361	2.0691176
1.0092813533008121	2.0636858
1.0084132587477998	2.0619108
1.0118225472712077	2.0688818
1.009045133768922	2.0632028
1.0088167393146929	2.0627358
1.0095651101794926	2.064266
1.008381958437156	2.0618468
1.0097515426547649	2.0646472
1.0079288864405866	2.0609204
1.0101400577606314	2.0654416
1.0122396239105367	2.0697346
1.0090132465774536	2.0631376
1.0083336385825996	2.061748
1.0114224901757914	2.0680638
1.0088264228482983	2.0627556
1.0097669971831453	2.0646788
1.0067095437140681	2.0584272
1.0080364812584247	2.0611404
1.0095396786770945	2.064214
1.0082546052982239	2.0615864
1.0084839778871607	2.0620554
1.0087717451181424	2.0626438
1.009022411700858	2.0631563400024414
1.0069691406654703	2.058958
1.0075568362771788	2.0601596660018921
1.0061290207650959	2.0572402
1.0079293755079404	2.0609214
1.0060486180921295	2.0570758
1.0043408340204021	2.0535838800048828
1.0060608447759748	2.0571008
1.0050637342550274	2.055062
1.0063664140586351	2.0577256
1.008298132292713	2.0616754
1.0052478192070014	2.0554384
1.0082708423343704	2.0616196
1.0048923650542524	2.0547116
1.0048670313653251	2.0546598
1.0059791705278885	2.0569338
1.0040278895996583	2.052944
1.0031304412234733	2.0511089799987793
1.0046668071906754	2.0542504
1.0022797672502006	2.0493696
1.0023731008651957	2.0495604400024414
1.002244260960314	2.049297
1.0043272966336606	2.0535562
1.0063010746601661	2.057592
1.001759008331864	2.0483048
1.0028787769451468	2.0505944
1.003876376533448	2.0526342
1.002642850853669	2.050112
1.0058089750887627	2.0565858
1.0057865366791669	2.0565399200012207
1.0028330002408302	2.0505008
1.0050322187550464	2.0549975600006103
1.003569046608314	2.0520058
1.0032948754497682	2.0514452
1.0064629559542772	2.057923
0.42431307552288858	0.8675964
0	0
