0.99215446391097649	3.9874887734617233
0.99043750224352173	3.9805882699388623
0.9913042059046367	3.9840715694091797
0.992155963434527	3.9874948000770748
0.99222668548536457	3.9877790334238052
0.9914780633572069	3.9847703060127258
0.99237744427294501	3.9883849360275269
0.99236845800857937	3.9883488200500488
0.99233643029887417	3.9882201000396729
0.99298871366450695	3.9908416400238037
0.994147045755113	3.9954970000259399
0.99580845072043116	4.0021742200439453
0.99585830864185379	4.0023746000343323
0.99394525029893481	3.9946859800231934
0.99460346547219352	3.9973313600616455
0.99486800755686212	3.9983945600280762
0.9967317031099617	4.0058847899927139
0.99573420127557332	4.001875810029602
0.99578729879101003	4.0020892100135803
0.9938284705945137	3.9942166400390625
0.99373685621496307	3.9938484400024414
0.9937050358762258	3.9937205534201622
0.99534527812246372	4.0003127200439453
0.99586286348203198	4.0023929060287475
0.99402040792573696	3.9949880400390625
0.99463903631950605	3.9974743200134277
0.99413117123406115	3.9954332000061035
0.99212012717231674	3.9873507734174728
0.99354067905396919	3.9930600000411987
0.99305825798263714	3.9911211400390625
0.9950440106522763	3.9991019200134277
0.99496589709810286	3.998787980065918
0.99539921168113922	4.0005294801025391
0.99460616263776826	3.9973422000244141
0.99564648586688365	4.0015232800354004
0.99491206307680477	3.9985716200500488
0.99477880173642982	3.9980360400390625
0.9957963597123952	4.0021256260391235
0.99457205482118085	3.997205120022583
0.99489944805253465	3.9985209200134277
0.99585176475312556	4.0023483000137329
0.99493715211959712	3.9986724534183502
0.99478858521062968	3.9980753600189209
0.99448944762132848	3.996873120022583
0.99447538450043276	3.9968166000564575
0.99452301799484991	3.9970080400299072
0.99271685635787318	3.989749040032959
0.99247487200748364	3.9887765000549316
0.99490922655996471	3.9985602200317383
0.99520246719407339	3.9997387600463867
0.99568995581422524	4.0016979866292953
0.9958082068771679	4.002173240032959
0.99583141153833853	4.0022665000335693
0.99481762213521488	3.9981920600036621
0.99399096691539924	3.9948697160255432
0.99377607971256302	3.9940060800292969
0.99399156008541733	3.994872099987793
0.99607352029792091	4.0032395400146484
0.99531230490638584	4.0001802000244141
0.99802609573121877	4.0110869800079346
0.9961455428284019	4.0035290000152588
0.99799560572767194	4.0109644400695801
0.9977745916415551	4.0100761800060272
0.99738199593738367	4.0084983299636841
0.99848477286050117	4.012930412628746
0.99849354052221548	4.0129656500377655
0.99792471281498478	4.0106795200256348
0.99665266146590338	4.0055671200332642
0.99592362306546144	4.0026371000183105
0.99661763303336226	4.005426340057373
0.99673135079254287	4.0058833740219116
0.99709260202699798	4.0073352500091553
0.99701393857410829	4.0070191000076294
0.9987667737771828	4.0140637799926758
0.99766092115866127	4.0096193360458374
0.99803887846635673	4.0111383540779114
0.9975228900020587	4.0090645860473633
0.9971314124831315	4.0074912300140381
1.0000226405932766	4.0191111340209961
1.0015005008093619	4.0250506839950561
1.0011884784947234	4.0237966600280762
1.0009066336784398	4.02266392003479
1.0003459288455831	4.0204104360183716
1.0019093024593089	4.0266936660598755
1.001332502655919	4.0243754960327148
1.0029691777015855	4.0309533260055542
1.001340699678847	4.024408440032959
1.0014997633207392	4.0250477200134277
1.0011759928737518	4.023746480065918
1.0007903132817697	4.0221964260177612
1.0020237796142706	4.0271537520513534
1.0019479471964839	4.0268489800369263
1.0023700799420747	4.0285455400436401
1.0017942629622723	4.0262313200042725
1.0016991776029929	4.0258491700302124
1.0019866989303029	4.0270047240356445
1.0022422860960792	4.0280319340026855
1.0007497635955078	4.0220334560119629
1.0006807004925243	4.0217558900100708
1.0006424309647761	4.0216020840072632
1.0010656002811464	4.0233028100128174
0.99934456287810269	4.016385926026535
1.0002437721102595	4.0199998660415649
1.0000466355046532	4.0192075700531006
1.0004369171987679	4.0207761200424194
1.0008617262136612	4.0224834360293627
1.0000863765273649	4.0193672900238037
0.99989669247957609	4.0186049460153103
0.99922954977865785	4.015923686063385
1.0006144778864029	4.0214897400222778
1.0017680386633849	4.0261259240188599
1.0020715544454556	4.0273457600601196
1.00198276811471	4.026988926008606
1.0029580690292682	4.030908680027771
1.0019823939038481	4.026987422047615
1.0018783282329139	4.0265691800201416
1.0014493679594777	4.0248451800415039
1.0021678749418986	4.0277328740753174
1.0017235591634645	4.0259471600128174
1.0033862977960741	4.0326297400665283
1.002457676913313	4.0288975940353394
1.0026734285041837	4.0297647040245056
1.0036778962289891	4.0338016800415039
1.0048590547860378	4.0385487800720215
1.0058408921044302	4.0424948040298462
1.0060714955714739	4.0434216040084839
1.0079371216078952	4.0509195926244736
1.0078988255551303	4.0507656800170898
1.0063891491130461	4.0446982599899292
1.0073707366357966	4.0486432800140381
1.007059332381785	4.047391740045166
1.0074468148834881	4.0489490400238037
1.0069753964969773	4.0470544000335693
1.0079282222789435	4.0508838260421753
1.0089991758526562	4.0551880100250244
1.0084925424182963	4.0531518400482178
1.0078507402061542	4.0505724240310669
1.00620285992964	4.0439495600097656
1.0067225388472208	4.0460381600463867
1.0059806714489632	4.0430565800308228
1.0072889505384394	4.0483145800415039
1.0068406870383359	4.0465130000061035
1.0055429985983251	4.0412975640289307
1.0067790650612492	4.0462653400390625
1.0061267966247803	4.043643860055542
1.0064294813355075	4.0448603560043335
1.0068850928943712	4.0466914680358887
1.0052509129729693	4.0401236660177231
1.0054118679768388	4.0407705474200725
1.0045886639851975	4.0374620739974976
1.0046890083408308	4.0378653599838257
1.0059701156363648	4.0430141560073853
1.0057645625545885	4.0421880340316772
1.0055746356660047	4.0414247140411377
1.0059034984043991	4.042746420010376
1.005942329768272	4.0429024840438843
1.00571224383773	4.0419777640548706
1.0074440744198452	4.0489380260452271
1.008568081730461	4.0534554340652466
1.0077881080377508	4.0503207040847778
1.0087979939770649	4.0543794560150146
1.0073846803370492	4.0486993200302124
1.0079661812852464	4.0510363840530395
1.0065692288391051	4.0454220040359497
1.0072741310072062	4.0482550200469971
1.0081490557008971	4.0517713600128174
1.0081931769160708	4.0519486840652466
1.0083041382782322	4.0523946400146484
1.0071708975393595	4.0478401226604938
1.007188315056517	4.0479101240127564
1.0078719359201834	4.0506576100326538
1.0064199825090032	4.0448221800292969
1.0066318052830242	4.0456735000244141
1.0044879628308239	4.0370573540298462
1.0063367219142964	4.0444875540222168
1.0068434737918026	4.0465242000244141
1.0073020167593101	4.0483670934463501
1.0084642668643642	4.0530382000274658
1.0080959780979095	4.051558040057373
1.0083912839044212	4.0527448800415039
1.0070256425719152	4.0472563400207519
1.0082128224994239	4.0520276400604248
1.0085100840112183	4.0532223400634766
1.0092466963836523	4.056182800024414
1.0095876202873212	4.0575529800598144
1.008965996122679	4.0550546600219726
1.0087556363945697	4.0542092200378418
1.0091456817107625	4.0557768200195312
1.0080847017088396	4.051512720022583
1.0078195425616818	4.0504470400695801
1.0077603465331027	4.0502091300384521
1.0083574796412983	4.0526090200271606
1.0086296305549484	4.0537028000305176
1.0081813521397286	4.0519011600509643
1.0081435916781691	4.0517493999954224
1.0077295454993601	4.0500853400634766
1.0075718453629649	4.0494515400390625
1.0058464686000818	4.042517216078186
1.0076366969906549	4.0497121800369263
1.0067561425548977	4.046173214024353
1.0061375863212851	4.0436872240631104
1.0053450822075826	4.0405021340682983
1.0051991824639626	4.0399157600601196
1.0053435907827055	4.0404961400016785
1.0058473937017704	4.0425209340805054
1.0050900463923593	4.0394771399902344
1.0063958447883779	4.0447251700439453
1.005483390043941	4.0410579960482836
1.0057787912560254	4.0422452194693327
1.0052583287235682	4.0401534700687408
1.0046971785013629	4.0378981960235596
1.0045818762738977	4.0374347940490723
1.0045277814941479	4.0372173860397339
1.0033783829262567	4.0325979300453186
1.0028386468795443	4.0304287200027466
1.0033763069500758	4.0325895866552353
1.0030693822186542	4.0313560499778747
1.0025023791936531	4.0290772534003757
1.0007411233331046	4.0219987306233406
1.0003163672690632	4.0202916274469376
1.0018312852675579	4.0263801133948825
1.000891882155152	4.0226046333655856
1.0006778216973947	4.0217443200744629
0.99943913170376393	4.0167660000415802
0.99831847232857754	4.0122620474414825
0.99850315081306471	4.0130042739902496
0.99897920552228507	4.014917547454834
0.99823064146104617	4.0119090534158707
0.99666840992645949	4.0056304134134293
0.99723468307462341	4.0079062766012192
0.99606077007444291	4.0031882966096878
0.99673477187974114	4.0058971234402657
0.99646135199757766	4.0047982434268951
0.99628732132283615	4.0040988106399536
0.9959331784792848	4.0026755034189224
0.99590586983128428	4.0025657494125843
0.99583340371470635	4.002274506630516
0.99689337437172691	4.0065345500499725
0.99593216245366514	4.0026714199914932
0.99670735554279038	4.0057869366298676
0.99587286856255068	4.0024331166488647
0.99428651009626218	3.9960575100219727
0.99433187274618796	3.9962398234256744
0.99417883309985041	3.9956247540046692
0.99575397723895905	4.0019552900247574
0.99496070940315203	3.9987671306154251
0.99705502087583704	4.0071842106057167
0.99567209842391076	4.0016262174179554
0.99531177756395924	4.0001780806245804
0.9952253722673268	3.9998308159971237
0.99499273775685112	3.9988958532140255
0.99621118072597693	4.0037928000476271
0.99453276479861707	3.997047212630558
0.99532598321965381	4.0002351734409332
0.99608032459979605	4.0032668866409302
0.99543990978752027	4.0006930466117859
0.99465346685652837	3.9975323166323662
0.99406162110651973	3.995153676642704
0.99524265375173505	3.9999002706310272
0.99568102990511069	4.001662113220787
0.99642119046084462	4.0046368334018707
0.9971168507313191	4.0074327060402155
0.99761168378682677	4.0094214500567436
0.99730918218893216	4.0082056900421143
0.99463045577437533	3.9974398346297264
0.99486224331345865	3.9983713934177399
0.99288650800251907	3.9904308734097481
0.99348912469662431	3.9928528020406723
0.99443448811001921	3.9966522366396904
0.99275167414000012	3.9898889734005928
0.99310667689244755	3.9913157366127968
0.99352535790769854	3.9929984240457535
0.99091940581216298	3.9825250500872612
0.99288847197247895	3.9904387666445732
0.99194463577334755	3.9866454699504398
0.99318521080863418	3.9916313660037041
0.99266376466031896	3.9895356634311676
0.99185680009747267	3.9862924565999985
0.99202213576247941	3.9869569439676896
0.99278909037827754	3.990039350015831
0.99385710777234108	3.9943317334335327
0.99422776279466152	3.995821403433609
0.99526954239820187	4.0000083366427422
0.994315248451285	3.9961730100496292
0.99313679452576927	3.9914367799877167
0.99389068062796604	3.994466663416481
0.991119482919874	3.9833291640129089
0.99304440137981699	3.9910654500732422
