0.99820808590279271	2.0410442
0.99517880271329495	2.0348502
0.99616221934833565	2.036861
0.99340251008425784	2.0312182
0.99354590463239487	2.0315114
0.99436851592150291	2.0331934
0.99263526121960107	2.0296494
0.98889683036707913	2.0220054
0.98941621989682511	2.0230674
0.98862989740536975	2.0214596
0.99162044646044578	2.0275744
0.99102652306597918	2.02636
0.99033869873958111	2.0249536
0.98976913089933425	2.023789
0.99129345602768856	2.0269058
0.98973822184257347	2.0237258
0.9884981426602534	2.0211902
0.99023550552792725	2.0247426
0.98793591083031368	2.0200406
0.98970056365633012	2.0236488
0.99030113836680853	2.0248768
0.99069112067473644	2.0256742
0.99381714138681777	2.032066
0.99391114013222001	2.0322582
0.99161643610814454	2.0275662
0.99130147673229104	2.0269222
0.99009162191243641	2.0244484
0.99204055531736837	2.0284334
0.99034339378617769	2.0249632
0.9908891929530294	2.0260792
0.99061355459242221	2.0255156
0.99104853109690063	2.026405
0.98898515593117718	2.022186
0.98929453993919724	2.0228186
0.9914316664618752	2.0271884
0.99069029904217905	2.0256725200012207
0.98907240554709684	2.0223644
0.9898546198727802	2.0239638
0.98953027040373355	2.0233006
0.99064348551447537	2.0255768
0.9902835612864111	2.0248408600006103
0.98986273839085344	2.0239804
0.99221525017614923	2.0287906
0.99289406588129311	2.0301785799987793
0.99583180544410177	2.0361854
0.99604201637471329	2.0366152200012207
0.99680162600670655	2.0381684
0.99468924629213137	2.0338492
0.99633358854911059	2.0372114
0.99752867353488016	2.039655
0.99967323388133604	2.04404
1.0003144011821807	2.045351
1.0001991769136231	2.0451154
1.0012383472269981	2.0472402
1.0015782490378959	2.0479352
1.0017942211813383	2.0483768
1.0027193409878048	2.0502684
1.0020856075107381	2.0489726
1.0017787666529579	2.0483452
1.0015781512244251	2.047935
1.003603966017376	2.0520772
1.0023637890215851	2.0495414
1.0026681845425963	2.0501638
1.0028051234016631	2.0504438
1.0009365926696975	2.0466232
1.0025157911551492	2.0498522
1.0010096593323566	2.0467726
1.0034126428685656	2.051686
1.0033460318949767	2.0515498
1.0041587640235378	2.0532116
1.0045077624872164	2.0539252
1.0046442122789294	2.0542042
1.0013448660966579	2.047458
1.0009026513953431	2.0465538
0.99898805051864854	2.042639
1.0008754592504712	2.0464982
0.99886852245737743	2.0423946
1.0004316795336242	2.0455908
0.99983834301998222	2.0443776
0.99676702615455276	2.0380976534006119
1.0000148963347075	2.0447386
1.0024364908400432	2.0496900540000915
1.0007151429718924	2.0461704
1.0021232265721902	2.0490495200012207
1.0029180001469224	2.0506746
1.0029664178149495	2.0507736
1.0041671759820233	2.0532288
1.0055916335567297	2.0561414
1.0048206677801839	2.054565
1.0051213463893062	2.0551798
1.0055423355674656	2.0560406
1.0036322341104262	2.052135
1.005844187938237	2.0566578
1.0049003857588549	2.054728
1.0038488909481639	2.052578
1.0042887581261804	2.0534774
1.0025112917354942	2.049843
1.0021183750234434	2.0490396
1.0039843626051692	2.052855
1.0031571540829354	2.0511636
1.0050593326488431	2.055053
1.0048143099045844	2.054552
1.0068800325936061	2.0587758
1.0057909774101425	2.056549
1.0057563514414928	2.0564782
1.0069625871629292	2.0589446
1.0086285461969469	2.062351
1.0064980709902807	2.0579948
1.0070820174107296	2.0591888
1.0074443185064319	2.0599296
1.0081642256512399	2.0614016
1.008946929044277	2.063002
1.0082486386765074	2.0615742
1.0077033285770095	2.0604592
1.0063940952708608	2.0577822
1.007807499923371	2.0606722
1.0060113511597692	2.0569996
1.0063157466807804	2.057622
1.005275109165344	2.0554942
1.005279217331116	2.0555026
1.0063230826910876	2.057637
1.006608502398771	2.0582206
1.0059011153782205	2.0567742
1.0067926851642157	2.0585972
1.0052934002843765	2.0555316
1.0053576637346671	2.055663
1.0050566916851325	2.0550476
1.0065547049898519	2.0581106
1.0053123760977043	2.0555704
1.0053767080186184	2.0557019400024414
1.0050487687940008	2.0550314
1.0048401326608656	2.0546048
1.0034592020806483	2.0517812
1.0022344796132378	2.049277
1.0030587537313488	2.0509624
1.0026216253305137	2.0500686
1.0023262286488125	2.0494646
1.0044254035448349	2.0537568
1.0029060864673776	2.0506502400024414
1.0039936548848916	2.052874
1.0034673303800593	2.0517978199999809
1.0025523733932142	2.049927
1.0045139247358744	2.0539378
1.0027465331326767	2.050324
1.0008353557274588	2.0464162
1.0014804355671339	2.0477352
1.001272092874411	2.0473092
1.0007495733136006	2.0462408
1.0023654518505881	2.0495448
1.0003331715896079	2.0453893800048828
1.000511495325766	2.045754
1.0018841117609685	2.0485606
1.0039884120852468	2.0528632800048828
1.0032183950975764	2.0512888200012207
1.0030604948099344	2.0509659599975586
1.0046009787248526	2.0541158
1.0025281352148609	2.0498774399993896
1.0032453818335626	2.051344
1.0040211013453844	2.0529301200012207
1.0041843911528774	2.053264
1.0018250324246283	2.0484398
1.0008288772478693	2.0464029534000397
1.0008571681314387	2.0464608
1.0022930698822242	2.0493968
1.0004397980516975	2.0456074
1.0012929271436833	2.0473518
1.0015313963854009	2.0478394
1.0021530009920931	2.0491104
1.0017833247583074	2.0483545199951172
1.0031879653262254	2.0512266
1.0017154813373749	2.0482158
1.001409716427773	2.0475906
1.000578888807121	2.0458918
0.9996761682854589	2.044046
0.99842572087523806	2.0414892
0.99965347556024212	2.0439996
0.99996265416236161	2.0446317800048828
1.0016228519805633	2.0480264
0.99977388394275009	2.0442458
0.99889943151413821	2.0424578
0.99755312690257065	2.039705
0.99963342379873592	2.0439586
0.99996765242832952	2.044642
1.0015951707683377	2.0479698
1.0023395312808362	2.0494918
1.0011919836418569	2.0471454
1.0007842970957211	2.0463118
1.0010059424204677	2.046765
1.0003588084979066	2.0454418
0.99929420668213346	2.043265
1.0007931003080897	2.0463298
0.9982759684515015	2.041183
0.99735588603877917	2.0393017
0.99700253487565161	2.0385792
0.99767695875655529	2.0399582
0.9970650376834685	2.038707
0.99947750912634136	2.0436398
0.99544182313617385	2.035388
0.99499188117066885	2.034468
0.99584080428341186	2.0362038
0.99552330175731856	2.0355546
0.99514564394670665	2.0347824
0.99401061643198492	2.0324616
0.99294356927944275	2.0302798
0.99470489644745328	2.0338812
0.99621914678831911	2.0369774
0.99671985394514956	2.0380012
0.99462762380555133	2.0337232
0.99457098980598016	2.0336074
0.99616857722393518	2.036874
0.99607614349406513	2.036685
0.99592114826769873	2.0363680799987793
0.9986801337126899	2.0420094
0.99696565919717435	2.0385038
0.9959224785314981	2.0363708
0.99722271299833677	2.0390294
0.99801803432910223	2.0406556
0.99822412731199767	2.041077
0.99898071450834139	2.042624
0.9983708475181406	2.041377
0.99820593400643595	2.0410398
1.0008701773230501	2.0464874
1.0004962364243271	2.0457228
0.999979781298704	2.0446668
1.0012466418081247	2.0472571599975586
1.0032418605486152	2.0513368
1.0028241970284617	2.0504828
1.0036003469189578	2.0520698
1.002438616326718	2.0496944
1.003354502541547	2.0515671200000048
1.0058832155130711	2.0567376
1.0052111391554657	2.0553634
1.0033078846413795	2.0514718
1.0050854488455365	2.0551064
1.0046116403931656	2.0541376
1.0036620672190086	2.052196
1.0031345591711894	2.0511174
1.0035493861006908	2.0519656
1.0031964750981817	2.051244
1.0020718158113607	2.0489444
1.0052918352688443	2.0555284
1.0044657026947888	2.0538392
1.0033071999470842	2.0514704
1.0044086774413346	2.0537226
1.0043380561154444	2.0535782
1.0026703364389531	2.0501682
1.0035222917692897	2.0519102
1.0030938687673524	2.0510342
1.0032007788908952	2.0512528
1.0031960838442986	2.0512432
1.0037355251355508	2.0523462
1.0037291672599513	2.0523332
1.0028466941267369	2.0505288
1.0021857391619512	2.0491773400024414
1.0031120620729141	2.0510714
1.0023080969654688	2.0494275259994507
1.0014650495093771	2.0477037400024414
1.0008350622870465	2.0464156
1.0025437658077871	2.0499094
1.0014926035652847	2.0477600800048828
0.99919883854814055	2.04307
1.0000015937026839	2.0447114
1.0004329511087441	2.0455934
1.0010487847206614	2.0468526
0.99999689865608735	2.0447018
1.0017379784356501	2.0482618
1.0005639233460944	2.0458612
1.0000568583136644	2.0448244
0.99941226754134314	2.0435064
1.0002623644157353	2.0452446
0.99761522867456041	2.0398319799987793
0.99798213678533259	2.0405822
0.99776919685948381	2.0401468
0.99622933895316652	2.0369982400024414
0.99686305286634506	2.038294
0.99998555229347896	2.0446786
1.0007863511786071	2.046316
0.9992102827242197	2.0430934
0.9969148940058489	2.0384
0.99598615510096413	2.036501
0.99881648569093207	2.0422882
0.99902355680853513	2.0427116
0.99956872996977097	2.0438263200012207
0.99994691597252799	2.0445996
0.99841494183105859	2.0414671600006103
0.9993023252002067	2.0432816
0.99849917879178028	2.0416394
0.99906414939890134	2.0427946
