363.25	0.014021	0.00863139	0.00927691	0.0164648	0.207012	31.6166	32.2827	0.0281541	
363.29	0.00181102	0.00966879	0.00927655	0.00983694	0.569934	79.3911	54.0318	0.028153	
363.33	-0.00940768	0.0203464	0.00927652	0.0224161	0.053957	114.815	23.7109	0.0281529	
363.37	-0.0264668	-0.0133879	0.00927625	0.0296602	0.00602526	206.832	17.9193	0.0281521	
363.41	0.0142386	-0.0161896	0.00927715	0.0215602	0.0671714	311.331	24.6539	0.0281548	
363.45	0.00353134	0.00808418	0.00927632	0.00882181	0.636225	66.4033	60.2477	0.0281523	
363.49	0.00136612	0.000460345	0.00927704	0.0014416	0.987999	18.6224	368.713	0.0281545	
363.53	-0.000723597	0.0093125	0.00927681	0.00934057	0.602362	94.4431	56.9047	0.0281538	
363.57	-0.0175629	0.00420041	0.00927724	0.0180582	0.150403	166.55	29.4352	0.0281551	
363.61	-0.00871348	-0.0248536	0.0092767	0.0263368	0.0177737	250.68	20.1815	0.0281534	
363.65	0.0235503	-0.00144802	0.00927597	0.0235948	0.0393575	356.482	22.5251	0.0281512	
363.69	-0.0148098	0.00858253	0.00927695	0.0171169	0.182281	149.907	31.0529	0.0281542	
363.73	0.0102075	-0.0238786	0.00927641	0.0259688	0.0198717	293.145	20.4668	0.0281525	
363.77	0.0143257	0.0169686	0.00927634	0.0222072	0.0569527	49.8273	23.9334	0.0281523	
363.81	-0.00785931	-0.00483432	0.00927653	0.0092271	0.609762	211.596	57.6027	0.0281529	
363.85	0.0140729	0.00550649	0.00927607	0.0151119	0.265265	21.3695	35.1697	0.0281515	
363.89	-0.0107121	0.008818	0.00927684	0.0138746	0.326789	140.539	38.309	0.0281539	
363.93	0.00138576	-0.00829012	0.00927652	0.00840514	0.663333	279.49	63.2358	0.0281529	
363.97	0.00891432	0.00504257	0.00927693	0.0102417	0.543674	29.4956	51.8985	0.0281541	
364.01	-0.0039121	0.013861	0.00927693	0.0144025	0.299651	105.761	36.9053	0.0281541	
364.05	-0.0145452	-0.00404134	0.00927655	0.0150962	0.266035	195.528	35.2081	0.028153	
364.09	0.00588778	-0.00562987	0.0092773	0.00814625	0.680099	316.283	65.2508	0.0281552	
364.13	-0.00605451	0.0037363	0.00927701	0.00711457	0.745224	148.321	74.7106	0.0281544	
364.17	0.00144536	-0.00726857	0.00927705	0.00741088	0.726822	281.247	71.7237	0.0281545	
364.21	-0.00387426	0.00304817	0.00927681	0.00492962	0.868325	141.805	107.822	0.0281538	
364.25	0.000856233	-0.0142153	0.00927671	0.0142411	0.30779	273.447	37.3227	0.0281535	
364.29	0.011385	0.00121586	0.00927669	0.0114498	0.466877	6.09576	46.4215	0.0281534	
364.33	0.00702302	-0.00114758	0.00927494	0.00711616	0.745028	350.72	74.6772	0.0281481	
364.37	0.00687321	0.0178057	0.00927643	0.0190862	0.120435	68.8928	27.8473	0.0281526	
364.41	-0.0179699	-0.000974632	0.00927597	0.0179963	0.152286	183.105	29.5324	0.0281512	
364.45	0.0120792	-0.00779285	0.00927675	0.0143748	0.301025	327.172	36.9756	0.0281536	
364.49	-0.00015357	0.0130682	0.00927643	0.0130691	0.370673	90.6733	40.6684	0.0281526	
364.53	-0.0056133	0.00276255	0.00927591	0.00625626	0.796562	153.796	84.9502	0.028151	
364.57	-0.00994967	-0.00331713	0.0092761	0.0104881	0.52772	198.438	50.6749	0.0281516	
364.61	0.00894949	-0.00963539	0.0092769	0.0131504	0.366147	312.886	40.4189	0.028154	
364.65	0.000988124	0.0118783	0.00927629	0.0119193	0.43801	85.2447	44.5908	0.0281522	
364.69	-0.00377734	-0.00309435	0.00927674	0.00488296	0.870637	219.324	108.852	0.0281535	
364.73	-0.00622565	0.00855805	0.00927635	0.010583	0.521642	126.034	50.2218	0.0281524	
364.77	-0.0122178	-0.0234926	0.00927642	0.0264798	0.0170067	242.522	20.0719	0.0281526	
364.81	0.0335883	-0.00612277	0.00927712	0.0341418	0.00114541	349.669	15.5686	0.0281547	
364.85	-0.00153889	0.0284243	0.00927604	0.0284659	0.0090171	93.099	18.6707	0.0281514	
364.89	-0.0139693	-0.00604924	0.00927694	0.0152229	0.260191	203.414	34.9165	0.0281542	
364.93	0.00857166	-0.00124452	0.00927601	0.00866154	0.646649	351.739	61.3605	0.0281513	
364.97	-0.00426386	0.00678782	0.00927656	0.00801592	0.688432	122.136	66.3065	0.028153	
365.01	0.00312801	-0.00570064	0.00927727	0.00650244	0.782211	298.754	81.746	0.0281552	
365.05	0.00552548	0.0153269	0.0092769	0.0162925	0.213912	70.1753	32.6241	0.028154	
365.09	-0.0171041	0.00395494	0.00927658	0.0175554	0.166849	166.98	30.2761	0.0281531	
365.13	-0.00139074	-0.00236438	0.00927754	0.00274307	0.957232	239.536	193.784	0.028156	
365.17	-0.0153872	-0.000724983	0.00927721	0.0154043	0.251947	182.698	34.5063	0.028155	
365.21	0.00405215	-0.0215908	0.0092773	0.0219677	0.0605988	280.63	24.1969	0.0281553	
365.25	0.0156565	0.00714634	0.00927767	0.0172104	0.178963	24.5341	30.8866	0.0281564	
365.29	-0.00623796	0.00733045	0.00927712	0.00962536	0.583774	130.397	55.2229	0.0281547	
365.33	-0.00146334	-0.000868853	0.00927683	0.00170184	0.983314	210.7	312.323	0.0281538	
365.37	-0.00610437	0.00212442	0.00927655	0.00646347	0.784481	160.811	82.2325	0.028153	
365.41	-0.00155368	-0.00986363	0.00927589	0.00998524	0.560237	261.049	53.2255	0.028151	
365.45	0.00887485	0.00646932	0.00927655	0.0109825	0.496185	36.0902	48.3959	0.028153	
365.49	-0.0169111	0.00202214	0.00927599	0.0170316	0.185329	173.181	31.2052	0.0281513	
365.53	0.00635741	-0.0180836	0.00927611	0.0191686	0.118234	289.369	27.7268	0.0281516	
365.57	0.00989081	0.00863292	0.0092765	0.0131284	0.367348	41.1152	40.485	0.0281528	
365.61	-0.00107865	0.00214155	0.00927746	0.00239786	0.967151	116.733	221.681	0.0281557	
365.65	-0.00148731	0.00874713	0.00927713	0.00887268	0.632956	99.65	59.9075	0.0281547	
365.69	-0.00990849	-0.00159793	0.00927661	0.0100365	0.556955	189.161	52.9577	0.0281532	
365.73	-0.00490622	-0.00455699	0.0092768	0.00669605	0.770665	222.887	79.3784	0.0281537	
365.77	0.00480938	-0.0106681	0.00927572	0.0117021	0.451221	294.267	45.4157	0.0281505	
365.81	0.00683718	0.0137594	0.00927596	0.0153645	0.25365	63.5768	34.5909	0.0281512	
365.85	-0.0200348	-0.0031863	0.00927756	0.0202866	0.0915681	189.037	26.2028	0.028156	
365.89	0.00674128	-0.0154033	0.0092767	0.0168138	0.193488	293.637	31.6118	0.0281534	
365.93	0.00711354	0.00191673	0.00927644	0.00736724	0.729521	15.0801	72.1438	0.0281527	
365.97	0.000905937	0.00734051	0.00927607	0.0073962	0.727692	82.9644	71.8585	0.0281515	
366.01	-0.0125576	-0.00460935	0.00927665	0.0133768	0.353575	200.156	39.734	0.0281533	
366.05	0.00792253	-0.0111147	0.00927672	0.0136493	0.33877	305.481	38.941	0.0281535	
366.09	0.00330021	0.00094804	0.00927632	0.00343368	0.933786	16.0276	154.788	0.0281523	
366.13	0.00526821	-0.000140627	0.00927704	0.00527008	0.850989	358.471	100.859	0.0281545	
366.17	-0.00225445	-0.00678694	0.00927656	0.00715158	0.74292	251.625	74.3204	0.028153	
366.21	0.0335204	-0.000146559	0.00927689	0.0335207	0.00146167	359.75	15.8567	0.028154	
366.25	-0.00980543	0.0472221	0.0092763	0.0482294	1.34936e-06	101.73	11.0201	0.0281522	
366.29	-0.0318365	-0.0136132	0.00927695	0.0346249	0.00094413	203.151	15.3511	0.0281542	
366.33	0.00275577	-0.00284262	0.00927654	0.00395914	0.912949	314.111	134.248	0.0281529	
366.37	-0.0108745	-0.01138	0.00927594	0.0157404	0.236988	226.301	33.7648	0.0281511	
366.41	0.0101301	-0.00288511	0.00927593	0.0105329	0.524825	344.103	50.4583	0.0281511	
366.45	-0.00553487	-0.00497485	0.00927666	0.00744204	0.724851	221.95	71.4204	0.0281533	
366.49	0.0131215	-0.00153095	0.00927726	0.0132106	0.36282	353.345	40.2366	0.0281551	
366.53	-0.00474529	0.0062475	0.00927624	0.00784532	0.699324	127.219	67.7461	0.028152	
366.57	0.0026472	0.00170967	0.00927663	0.00315129	0.943934	32.856	168.665	0.0281532	
366.61	-0.0162583	-0.000906262	0.0092765	0.0162835	0.214245	183.19	32.6406	0.0281528	
366.65	0.012091	-0.0193677	0.00927714	0.022832	0.048388	301.976	23.2806	0.0281548	
366.69	0.00573004	0.0149507	0.00927579	0.0160112	0.225428	69.0301	33.1933	0.0281507	
366.73	-0.00693165	-0.00993547	0.00927717	0.0121145	0.426301	235.098	43.8765	0.0281549	
366.77	0.0106132	0.00108711	0.00927667	0.0106687	0.516171	5.84839	49.8199	0.0281533	
366.81	0.00153287	-8.54176e-05	0.00927562	0.00153525	0.986396	356.811	346.168	0.0281502	
366.85	0.00956479	0.0110748	0.00927742	0.0146334	0.288241	49.1844	36.3249	0.0281556	
366.89	-0.0166845	0.00960869	0.00927655	0.0192536	0.116034	150.062	27.6056	0.028153	
366.93	-0.00274258	-0.0148882	0.00927663	0.0151387	0.264062	259.562	35.1096	0.0281532	
366.97	0.00855703	0.00518061	0.00927714	0.0100031	0.559165	31.1916	53.1378	0.0281548	
367.01	-0.00864997	-0.000202705	0.00927631	0.00865234	0.647266	181.342	61.4277	0.0281522	
367.05	0.00848904	-0.00521391	0.00927673	0.00996236	0.561783	328.442	53.3526	0.0281535	
367.09	-0.000359444	0.0116185	0.00927643	0.011624	0.456078	91.772	45.7243	0.0281526	
367.13	-0.00603476	-0.00234277	0.00927601	0.00647355	0.783865	201.217	82.0997	0.0281513	
367.17	-0.00033047	0.00177845	0.00927664	0.0018089	0.981168	100.527	293.832	0.0281532	
367.21	-0.0021212	-0.00251481	0.00927692	0.00328995	0.939052	229.853	161.561	0.0281541	
