363.25	0.0115156	0.00484927	0.00790823	0.012495	0.287023	22.8362	36.2632	0.0240003	
363.258	0.00837037	0.0069253	0.0079076	0.0108638	0.389174	39.603	41.7046	0.0239984	
363.266	0.00532301	0.00711353	0.00790878	0.00888464	0.532059	53.1927	51.0027	0.024002	
363.274	0.00337217	0.00560524	0.00790803	0.00654143	0.710263	58.9685	69.2658	0.0239997	
363.282	0.00368411	0.00399412	0.00790843	0.00543376	0.789747	47.3121	83.3897	0.0240009	
363.29	0.00509478	0.00353778	0.00790839	0.00620263	0.73523	34.7759	73.0524	0.0240008	
363.298	0.00711395	0.00505513	0.00790828	0.00872712	0.543947	35.3974	51.9199	0.0240005	
363.306	0.0076576	0.00801221	0.00790764	0.0110831	0.37449	46.2964	40.8799	0.0239985	
363.314	0.00647974	0.012268	0.0079074	0.0138741	0.214541	62.1577	32.6552	0.0239978	
363.322	0.00224211	0.0155782	0.00790866	0.0157388	0.138044	81.8099	28.7909	0.0240016	
363.33	-0.00414609	0.0168067	0.007908	0.0173106	0.0910952	103.858	26.1745	0.0239996	
363.338	-0.0106572	0.0145532	0.00790829	0.0180381	0.0741795	126.215	25.1197	0.0240005	
363.346	-0.016237	0.0091472	0.00790795	0.0186363	0.062231	150.605	24.3124	0.0239995	
363.354	-0.0187871	0.00127048	0.00790824	0.01883	0.058735	176.131	24.0632	0.0240004	
363.362	-0.0173792	-0.00736086	0.00790806	0.0188738	0.0579574	202.955	24.0068	0.0239998	
363.37	-0.0119992	-0.0141891	0.00790753	0.0185826	0.063215	229.78	24.3813	0.0239982	
363.378	-0.00396406	-0.0181608	0.00790859	0.0185884	0.0631528	257.687	24.377	0.0240014	
363.386	0.00452763	-0.0179783	0.00790747	0.0185396	0.0640236	284.135	24.4377	0.023998	
363.394	0.0123805	-0.0140197	0.00790874	0.0187037	0.0610255	311.447	24.2272	0.0240019	
363.402	0.0169547	-0.00756827	0.00790814	0.0185672	0.0635313	335.945	24.4034	0.024	
363.41	0.0179955	-8.98868e-05	0.00790857	0.0179957	0.0751038	359.714	25.1797	0.0240013	
363.418	0.0156748	0.00680725	0.00790762	0.0170892	0.0967928	23.4743	26.5123	0.0239985	
363.426	0.0110878	0.0109559	0.00790843	0.0155875	0.143356	44.6574	29.0693	0.0240009	
363.434	0.00616289	0.0127571	0.00790867	0.0141678	0.200971	64.2151	31.9834	0.0240017	
363.442	0.00154115	0.0118434	0.00790822	0.0119432	0.319692	82.5859	37.9384	0.0240003	
363.45	-0.00113799	0.00918083	0.00790761	0.00925109	0.504428	97.066	48.975	0.0239984	
363.458	-0.00191998	0.00665394	0.00790798	0.0069254	0.681494	106.095	65.425	0.0239996	
363.466	-0.000992254	0.00446538	0.00790871	0.0045743	0.845975	102.528	99.0613	0.0240018	
363.474	0.000214658	0.00424442	0.0079086	0.00424985	0.865556	87.1048	106.622	0.0240014	
363.482	0.000959707	0.00444509	0.00790756	0.00454751	0.847588	77.8167	99.6302	0.0239983	
363.49	0.00154544	0.00617361	0.00790859	0.0063641	0.723411	75.946	71.2007	0.0240014	
363.498	0.000110017	0.00764667	0.00790803	0.00764746	0.626509	89.1757	59.248	0.0239997	
363.506	-0.0012059	0.0082436	0.00790851	0.00833134	0.574133	98.3224	54.388	0.0240012	
363.514	-0.0031933	0.00843787	0.00790806	0.00902191	0.521645	110.729	50.222	0.0239998	
363.522	-0.00484731	0.0077763	0.00790809	0.00916337	0.511027	121.937	49.4469	0.0239999	
363.53	-0.00578299	0.00671275	0.00790836	0.00886025	0.533867	130.745	51.1403	0.0240007	
363.538	-0.00643816	0.00583854	0.00790794	0.00869129	0.54664	137.796	52.1317	0.0239994	
363.546	-0.00656789	0.00558452	0.00790802	0.00862114	0.55198	139.626	52.5564	0.0239997	
363.554	-0.00773562	0.00557218	0.00790805	0.00953357	0.483512	144.234	47.5266	0.0239998	
363.562	-0.00947812	0.00510577	0.00790781	0.0107659	0.395844	151.689	42.0853	0.023999	
363.57	-0.0116623	0.00432085	0.00790844	0.012437	0.29038	159.67	36.4334	0.024001	
363.578	-0.0143059	0.00143348	0.00790824	0.0143775	0.191543	174.278	31.5151	0.0240004	
363.586	-0.0161329	-0.00212924	0.00790872	0.0162728	0.120416	187.519	27.8463	0.0240018	
363.594	-0.0161652	-0.00719811	0.0079081	0.0176954	0.0817984	204.003	25.6055	0.0239999	
363.602	-0.0141419	-0.012678	0.0079088	0.0189927	0.0559375	221.876	23.8587	0.0240021	
363.61	-0.00973818	-0.017379	0.00790824	0.0199214	0.0418841	240.736	22.7448	0.0240004	
363.618	-0.00329436	-0.0200028	0.00790831	0.0202722	0.0374208	260.648	22.3514	0.0240006	
363.626	0.00371367	-0.0200196	0.0079082	0.0203611	0.0363518	280.509	22.2535	0.0240002	
363.634	0.0102663	-0.0168535	0.00790824	0.0197342	0.0444454	301.348	22.9606	0.0240004	
363.642	0.0150596	-0.0116767	0.0079084	0.0190562	0.0548524	322.211	23.778	0.0240008	
363.65	0.016917	-0.00440852	0.00790769	0.017482	0.0868369	345.394	25.9168	0.0239987	
363.658	0.0156811	0.00218365	0.00790854	0.0158324	0.134811	7.92766	28.6201	0.0240013	
363.666	0.0120318	0.00744603	0.00790726	0.0141495	0.20169	31.7518	32.0191	0.0239974	
363.674	0.00636181	0.0104186	0.00790866	0.0122074	0.303834	58.591	37.1195	0.0240016	
363.682	0.000583412	0.0105312	0.00790811	0.0105474	0.410887	86.8292	42.9586	0.024	
363.69	-0.00462478	0.00754059	0.00790838	0.00884585	0.534958	121.522	51.2237	0.0240008	
363.698	-0.0073131	0.00247493	0.00790853	0.00772054	0.620945	161.303	58.6909	0.0240012	
363.706	-0.00764329	-0.00286833	0.00790781	0.00816377	0.586905	200.57	55.4994	0.023999	
363.714	-0.00520424	-0.00748046	0.00790791	0.0091127	0.514809	235.173	49.7207	0.0239994	
363.722	-0.000455306	-0.0104039	0.0079077	0.0104139	0.420147	267.494	43.5071	0.0239987	
363.73	0.00446032	-0.0111963	0.00790843	0.0120521	0.313106	291.721	37.5969	0.0240009	
363.738	0.00988851	-0.00906518	0.00790822	0.0134149	0.237222	317.487	33.7764	0.0240003	
363.746	0.0137173	-0.00463219	0.00790806	0.0144783	0.187126	341.341	31.2949	0.0239998	
363.754	0.0154354	0.00071144	0.00790808	0.0154518	0.148243	2.63898	29.3235	0.0239999	
363.762	0.0144234	0.00658721	0.00790752	0.0158565	0.133923	24.5462	28.5731	0.0239982	
363.77	0.0109288	0.0110687	0.00790799	0.0155549	0.144495	45.3642	29.1287	0.0239996	
363.778	0.00543109	0.0136504	0.00790855	0.0146912	0.178103	68.3038	30.8435	0.0240013	
363.786	-0.000382285	0.013805	0.00790749	0.0138103	0.217598	91.5862	32.8063	0.0239981	
363.794	-0.00534488	0.0108608	0.00790854	0.0121048	0.309946	116.203	37.4337	0.0240013	
363.802	-0.0087067	0.00622091	0.00790812	0.0107008	0.400321	144.454	42.343	0.024	
363.81	-0.00886649	0.000310416	0.00790785	0.00887192	0.532941	177.995	51.0697	0.0239992	
363.818	-0.00625806	-0.00427554	0.00790797	0.00757915	0.631736	214.341	59.7815	0.0239995	
363.826	-0.00164881	-0.00764854	0.00790797	0.00782424	0.612952	257.835	57.9089	0.0239995	
363.834	0.00461707	-0.00789031	0.00790815	0.0091419	0.512641	300.334	49.5634	0.0240001	
363.842	0.00984523	-0.00529424	0.00790838	0.0111784	0.368254	331.731	40.5349	0.0240008	
363.85	0.0134036	0.00048602	0.00790718	0.0134124	0.237258	2.07665	33.7782	0.0239971	
363.858	0.0141671	0.00693306	0.00790783	0.0157726	0.136817	26.0761	28.7262	0.0239991	
363.866	0.0118389	0.0134903	0.0079077	0.0179485	0.0760871	48.7302	25.2432	0.0239987	
363.874	0.00600276	0.0185433	0.00790793	0.0194906	0.047961	72.0624	23.2466	0.0239994	
363.882	-0.00101302	0.0203991	0.0079085	0.0204243	0.0356206	92.843	22.1856	0.0240012	
363.89	-0.00872751	0.019115	0.00790841	0.0210131	0.0293054	114.54	21.5636	0.0240009	
363.898	-0.0143226	0.0145636	0.00790771	0.0204264	0.0355722	134.522	22.1811	0.0239987	
363.906	-0.0180138	0.00777913	0.00790847	0.0196217	0.0460545	156.643	23.0929	0.0240011	
363.914	-0.0183469	0.00079824	0.00790857	0.0183643	0.0674736	177.509	24.6744	0.0240014	
363.922	-0.0155504	-0.00521468	0.00790825	0.0164014	0.116407	198.538	27.6262	0.0240004	
363.93	-0.0109085	-0.00920729	0.00790818	0.0142748	0.1961	220.166	31.7416	0.0240002	
363.938	-0.00537595	-0.0105344	0.00790779	0.0118269	0.326801	242.964	38.3097	0.023999	
363.946	-0.000795421	-0.00982557	0.00790726	0.00985772	0.459743	265.372	45.9592	0.0239974	
363.954	0.00336297	-0.00738454	0.0079086	0.00811425	0.590762	294.485	55.8437	0.0240014	
363.962	0.00492846	-0.00392439	0.00790851	0.00630004	0.728114	321.471	71.924	0.0240012	
363.97	0.00588336	-0.00042361	0.00790814	0.0058986	0.757164	355.882	76.8154	0.0240001	
363.978	0.00478368	0.00227792	0.00790776	0.00529835	0.798946	25.4631	85.5137	0.0239989	
363.986	0.00163555	0.00284427	0.00790279	0.00328099	0.917427	60.0996	138.006	0.0239838	
363.994	0.00162051	0.00616261	0.00790862	0.00637211	0.722824	75.2671	71.1115	0.0240015	
364.002	-0.000670555	0.00660305	0.00790826	0.00663701	0.70316	95.7986	68.2702	0.0240004	
364.01	-0.00287091	0.006976	0.00790868	0.00754365	0.634506	112.369	60.0683	0.0240017	
364.018	-0.00529464	0.0066189	0.00790783	0.00847603	0.563024	128.657	53.4549	0.0239991	
364.026	-0.00748889	0.00570817	0.00790845	0.0094163	0.492215	142.685	48.1209	0.024001	
364.034	-0.0100179	0.0033229	0.00790798	0.0105546	0.410374	161.65	42.9285	0.0239996	
364.042	-0.0114786	0.000409597	0.00790814	0.0114859	0.348279	177.956	39.4487	0.024	
364.05	-0.0116097	-0.00337435	0.00790759	0.0120901	0.310738	196.206	37.4745	0.0239984	
364.058	-0.0101835	-0.00778585	0.00790864	0.0128189	0.268848	217.4	35.3488	0.0240016	
364.066	-0.00649127	-0.0108085	0.00790817	0.012608	0.280581	239.012	35.9379	0.0240001	
364.074	-0.00195264	-0.012375	0.00790779	0.0125281	0.285085	261.033	36.1652	0.023999	
364.082	0.00285714	-0.0116297	0.00790792	0.0119755	0.317696	283.803	37.8347	0.0239994	
364.09	0.00701905	-0.00819817	0.00790902	0.0107925	0.394147	310.569	41.988	0.0240027	
364.098	0.00872966	-0.00357809	0.00790836	0.0094345	0.490859	337.712	48.0275	0.0240007	
364.106	0.00872055	0.00160273	0.00790848	0.00886661	0.533396	10.414	51.1044	0.0240011	
364.114	0.00508627	0.00552911	0.00790887	0.00751273	0.636885	47.3888	60.3169	0.0240023	
364.122	0.000344192	0.00713413	0.00790824	0.00714243	0.665077	87.2379	63.439	0.0240003	
364.13	-0.00488186	0.00607532	0.00790825	0.00779372	0.615314	128.784	58.1377	0.0240004	
364.138	-0.00848085	0.00225599	0.0079087	0.00877578	0.540292	165.104	51.6347	0.0240018	
364.146	-0.00932691	-0.00244094	0.00790808	0.00964103	0.475614	194.666	46.997	0.0239999	
364.154	-0.00767747	-0.00778331	0.00790841	0.0109327	0.384607	225.392	41.4462	0.0240009	
364.162	-0.00341312	-0.0112426	0.00790846	0.0117492	0.331679	253.112	38.566	0.024001	
364.17	0.0018522	-0.0119536	0.00790844	0.0120963	0.310446	278.808	37.4595	0.024001	
364.178	0.00712165	-0.00975887	0.00790836	0.0120811	0.311349	306.121	37.5061	0.0240007	
364.186	0.0103304	-0.00566074	0.00790869	0.0117797	0.329804	331.279	38.4673	0.0240017	
364.194	0.0103588	-4.18314e-05	0.00790813	0.0103589	0.424043	359.769	43.7405	0.024	
364.202	0.00800934	0.00429635	0.00790883	0.0090889	0.516675	28.2099	49.8567	0.0240021	
364.21	0.00386538	0.00651464	0.00790735	0.00757507	0.632003	59.3177	59.8091	0.0239977	
364.218	-0.000549364	0.00588993	0.00790824	0.00591549	0.755962	95.3287	76.597	0.0240004	
364.226	-0.00383642	0.00296402	0.00790938	0.00484804	0.828736	142.31	93.4756	0.0240038	
364.234	-0.00510033	-0.000974129	0.00790774	0.00519253	0.806068	190.813	87.2562	0.0239988	
364.242	-0.00330827	-0.00484082	0.00790863	0.00586329	0.759708	235.651	77.2828	0.0240015	
364.25	0.0005691	-0.0068907	0.00790816	0.00691416	0.682354	274.721	65.5328	0.0240001	
364.258	0.00473492	-0.00671054	0.00790852	0.00821284	0.583203	305.207	55.1728	0.0240012	
364.266	0.00819963	-0.00424845	0.00790847	0.0092349	0.505712	332.61	49.0662	0.024001	
364.274	0.00979809	4.93759e-05	0.00790845	0.00979821	0.46417	0.28873	46.2452	0.024001	
364.282	0.00854702	0.00437828	0.00790795	0.00960317	0.478382	27.1242	47.1815	0.0239995	
364.29	0.00541506	0.00711069	0.00790834	0.00893783	0.528004	52.7094	50.6963	0.0240007	
364.298	0.0012727	0.0078822	0.00790842	0.00798429	0.600712	80.8279	56.7513	0.0240009	
364.306	-0.00238863	0.00580911	0.00790899	0.00628103	0.729535	112.352	72.1461	0.0240026	
364.314	-0.0035583	0.00208144	0.00790898	0.00412237	0.872984	149.674	109.925	0.0240026	
364.322	-0.00302448	-0.00176138	0.00790788	0.00349999	0.906698	210.215	129.454	0.0239993	
364.33	0.000219528	-0.00482502	0.00790672	0.00483002	0.829789	272.605	93.793	0.0239958	
364.338	0.00493922	-0.00483723	0.00790794	0.00691337	0.6824	315.598	65.5385	0.0239994	
364.346	0.0090118	-0.00205315	0.00790844	0.00924272	0.505126	347.165	49.0246	0.024001	
364.354	0.0113828	0.00320203	0.00790822	0.0118246	0.326978	15.7115	38.3189	0.0240003	
364.362	0.0107268	0.00900213	0.00790832	0.0140037	0.208506	40.0039	32.3567	0.0240006	
364.37	0.00666415	0.0144161	0.00790793	0.0158819	0.13309	65.1902	28.5288	0.0239994	
364.378	0.000262957	0.0169628	0.00790797	0.0169648	0.100147	89.1119	26.7078	0.0239995	
364.386	-0.00674256	0.0164057	0.00790824	0.0177372	0.0808431	112.342	25.5457	0.0240003	
364.394	-0.012763	0.0119293	0.00790848	0.0174701	0.087169	136.934	25.9371	0.0240011	
364.402	-0.0163425	0.00553008	0.00790809	0.0172528	0.0925668	161.305	26.2624	0.0239999	
364.41	-0.0159774	-0.00192427	0.00790808	0.0160928	0.126113	186.867	28.1554	0.0239999	
364.418	-0.0124173	-0.00767533	0.00790819	0.0145979	0.182006	211.721	31.0391	0.0240002	
364.426	-0.00682079	-0.0115326	0.0079077	0.0133986	0.238006	239.398	33.8152	0.0239987	
364.434	-0.000458421	-0.0122002	0.00790808	0.0122088	0.3037	267.848	37.1126	0.0239999	
364.442	0.00501839	-0.00953795	0.00790775	0.0107776	0.395039	297.751	42.0391	0.0239989	
364.45	0.00841701	-0.00524333	0.00790825	0.00991658	0.455572	328.079	45.6921	0.0240004	
364.458	0.00892967	-0.000403676	0.00790789	0.00893879	0.527894	357.412	50.6879	0.0239993	
364.466	0.00779848	0.00348349	0.00790889	0.00854114	0.558145	24.0697	53.0545	0.0240023	
364.474	0.00544578	0.00608319	0.00790844	0.00816467	0.586886	48.1645	55.4977	0.024001	
364.482	0.00256345	0.0066191	0.00790804	0.00709815	0.668425	68.8296	63.8331	0.0239997	
364.49	0.000681189	0.00629054	0.00790842	0.00632732	0.726106	83.8196	71.6131	0.0240009	
364.498	0.000161932	0.00521522	0.00790792	0.00521774	0.804386	88.2215	86.8366	0.0239994	
364.506	0.000226205	0.00504964	0.00790815	0.00505471	0.815239	87.4351	89.6399	0.0240001	
364.514	0.00106891	0.006182	0.007908	0.00627373	0.730012	80.1902	72.221	0.0239996	
364.522	0.000519334	0.00798053	0.00790848	0.00799741	0.59971	86.2767	56.6586	0.0240011	
364.53	-0.0013021	0.0105181	0.00790796	0.0105984	0.407343	97.0571	42.7509	0.0239995	
364.538	-0.00465473	0.0121726	0.00790781	0.0130322	0.257179	110.927	34.7664	0.0239991	
364.546	-0.00930556	0.0117748	0.00790804	0.015008	0.16516	128.319	30.1905	0.0239998	
364.554	-0.0142488	0.00953582	0.00790827	0.0171453	0.0953541	146.208	26.4277	0.0240004	
364.562	-0.0176911	0.00458216	0.0079085	0.0182749	0.0692608	165.479	24.7949	0.0240011	
364.57	-0.0190314	-0.00161648	0.00790756	0.0190999	0.0540917	184.855	23.721	0.0239983	
364.578	-0.0177464	-0.00792366	0.00790865	0.019435	0.0488258	204.06	23.3153	0.0240016	
364.586	-0.0133298	-0.0131314	0.00790783	0.0187115	0.0608442	224.57	24.2143	0.0239991	
364.594	-0.00729964	-0.0160053	0.00790761	0.0175914	0.0842095	245.483	25.7554	0.0239984	
364.602	-0.000873283	-0.0155747	0.00790917	0.0155992	0.142991	266.791	29.0503	0.0240032	
364.61	0.00430991	-0.0127097	0.00790848	0.0134206	0.236956	288.732	33.7633	0.0240011	
364.618	0.00767205	-0.00775201	0.00790855	0.0109066	0.386376	314.703	41.5461	0.0240013	
364.626	0.0079506	-0.00230352	0.00790808	0.00827758	0.578212	343.842	54.7382	0.0239999	
364.634	0.00598323	0.00173204	0.00790811	0.00622888	0.733299	16.1448	72.742	0.024	
364.642	0.00185261	0.00463262	0.00790768	0.00498932	0.819512	68.2032	90.8092	0.0239987	
364.65	-0.00209942	0.00457045	0.00790811	0.00502957	0.816891	114.672	90.0874	0.024	
364.658	-0.0053038	0.00269178	0.00790807	0.00594777	0.753642	153.091	76.1797	0.0239998	
364.666	-0.00686087	-0.000495289	0.00790774	0.00687872	0.684998	184.129	65.8669	0.0239988	
364.674	-0.00673024	-0.00359976	0.00790832	0.00763246	0.627679	208.141	59.3666	0.0240006	
364.682	-0.00472354	-0.0059141	0.00790832	0.00756891	0.632546	231.386	59.8651	0.0240006	
364.69	-0.0018913	-0.00645567	0.00790884	0.00672702	0.696468	253.671	67.3617	0.0240022	
364.698	0.000680113	-0.0056362	0.00790744	0.00567709	0.772811	276.881	79.8055	0.0239979	
364.706	0.00218777	-0.003629	0.00790811	0.00423745	0.866269	301.084	106.928	0.0239999	
364.714	0.00184144	-0.00103601	0.00790886	0.00211287	0.964944	330.637	214.469	0.0240022	
364.722	-0.000178748	0.000675271	0.00790878	0.000698528	0.996107	104.826	648.707	0.024002	
364.73	-0.00283517	0.000988499	0.00790825	0.00300256	0.93046	160.779	150.908	0.0240004	
364.738	-0.00571344	-0.000465906	0.00790869	0.0057324	0.768985	184.662	79.048	0.0240017	
364.746	-0.00756527	-0.00344558	0.00790838	0.00831296	0.575527	204.487	54.5072	0.0240008	
364.754	-0.00799196	-0.00767005	0.00790786	0.0110771	0.37491	223.823	40.9032	0.0239992	
364.762	-0.00618417	-0.012092	0.00790825	0.0135816	0.228841	242.914	33.362	0.0240004	
364.77	-0.00248594	-0.0152395	0.00790806	0.0154409	0.148638	260.735	29.3439	0.0239998	
364.778	0.00289965	-0.016695	0.00790837	0.016945	0.10071	279.853	26.7404	0.0240007	
364.786	0.00862147	-0.0162829	0.00790875	0.0184245	0.0662974	297.9	24.5943	0.0240019	
364.794	0.013926	-0.0134107	0.00790807	0.0193334	0.0503659	316.08	23.4361	0.0239999	
364.802	0.0178925	-0.00878835	0.00790771	0.0199343	0.0416942	333.841	22.7286	0.0239987	
364.81	0.0196419	-0.00288931	0.00790901	0.0198533	0.0428271	351.632	22.8251	0.0240027	
364.818	0.0195614	0.0033105	0.00790771	0.0198396	0.0429697	9.6055	22.8371	0.0239988	
364.826	0.0173904	0.00929811	0.0079084	0.01972	0.0446499	28.1321	22.9776	0.0240008	
364.834	0.0129246	0.0136451	0.00790814	0.0187946	0.0593601	46.5532	24.1082	0.0240001	
364.842	0.0073648	0.0166259	0.00790875	0.0181841	0.0711307	66.108	24.9195	0.0240019	
364.85	0.00116347	0.0171866	0.00790804	0.0172259	0.0932519	86.1272	26.3032	0.0239997	
364.858	-0.00442663	0.0157449	0.00790799	0.0163553	0.117805	105.703	27.7032	0.0239996	
364.866	-0.00936621	0.0121506	0.0079076	0.0153415	0.152287	127.627	29.5324	0.0239984	
364.874	-0.0122419	0.00742262	0.00790832	0.0143164	0.194253	148.77	31.6499	0.0240006	
364.882	-0.0134094	0.00188329	0.00790864	0.013541	0.230897	172.005	33.4636	0.0240016	
364.89	-0.0120196	-0.00397572	0.00790832	0.01266	0.277659	198.303	35.7908	0.0240006	
364.898	-0.00878219	-0.00815009	0.00790894	0.0119813	0.317441	222.862	37.8215	0.0240025	
364.906	-0.00425901	-0.0106452	0.00790767	0.0114656	0.349536	248.194	39.5162	0.0239986	
364.914	0.000981177	-0.0108469	0.00790834	0.0108912	0.387395	275.169	41.6037	0.0240007	
364.922	0.00582667	-0.00921525	0.00790766	0.0109028	0.38655	302.305	41.5559	0.0239986	
364.93	0.00893433	-0.00567601	0.00790773	0.0105849	0.408259	327.572	42.8045	0.0239988	
364.938	0.010188	-0.00143653	0.0079077	0.0102887	0.428941	351.974	44.0363	0.0239987	
364.946	0.00910506	0.00281864	0.00790779	0.00953136	0.483652	17.2009	47.536	0.023999	
364.954	0.00687331	0.00583531	0.00790831	0.00901628	0.52209	40.3306	50.255	0.0240006	
364.962	0.0030671	0.00711851	0.00790792	0.00775115	0.618553	66.6906	58.4546	0.0239994	
364.97	0.000117771	0.00675472	0.00790795	0.00675575	0.694257	89.0011	67.0676	0.0239995	
364.978	-0.00247927	0.00479861	0.00790782	0.00540124	0.791946	117.324	83.8852	0.0239991	
364.986	-0.00353823	0.0023728	0.00790732	0.0042602	0.864906	146.153	106.346	0.0239976	
364.994	-0.00265533	-7.10606e-05	0.00790845	0.00265628	0.945154	181.533	170.585	0.024001	
365.002	-0.000653488	-0.000987797	0.00790761	0.00118439	0.988846	236.513	382.535	0.0239984	
365.01	0.00139652	-0.00135654	0.00790874	0.00194691	0.970154	315.832	232.747	0.0240019	
365.018	0.00308215	-5.41387e-06	0.00790818	0.00308215	0.926863	359.899	147.009	0.0240002	
365.026	0.00371728	0.00212189	0.00790832	0.00428026	0.863754	29.7185	105.861	0.0240006	
365.034	0.00330596	0.00432564	0.00790822	0.00544431	0.789013	52.6104	83.2259	0.0240003	
365.042	0.00143308	0.00584172	0.00790858	0.00601493	0.748845	76.2165	75.3339	0.0240014	
365.05	-0.000868507	0.00585826	0.00790832	0.00592229	0.75548	98.4329	76.5099	0.0240006	
365.058	-0.00335914	0.00515884	0.00790855	0.00615609	0.738628	123.07	73.6062	0.0240013	
365.066	-0.0043755	0.00359288	0.00790794	0.00566161	0.773922	140.609	80.0288	0.0239995	
365.074	-0.00456217	0.00192596	0.00790796	0.00495205	0.821955	157.113	91.4961	0.0239995	
365.082	-0.00386398	9.44688e-05	0.0079079	0.00386513	0.887411	178.599	117.225	0.0239993	
365.09	-0.00267764	-0.000306916	0.00790871	0.00269517	0.943587	186.539	168.129	0.0240018	
365.098	-0.00130891	0.000389763	0.00790891	0.00136571	0.985201	163.418	331.803	0.0240024	
365.106	-0.000491979	0.00154171	0.00790716	0.00161831	0.979274	107.698	279.951	0.0239971	
365.114	-0.000729324	0.00317437	0.00790809	0.00325708	0.91868	102.939	139.113	0.0239999	
365.122	-0.00216034	0.00479748	0.00790846	0.00526145	0.80147	114.242	86.121	0.024001	
365.13	-0.00487929	0.00470719	0.00790885	0.00677976	0.692514	136.028	66.8378	0.0240022	
365.138	-0.00748334	0.00406789	0.00790787	0.00851752	0.559861	151.472	53.1948	0.0239992	
365.146	-0.00909937	0.00195367	0.00790826	0.00930674	0.500337	167.882	48.6862	0.0240004	
365.154	-0.0101765	-0.00077597	0.00790831	0.010206	0.434851	184.36	44.3966	0.0240006	
365.162	-0.00973769	-0.00386281	0.00790834	0.0104759	0.415878	201.638	43.2532	0.0240007	
365.17	-0.00863535	-0.00631825	0.00790897	0.0107	0.400454	216.192	42.3506	0.0240026	
365.178	-0.0066794	-0.00816197	0.00790845	0.0105467	0.410969	230.705	42.9634	0.024001	
365.186	-0.00454943	-0.00885219	0.00790765	0.00995282	0.452903	242.8	45.5223	0.0239986	
365.194	-0.00286369	-0.00933137	0.00790826	0.0097609	0.466869	252.939	46.4209	0.0240004	
365.202	-0.00143807	-0.00928879	0.00790851	0.00939945	0.49347	261.199	48.2075	0.0240012	
365.21	5.32553e-06	-0.00968834	0.00790865	0.00968834	0.472201	270.031	46.7709	0.0240016	
365.218	0.000806159	-0.00988887	0.00790802	0.00992168	0.455183	274.661	45.6673	0.0239997	
365.226	0.00307591	-0.0100825	0.00790756	0.0105413	0.41126	286.966	42.9805	0.0239983	
365.234	0.0056102	-0.00994143	0.0079085	0.0114152	0.352851	299.437	39.6949	0.0240012	
365.242	0.00796467	-0.00866344	0.00790832	0.0117682	0.330485	312.594	38.5031	0.0240006	
365.25	0.0104936	-0.0063938	0.00790909	0.0122881	0.299111	328.646	36.8778	0.0240029	
365.258	0.0121378	-0.0029901	0.00790856	0.0125007	0.286724	346.161	36.2481	0.0240013	
365.266	0.0121726	0.0011466	0.00790862	0.0122264	0.302703	5.38111	37.0615	0.0240015	
365.274	0.0106681	0.00496202	0.00790801	0.0117656	0.330619	24.9445	38.5102	0.0239997	
365.282	0.00775997	0.0082074	0.00790833	0.0112951	0.360613	46.6051	40.1161	0.0240006	
365.29	0.00335461	0.00969614	0.0079079	0.01026	0.430987	70.9157	44.1606	0.0239993	
365.298	-0.000764607	0.00921157	0.00790848	0.00924325	0.505089	94.745	49.022	0.0240011	
365.306	-0.00434661	0.00688748	0.00790857	0.00814434	0.588454	122.256	55.6371	0.0240013	
365.314	-0.00656424	0.00322897	0.00790791	0.00731543	0.651887	153.807	61.9362	0.0239994	
365.322	-0.00706355	-0.000588871	0.00790867	0.00708805	0.669234	184.766	63.9292	0.0240016	
365.33	-0.00521499	-0.00394487	0.00790822	0.00653897	0.710457	217.106	69.2934	0.0240003	
365.338	-0.00297872	-0.00583955	0.00790791	0.00655538	0.709218	242.974	69.1172	0.0239994	
365.346	9.36118e-05	-0.0062111	0.00790787	0.00621181	0.734532	270.863	72.9398	0.0239992	
365.354	0.002341	-0.00548699	0.00790874	0.00596551	0.752406	293.105	75.9595	0.0240019	
365.362	0.00416956	-0.00402581	0.00790715	0.00579589	0.764419	316.005	78.1668	0.0239971	
365.37	0.00410283	-0.00245613	0.00790885	0.00478182	0.832951	329.093	94.7638	0.0240022	
365.378	0.00434882	-0.00162435	0.00790797	0.00464228	0.841721	339.519	97.6014	0.0239995	
365.386	0.00353541	-0.000644667	0.00790817	0.00359371	0.901899	349.666	126.083	0.0240002	
365.394	0.00356932	-0.00112653	0.00790798	0.00374287	0.894037	342.484	121.055	0.0239996	
365.402	0.00375815	-0.00142082	0.00790851	0.00401777	0.878932	339.29	112.78	0.0240012	
365.41	0.00482054	-0.000986116	0.00790799	0.00492037	0.824014	348.439	92.0855	0.0239996	
365.418	0.00582559	-0.00029505	0.00790803	0.00583305	0.761828	357.101	77.6775	0.0239997	
365.426	0.00699276	0.00133583	0.00790763	0.00711921	0.6668	10.815	63.6411	0.0239985	
365.434	0.00662729	0.00359744	0.00790797	0.00754073	0.634677	28.4941	60.0861	0.0239995	
365.442	0.00567115	0.00595477	0.00790844	0.00822321	0.582402	46.3975	55.1026	0.024001	
365.45	0.00335095	0.00766389	0.00790829	0.00836445	0.571583	66.3832	54.1711	0.0240005	
365.458	0.000788623	0.00824081	0.00790773	0.00827845	0.578116	84.5336	54.73	0.0239988	
365.466	-0.00284234	0.00780964	0.00790802	0.0083108	0.575664	109.999	54.5189	0.0239997	
365.474	-0.00508903	0.00586468	0.00790874	0.00776483	0.617566	130.95	58.3577	0.0240019	
365.482	-0.00644325	0.00299483	0.00790818	0.00710524	0.667897	155.071	63.7706	0.0240002	
365.49	-0.00675239	-0.000315069	0.00790797	0.00675974	0.693959	182.672	67.0282	0.0239995	
365.498	-0.00554982	-0.00308954	0.0079083	0.00635183	0.724297	209.104	71.3357	0.0240005	
365.506	-0.00341688	-0.00498648	0.00790816	0.00604484	0.746665	235.58	74.9572	0.0240001	
365.514	-0.000516773	-0.00531137	0.00790873	0.00533645	0.796405	264.443	84.9134	0.0240018	
365.522	0.00181085	-0.00544254	0.00790779	0.00573588	0.768693	288.403	78.991	0.023999	
365.53	0.00356143	-0.00448113	0.00790817	0.00572401	0.769549	308.476	79.1586	0.0240001	
365.538	0.00535663	-0.00288972	0.00790803	0.00608638	0.743656	331.655	74.4444	0.0239997	
365.546	0.00575661	-0.00119769	0.00790768	0.00587988	0.758475	348.247	77.0554	0.0239986	
365.554	0.00604234	0.000515183	0.00790758	0.00606426	0.745231	4.87338	74.7117	0.0239984	
365.562	0.00589012	0.00202598	0.00790818	0.00622881	0.733308	18.9813	72.7435	0.0240002	
365.57	0.00591885	0.0031661	0.00790818	0.00671245	0.697517	28.1432	67.5023	0.0240002	
365.578	0.00510025	0.00473914	0.00790854	0.00696218	0.678754	42.8982	65.0839	0.0240013	
365.586	0.0040267	0.00586406	0.00790833	0.00711347	0.667282	55.5236	63.698	0.0240006	
365.594	0.00266445	0.00689677	0.00790794	0.00739356	0.645927	68.8768	61.2819	0.0239994	
365.602	0.000608201	0.00729403	0.00790733	0.00731934	0.651547	85.2335	61.8985	0.0239976	
365.61	-0.00112843	0.00708979	0.00790939	0.00717903	0.662376	99.0435	63.1248	0.0240039	
365.618	-0.00261597	0.0063354	0.00790885	0.00685424	0.686915	112.436	66.1115	0.0240022	
365.626	-0.00365604	0.00539186	0.00790785	0.00651451	0.712251	124.14	69.5504	0.0239992	
365.634	-0.00412876	0.0039639	0.00790824	0.00572356	0.769584	136.167	79.1655	0.0240003	
365.642	-0.00437027	0.00224665	0.00790795	0.00491393	0.82443	152.793	92.2057	0.0239995	
365.65	-0.00387297	0.00174199	0.0079083	0.00424669	0.865732	155.783	106.698	0.0240005	
365.658	-0.00337405	0.00101572	0.00790819	0.00352362	0.905503	163.246	128.591	0.0240002	
365.666	-0.00289404	0.000508198	0.00790775	0.00293832	0.933295	170.04	154.197	0.0239989	
365.674	-0.00266222	0.00118362	0.00790827	0.00291348	0.934389	156.03	155.522	0.0240004	
365.682	-0.00272027	0.00107477	0.00790811	0.0029249	0.933888	158.441	154.912	0.024	
365.69	-0.00354959	0.000683307	0.00790824	0.00361476	0.900807	169.104	125.35	0.0240004	
365.698	-0.00375144	0.000328798	0.00790844	0.00376582	0.892818	174.991	120.324	0.024001	
365.706	-0.00413832	-0.000815412	0.00790843	0.00421789	0.867425	191.147	107.428	0.0240009	
365.714	-0.00402002	-0.00232975	0.00790818	0.00464632	0.841476	210.094	97.5191	0.0240002	
365.722	-0.00333603	-0.00340271	0.00790793	0.00476524	0.83397	225.567	95.0824	0.0239994	
365.73	-0.00200408	-0.00452818	0.00790839	0.00495184	0.821986	246.127	91.5047	0.0240008	
365.738	-0.000182571	-0.00459445	0.0079078	0.00459807	0.844468	267.724	98.5377	0.023999	
365.746	0.00207444	-0.00441299	0.00790873	0.00487624	0.826896	295.177	92.9275	0.0240019	
365.754	0.00350726	-0.00336277	0.0079083	0.00485892	0.827995	316.205	93.2537	0.0240005	
365.762	0.00496833	-0.00162419	0.00790787	0.00522708	0.803757	341.897	86.6809	0.0239992	
365.77	0.00543675	0.000219592	0.00790723	0.00544119	0.78918	2.31294	83.2632	0.0239973	
365.778	0.00532479	0.00236617	0.00790909	0.00582684	0.762324	23.9589	77.7706	0.0240029	
365.786	0.00485003	0.00458102	0.00790851	0.00667147	0.700602	43.3661	67.9197	0.0240012	
365.794	0.00313544	0.00648823	0.00790737	0.00720611	0.660176	64.2078	62.8714	0.0239977	
365.802	0.0012597	0.00767548	0.00790803	0.00777816	0.616491	80.6797	58.2525	0.0239997	
365.81	-0.00127749	0.00866436	0.00790836	0.00875803	0.541609	98.3874	51.7372	0.0240007	
365.818	-0.00445258	0.00843386	0.0079084	0.00953706	0.483287	117.831	47.5113	0.0240009	
365.826	-0.00749539	0.00751318	0.0079085	0.0106127	0.406411	134.932	42.6965	0.0240011	
365.834	-0.0103249	0.00533335	0.00790867	0.0116211	0.339738	152.681	38.9924	0.0240016	
365.842	-0.0121471	0.00166589	0.00790803	0.0122608	0.300623	172.191	36.955	0.0239997	
365.85	-0.012482	-0.00219846	0.00790893	0.0126741	0.276921	189.989	35.7537	0.0240024	
365.858	-0.0117762	-0.00631488	0.00790809	0.0133625	0.239887	208.202	33.9083	0.0239999	
365.866	-0.00876206	-0.0100296	0.0079079	0.0133179	0.242163	228.859	34.021	0.0239993	
365.874	-0.00504993	-0.0119779	0.00790843	0.0129989	0.259023	247.14	34.8583	0.0240009	
365.882	-0.000686033	-0.0125274	0.00790776	0.0125462	0.284051	266.865	36.113	0.0239989	
365.89	0.00341564	-0.011522	0.00790855	0.0120176	0.315198	286.512	37.7051	0.0240013	
365.898	0.00641654	-0.00919142	0.00790852	0.0112096	0.366222	304.919	40.4231	0.0240012	
365.906	0.00862833	-0.00584851	0.00790816	0.0104237	0.419504	325.87	43.4687	0.0240001	
365.914	0.00878181	-0.00250181	0.00790847	0.00913123	0.513469	344.099	49.6233	0.0240011	
365.922	0.00813805	0.000250513	0.0079081	0.0081419	0.588604	1.76317	55.6505	0.0239999	
365.93	0.00689403	0.00246609	0.00790835	0.00732184	0.651429	19.6828	61.8854	0.0240007	
365.938	0.00560695	0.00356264	0.00790758	0.00664307	0.702666	32.4318	68.2021	0.0239984	
365.946	0.00442594	0.00442036	0.00790804	0.00625528	0.731365	44.9639	72.4344	0.0239997	
365.954	0.00264445	0.00529313	0.00790777	0.00591696	0.755832	63.4533	76.5734	0.0239989	
365.962	0.00160939	0.00605962	0.00790832	0.0062697	0.730326	75.126	72.2703	0.0240006	
365.97	0.000155441	0.00647259	0.00790768	0.00647446	0.715209	88.6243	69.9791	0.0239987	
365.978	-0.00236379	0.00655686	0.00790806	0.00696993	0.678136	109.825	65.0076	0.0239998	
365.986	-0.00515559	0.00614948	0.0079077	0.00802473	0.597555	129.976	56.4602	0.0239987	
365.994	-0.0076718	0.00483545	0.00790848	0.00906853	0.518176	147.777	49.9665	0.0240011	
366.002	-0.00972318	0.001855	0.00790768	0.00989855	0.456824	169.199	45.772	0.0239987	
366.01	-0.0101899	-0.00209528	0.00790802	0.0104031	0.420934	191.619	43.5541	0.0239997	
366.018	-0.00890174	-0.00632697	0.00790759	0.0109211	0.385307	215.404	41.4857	0.0239984	
366.026	-0.00597183	-0.00940303	0.00790833	0.0111391	0.370844	237.581	40.6778	0.0240006	
366.034	-0.00197028	-0.0112747	0.00790828	0.0114455	0.350877	260.088	39.5884	0.0240005	
366.042	0.00266048	-0.0107122	0.00790745	0.0110376	0.377496	283.948	41.0473	0.023998	
366.05	0.00656958	-0.00854473	0.00790847	0.0107783	0.395058	307.555	42.0402	0.0240011	
366.058	0.00852019	-0.00447694	0.00790838	0.00962479	0.476832	332.28	47.0781	0.0240008	
366.066	0.00833283	-0.000533864	0.00790817	0.00834991	0.572685	356.334	54.2646	0.0240001	
366.074	0.00636334	0.00265573	0.007908	0.00689529	0.683767	22.6532	65.7108	0.0239996	
366.082	0.00366541	0.00420821	0.0079087	0.00558071	0.779608	48.9436	81.1968	0.0240018	
366.09	0.000756403	0.00407502	0.00790836	0.00414463	0.871682	79.4845	109.326	0.0240007	
366.098	-0.00132141	0.00234099	0.00790808	0.00268819	0.943861	119.443	168.552	0.0239999	
366.106	-0.00186386	1.03985e-05	0.00790866	0.00186389	0.97261	179.68	243.112	0.0240016	
366.114	-0.000858331	-0.00190891	0.00790837	0.00209301	0.965584	245.789	216.49	0.0240008	
366.122	0.00106757	-0.00224574	0.0079084	0.00248658	0.951771	295.425	182.226	0.0240008	
366.13	0.00284887	-0.00129488	0.0079089	0.00312934	0.924707	335.557	144.806	0.0240024	
366.138	0.00293486	-7.34171e-05	0.00790817	0.00293578	0.933413	358.567	154.339	0.0240001	
366.146	0.00164379	0.00160554	0.00790771	0.00229779	0.958662	44.3256	197.18	0.0239987	
366.154	-0.000486836	0.00224429	0.00790764	0.00229649	0.958707	102.239	197.29	0.0239985	
366.162	-0.00298595	-0.000187519	0.00790858	0.00299183	0.930944	183.593	151.455	0.0240014	
366.17	-0.0041915	-0.00357363	0.00790835	0.00550813	0.784622	220.451	82.2629	0.0240007	
366.178	-0.00242037	-0.00872109	0.00790827	0.00905073	0.519495	254.489	50.0635	0.0240005	
366.186	0.00233071	-0.0129837	0.00790813	0.0131912	0.248773	280.177	34.3487	0.024	
366.194	0.010311	-0.014385	0.00790802	0.0176987	0.0817173	305.632	25.6005	0.0239997	
366.202	0.019433	-0.0115961	0.00790786	0.0226299	0.0166615	329.174	20.0216	0.0239992	
366.21	0.026857	-0.00413841	0.00790841	0.027174	0.00273029	351.24	16.6747	0.0240009	
366.218	0.0309116	0.00740603	0.00790891	0.0317864	0.000310777	13.4734	14.256	0.0240024	
366.226	0.0292849	0.0208145	0.00790801	0.0359284	3.29419e-05	35.4037	12.6111	0.0239996	
366.234	0.0215752	0.0326859	0.00790776	0.0391645	4.71656e-06	56.5721	11.5687	0.0239989	
366.242	0.00865887	0.040932	0.0079081	0.0418378	8.35944e-07	78.0556	10.8299	0.0239999	
366.25	-0.00717559	0.0427312	0.00790782	0.0433295	3.02413e-07	99.5324	10.4567	0.0239991	
366.258	-0.0221915	0.0378892	0.00790919	0.0439096	2.02852e-07	120.357	10.3204	0.0240033	
366.266	-0.0338669	0.0267529	0.00790841	0.0431588	3.4105e-07	141.693	10.4989	0.0240009	
366.274	-0.0393571	0.0123311	0.00790855	0.0412437	1.24237e-06	162.604	10.9866	0.0240013	
366.282	-0.038198	-0.00254283	0.00790861	0.0382825	8.16405e-06	183.809	11.8365	0.0240015	
366.29	-0.0312293	-0.0140622	0.00790848	0.0342493	8.46049e-05	204.242	13.2301	0.0240011	
366.298	-0.0207919	-0.021114	0.00790809	0.0296328	0.000893312	225.44	15.2905	0.0239999	
366.306	-0.00960405	-0.0220774	0.00790904	0.0240759	0.00972302	246.49	18.8219	0.0240028	
366.314	-0.000865074	-0.0183265	0.0079075	0.0183469	0.0677693	267.297	24.6944	0.0239981	
366.322	0.00406368	-0.0120011	0.00790791	0.0126704	0.277041	288.707	35.7598	0.0239994	
366.33	0.00496589	-0.00531718	0.00790795	0.00727547	0.654936	313.043	62.2767	0.0239995	
366.338	0.00175269	-0.000468444	0.00790744	0.00181421	0.974024	345.036	249.731	0.0239979	
366.346	-0.00214903	0.000858818	0.00790724	0.00231428	0.958074	158.217	195.763	0.0239973	
366.354	-0.00608779	-0.000873406	0.00790826	0.00615012	0.739045	188.164	73.6749	0.0240004	
366.362	-0.00761391	-0.0043882	0.00790793	0.00878794	0.539305	209.957	51.5583	0.0239994	
366.37	-0.00667258	-0.0080771	0.00790789	0.0104768	0.415773	230.439	43.247	0.0239993	
366.378	-0.00302092	-0.0105485	0.00790847	0.0109725	0.381938	254.019	41.296	0.024001	
366.386	0.00151425	-0.0107525	0.00790846	0.0108586	0.389606	278.016	41.7291	0.024001	
366.394	0.0049679	-0.00847935	0.00790839	0.00982748	0.462038	300.365	46.1072	0.0240008	
366.402	0.00668169	-0.0044735	0.00790782	0.00804097	0.59632	326.197	56.3471	0.0239991	
366.41	0.00625641	-0.000447948	0.00790779	0.00627243	0.730096	355.905	72.2341	0.023999	
366.418	0.00361432	0.00205645	0.00790767	0.0041584	0.870864	29.6387	108.954	0.0239986	
366.426	-8.32707e-05	0.00245638	0.00790854	0.00245779	0.952857	91.9416	184.364	0.0240013	
366.434	-0.00329121	0.00082478	0.00790808	0.00339298	0.912066	165.931	133.54	0.0239999	
366.442	-0.0045178	-0.00264399	0.00790859	0.00523461	0.803283	210.338	86.564	0.0240014	
366.45	-0.00347357	-0.00599562	0.00790881	0.00692916	0.681266	239.914	65.3963	0.0240021	
366.458	-0.000378035	-0.00821197	0.00790811	0.00822067	0.582571	267.364	55.1173	0.024	
366.466	0.00389467	-0.00839613	0.00790763	0.00925545	0.504104	294.885	48.9521	0.0239985	
366.474	0.0078989	-0.00580597	0.00790804	0.00980316	0.463773	323.683	46.2195	0.0239997	
366.482	0.00976778	-0.00161182	0.00790808	0.00989988	0.456764	350.63	45.7682	0.0239999	
366.49	0.00928905	0.00278526	0.0079088	0.00969764	0.471535	16.691	46.7269	0.0240021	
366.498	0.00631327	0.00678163	0.00790858	0.00926542	0.503444	47.0484	48.9053	0.0240014	
366.506	0.00152135	0.00859443	0.00790801	0.00872805	0.543854	79.9617	51.9126	0.0239997	
366.514	-0.00326283	0.00756265	0.00790893	0.00823648	0.581425	113.337	55.0172	0.0240024	
366.522	-0.00639753	0.00496438	0.00790774	0.00809774	0.59196	142.189	55.9514	0.0239988	
366.53	-0.00737194	0.000604976	0.00790779	0.00739672	0.645674	175.309	61.2546	0.023999	
366.538	-0.00612959	-0.0035594	0.00790773	0.0070881	0.669167	210.143	63.9212	0.0239988	
366.546	-0.0029191	-0.00614322	0.00790785	0.0068015	0.690817	244.584	66.6157	0.0239992	
366.554	0.00105576	-0.00611732	0.00790848	0.00620776	0.734862	279.792	72.993	0.0240011	
366.562	0.00411983	-0.00383684	0.00790838	0.00562978	0.77617	317.037	80.4857	0.0240008	
366.57	0.0056407	-0.000328925	0.00790828	0.00565029	0.774731	356.663	80.1925	0.0240005	
366.578	0.00428493	0.00367265	0.00790831	0.00564349	0.775209	40.6001	80.2895	0.0240006	
366.586	0.00101463	0.00658561	0.00790752	0.00666331	0.701149	81.2414	67.9943	0.0239982	
366.594	-0.00358827	0.00709398	0.00790824	0.00794986	0.603339	116.831	56.9958	0.0240003	
366.602	-0.00840617	0.00481149	0.00790749	0.00968577	0.472285	150.214	46.7764	0.0239981	
366.61	-0.0113066	5.14025e-05	0.00790819	0.0113067	0.359843	179.74	40.0741	0.0240002	
366.618	-0.0118159	-0.00539627	0.00790811	0.0129899	0.259483	204.546	34.8812	0.024	
366.626	-0.00902692	-0.0112538	0.00790828	0.0144268	0.189384	231.266	31.4075	0.0240005	
366.634	-0.00370919	-0.0149599	0.00790787	0.0154129	0.149657	256.075	29.3967	0.0239992	
366.642	0.00271826	-0.0158342	0.0079081	0.0160659	0.126991	279.741	28.2027	0.0239999	
366.65	0.00878052	-0.0138159	0.00790872	0.01637	0.117398	302.437	27.6808	0.0240018	
366.658	0.0133403	-0.00904417	0.00790813	0.0161171	0.125331	325.864	28.1132	0.024	
366.666	0.0151596	-0.00335311	0.00790914	0.015526	0.145616	347.528	29.1871	0.0240031	
366.674	0.014276	0.00259052	0.00790783	0.0145091	0.185778	10.285	31.2277	0.0239991	
366.682	0.010884	0.00700631	0.00790835	0.0129441	0.261977	32.7704	35.0055	0.0240007	
366.69	0.00647806	0.0093389	0.00790763	0.0113658	0.35596	55.2523	39.8631	0.0239985	
366.698	0.0014044	0.00932087	0.00790792	0.00942608	0.491443	81.4316	48.0677	0.0239994	
366.706	-0.00213907	0.00709779	0.00790809	0.00741311	0.644444	106.771	61.1215	0.0239999	
366.714	-0.0040113	0.00385615	0.0079081	0.00556421	0.780725	136.13	81.4313	0.0239999	
366.722	-0.0033899	0.000613956	0.00790803	0.00344505	0.909472	169.734	131.521	0.0239997	
366.73	-0.00193637	-0.00150226	0.00790808	0.00245077	0.953113	217.805	184.88	0.0239999	
366.738	0.000609414	-0.0019011	0.00790893	0.00199639	0.968644	287.774	226.984	0.0240024	
366.746	0.0022912	-0.000844255	0.00790817	0.00244179	0.953449	339.772	185.562	0.0240001	
366.754	0.00271716	0.000791239	0.00790824	0.00283002	0.937976	16.2356	160.108	0.0240004	
366.762	0.00162861	0.00297622	0.00790836	0.00339267	0.912087	61.3121	133.557	0.0240007	
366.77	-0.000300904	0.00355679	0.00790807	0.0035695	0.903148	94.8357	126.936	0.0239998	
366.778	-0.00264549	0.00250793	0.00790843	0.00364531	0.899215	136.529	124.302	0.0240009	
366.786	-0.00398111	-9.9968e-05	0.00790776	0.00398237	0.880903	181.438	113.772	0.0239989	
366.794	-0.00352656	-0.00365983	0.00790798	0.00508242	0.813403	226.062	89.1493	0.0239996	
366.802	-0.00135165	-0.00632652	0.00790714	0.00646929	0.715558	257.94	70.0301	0.023997	
366.81	0.00264138	-0.00810086	0.00790756	0.00852061	0.5596	288.059	53.1734	0.0239983	
366.818	0.00797378	-0.00734017	0.00790808	0.0108379	0.390977	317.369	41.8071	0.0239999	
366.826	0.0125375	-0.00359594	0.00790831	0.013043	0.256647	343.996	34.74	0.0240006	
366.834	0.0147635	0.00234801	0.00790868	0.0149491	0.167553	9.03668	30.3118	0.0240017	
366.842	0.01442	0.00945501	0.00790802	0.0172434	0.0928026	33.2523	26.2765	0.0239997	
366.85	0.010586	0.0160355	0.00790853	0.0192146	0.052262	56.5689	23.5824	0.0240012	
366.858	0.0035924	0.0197389	0.00790811	0.0200632	0.0400238	79.6853	22.5837	0.0239999	
366.866	-0.00485134	0.0202138	0.00790861	0.0207878	0.0316027	103.496	21.7979	0.0240015	
366.874	-0.0126727	0.017004	0.00790824	0.0212069	0.0274456	126.696	21.3661	0.0240004	
366.882	-0.0183276	0.0100992	0.00790796	0.020926	0.0301626	151.144	21.6522	0.0239995	
366.89	-0.0201155	0.0014896	0.00790845	0.0201706	0.0386749	175.765	22.4644	0.024001	
366.898	-0.0180467	-0.00718485	0.0079078	0.0194243	0.0489558	201.709	23.3255	0.023999	
366.906	-0.0115488	-0.0132612	0.00790819	0.017585	0.0843903	228.948	25.7666	0.0240002	
366.914	-0.00365873	-0.0156593	0.00790858	0.016081	0.12653	256.849	28.1779	0.0240014	
366.922	0.00475969	-0.0139159	0.00790805	0.0147074	0.177385	288.882	30.8075	0.0239998	
366.93	0.0107928	-0.00825152	0.00790839	0.0135857	0.228648	322.601	33.3524	0.0240008	
366.938	0.0138252	-0.000810296	0.00790921	0.0138489	0.215892	356.646	32.722	0.0240033	
366.946	0.0123722	0.00686884	0.00790837	0.014151	0.201709	29.0384	32.02	0.0240007	
366.954	0.00756889	0.0128822	0.00790801	0.0149412	0.167818	59.5639	30.3252	0.0239996	
366.962	0.000745873	0.0163546	0.00790798	0.0163716	0.117302	87.3888	27.6756	0.0239996	
366.97	-0.00693411	0.0157264	0.00790863	0.0171872	0.0942831	113.794	26.3644	0.0240015	
366.978	-0.0134087	0.011841	0.00790855	0.0178886	0.0774461	138.553	25.3304	0.0240013	
366.986	-0.0173499	0.00612361	0.00790794	0.0183988	0.0667633	160.56	24.6261	0.0239995	
366.994	-0.0185846	-0.000685266	0.00790825	0.0185972	0.0629715	182.112	24.3643	0.0240004	
367.002	-0.016622	-0.00726013	0.00790743	0.0181383	0.0720179	203.595	24.9782	0.0239979	
367.01	-0.0127642	-0.0123128	0.00790834	0.017735	0.080899	223.969	25.5492	0.0240007	
367.018	-0.00742594	-0.0148621	0.00790869	0.016614	0.110082	243.451	27.2742	0.0240017	
367.026	-0.00186813	-0.0153666	0.00790803	0.0154797	0.147219	263.069	29.2704	0.0239997	
367.034	0.00306503	-0.0142407	0.00790763	0.0145668	0.183287	282.146	31.1032	0.0239985	
367.042	0.00690341	-0.0113219	0.00790774	0.0132606	0.245118	301.372	34.1674	0.0239988	
367.05	0.00948775	-0.0076828	0.00790873	0.0122083	0.303787	321.001	37.1171	0.0240018	
367.058	0.0108856	-0.00395602	0.00790816	0.0115822	0.342152	340.028	39.1209	0.0240001	
367.066	0.0110642	-4.80103e-05	0.0079091	0.0110643	0.375869	359.751	40.9566	0.024003	
367.074	0.00994841	0.00373504	0.00790826	0.0106265	0.405438	20.5782	42.6398	0.0240004	
367.082	0.00772417	0.00685623	0.00790793	0.0103282	0.426185	41.5933	43.8695	0.0239994	
367.09	0.00435529	0.00933131	0.00790827	0.0102977	0.428364	64.9797	44.0013	0.0240004	
367.098	0.000771609	0.0100031	0.00790838	0.0100328	0.447217	85.5891	45.1635	0.0240008	
367.106	-0.00357779	0.00952688	0.00790831	0.0101765	0.436944	110.584	44.5252	0.0240006	
367.114	-0.00669511	0.00752051	0.00790758	0.0100689	0.444559	131.677	44.9971	0.0239984	
367.122	-0.00905541	0.00402924	0.00790798	0.00991137	0.455925	156.013	45.7146	0.0239996	
367.13	-0.00954806	0.000248773	0.00790763	0.0095513	0.482169	178.508	47.4358	0.0239985	
367.138	-0.00833715	-0.00302623	0.00790782	0.0088694	0.53313	199.95	51.0841	0.0239991	
367.146	-0.0060087	-0.00583637	0.00790893	0.00837662	0.570705	224.166	54.0968	0.0240024	
367.154	-0.00260893	-0.00651587	0.00790738	0.00701877	0.674397	248.179	64.5498	0.0239978	
367.162	0.0003255	-0.00592686	0.00790818	0.00593579	0.754506	273.143	76.3344	0.0240002	
367.17	0.00210164	-0.00385897	0.00790835	0.00439415	0.856959	298.573	103.118	0.0240007	
367.178	0.00258811	-0.00196855	0.0079086	0.0032517	0.918948	322.743	139.352	0.0240014	
367.186	0.00190903	1.71921e-05	0.00790762	0.0019091	0.971277	0.515974	237.323	0.0239985	
367.194	0.000702377	0.000996172	0.00790897	0.00121889	0.988195	54.8133	371.773	0.0240026	
367.202	-0.000524489	0.000405176	0.00790782	0.000662763	0.996494	142.313	683.63	0.0239991	
367.21	-0.00106829	-0.000380977	0.00790815	0.00113419	0.989768	199.627	399.495	0.0240001	
367.218	-0.000222425	-0.00135598	0.00790818	0.0013741	0.985018	260.685	329.747	0.0240002	
367.226	0.00112405	-0.00135499	0.00790746	0.00176054	0.97552	309.678	257.344	0.023998	
367.234	0.00286457	-5.5097e-05	0.00790827	0.0028651	0.93648	358.898	158.148	0.0240005	
367.242	0.0036685	0.00234751	0.00790863	0.00435531	0.8593	32.6156	104.041	0.0240016	
